0.665968108819381
0.6659746502448574
0.6659742240048497
0.6659703606412948
0.6659736398789817
0.6659682891167006
0.6659765597843244
0.6659734506443353
0.6659739333847051
0.6659755066916853
0.6659787798063399
0.6659779895284995
0.6659742335412868
0.6659733955619747
0.6659662674819367
0.6659685020279019
0.6659751910453549
0.6659737598830195
0.6659705186658262
0.6659748963767348
0.6659692360161209
0.6659755290501613
0.6659730769398899
0.66597758946603
0.6659674607019763
0.6659693892959379
0.6659730445293293
0.665972781254762
0.6659722274128732
0.6659704979810799
0.6659710005543256
0.6659749728422524
0.6659715985877144
0.6659688996962858
0.665972220422821
0.6659757267367122
0.6659660918167689
0.6659715402967333
0.6659727328134106
0.665977735956751
0.6659746202930891
0.6659712299972016
0.6659716629113129
0.6659767338427223
0.6659749282295419
0.6659747588479834
0.6659723681401303
0.66597276875333
0.6659756479217369
0.6659653850661105
0.6659663378167284
0.6659765468804708
0.6659735997559681
0.6659719856250279
0.6659660264286142
0.6659758968675864
0.6659682349116562
0.6659724220746878
0.665973571728551
0.6659681627358014
0.6659728590250572
0.665965604293149
0.6659740789582359
0.6659693761675788
0.6659667551636003
0.6659608379758826
0.6659669834734533
0.6659769822390299
0.6659696511427549
0.66596978411675
0.6659689394925068
0.6659709621387137
0.665977598088159
0.6659705924839949
0.6659692667729585
0.6659778282695145
0.6659727758973689
0.6659765354974105
0.6659722498810887
0.6659704320524928
0.6659723918855736
0.6659683487071155
0.6659699442562987
0.6659702635864215
0.6659743561405568
0.6659707871279732
0.6659653882317244
0.6659740362047151
0.6659660157396202
0.6659685726217184
0.6659649182886664
0.6659748644643134
0.6659695077154666
0.66597168702085
0.6659759687083302
0.6659735036722638
0.6659772206066275
0.6659738332650967
0.6659717832071407
0.6659684834655832
0.6659746954012882
0.6659688328601677
0.665974576267103
0.6659730275230856
0.6659623552892174
0.6659728681074064
0.6659800859201117
0.6659769512200823
0.6659720995750185
0.6659678187066453
0.6659684868860195
0.6659761241752243
0.6659678453084655
0.6659715996933568
0.6659727354896291
0.665967837384484
0.6659748708165498
0.665977658059598
0.6659702337423206
0.6659730397267063
0.6659794321133928
0.6659701729504146
0.665968926415071
0.6659731402631901
0.665974297029753
0.6659799913533214
0.6659729975900328
0.6659711743822506
0.665980161183268
0.6659664073934325
0.6659713705976863
0.6659697204627404
0.6659656900191936
0.6659748283503243
0.6659652532644964
0.6659715345969304
0.6659731486837609
0.6659663728704627
0.6659740246692687
0.665972716475119
0.6659620820580434
0.6659712508648661
0.6659726971456799
0.6659711776975626
0.665969264615027
0.665973655289636
0.66597984551153
0.665980126521701
0.6659690509012582
0.6659732359645371
0.6659718009137026
0.6659661880516827
0.6659679193084056
0.6659616784205404
0.6659771100135594
0.6659705277332891
0.6659673951793292
0.6659739058129006
0.6659675675307182
0.6659668973800039
0.6659663565967725
0.6659692712381453
0.6659731927367802
0.6659738046215786
0.6659706739667345
0.6659749966644972
0.6659714076219159
0.6659745641774779
0.6659745488679175
0.6659700006095375
0.6659685863260059
0.6659785610594182
0.6659750862412654
0.6659669433791163
0.6659706939058647
0.6659725734810349
0.665972106748811
0.6659742103709656
0.6659700323648635
0.6659677022197639
0.6659764466892459
0.6659711873550016
0.66597457306081
0.6659701733633869
0.6659688744976051
0.6659735986749136
0.6659682432358542
0.6659745597995957
0.6659629837234677
0.6659740749988935
0.6659688209391021
0.665971255489152
0.6659756566360189
0.6659719286430211
0.6659679559767069
0.6659690892740671
0.6659782599190546
0.6659709457349652
0.6659809995246642
0.6659724139273995
0.6659675603617647
0.6659746068340979
0.6659643536713146
0.665964485736812
0.665972293556004
0.6659691129523729
0.6659776836332758
0.66596853362035
0.6659744957274073
0.6659772807850213
0.6659764505885422
0.6659656777410454
0.6659726405170974
0.6659656985497068
0.6659699332446397
0.6659675517679587
0.6659683708805559
0.6659759527480236
0.6659735823382162
0.6659719546283147
0.6659712318644975
0.6659766493535471
0.6659693586863488
0.6659678789932896
0.6659705352054395
0.6659750949903932
0.6659740905589207
0.6659680972847988
0.6659642587550639
0.6659725795521325
0.6659740472637801
0.665971281655558
0.665969472407774
0.6659692790465155
0.6659729333310869
0.6659768862207227
0.6659704456585148
0.6659693967014984
0.6659730143483815
0.6659782913600599
0.6659690724871122
0.6659685184617552
0.6659683684266722
0.6659669755302966
0.6659691618185009
0.6659713303215193
0.6659638231673244
0.6659731440310033
0.66596935610944
0.665981006524078
0.6659805499846005
0.6659762437360799
0.6659667670957461
0.6659750222063505
0.6659702920504988
0.665964109967938
0.6659757048376245
0.6659682394035331
0.6659702002278448
0.6659672581446645
0.6659731059490465
0.6659744687161341
0.6659797471517074
0.6659767957048865
0.6659783955705982
0.6659680540408912
0.6659768836306839
0.6659719307933358
0.6659660935314614
0.6659695732392104
0.6659691111228705
0.6659685752929658
0.6659707807844195
0.6659757628998123
0.6659695057923641
0.6659745108187256
0.6659743401463918
0.6659653174352861
0.6659740097335672
0.6659702086499257
0.6659752355723387
0.6659729661868903
0.6659729550563716
0.6659753360775716
0.6659726448062089
0.6659729970831901
0.6659747560687621
0.6659689947136955
0.6659718782826924
0.6659753270396959
0.665970513535396
0.6659713073240949
0.66597114752592
0.6659748294370251
0.6659804864884071
0.6659766548590507
0.6659791105175101
0.6659685880155857
0.6659799746921533
0.6659809484275416
0.6659749472938876
0.6659774247020278
0.6659734058279023
0.6659728203355969
0.6659737501404331
0.6659751687669757
0.6659740267875542
0.6659686993792242
0.6659691533669303
0.665973146150613
0.6659696787799074
0.6659681069407952
0.6659693677720029
0.6659731496902227
0.665968015070213
0.6659682935924496
0.665975410292162
0.6659713742995382
0.6659687412143448
0.6659735411545418
0.665970635565021
0.665968999195547
0.6659755312785891
0.6659691898828757
0.6659707357674921
0.6659637975905472
0.6659694780981023
0.6659711769768861
0.6659765281346903
0.6659663819831307
0.6659724743825061
0.6659639785115924
0.6659738512804937
0.6659771024642288
0.6659787122540624
0.6659725081582427
0.6659733184642294
0.6659706948352628
0.6659735041934741
0.665976333814422
0.6659793042383327
0.66598304226074
0.6659726481040451
0.6659698221770827
0.6659692948214306
0.6659718590845638
0.6659724192637568
0.6659765728671045
0.6659708635696521
0.6659720194746412
0.6659782468316419
0.6659655447518491
0.6659701396571455
0.665971744283253
0.6659753294083549
0.665963111103234
0.6659679886792966
0.6659737764484582
0.6659687782979344
0.6659738867628286
0.6659774774390861
0.6659741444575655
0.665970685336727
0.6659734037300504
0.6659704554237754
0.665969122135733
0.6659752789436527
0.6659659419823936
0.6659678720285511
0.6659684886253034
0.6659732191967547
0.6659765858300112
0.6659789018225557
0.6659682150873778
0.6659729175019022
0.6659736471053617
0.6659735282648576
0.6659698844787368
0.6659691452976275
0.6659758081410712
0.6659714932544802
0.6659693994475848
0.6659714426724472
0.6659781780571613
0.6659750337439496
0.6659641161473192
0.6659682128469281
0.665969903894809
0.6659705308090353
0.6659657952431145
0.6659765958597987
0.6659687016437716
0.6659724367740609
0.6659715208560155
0.6659676814958515
0.6659688772667092
0.6659726493562965
0.6659668662629318
0.6659693311322187
0.6659705558016411
0.6659723901786648
0.6659696806473845
0.6659663400525928
0.6659800385253812
0.6659753492963969
0.6659775088969823
0.6659669954589778
0.6659675592747167
0.6659701430886631
0.665972979194509
0.6659708098778396
0.665970971214545
0.6659739264686205
0.6659764830507331
0.6659672881179612
0.6659768411626459
0.6659729516773019
0.6659749834183382
0.6659666336461156
0.6659785071967399
0.6659685677943699
0.6659677343311096
0.6659693786668457
0.6659720584530763
0.6659648515392392
0.6659682570404711
0.6659723738702937
0.6659742127438459
0.6659746438212572
0.6659754588661007
0.6659763430375151
0.6659680006061512
0.6659732354763711
0.6659619334419322
0.6659670971626795
0.6659659661321036
0.6659646111956994
0.6659668161397262
0.6659774527292315
0.6659735580589317
0.6659742134602289
0.6659748795965104
0.6659722951144562
0.6659716832759718
0.6659742073994991
0.6659725769257583
0.6659738163055755
0.6659766700231963
0.6659688544327647
0.6659709845236927
0.6659721594134052
0.6659694779951513
0.6659711774605026
0.6659727956332916
0.6659694641004537
0.6659748641748199
0.6659692243033117
0.6659642602093365
0.6659759426181016
0.665969398620429
0.6659714392627349
0.6659747566069932
0.6659788648001371
0.6659783179705248
0.6659758360646233
0.6659667079147815
0.6659765583773036
0.6659759343036897
0.6659659523286199
0.6659753738329166
0.6659671671247357
0.6659702434978845
0.665963548605925
0.6659725259887902
0.6659712466303949
0.6659690461514407
0.6659729382901542
0.6659704100371162
0.6659717404883752
0.6659740138693353
0.6659659836235167
0.6659735655463158
0.6659716366637822
0.6659763825688536
0.6659759900735235
0.6659710967472526
0.6659692059106057
0.6659667856324881
0.6659601175527505
0.665972410071865
0.6659731159735356
0.6659760300995228
0.6659741041191715
0.6659690229727027
0.6659656937282288
0.6659760774329065
0.6659734768223454
0.6659709201087052
0.6659807421308734
0.6659667131464786
0.6659642934075867
0.6659772935630772
0.6659702082074682
0.6659778525222264
0.6659717246872596
0.6659662175613457
0.6659698915472128
0.6659745484714937
0.6659679542205719
0.6659631266722975
0.6659730562271193
0.665973416874552
0.6659798426743528
0.6659722248835772
0.6659684493480182
0.6659684505627003
0.6659685028479496
0.6659704022412379
0.6659743166280551
0.6659643985446516
0.6659744734023579
0.6659739375092295
0.6659663642726137
0.6659718916560737
0.6659734200225649
0.6659758687686308
0.6659684886648309
0.6659702298545125
0.6659723166724146
0.6659703065937127
0.6659683987841098
0.6659690318297133
0.6659716283881476
0.6659688055686444
0.6659726344605084
0.6659778388766324
0.6659766271567974
0.6659724443216148
0.6659724208932108
0.6659657739695821
0.6659775532343442
0.6659759952873066
0.6659674051710822
0.6659647914793756
0.6659694758398614
0.6659635733173703
0.6659714484149275
0.6659770248879329
0.6659704092006555
0.6659788257186701
0.6659721585451335
0.6659752196619076
0.6659671358984744
0.6659766512400784
0.6659694352133408
0.6659725709168194
0.6659664842667593
0.6659711808361565
0.6659723500026955
0.6659698253507537
0.6659727687989216
0.6659664288693095
0.6659690402486169
0.6659659095124228
0.6659712611301509
0.665973929706495
0.6659671346633002
0.6659693285419956
0.6659718684557663
0.6659716319741379
0.6659771584579008
0.6659800714134267
0.6659745679432783
0.6659681940013981
0.6659707206503825
0.6659698842201932
0.6659743200665901
0.6659701857794791
0.6659763327393936
0.6659672578848135
0.6659691367574675
0.6659738325384164
0.6659771177843647
0.665973544845896
0.6659738823010682
0.6659753403852365
0.665965979097336
0.6659718279086781
0.6659682268227464
0.6659706557297731
0.665978073354232
0.665974061606323
0.6659767088482422
0.6659792986109079
0.6659778253044115
0.6659668538055368
0.665973187764757
0.6659738810987686
0.6659648237057121
0.6659705766667249
0.665969263170576
0.665970638777345
0.665967577434279
0.6659712059362303
0.6659697985691756
0.6659741553547774
0.6659683175457974
0.665975916421309
0.6659738713708516
0.6659786618150799
0.6659764292546357
0.6659722926882734
0.6659668504184568
0.6659729311667362
0.6659813981078333
0.6659702112393049
0.665970725328977
0.665971166830367
0.6659669325544973
0.6659725111720315
0.6659667568547301
0.665972334242515
0.6659715177410026
0.6659683206307905
0.6659681343774709
0.6659717143678331
0.6659684832004374
0.6659726825046568
0.6659741352422343
0.6659720400348732
0.6659687256904522
0.6659711744533925
0.66598231778028
0.665972323893236
0.6659643760453884
0.665968652030358
0.6659763337578519
0.6659785141849621
0.6659721331051973
0.6659738074940211
0.6659671421325738
0.66598016200265
0.665972384440473
0.6659667681572098
0.6659649509649295
0.6659716485602798
0.6659660142579337
0.6659802209297198
0.6659642478898004
0.6659764248488642
0.6659763416661059
0.6659689689048132
0.6659697136791543
0.6659761025873683
0.6659651748358222
0.6659740208567663
0.6659684116816914
0.6659727674310092
0.6659757207908727
0.665967881163777
0.6659824678739282
0.6659696964851594
0.6659758693891481
0.6659655081075389
0.6659741893638056
0.6659714200933311
0.6659655461572753
0.6659749578855552
0.665969807223079
0.6659718775122397
0.6659713588296142
0.6659647686490889
0.6659754233323529
0.6659737294409933
0.6659777969507201
0.6659677086855402
0.6659710875088328
0.6659703152262
0.6659722016255981
0.6659783074590768
0.6659713686691042
0.6659763324137458
0.6659650170525395
0.6659740001379653
0.6659721491479291
0.6659692892576206
0.6659755238849819
0.665973084912382
0.6659688850338594
0.6659727266883997
0.6659609252090829
0.6659742761361085
0.6659751230195173
0.6659696957826057
0.6659693910417516
0.6659739370241422
0.66597362636841
0.6659725593345814
0.6659695110072292
0.6659822543169889
0.6659676071572267
0.665972319539901
0.6659698299096031
0.6659693833911734
0.6659727115326498
0.6659803039051981
0.6659714921007386
0.6659700408474489
0.6659673156834925
0.665971809350574
0.6659638172541713
0.6659704088497543
0.6659756404649788
0.6659714162870438
0.6659728549817516
0.6659694786857724
0.6659742661404215
0.6659749189566069
0.6659779086985875
0.6659738098901121
0.6659730214517949
0.6659738793954424
0.6659734510353239
0.6659723013894163
0.6659702953007588
0.6659684272736722
0.6659751297533378
0.6659752155901577
0.6659767143291014
0.6659732848105476
0.6659669359015845
0.6659772508507844
0.6659773626605883
0.6659759156188085
0.6659675502604887
0.6659801857027827
0.6659675721537088
0.66597305450493
0.6659731380645525
0.6659731117970232
0.6659660156514687
0.6659750276781579
0.6659725995231307
0.6659706586307822
0.6659689448881133
0.6659703771577707
0.6659724248943922
0.6659640136557234
0.6659714513275818
0.6659655456525425
0.6659682617391415
0.6659742983372826
0.6659755340150152
0.6659683420883501
0.6659664456616581
0.6659619610606831
0.6659714723992959
0.6659685316905627
0.6659734226923348
0.6659767222303346
0.6659732290349705
0.6659697312162416
0.6659712334148513
0.6659693122674162
0.6659687367465819
0.6659764214012283
0.6659770921344559
0.6659686940953933
0.6659729815393882
0.6659685459833031
0.6659713335536166
0.6659699916743028
0.6659744974923858
0.6659756723648337
0.6659754019715663
0.6659791933541424
0.6659801599052474
0.665972420371445
0.6659680669053936
0.6659622937789864
0.6659672917765054
0.6659715469590508
0.6659753889677147
0.6659727195928761
0.6659603461783834
0.6659719369936772
0.6659746358527233
0.6659696172779761
0.6659763406398541
0.6659750336885529
0.6659725707874171
0.6659705536759783
0.6659745228983465
0.6659751058570953
0.6659720228753991
0.665973481454524
0.6659714087796385
0.6659767591932441
0.6659674446945629
0.6659717407780439
0.665971213382476
0.6659736772494214
0.6659631995382677
0.6659765316390245
0.665968859562815
0.6659740689345193
0.6659670785889424
0.6659675865849315
0.6659715095827772
0.6659736456115999
0.6659745289474377
0.6659764653161973
0.6659698881216669
0.6659692281981906
0.6659696255394052
0.6659686952815596
0.665976259975158
0.6659737203698621
0.6659680699244397
0.6659665231774248
0.6659768457558346
0.6659769777983571
0.6659711056526838
0.665968630004033
0.665978176363983
0.6659699644159177
0.6659729908450461
0.665978766475104
0.665982313224233
0.6659797436197146
0.6659666525049761
0.6659750719204323
0.6659680015236408
0.6659696665372021
0.6659720971225843
0.6659697377781534
0.6659722792227579
0.6659728740937909
0.6659672524214229
0.6659759878028366
0.6659789679649841
0.6659707507323571
0.665973121701491
0.6659746911042199
0.6659722312771218
0.6659711306264616
0.6659757401582591
0.6659670917108154
0.6659752658210669
0.6659817145472153
0.6659679306981656
0.6659732359148663
0.6659773659591014
0.6659732483003405
0.6659710802076312
0.6659705084869225
0.665971634963428
0.6659715173967735
0.665967678060039
0.6659663273479847
0.6659732234164776
0.6659793046242757
0.6659713829018291
0.6659683696247048
0.6659711640701155
0.6659628890526528
0.6659713157611421
0.6659779911031526
0.6659779739073248
0.6659681698946989
0.665970047105354
0.6659757928399161
0.6659662280096288
0.665976347844331
0.6659725243191116
0.665973463860997
0.6659736967303999
0.6659743640703798
0.665971639952508
0.6659721303966094
0.6659855341114237
0.6659621743259604
0.6659703928081628
0.6659751730350685
0.6659658221937019
0.6659677021069138
0.6659676103864791
0.665975131849651
0.6659653225846991
0.665973144592173
0.6659754334021498
0.6659731779462406
0.6659708080941618
0.6659729969419255
0.6659677021282495
0.665969994885528
0.6659648353036601
0.665964237907481
0.6659700124191352
0.6659666843321377
0.6659739565296791
0.6659644411925493
0.6659681509485699
0.665973699351627
0.6659764487693562
0.6659684430050652
0.6659710296335457
0.6659695583855355
0.6659762148051931
0.6659754366324078
0.6659750592065782
0.6659701349172444
0.6659727593127082
0.6659691375705741
0.6659730981004353
0.6659697573864284
0.6659741312807373
0.6659727843483028
0.6659660657989803
0.6659651209426719
0.6659752093079532
0.6659714321129978
0.6659743602535387
0.6659717093752318
0.6659718836055266
0.6659733996860367
0.6659620508733369
0.6659761617094213
0.6659697945505665
0.6659827787424233
0.6659710917953964
0.6659714239271997
0.6659788893046118
0.6659763554476359
0.6659725180551861
0.665970873524797
0.6659743779369274
0.6659676846486573
0.6659690581996213
0.6659766748771552
0.6659782667394097
0.6659669176442777
0.6659684605960607
0.665974793577412
0.6659670238182569
0.6659725106569618
0.6659681855660781
0.6659756716386571
0.6659745603088524
0.6659782347227811
0.6659724574953589
0.6659774279398705
0.6659734318292881
0.6659712114018193
0.6659724324624637
0.665971963441033
0.6659703412196047
0.6659746542355445
0.6659780683165459
0.6659736971662044
0.6659695522688203
0.6659724931622024
0.6659697879333036
0.6659721979427236
0.6659700169555667
0.6659716906820625
0.6659670043907449
0.6659708478981465
0.6659676498210155
0.6659622779908552
0.6659696758689289
0.6659711347527171
0.6659709321015769
0.6659641049417963
0.6659684933778505
0.6659725587055253
0.6659719268912307
0.6659708210152824
0.665969389985215
0.6659667284072806
0.6659678561997258
0.6659737808223989
0.6659715693356434
0.6659705089669586
0.6659591790167341
0.6659744027247242
0.6659723070572421
0.6659730479317043
0.665968168077461
0.6659768927181355
0.6659662856276579
0.6659726971876803
0.6659705123586042
0.6659684015462629
0.6659724929561213
0.6659727935319114
0.6659725691811829
0.6659697138807987
0.6659751773609557
0.6659611944304378
0.6659619543327437
0.6659714427758521
0.6659657574860071
0.6659794779296356
0.6659675656491905
0.665972930193923
0.6659696281023756
0.6659745207617396
0.6659717143240229
0.6659723772609232
0.6659805654789894
0.6659795664209285
0.6659697043195766
0.6659688931862439
0.6659781288966183
0.6659704500802153
0.6659743386575663
0.6659780043228143
0.6659763581368672
0.6659695303599813
0.6659723675387785
0.6659767685547874
0.665977210264695
0.6659697090342155
0.6659750081793461
0.6659737021265599
0.6659730065938381
0.6659702471332856
0.6659697379038881
0.6659695261774243
0.665974516846811
0.6659747554666287
0.6659621147991868
0.6659714353436328
0.6659740225726984
0.6659756341413556
0.6659681252833503
0.6659680734299367
0.6659660665826276
0.6659708430200614
0.6659678778459068
0.6659693557907935
0.6659732454842676
0.6659764733235161
0.6659760769852772
0.665971281675444
0.6659669570526023
0.6659635964377726
0.6659713610023251
0.6659757019043875
0.6659690094572505
0.6659689687994681
0.6659786477123513
0.6659749909136874
0.6659718197749364
0.665971259328177
0.6659725819965658
0.6659746826554123
0.6659752025081993
0.6659742408152899
0.665971296650703
0.6659738024629671
0.6659676849820882
0.6659674954603505
0.6659714462047959
0.6659718579323439
0.6659683285239701
0.6659727256791752
0.6659705986942266
0.6659695542940712
0.6659739421385369
0.6659723637268251
0.6659767043361762
0.6659659436968361
0.6659769009648506
0.6659750332230674
0.6659767154127975
0.6659734771798134
0.665968453671554
0.6659703161940325
0.6659636873222247
0.6659742373890465
0.665973332944295
0.665978857510255
0.6659694991909382
0.6659683290853092
0.6659692474980803
0.6659691232037789
0.6659681908056488
0.6659754357958368
0.665972282854281
0.6659776018069088
0.6659733110565027
0.6659797951625115
0.6659702919768822
0.6659726400639352
0.665974554378525
0.6659731744197666
0.6659784108874554
0.6659708464384215
0.6659748786421175
0.6659673313659034
0.6659720000838677
0.6659748788677669
0.665979193962687
0.665970165129669
0.6659732483978038
0.665977475980365
0.6659804048994338
0.665974439496094
0.6659691236444109
0.665973661391693
0.6659622622982544
0.6659660763049423
0.6659725791677357
0.6659699842841207
0.6659691459987093
0.6659754076935014
0.6659685197534003
0.6659688668293696
0.6659731725940432
0.665975580224903
0.6659689349218352
0.6659654015297618
0.665976393199227
0.6659739200127907
0.6659747002907342
0.6659703031291646
0.6659692392084489
0.6659656581070308
0.6659683077716503
0.6659712718764683
0.6659783501902056
0.6659748508552934
0.6659669363053882
0.6659702578174806
0.6659664468283423
0.6659691534799546
0.6659719700379862
0.6659747095555909
0.6659715371535243
0.6659748834396011
0.6659731660332215
0.6659748188150127
0.6659757238644649
0.6659658537328319
0.6659763136965582
0.6659719365731925
0.6659775921640654
0.665981393171204
0.6659701191464007
0.665974599505291
0.6659788755551312
0.6659715404991847
0.6659733335496503
0.6659760468518274
0.6659744222019631
0.6659764031484545
0.6659795497645433
0.665973606830532
0.6659799691704148
0.6659689597464131
0.6659697011700435
0.6659721055273262
0.6659705777282927
0.665971021704356
0.6659766690435636
0.6659722610838601
0.6659716404828235
0.6659697007270371
0.6659733895603176
0.665974696195836
0.6659772607716286
0.6659677337621909
0.6659707422567174
0.6659718571842437
0.6659690319737952
0.665971144118081
0.6659746295320169
0.6659753146578384
0.6659741438464002
0.6659714849726576
0.6659693421947406
0.6659686707674025
0.6659764500236359
0.6659745982337159
0.6659653380983308
0.6659717483362477
0.6659699959066349
0.665975314163976
0.6659675911146115
0.66597669698097
0.6659756655603035
0.6659672364290677
0.6659710276434364
0.6659740068855389
0.6659687558985421
0.6659748696319846
0.6659745059480636
0.6659751946303397
0.6659752922675121
0.6659720413457402
0.6659752835366647
0.6659756429168597
0.6659697246605122
0.6659740897076609
0.6659689083586612
0.6659724154395368
0.6659656509866138
0.6659769301798873
0.6659747972012765
0.6659615584284669
0.6659772044551597
0.6659702126349998
0.6659674810000008
0.6659780569814496
0.6659727573933558
0.6659685492412961
0.6659737526881024
0.6659785587750169
0.6659708419382302
0.6659709500644961
0.665981772201471
0.6659720877507014
0.6659722388136003
0.6659748458771548
0.6659754299608085
0.6659645588908994
0.6659755199859045
0.6659747854018139
0.66596790923231
0.6659696694076065
0.665965525849319
0.6659746270539356
0.6659802713847479
0.6659694221973826
0.6659670724475245
0.6659667164176943
0.6659666832487445
0.6659779417708306
0.665975510802112
0.6659778484176715
0.6659726004715569
0.6659762624778511
0.6659735437373475
0.665976933644211
0.6659734195140453
0.665970986798134
0.6659674147166283
0.6659706515308934
0.6659710107316135
0.6659647782389804
0.6659672972393142
0.6659727523412294
0.6659687454978254
0.6659647416276236
0.6659701344200513
0.6659779259454627
0.665970135996793
0.6659658214946521
0.6659700189205188
0.665975297621251
0.6659699211612458
0.6659683363512354
0.6659705958416104
0.6659705569036741
0.66596949478766
0.6659690628494128
0.6659714505703556
0.6659736913258384
0.6659719895551837
0.6659662248482223
0.6659751593030176
0.665975064951131
0.6659695128332171
0.6659664406507009
0.6659673085690694
0.6659818233363967
0.6659799242359732
0.6659739280765615
0.6659806660220949
0.6659693170473068
0.6659719113267476
0.6659723928994711
0.6659675030355988
0.6659774579350167
0.6659830853864044
0.6659738131628151
0.6659726531926677
0.6659759159505487
0.6659768353363195
0.6659671308060147
0.6659727334987366
0.6659674504247799
0.6659707394147343
0.6659700811276987
0.6659731520210154
0.6659715245387572
0.6659709982648211
0.66597759788915
0.6659713105663735
0.6659721654623993
0.6659737290636698
0.665970943097072
0.665976420479348
0.6659698873617319
0.6659726443968415
0.6659744923864047
0.6659768408576041
0.665971438332378
0.6659767768778828
0.6659688706691264
0.6659660402045963
0.6659651859900334
0.6659749551854974
0.6659634484579026
0.6659663324848021
0.665963066692097
0.6659713084327953
0.665969392830021
0.6659721350110293
0.6659751779845065
0.6659734036696201
0.6659688606349079
0.6659708890631157
0.665973852286739
0.6659642388210192
0.6659759631945146
0.665970032200542
0.6659710940874921
0.6659744364802302
0.665973375943461
0.6659725513108101
0.6659740035541752
0.6659767095701373
0.6659782172981874
0.6659765465127296
0.6659718905805985
0.6659632279610925
0.6659722836886907
0.6659655928544803
0.6659835564788892
0.6659706756999416
0.6659722245655217
0.6659780876259075
0.6659742169759914
0.6659741858737913
0.6659728474229226
0.6659618387793326
0.6659715336346193
0.6659711486521956
0.6659728187721026
0.6659722145611403
0.6659635310181439
0.6659703093097543
0.6659668411864119
0.6659715794274479
0.6659766348071654
0.6659710094840534
0.6659688794483534
0.6659720760706915
0.6659679569056904
0.6659693766155483
0.6659716023793325
0.6659694596627294
0.6659699163513912
0.6659787078529853
0.6659728409265817
0.6659742589413882
0.6659738437386797
0.6659755200917244
0.6659832028550262
0.6659702041112542
0.665972076250381
0.6659694633958981
0.665968932563411
0.6659715767796992
0.6659627090476548
0.6659703215137586
0.6659653702045641
0.6659789792333719
0.665974157260196
0.6659741930415887
0.6659751060094792
0.6659673406652215
0.6659704932271482
0.6659670705650387
0.6659782932730299
0.665978134779726
0.6659739726054772
0.6659748055766106
0.665963960335896
0.6659571287125527
0.6659715496351244
0.6659712552264527
0.6659759574789249
0.6659798128788934
0.665967109056517
0.665975059418544
0.6659770397169456
0.6659718814614536
0.6659620008730435
0.6659697107849892
0.6659743949813972
0.665970989366038
0.6659727826370732
0.6659733120967659
0.6659761222792038
0.6659653340249592
0.665969054412578
0.6659726254754672
0.6659682784180102
0.6659764572387219
0.6659804143839329
0.6659724264928126
0.6659659278703857
0.665971384912283
0.665971288444017
0.6659669026063536
0.6659742531733912
0.6659715482051487
0.6659780471274546
0.665974187018802
0.665973713848003
0.6659708503560332
0.6659683972764909
0.6659664202525019
0.6659725627499891
0.6659737293359093
0.6659670990131454
0.6659704452170253
0.6659707864338487
0.6659737038034839
0.6659695630240394
0.6659676591861087
0.6659689447337369
0.665975302042292
0.6659712379569047
0.6659802897821402
0.6659650573535344
0.6659737043245039
0.6659730832098294
0.6659687192992684
0.6659744044180013
0.6659747325278123
0.6659695080783734
0.665979313903048
0.665969808622705
0.6659708401242606
0.6659636318740236
0.6659664854242131
0.6659795186252039
0.6659735433661453
0.6659719425230778
0.6659748130639607
0.6659766046599277
0.6659739853185269
0.6659721281784293
0.6659704149874066
0.6659753380974498
0.6659631334938965
0.6659712781659741
0.6659750419407557
0.6659764624786159
0.6659780990097215
0.6659763041765319
0.6659738252997338
0.6659707890141372
0.6659722331748096
0.6659691237590413
0.6659737532304933
0.6659619390030934
0.6659635532735688
0.6659651649672808
0.6659638598015066
0.6659760338305625
0.6659628847149766
0.6659720115239965
0.6659794786645561
0.6659685294881803
0.6659701679670372
0.6659718832476017
0.665974889498301
0.6659748848122979
0.6659733412280961
0.66597246310089
0.6659721538993533
0.6659659226661621
0.6659695485966457
0.6659681101781856
0.665977173899821
0.6659766829132254
0.6659722042139966
0.665971887331684
0.6659682293211195
0.6659691800882382
0.6659718333856037
0.6659823104826601
0.6659702417285958
0.6659762692702058
