[1, 35, 613]
[0, 2, 36]
[1, 3, 615]
[2, 4, 38]
[3, 5, 617]
[4, 6, 40]
[5, 7, 619]
[6, 8, 42]
[7, 9, 621]
[8, 10, 44]
[9, 11, 623]
[10, 12, 46]
[11, 13, 625]
[12, 14, 48]
[13, 15, 627]
[14, 16, 50]
[15, 17, 629]
[16, 18, 52]
[17, 19, 631]
[18, 20, 54]
[19, 21, 633]
[20, 22, 56]
[21, 23, 635]
[22, 24, 58]
[23, 25, 637]
[24, 26, 60]
[25, 27, 639]
[26, 28, 62]
[27, 29, 641]
[28, 30, 64]
[29, 31, 643]
[30, 32, 66]
[31, 33, 645]
[32, 34, 68]
[33, 35, 647]
[0, 34, 70]
[1, 37, 71]
[36, 38, 72]
[3, 37, 39]
[38, 40, 74]
[5, 39, 41]
[40, 42, 76]
[7, 41, 43]
[42, 44, 78]
[9, 43, 45]
[44, 46, 80]
[11, 45, 47]
[46, 48, 82]
[13, 47, 49]
[48, 50, 84]
[15, 49, 51]
[50, 52, 86]
[17, 51, 53]
[52, 54, 88]
[19, 53, 55]
[54, 56, 90]
[21, 55, 57]
[56, 58, 92]
[23, 57, 59]
[58, 60, 94]
[25, 59, 61]
[60, 62, 96]
[27, 61, 63]
[62, 64, 98]
[29, 63, 65]
[64, 66, 100]
[31, 65, 67]
[66, 68, 102]
[33, 67, 69]
[68, 70, 104]
[35, 69, 71]
[36, 70, 106]
[37, 73, 107]
[72, 74, 108]
[39, 73, 75]
[74, 76, 110]
[41, 75, 77]
[76, 78, 112]
[43, 77, 79]
[78, 80, 114]
[45, 79, 81]
[80, 82, 116]
[47, 81, 83]
[82, 84, 118]
[49, 83, 85]
[84, 86, 120]
[51, 85, 87]
[86, 88, 122]
[53, 87, 89]
[88, 90, 124]
[55, 89, 91]
[90, 92, 126]
[57, 91, 93]
[92, 94, 128]
[59, 93, 95]
[94, 96, 130]
[61, 95, 97]
[96, 98, 132]
[63, 97, 99]
[98, 100, 134]
[65, 99, 101]
[100, 102, 136]
[67, 101, 103]
[102, 104, 138]
[69, 103, 105]
[104, 106, 140]
[71, 105, 107]
[72, 106, 142]
[73, 109, 143]
[108, 110, 144]
[75, 109, 111]
[110, 112, 146]
[77, 111, 113]
[112, 114, 148]
[79, 113, 115]
[114, 116, 150]
[81, 115, 117]
[116, 118, 152]
[83, 117, 119]
[118, 120, 154]
[85, 119, 121]
[120, 122, 156]
[87, 121, 123]
[122, 124, 158]
[89, 123, 125]
[124, 126, 160]
[91, 125, 127]
[126, 128, 162]
[93, 127, 129]
[128, 130, 164]
[95, 129, 131]
[130, 132, 166]
[97, 131, 133]
[132, 134, 168]
[99, 133, 135]
[134, 136, 170]
[101, 135, 137]
[136, 138, 172]
[103, 137, 139]
[138, 140, 174]
[105, 139, 141]
[140, 142, 176]
[107, 141, 143]
[108, 142, 178]
[109, 145, 179]
[144, 146, 180]
[111, 145, 147]
[146, 148, 182]
[113, 147, 149]
[148, 150, 184]
[115, 149, 151]
[150, 152, 186]
[117, 151, 153]
[152, 154, 188]
[119, 153, 155]
[154, 156, 190]
[121, 155, 157]
[156, 158, 192]
[123, 157, 159]
[158, 160, 194]
[125, 159, 161]
[160, 162, 196]
[127, 161, 163]
[162, 164, 198]
[129, 163, 165]
[164, 166, 200]
[131, 165, 167]
[166, 168, 202]
[133, 167, 169]
[168, 170, 204]
[135, 169, 171]
[170, 172, 206]
[137, 171, 173]
[172, 174, 208]
[139, 173, 175]
[174, 176, 210]
[141, 175, 177]
[176, 178, 212]
[143, 177, 179]
[144, 178, 214]
[145, 181, 215]
[180, 182, 216]
[147, 181, 183]
[182, 184, 218]
[149, 183, 185]
[184, 186, 220]
[151, 185, 187]
[186, 188, 222]
[153, 187, 189]
[188, 190, 224]
[155, 189, 191]
[190, 192, 226]
[157, 191, 193]
[192, 194, 228]
[159, 193, 195]
[194, 196, 230]
[161, 195, 197]
[196, 198, 232]
[163, 197, 199]
[198, 200, 234]
[165, 199, 201]
[200, 202, 236]
[167, 201, 203]
[202, 204, 238]
[169, 203, 205]
[204, 206, 240]
[171, 205, 207]
[206, 208, 242]
[173, 207, 209]
[208, 210, 244]
[175, 209, 211]
[210, 212, 246]
[177, 211, 213]
[212, 214, 248]
[179, 213, 215]
[180, 214, 250]
[181, 217, 251]
[216, 218, 252]
[183, 217, 219]
[218, 220, 254]
[185, 219, 221]
[220, 222, 256]
[187, 221, 223]
[222, 224, 258]
[189, 223, 225]
[224, 226, 260]
[191, 225, 227]
[226, 228, 262]
[193, 227, 229]
[228, 230, 264]
[195, 229, 231]
[230, 232, 266]
[197, 231, 233]
[232, 234, 268]
[199, 233, 235]
[234, 236, 270]
[201, 235, 237]
[236, 238, 272]
[203, 237, 239]
[238, 240, 274]
[205, 239, 241]
[240, 242, 276]
[207, 241, 243]
[242, 244, 278]
[209, 243, 245]
[244, 246, 280]
[211, 245, 247]
[246, 248, 282]
[213, 247, 249]
[248, 250, 284]
[215, 249, 251]
[216, 250, 286]
[217, 253, 287]
[252, 254, 288]
[219, 253, 255]
[254, 256, 290]
[221, 255, 257]
[256, 258, 292]
[223, 257, 259]
[258, 260, 294]
[225, 259, 261]
[260, 262, 296]
[227, 261, 263]
[262, 264, 298]
[229, 263, 265]
[264, 266, 300]
[231, 265, 267]
[266, 268, 302]
[233, 267, 269]
[268, 270, 304]
[235, 269, 271]
[270, 272, 306]
[237, 271, 273]
[272, 274, 308]
[239, 273, 275]
[274, 276, 310]
[241, 275, 277]
[276, 278, 312]
[243, 277, 279]
[278, 280, 314]
[245, 279, 281]
[280, 282, 316]
[247, 281, 283]
[282, 284, 318]
[249, 283, 285]
[284, 286, 320]
[251, 285, 287]
[252, 286, 322]
[253, 289, 323]
[288, 290, 324]
[255, 289, 291]
[290, 292, 326]
[257, 291, 293]
[292, 294, 328]
[259, 293, 295]
[294, 296, 330]
[261, 295, 297]
[296, 298, 332]
[263, 297, 299]
[298, 300, 334]
[265, 299, 301]
[300, 302, 336]
[267, 301, 303]
[302, 304, 338]
[269, 303, 305]
[304, 306, 340]
[271, 305, 307]
[306, 308, 342]
[273, 307, 309]
[308, 310, 344]
[275, 309, 311]
[310, 312, 346]
[277, 311, 313]
[312, 314, 348]
[279, 313, 315]
[314, 316, 350]
[281, 315, 317]
[316, 318, 352]
[283, 317, 319]
[318, 320, 354]
[285, 319, 321]
[320, 322, 356]
[287, 321, 323]
[288, 322, 358]
[289, 325, 359]
[324, 326, 360]
[291, 325, 327]
[326, 328, 362]
[293, 327, 329]
[328, 330, 364]
[295, 329, 331]
[330, 332, 366]
[297, 331, 333]
[332, 334, 368]
[299, 333, 335]
[334, 336, 370]
[301, 335, 337]
[336, 338, 372]
[303, 337, 339]
[338, 340, 374]
[305, 339, 341]
[340, 342, 376]
[307, 341, 343]
[342, 344, 378]
[309, 343, 345]
[344, 346, 380]
[311, 345, 347]
[346, 348, 382]
[313, 347, 349]
[348, 350, 384]
[315, 349, 351]
[350, 352, 386]
[317, 351, 353]
[352, 354, 388]
[319, 353, 355]
[354, 356, 390]
[321, 355, 357]
[356, 358, 392]
[323, 357, 359]
[324, 358, 394]
[325, 361, 395]
[360, 362, 396]
[327, 361, 363]
[362, 364, 398]
[329, 363, 365]
[364, 366, 400]
[331, 365, 367]
[366, 368, 402]
[333, 367, 369]
[368, 370, 404]
[335, 369, 371]
[370, 372, 406]
[337, 371, 373]
[372, 374, 408]
[339, 373, 375]
[374, 376, 410]
[341, 375, 377]
[376, 378, 412]
[343, 377, 379]
[378, 380, 414]
[345, 379, 381]
[380, 382, 416]
[347, 381, 383]
[382, 384, 418]
[349, 383, 385]
[384, 386, 420]
[351, 385, 387]
[386, 388, 422]
[353, 387, 389]
[388, 390, 424]
[355, 389, 391]
[390, 392, 426]
[357, 391, 393]
[392, 394, 428]
[359, 393, 395]
[360, 394, 430]
[361, 397, 431]
[396, 398, 432]
[363, 397, 399]
[398, 400, 434]
[365, 399, 401]
[400, 402, 436]
[367, 401, 403]
[402, 404, 438]
[369, 403, 405]
[404, 406, 440]
[371, 405, 407]
[406, 408, 442]
[373, 407, 409]
[408, 410, 444]
[375, 409, 411]
[410, 412, 446]
[377, 411, 413]
[412, 414, 448]
[379, 413, 415]
[414, 416, 450]
[381, 415, 417]
[416, 418, 452]
[383, 417, 419]
[418, 420, 454]
[385, 419, 421]
[420, 422, 456]
[387, 421, 423]
[422, 424, 458]
[389, 423, 425]
[424, 426, 460]
[391, 425, 427]
[426, 428, 462]
[393, 427, 429]
[428, 430, 464]
[395, 429, 431]
[396, 430, 466]
[397, 433, 467]
[432, 434, 468]
[399, 433, 435]
[434, 436, 470]
[401, 435, 437]
[436, 438, 472]
[403, 437, 439]
[438, 440, 474]
[405, 439, 441]
[440, 442, 476]
[407, 441, 443]
[442, 444, 478]
[409, 443, 445]
[444, 446, 480]
[411, 445, 447]
[446, 448, 482]
[413, 447, 449]
[448, 450, 484]
[415, 449, 451]
[450, 452, 486]
[417, 451, 453]
[452, 454, 488]
[419, 453, 455]
[454, 456, 490]
[421, 455, 457]
[456, 458, 492]
[423, 457, 459]
[458, 460, 494]
[425, 459, 461]
[460, 462, 496]
[427, 461, 463]
[462, 464, 498]
[429, 463, 465]
[464, 466, 500]
[431, 465, 467]
[432, 466, 502]
[433, 469, 503]
[468, 470, 504]
[435, 469, 471]
[470, 472, 506]
[437, 471, 473]
[472, 474, 508]
[439, 473, 475]
[474, 476, 510]
[441, 475, 477]
[476, 478, 512]
[443, 477, 479]
[478, 480, 514]
[445, 479, 481]
[480, 482, 516]
[447, 481, 483]
[482, 484, 518]
[449, 483, 485]
[484, 486, 520]
[451, 485, 487]
[486, 488, 522]
[453, 487, 489]
[488, 490, 524]
[455, 489, 491]
[490, 492, 526]
[457, 491, 493]
[492, 494, 528]
[459, 493, 495]
[494, 496, 530]
[461, 495, 497]
[496, 498, 532]
[463, 497, 499]
[498, 500, 534]
[465, 499, 501]
[500, 502, 536]
[467, 501, 503]
[468, 502, 538]
[469, 505, 539]
[504, 506, 540]
[471, 505, 507]
[506, 508, 542]
[473, 507, 509]
[508, 510, 544]
[475, 509, 511]
[510, 512, 546]
[477, 511, 513]
[512, 514, 548]
[479, 513, 515]
[514, 516, 550]
[481, 515, 517]
[516, 518, 552]
[483, 517, 519]
[518, 520, 554]
[485, 519, 521]
[520, 522, 556]
[487, 521, 523]
[522, 524, 558]
[489, 523, 525]
[524, 526, 560]
[491, 525, 527]
[526, 528, 562]
[493, 527, 529]
[528, 530, 564]
[495, 529, 531]
[530, 532, 566]
[497, 531, 533]
[532, 534, 568]
[499, 533, 535]
[534, 536, 570]
[501, 535, 537]
[536, 538, 572]
[503, 537, 539]
[504, 538, 574]
[505, 541, 575]
[540, 542, 576]
[507, 541, 543]
[542, 544, 578]
[509, 543, 545]
[544, 546, 580]
[511, 545, 547]
[546, 548, 582]
[513, 547, 549]
[548, 550, 584]
[515, 549, 551]
[550, 552, 586]
[517, 551, 553]
[552, 554, 588]
[519, 553, 555]
[554, 556, 590]
[521, 555, 557]
[556, 558, 592]
[523, 557, 559]
[558, 560, 594]
[525, 559, 561]
[560, 562, 596]
[527, 561, 563]
[562, 564, 598]
[529, 563, 565]
[564, 566, 600]
[531, 565, 567]
[566, 568, 602]
[533, 567, 569]
[568, 570, 604]
[535, 569, 571]
[570, 572, 606]
[537, 571, 573]
[572, 574, 608]
[539, 573, 575]
[540, 574, 610]
[541, 577, 611]
[576, 578, 612]
[543, 577, 579]
[578, 580, 614]
[545, 579, 581]
[580, 582, 616]
[547, 581, 583]
[582, 584, 618]
[549, 583, 585]
[584, 586, 620]
[551, 585, 587]
[586, 588, 622]
[553, 587, 589]
[588, 590, 624]
[555, 589, 591]
[590, 592, 626]
[557, 591, 593]
[592, 594, 628]
[559, 593, 595]
[594, 596, 630]
[561, 595, 597]
[596, 598, 632]
[563, 597, 599]
[598, 600, 634]
[565, 599, 601]
[600, 602, 636]
[567, 601, 603]
[602, 604, 638]
[569, 603, 605]
[604, 606, 640]
[571, 605, 607]
[606, 608, 642]
[573, 607, 609]
[608, 610, 644]
[575, 609, 611]
[576, 610, 646]
[577, 613, 647]
[0, 612, 614]
[579, 613, 615]
[2, 614, 616]
[581, 615, 617]
[4, 616, 618]
[583, 617, 619]
[6, 618, 620]
[585, 619, 621]
[8, 620, 622]
[587, 621, 623]
[10, 622, 624]
[589, 623, 625]
[12, 624, 626]
[591, 625, 627]
[14, 626, 628]
[593, 627, 629]
[16, 628, 630]
[595, 629, 631]
[18, 630, 632]
[597, 631, 633]
[20, 632, 634]
[599, 633, 635]
[22, 634, 636]
[601, 635, 637]
[24, 636, 638]
[603, 637, 639]
[26, 638, 640]
[605, 639, 641]
[28, 640, 642]
[607, 641, 643]
[30, 642, 644]
[609, 643, 645]
[32, 644, 646]
[611, 645, 647]
[34, 612, 646]
