[1, 63, 1985]
[0, 2, 64]
[1, 3, 1987]
[2, 4, 66]
[3, 5, 1989]
[4, 6, 68]
[5, 7, 1991]
[6, 8, 70]
[7, 9, 1993]
[8, 10, 72]
[9, 11, 1995]
[10, 12, 74]
[11, 13, 1997]
[12, 14, 76]
[13, 15, 1999]
[14, 16, 78]
[15, 17, 2001]
[16, 18, 80]
[17, 19, 2003]
[18, 20, 82]
[19, 21, 2005]
[20, 22, 84]
[21, 23, 2007]
[22, 24, 86]
[23, 25, 2009]
[24, 26, 88]
[25, 27, 2011]
[26, 28, 90]
[27, 29, 2013]
[28, 30, 92]
[29, 31, 2015]
[30, 32, 94]
[31, 33, 2017]
[32, 34, 96]
[33, 35, 2019]
[34, 36, 98]
[35, 37, 2021]
[36, 38, 100]
[37, 39, 2023]
[38, 40, 102]
[39, 41, 2025]
[40, 42, 104]
[41, 43, 2027]
[42, 44, 106]
[43, 45, 2029]
[44, 46, 108]
[45, 47, 2031]
[46, 48, 110]
[47, 49, 2033]
[48, 50, 112]
[49, 51, 2035]
[50, 52, 114]
[51, 53, 2037]
[52, 54, 116]
[53, 55, 2039]
[54, 56, 118]
[55, 57, 2041]
[56, 58, 120]
[57, 59, 2043]
[58, 60, 122]
[59, 61, 2045]
[60, 62, 124]
[61, 63, 2047]
[0, 62, 126]
[1, 65, 127]
[64, 66, 128]
[3, 65, 67]
[66, 68, 130]
[5, 67, 69]
[68, 70, 132]
[7, 69, 71]
[70, 72, 134]
[9, 71, 73]
[72, 74, 136]
[11, 73, 75]
[74, 76, 138]
[13, 75, 77]
[76, 78, 140]
[15, 77, 79]
[78, 80, 142]
[17, 79, 81]
[80, 82, 144]
[19, 81, 83]
[82, 84, 146]
[21, 83, 85]
[84, 86, 148]
[23, 85, 87]
[86, 88, 150]
[25, 87, 89]
[88, 90, 152]
[27, 89, 91]
[90, 92, 154]
[29, 91, 93]
[92, 94, 156]
[31, 93, 95]
[94, 96, 158]
[33, 95, 97]
[96, 98, 160]
[35, 97, 99]
[98, 100, 162]
[37, 99, 101]
[100, 102, 164]
[39, 101, 103]
[102, 104, 166]
[41, 103, 105]
[104, 106, 168]
[43, 105, 107]
[106, 108, 170]
[45, 107, 109]
[108, 110, 172]
[47, 109, 111]
[110, 112, 174]
[49, 111, 113]
[112, 114, 176]
[51, 113, 115]
[114, 116, 178]
[53, 115, 117]
[116, 118, 180]
[55, 117, 119]
[118, 120, 182]
[57, 119, 121]
[120, 122, 184]
[59, 121, 123]
[122, 124, 186]
[61, 123, 125]
[124, 126, 188]
[63, 125, 127]
[64, 126, 190]
[65, 129, 191]
[128, 130, 192]
[67, 129, 131]
[130, 132, 194]
[69, 131, 133]
[132, 134, 196]
[71, 133, 135]
[134, 136, 198]
[73, 135, 137]
[136, 138, 200]
[75, 137, 139]
[138, 140, 202]
[77, 139, 141]
[140, 142, 204]
[79, 141, 143]
[142, 144, 206]
[81, 143, 145]
[144, 146, 208]
[83, 145, 147]
[146, 148, 210]
[85, 147, 149]
[148, 150, 212]
[87, 149, 151]
[150, 152, 214]
[89, 151, 153]
[152, 154, 216]
[91, 153, 155]
[154, 156, 218]
[93, 155, 157]
[156, 158, 220]
[95, 157, 159]
[158, 160, 222]
[97, 159, 161]
[160, 162, 224]
[99, 161, 163]
[162, 164, 226]
[101, 163, 165]
[164, 166, 228]
[103, 165, 167]
[166, 168, 230]
[105, 167, 169]
[168, 170, 232]
[107, 169, 171]
[170, 172, 234]
[109, 171, 173]
[172, 174, 236]
[111, 173, 175]
[174, 176, 238]
[113, 175, 177]
[176, 178, 240]
[115, 177, 179]
[178, 180, 242]
[117, 179, 181]
[180, 182, 244]
[119, 181, 183]
[182, 184, 246]
[121, 183, 185]
[184, 186, 248]
[123, 185, 187]
[186, 188, 250]
[125, 187, 189]
[188, 190, 252]
[127, 189, 191]
[128, 190, 254]
[129, 193, 255]
[192, 194, 256]
[131, 193, 195]
[194, 196, 258]
[133, 195, 197]
[196, 198, 260]
[135, 197, 199]
[198, 200, 262]
[137, 199, 201]
[200, 202, 264]
[139, 201, 203]
[202, 204, 266]
[141, 203, 205]
[204, 206, 268]
[143, 205, 207]
[206, 208, 270]
[145, 207, 209]
[208, 210, 272]
[147, 209, 211]
[210, 212, 274]
[149, 211, 213]
[212, 214, 276]
[151, 213, 215]
[214, 216, 278]
[153, 215, 217]
[216, 218, 280]
[155, 217, 219]
[218, 220, 282]
[157, 219, 221]
[220, 222, 284]
[159, 221, 223]
[222, 224, 286]
[161, 223, 225]
[224, 226, 288]
[163, 225, 227]
[226, 228, 290]
[165, 227, 229]
[228, 230, 292]
[167, 229, 231]
[230, 232, 294]
[169, 231, 233]
[232, 234, 296]
[171, 233, 235]
[234, 236, 298]
[173, 235, 237]
[236, 238, 300]
[175, 237, 239]
[238, 240, 302]
[177, 239, 241]
[240, 242, 304]
[179, 241, 243]
[242, 244, 306]
[181, 243, 245]
[244, 246, 308]
[183, 245, 247]
[246, 248, 310]
[185, 247, 249]
[248, 250, 312]
[187, 249, 251]
[250, 252, 314]
[189, 251, 253]
[252, 254, 316]
[191, 253, 255]
[192, 254, 318]
[193, 257, 319]
[256, 258, 320]
[195, 257, 259]
[258, 260, 322]
[197, 259, 261]
[260, 262, 324]
[199, 261, 263]
[262, 264, 326]
[201, 263, 265]
[264, 266, 328]
[203, 265, 267]
[266, 268, 330]
[205, 267, 269]
[268, 270, 332]
[207, 269, 271]
[270, 272, 334]
[209, 271, 273]
[272, 274, 336]
[211, 273, 275]
[274, 276, 338]
[213, 275, 277]
[276, 278, 340]
[215, 277, 279]
[278, 280, 342]
[217, 279, 281]
[280, 282, 344]
[219, 281, 283]
[282, 284, 346]
[221, 283, 285]
[284, 286, 348]
[223, 285, 287]
[286, 288, 350]
[225, 287, 289]
[288, 290, 352]
[227, 289, 291]
[290, 292, 354]
[229, 291, 293]
[292, 294, 356]
[231, 293, 295]
[294, 296, 358]
[233, 295, 297]
[296, 298, 360]
[235, 297, 299]
[298, 300, 362]
[237, 299, 301]
[300, 302, 364]
[239, 301, 303]
[302, 304, 366]
[241, 303, 305]
[304, 306, 368]
[243, 305, 307]
[306, 308, 370]
[245, 307, 309]
[308, 310, 372]
[247, 309, 311]
[310, 312, 374]
[249, 311, 313]
[312, 314, 376]
[251, 313, 315]
[314, 316, 378]
[253, 315, 317]
[316, 318, 380]
[255, 317, 319]
[256, 318, 382]
[257, 321, 383]
[320, 322, 384]
[259, 321, 323]
[322, 324, 386]
[261, 323, 325]
[324, 326, 388]
[263, 325, 327]
[326, 328, 390]
[265, 327, 329]
[328, 330, 392]
[267, 329, 331]
[330, 332, 394]
[269, 331, 333]
[332, 334, 396]
[271, 333, 335]
[334, 336, 398]
[273, 335, 337]
[336, 338, 400]
[275, 337, 339]
[338, 340, 402]
[277, 339, 341]
[340, 342, 404]
[279, 341, 343]
[342, 344, 406]
[281, 343, 345]
[344, 346, 408]
[283, 345, 347]
[346, 348, 410]
[285, 347, 349]
[348, 350, 412]
[287, 349, 351]
[350, 352, 414]
[289, 351, 353]
[352, 354, 416]
[291, 353, 355]
[354, 356, 418]
[293, 355, 357]
[356, 358, 420]
[295, 357, 359]
[358, 360, 422]
[297, 359, 361]
[360, 362, 424]
[299, 361, 363]
[362, 364, 426]
[301, 363, 365]
[364, 366, 428]
[303, 365, 367]
[366, 368, 430]
[305, 367, 369]
[368, 370, 432]
[307, 369, 371]
[370, 372, 434]
[309, 371, 373]
[372, 374, 436]
[311, 373, 375]
[374, 376, 438]
[313, 375, 377]
[376, 378, 440]
[315, 377, 379]
[378, 380, 442]
[317, 379, 381]
[380, 382, 444]
[319, 381, 383]
[320, 382, 446]
[321, 385, 447]
[384, 386, 448]
[323, 385, 387]
[386, 388, 450]
[325, 387, 389]
[388, 390, 452]
[327, 389, 391]
[390, 392, 454]
[329, 391, 393]
[392, 394, 456]
[331, 393, 395]
[394, 396, 458]
[333, 395, 397]
[396, 398, 460]
[335, 397, 399]
[398, 400, 462]
[337, 399, 401]
[400, 402, 464]
[339, 401, 403]
[402, 404, 466]
[341, 403, 405]
[404, 406, 468]
[343, 405, 407]
[406, 408, 470]
[345, 407, 409]
[408, 410, 472]
[347, 409, 411]
[410, 412, 474]
[349, 411, 413]
[412, 414, 476]
[351, 413, 415]
[414, 416, 478]
[353, 415, 417]
[416, 418, 480]
[355, 417, 419]
[418, 420, 482]
[357, 419, 421]
[420, 422, 484]
[359, 421, 423]
[422, 424, 486]
[361, 423, 425]
[424, 426, 488]
[363, 425, 427]
[426, 428, 490]
[365, 427, 429]
[428, 430, 492]
[367, 429, 431]
[430, 432, 494]
[369, 431, 433]
[432, 434, 496]
[371, 433, 435]
[434, 436, 498]
[373, 435, 437]
[436, 438, 500]
[375, 437, 439]
[438, 440, 502]
[377, 439, 441]
[440, 442, 504]
[379, 441, 443]
[442, 444, 506]
[381, 443, 445]
[444, 446, 508]
[383, 445, 447]
[384, 446, 510]
[385, 449, 511]
[448, 450, 512]
[387, 449, 451]
[450, 452, 514]
[389, 451, 453]
[452, 454, 516]
[391, 453, 455]
[454, 456, 518]
[393, 455, 457]
[456, 458, 520]
[395, 457, 459]
[458, 460, 522]
[397, 459, 461]
[460, 462, 524]
[399, 461, 463]
[462, 464, 526]
[401, 463, 465]
[464, 466, 528]
[403, 465, 467]
[466, 468, 530]
[405, 467, 469]
[468, 470, 532]
[407, 469, 471]
[470, 472, 534]
[409, 471, 473]
[472, 474, 536]
[411, 473, 475]
[474, 476, 538]
[413, 475, 477]
[476, 478, 540]
[415, 477, 479]
[478, 480, 542]
[417, 479, 481]
[480, 482, 544]
[419, 481, 483]
[482, 484, 546]
[421, 483, 485]
[484, 486, 548]
[423, 485, 487]
[486, 488, 550]
[425, 487, 489]
[488, 490, 552]
[427, 489, 491]
[490, 492, 554]
[429, 491, 493]
[492, 494, 556]
[431, 493, 495]
[494, 496, 558]
[433, 495, 497]
[496, 498, 560]
[435, 497, 499]
[498, 500, 562]
[437, 499, 501]
[500, 502, 564]
[439, 501, 503]
[502, 504, 566]
[441, 503, 505]
[504, 506, 568]
[443, 505, 507]
[506, 508, 570]
[445, 507, 509]
[508, 510, 572]
[447, 509, 511]
[448, 510, 574]
[449, 513, 575]
[512, 514, 576]
[451, 513, 515]
[514, 516, 578]
[453, 515, 517]
[516, 518, 580]
[455, 517, 519]
[518, 520, 582]
[457, 519, 521]
[520, 522, 584]
[459, 521, 523]
[522, 524, 586]
[461, 523, 525]
[524, 526, 588]
[463, 525, 527]
[526, 528, 590]
[465, 527, 529]
[528, 530, 592]
[467, 529, 531]
[530, 532, 594]
[469, 531, 533]
[532, 534, 596]
[471, 533, 535]
[534, 536, 598]
[473, 535, 537]
[536, 538, 600]
[475, 537, 539]
[538, 540, 602]
[477, 539, 541]
[540, 542, 604]
[479, 541, 543]
[542, 544, 606]
[481, 543, 545]
[544, 546, 608]
[483, 545, 547]
[546, 548, 610]
[485, 547, 549]
[548, 550, 612]
[487, 549, 551]
[550, 552, 614]
[489, 551, 553]
[552, 554, 616]
[491, 553, 555]
[554, 556, 618]
[493, 555, 557]
[556, 558, 620]
[495, 557, 559]
[558, 560, 622]
[497, 559, 561]
[560, 562, 624]
[499, 561, 563]
[562, 564, 626]
[501, 563, 565]
[564, 566, 628]
[503, 565, 567]
[566, 568, 630]
[505, 567, 569]
[568, 570, 632]
[507, 569, 571]
[570, 572, 634]
[509, 571, 573]
[572, 574, 636]
[511, 573, 575]
[512, 574, 638]
[513, 577, 639]
[576, 578, 640]
[515, 577, 579]
[578, 580, 642]
[517, 579, 581]
[580, 582, 644]
[519, 581, 583]
[582, 584, 646]
[521, 583, 585]
[584, 586, 648]
[523, 585, 587]
[586, 588, 650]
[525, 587, 589]
[588, 590, 652]
[527, 589, 591]
[590, 592, 654]
[529, 591, 593]
[592, 594, 656]
[531, 593, 595]
[594, 596, 658]
[533, 595, 597]
[596, 598, 660]
[535, 597, 599]
[598, 600, 662]
[537, 599, 601]
[600, 602, 664]
[539, 601, 603]
[602, 604, 666]
[541, 603, 605]
[604, 606, 668]
[543, 605, 607]
[606, 608, 670]
[545, 607, 609]
[608, 610, 672]
[547, 609, 611]
[610, 612, 674]
[549, 611, 613]
[612, 614, 676]
[551, 613, 615]
[614, 616, 678]
[553, 615, 617]
[616, 618, 680]
[555, 617, 619]
[618, 620, 682]
[557, 619, 621]
[620, 622, 684]
[559, 621, 623]
[622, 624, 686]
[561, 623, 625]
[624, 626, 688]
[563, 625, 627]
[626, 628, 690]
[565, 627, 629]
[628, 630, 692]
[567, 629, 631]
[630, 632, 694]
[569, 631, 633]
[632, 634, 696]
[571, 633, 635]
[634, 636, 698]
[573, 635, 637]
[636, 638, 700]
[575, 637, 639]
[576, 638, 702]
[577, 641, 703]
[640, 642, 704]
[579, 641, 643]
[642, 644, 706]
[581, 643, 645]
[644, 646, 708]
[583, 645, 647]
[646, 648, 710]
[585, 647, 649]
[648, 650, 712]
[587, 649, 651]
[650, 652, 714]
[589, 651, 653]
[652, 654, 716]
[591, 653, 655]
[654, 656, 718]
[593, 655, 657]
[656, 658, 720]
[595, 657, 659]
[658, 660, 722]
[597, 659, 661]
[660, 662, 724]
[599, 661, 663]
[662, 664, 726]
[601, 663, 665]
[664, 666, 728]
[603, 665, 667]
[666, 668, 730]
[605, 667, 669]
[668, 670, 732]
[607, 669, 671]
[670, 672, 734]
[609, 671, 673]
[672, 674, 736]
[611, 673, 675]
[674, 676, 738]
[613, 675, 677]
[676, 678, 740]
[615, 677, 679]
[678, 680, 742]
[617, 679, 681]
[680, 682, 744]
[619, 681, 683]
[682, 684, 746]
[621, 683, 685]
[684, 686, 748]
[623, 685, 687]
[686, 688, 750]
[625, 687, 689]
[688, 690, 752]
[627, 689, 691]
[690, 692, 754]
[629, 691, 693]
[692, 694, 756]
[631, 693, 695]
[694, 696, 758]
[633, 695, 697]
[696, 698, 760]
[635, 697, 699]
[698, 700, 762]
[637, 699, 701]
[700, 702, 764]
[639, 701, 703]
[640, 702, 766]
[641, 705, 767]
[704, 706, 768]
[643, 705, 707]
[706, 708, 770]
[645, 707, 709]
[708, 710, 772]
[647, 709, 711]
[710, 712, 774]
[649, 711, 713]
[712, 714, 776]
[651, 713, 715]
[714, 716, 778]
[653, 715, 717]
[716, 718, 780]
[655, 717, 719]
[718, 720, 782]
[657, 719, 721]
[720, 722, 784]
[659, 721, 723]
[722, 724, 786]
[661, 723, 725]
[724, 726, 788]
[663, 725, 727]
[726, 728, 790]
[665, 727, 729]
[728, 730, 792]
[667, 729, 731]
[730, 732, 794]
[669, 731, 733]
[732, 734, 796]
[671, 733, 735]
[734, 736, 798]
[673, 735, 737]
[736, 738, 800]
[675, 737, 739]
[738, 740, 802]
[677, 739, 741]
[740, 742, 804]
[679, 741, 743]
[742, 744, 806]
[681, 743, 745]
[744, 746, 808]
[683, 745, 747]
[746, 748, 810]
[685, 747, 749]
[748, 750, 812]
[687, 749, 751]
[750, 752, 814]
[689, 751, 753]
[752, 754, 816]
[691, 753, 755]
[754, 756, 818]
[693, 755, 757]
[756, 758, 820]
[695, 757, 759]
[758, 760, 822]
[697, 759, 761]
[760, 762, 824]
[699, 761, 763]
[762, 764, 826]
[701, 763, 765]
[764, 766, 828]
[703, 765, 767]
[704, 766, 830]
[705, 769, 831]
[768, 770, 832]
[707, 769, 771]
[770, 772, 834]
[709, 771, 773]
[772, 774, 836]
[711, 773, 775]
[774, 776, 838]
[713, 775, 777]
[776, 778, 840]
[715, 777, 779]
[778, 780, 842]
[717, 779, 781]
[780, 782, 844]
[719, 781, 783]
[782, 784, 846]
[721, 783, 785]
[784, 786, 848]
[723, 785, 787]
[786, 788, 850]
[725, 787, 789]
[788, 790, 852]
[727, 789, 791]
[790, 792, 854]
[729, 791, 793]
[792, 794, 856]
[731, 793, 795]
[794, 796, 858]
[733, 795, 797]
[796, 798, 860]
[735, 797, 799]
[798, 800, 862]
[737, 799, 801]
[800, 802, 864]
[739, 801, 803]
[802, 804, 866]
[741, 803, 805]
[804, 806, 868]
[743, 805, 807]
[806, 808, 870]
[745, 807, 809]
[808, 810, 872]
[747, 809, 811]
[810, 812, 874]
[749, 811, 813]
[812, 814, 876]
[751, 813, 815]
[814, 816, 878]
[753, 815, 817]
[816, 818, 880]
[755, 817, 819]
[818, 820, 882]
[757, 819, 821]
[820, 822, 884]
[759, 821, 823]
[822, 824, 886]
[761, 823, 825]
[824, 826, 888]
[763, 825, 827]
[826, 828, 890]
[765, 827, 829]
[828, 830, 892]
[767, 829, 831]
[768, 830, 894]
[769, 833, 895]
[832, 834, 896]
[771, 833, 835]
[834, 836, 898]
[773, 835, 837]
[836, 838, 900]
[775, 837, 839]
[838, 840, 902]
[777, 839, 841]
[840, 842, 904]
[779, 841, 843]
[842, 844, 906]
[781, 843, 845]
[844, 846, 908]
[783, 845, 847]
[846, 848, 910]
[785, 847, 849]
[848, 850, 912]
[787, 849, 851]
[850, 852, 914]
[789, 851, 853]
[852, 854, 916]
[791, 853, 855]
[854, 856, 918]
[793, 855, 857]
[856, 858, 920]
[795, 857, 859]
[858, 860, 922]
[797, 859, 861]
[860, 862, 924]
[799, 861, 863]
[862, 864, 926]
[801, 863, 865]
[864, 866, 928]
[803, 865, 867]
[866, 868, 930]
[805, 867, 869]
[868, 870, 932]
[807, 869, 871]
[870, 872, 934]
[809, 871, 873]
[872, 874, 936]
[811, 873, 875]
[874, 876, 938]
[813, 875, 877]
[876, 878, 940]
[815, 877, 879]
[878, 880, 942]
[817, 879, 881]
[880, 882, 944]
[819, 881, 883]
[882, 884, 946]
[821, 883, 885]
[884, 886, 948]
[823, 885, 887]
[886, 888, 950]
[825, 887, 889]
[888, 890, 952]
[827, 889, 891]
[890, 892, 954]
[829, 891, 893]
[892, 894, 956]
[831, 893, 895]
[832, 894, 958]
[833, 897, 959]
[896, 898, 960]
[835, 897, 899]
[898, 900, 962]
[837, 899, 901]
[900, 902, 964]
[839, 901, 903]
[902, 904, 966]
[841, 903, 905]
[904, 906, 968]
[843, 905, 907]
[906, 908, 970]
[845, 907, 909]
[908, 910, 972]
[847, 909, 911]
[910, 912, 974]
[849, 911, 913]
[912, 914, 976]
[851, 913, 915]
[914, 916, 978]
[853, 915, 917]
[916, 918, 980]
[855, 917, 919]
[918, 920, 982]
[857, 919, 921]
[920, 922, 984]
[859, 921, 923]
[922, 924, 986]
[861, 923, 925]
[924, 926, 988]
[863, 925, 927]
[926, 928, 990]
[865, 927, 929]
[928, 930, 992]
[867, 929, 931]
[930, 932, 994]
[869, 931, 933]
[932, 934, 996]
[871, 933, 935]
[934, 936, 998]
[873, 935, 937]
[936, 938, 1000]
[875, 937, 939]
[938, 940, 1002]
[877, 939, 941]
[940, 942, 1004]
[879, 941, 943]
[942, 944, 1006]
[881, 943, 945]
[944, 946, 1008]
[883, 945, 947]
[946, 948, 1010]
[885, 947, 949]
[948, 950, 1012]
[887, 949, 951]
[950, 952, 1014]
[889, 951, 953]
[952, 954, 1016]
[891, 953, 955]
[954, 956, 1018]
[893, 955, 957]
[956, 958, 1020]
[895, 957, 959]
[896, 958, 1022]
[897, 961, 1023]
[960, 962, 1024]
[899, 961, 963]
[962, 964, 1026]
[901, 963, 965]
[964, 966, 1028]
[903, 965, 967]
[966, 968, 1030]
[905, 967, 969]
[968, 970, 1032]
[907, 969, 971]
[970, 972, 1034]
[909, 971, 973]
[972, 974, 1036]
[911, 973, 975]
[974, 976, 1038]
[913, 975, 977]
[976, 978, 1040]
[915, 977, 979]
[978, 980, 1042]
[917, 979, 981]
[980, 982, 1044]
[919, 981, 983]
[982, 984, 1046]
[921, 983, 985]
[984, 986, 1048]
[923, 985, 987]
[986, 988, 1050]
[925, 987, 989]
[988, 990, 1052]
[927, 989, 991]
[990, 992, 1054]
[929, 991, 993]
[992, 994, 1056]
[931, 993, 995]
[994, 996, 1058]
[933, 995, 997]
[996, 998, 1060]
[935, 997, 999]
[998, 1000, 1062]
[937, 999, 1001]
[1000, 1002, 1064]
[939, 1001, 1003]
[1002, 1004, 1066]
[941, 1003, 1005]
[1004, 1006, 1068]
[943, 1005, 1007]
[1006, 1008, 1070]
[945, 1007, 1009]
[1008, 1010, 1072]
[947, 1009, 1011]
[1010, 1012, 1074]
[949, 1011, 1013]
[1012, 1014, 1076]
[951, 1013, 1015]
[1014, 1016, 1078]
[953, 1015, 1017]
[1016, 1018, 1080]
[955, 1017, 1019]
[1018, 1020, 1082]
[957, 1019, 1021]
[1020, 1022, 1084]
[959, 1021, 1023]
[960, 1022, 1086]
[961, 1025, 1087]
[1024, 1026, 1088]
[963, 1025, 1027]
[1026, 1028, 1090]
[965, 1027, 1029]
[1028, 1030, 1092]
[967, 1029, 1031]
[1030, 1032, 1094]
[969, 1031, 1033]
[1032, 1034, 1096]
[971, 1033, 1035]
[1034, 1036, 1098]
[973, 1035, 1037]
[1036, 1038, 1100]
[975, 1037, 1039]
[1038, 1040, 1102]
[977, 1039, 1041]
[1040, 1042, 1104]
[979, 1041, 1043]
[1042, 1044, 1106]
[981, 1043, 1045]
[1044, 1046, 1108]
[983, 1045, 1047]
[1046, 1048, 1110]
[985, 1047, 1049]
[1048, 1050, 1112]
[987, 1049, 1051]
[1050, 1052, 1114]
[989, 1051, 1053]
[1052, 1054, 1116]
[991, 1053, 1055]
[1054, 1056, 1118]
[993, 1055, 1057]
[1056, 1058, 1120]
[995, 1057, 1059]
[1058, 1060, 1122]
[997, 1059, 1061]
[1060, 1062, 1124]
[999, 1061, 1063]
[1062, 1064, 1126]
[1001, 1063, 1065]
[1064, 1066, 1128]
[1003, 1065, 1067]
[1066, 1068, 1130]
[1005, 1067, 1069]
[1068, 1070, 1132]
[1007, 1069, 1071]
[1070, 1072, 1134]
[1009, 1071, 1073]
[1072, 1074, 1136]
[1011, 1073, 1075]
[1074, 1076, 1138]
[1013, 1075, 1077]
[1076, 1078, 1140]
[1015, 1077, 1079]
[1078, 1080, 1142]
[1017, 1079, 1081]
[1080, 1082, 1144]
[1019, 1081, 1083]
[1082, 1084, 1146]
[1021, 1083, 1085]
[1084, 1086, 1148]
[1023, 1085, 1087]
[1024, 1086, 1150]
[1025, 1089, 1151]
[1088, 1090, 1152]
[1027, 1089, 1091]
[1090, 1092, 1154]
[1029, 1091, 1093]
[1092, 1094, 1156]
[1031, 1093, 1095]
[1094, 1096, 1158]
[1033, 1095, 1097]
[1096, 1098, 1160]
[1035, 1097, 1099]
[1098, 1100, 1162]
[1037, 1099, 1101]
[1100, 1102, 1164]
[1039, 1101, 1103]
[1102, 1104, 1166]
[1041, 1103, 1105]
[1104, 1106, 1168]
[1043, 1105, 1107]
[1106, 1108, 1170]
[1045, 1107, 1109]
[1108, 1110, 1172]
[1047, 1109, 1111]
[1110, 1112, 1174]
[1049, 1111, 1113]
[1112, 1114, 1176]
[1051, 1113, 1115]
[1114, 1116, 1178]
[1053, 1115, 1117]
[1116, 1118, 1180]
[1055, 1117, 1119]
[1118, 1120, 1182]
[1057, 1119, 1121]
[1120, 1122, 1184]
[1059, 1121, 1123]
[1122, 1124, 1186]
[1061, 1123, 1125]
[1124, 1126, 1188]
[1063, 1125, 1127]
[1126, 1128, 1190]
[1065, 1127, 1129]
[1128, 1130, 1192]
[1067, 1129, 1131]
[1130, 1132, 1194]
[1069, 1131, 1133]
[1132, 1134, 1196]
[1071, 1133, 1135]
[1134, 1136, 1198]
[1073, 1135, 1137]
[1136, 1138, 1200]
[1075, 1137, 1139]
[1138, 1140, 1202]
[1077, 1139, 1141]
[1140, 1142, 1204]
[1079, 1141, 1143]
[1142, 1144, 1206]
[1081, 1143, 1145]
[1144, 1146, 1208]
[1083, 1145, 1147]
[1146, 1148, 1210]
[1085, 1147, 1149]
[1148, 1150, 1212]
[1087, 1149, 1151]
[1088, 1150, 1214]
[1089, 1153, 1215]
[1152, 1154, 1216]
[1091, 1153, 1155]
[1154, 1156, 1218]
[1093, 1155, 1157]
[1156, 1158, 1220]
[1095, 1157, 1159]
[1158, 1160, 1222]
[1097, 1159, 1161]
[1160, 1162, 1224]
[1099, 1161, 1163]
[1162, 1164, 1226]
[1101, 1163, 1165]
[1164, 1166, 1228]
[1103, 1165, 1167]
[1166, 1168, 1230]
[1105, 1167, 1169]
[1168, 1170, 1232]
[1107, 1169, 1171]
[1170, 1172, 1234]
[1109, 1171, 1173]
[1172, 1174, 1236]
[1111, 1173, 1175]
[1174, 1176, 1238]
[1113, 1175, 1177]
[1176, 1178, 1240]
[1115, 1177, 1179]
[1178, 1180, 1242]
[1117, 1179, 1181]
[1180, 1182, 1244]
[1119, 1181, 1183]
[1182, 1184, 1246]
[1121, 1183, 1185]
[1184, 1186, 1248]
[1123, 1185, 1187]
[1186, 1188, 1250]
[1125, 1187, 1189]
[1188, 1190, 1252]
[1127, 1189, 1191]
[1190, 1192, 1254]
[1129, 1191, 1193]
[1192, 1194, 1256]
[1131, 1193, 1195]
[1194, 1196, 1258]
[1133, 1195, 1197]
[1196, 1198, 1260]
[1135, 1197, 1199]
[1198, 1200, 1262]
[1137, 1199, 1201]
[1200, 1202, 1264]
[1139, 1201, 1203]
[1202, 1204, 1266]
[1141, 1203, 1205]
[1204, 1206, 1268]
[1143, 1205, 1207]
[1206, 1208, 1270]
[1145, 1207, 1209]
[1208, 1210, 1272]
[1147, 1209, 1211]
[1210, 1212, 1274]
[1149, 1211, 1213]
[1212, 1214, 1276]
[1151, 1213, 1215]
[1152, 1214, 1278]
[1153, 1217, 1279]
[1216, 1218, 1280]
[1155, 1217, 1219]
[1218, 1220, 1282]
[1157, 1219, 1221]
[1220, 1222, 1284]
[1159, 1221, 1223]
[1222, 1224, 1286]
[1161, 1223, 1225]
[1224, 1226, 1288]
[1163, 1225, 1227]
[1226, 1228, 1290]
[1165, 1227, 1229]
[1228, 1230, 1292]
[1167, 1229, 1231]
[1230, 1232, 1294]
[1169, 1231, 1233]
[1232, 1234, 1296]
[1171, 1233, 1235]
[1234, 1236, 1298]
[1173, 1235, 1237]
[1236, 1238, 1300]
[1175, 1237, 1239]
[1238, 1240, 1302]
[1177, 1239, 1241]
[1240, 1242, 1304]
[1179, 1241, 1243]
[1242, 1244, 1306]
[1181, 1243, 1245]
[1244, 1246, 1308]
[1183, 1245, 1247]
[1246, 1248, 1310]
[1185, 1247, 1249]
[1248, 1250, 1312]
[1187, 1249, 1251]
[1250, 1252, 1314]
[1189, 1251, 1253]
[1252, 1254, 1316]
[1191, 1253, 1255]
[1254, 1256, 1318]
[1193, 1255, 1257]
[1256, 1258, 1320]
[1195, 1257, 1259]
[1258, 1260, 1322]
[1197, 1259, 1261]
[1260, 1262, 1324]
[1199, 1261, 1263]
[1262, 1264, 1326]
[1201, 1263, 1265]
[1264, 1266, 1328]
[1203, 1265, 1267]
[1266, 1268, 1330]
[1205, 1267, 1269]
[1268, 1270, 1332]
[1207, 1269, 1271]
[1270, 1272, 1334]
[1209, 1271, 1273]
[1272, 1274, 1336]
[1211, 1273, 1275]
[1274, 1276, 1338]
[1213, 1275, 1277]
[1276, 1278, 1340]
[1215, 1277, 1279]
[1216, 1278, 1342]
[1217, 1281, 1343]
[1280, 1282, 1344]
[1219, 1281, 1283]
[1282, 1284, 1346]
[1221, 1283, 1285]
[1284, 1286, 1348]
[1223, 1285, 1287]
[1286, 1288, 1350]
[1225, 1287, 1289]
[1288, 1290, 1352]
[1227, 1289, 1291]
[1290, 1292, 1354]
[1229, 1291, 1293]
[1292, 1294, 1356]
[1231, 1293, 1295]
[1294, 1296, 1358]
[1233, 1295, 1297]
[1296, 1298, 1360]
[1235, 1297, 1299]
[1298, 1300, 1362]
[1237, 1299, 1301]
[1300, 1302, 1364]
[1239, 1301, 1303]
[1302, 1304, 1366]
[1241, 1303, 1305]
[1304, 1306, 1368]
[1243, 1305, 1307]
[1306, 1308, 1370]
[1245, 1307, 1309]
[1308, 1310, 1372]
[1247, 1309, 1311]
[1310, 1312, 1374]
[1249, 1311, 1313]
[1312, 1314, 1376]
[1251, 1313, 1315]
[1314, 1316, 1378]
[1253, 1315, 1317]
[1316, 1318, 1380]
[1255, 1317, 1319]
[1318, 1320, 1382]
[1257, 1319, 1321]
[1320, 1322, 1384]
[1259, 1321, 1323]
[1322, 1324, 1386]
[1261, 1323, 1325]
[1324, 1326, 1388]
[1263, 1325, 1327]
[1326, 1328, 1390]
[1265, 1327, 1329]
[1328, 1330, 1392]
[1267, 1329, 1331]
[1330, 1332, 1394]
[1269, 1331, 1333]
[1332, 1334, 1396]
[1271, 1333, 1335]
[1334, 1336, 1398]
[1273, 1335, 1337]
[1336, 1338, 1400]
[1275, 1337, 1339]
[1338, 1340, 1402]
[1277, 1339, 1341]
[1340, 1342, 1404]
[1279, 1341, 1343]
[1280, 1342, 1406]
[1281, 1345, 1407]
[1344, 1346, 1408]
[1283, 1345, 1347]
[1346, 1348, 1410]
[1285, 1347, 1349]
[1348, 1350, 1412]
[1287, 1349, 1351]
[1350, 1352, 1414]
[1289, 1351, 1353]
[1352, 1354, 1416]
[1291, 1353, 1355]
[1354, 1356, 1418]
[1293, 1355, 1357]
[1356, 1358, 1420]
[1295, 1357, 1359]
[1358, 1360, 1422]
[1297, 1359, 1361]
[1360, 1362, 1424]
[1299, 1361, 1363]
[1362, 1364, 1426]
[1301, 1363, 1365]
[1364, 1366, 1428]
[1303, 1365, 1367]
[1366, 1368, 1430]
[1305, 1367, 1369]
[1368, 1370, 1432]
[1307, 1369, 1371]
[1370, 1372, 1434]
[1309, 1371, 1373]
[1372, 1374, 1436]
[1311, 1373, 1375]
[1374, 1376, 1438]
[1313, 1375, 1377]
[1376, 1378, 1440]
[1315, 1377, 1379]
[1378, 1380, 1442]
[1317, 1379, 1381]
[1380, 1382, 1444]
[1319, 1381, 1383]
[1382, 1384, 1446]
[1321, 1383, 1385]
[1384, 1386, 1448]
[1323, 1385, 1387]
[1386, 1388, 1450]
[1325, 1387, 1389]
[1388, 1390, 1452]
[1327, 1389, 1391]
[1390, 1392, 1454]
[1329, 1391, 1393]
[1392, 1394, 1456]
[1331, 1393, 1395]
[1394, 1396, 1458]
[1333, 1395, 1397]
[1396, 1398, 1460]
[1335, 1397, 1399]
[1398, 1400, 1462]
[1337, 1399, 1401]
[1400, 1402, 1464]
[1339, 1401, 1403]
[1402, 1404, 1466]
[1341, 1403, 1405]
[1404, 1406, 1468]
[1343, 1405, 1407]
[1344, 1406, 1470]
[1345, 1409, 1471]
[1408, 1410, 1472]
[1347, 1409, 1411]
[1410, 1412, 1474]
[1349, 1411, 1413]
[1412, 1414, 1476]
[1351, 1413, 1415]
[1414, 1416, 1478]
[1353, 1415, 1417]
[1416, 1418, 1480]
[1355, 1417, 1419]
[1418, 1420, 1482]
[1357, 1419, 1421]
[1420, 1422, 1484]
[1359, 1421, 1423]
[1422, 1424, 1486]
[1361, 1423, 1425]
[1424, 1426, 1488]
[1363, 1425, 1427]
[1426, 1428, 1490]
[1365, 1427, 1429]
[1428, 1430, 1492]
[1367, 1429, 1431]
[1430, 1432, 1494]
[1369, 1431, 1433]
[1432, 1434, 1496]
[1371, 1433, 1435]
[1434, 1436, 1498]
[1373, 1435, 1437]
[1436, 1438, 1500]
[1375, 1437, 1439]
[1438, 1440, 1502]
[1377, 1439, 1441]
[1440, 1442, 1504]
[1379, 1441, 1443]
[1442, 1444, 1506]
[1381, 1443, 1445]
[1444, 1446, 1508]
[1383, 1445, 1447]
[1446, 1448, 1510]
[1385, 1447, 1449]
[1448, 1450, 1512]
[1387, 1449, 1451]
[1450, 1452, 1514]
[1389, 1451, 1453]
[1452, 1454, 1516]
[1391, 1453, 1455]
[1454, 1456, 1518]
[1393, 1455, 1457]
[1456, 1458, 1520]
[1395, 1457, 1459]
[1458, 1460, 1522]
[1397, 1459, 1461]
[1460, 1462, 1524]
[1399, 1461, 1463]
[1462, 1464, 1526]
[1401, 1463, 1465]
[1464, 1466, 1528]
[1403, 1465, 1467]
[1466, 1468, 1530]
[1405, 1467, 1469]
[1468, 1470, 1532]
[1407, 1469, 1471]
[1408, 1470, 1534]
[1409, 1473, 1535]
[1472, 1474, 1536]
[1411, 1473, 1475]
[1474, 1476, 1538]
[1413, 1475, 1477]
[1476, 1478, 1540]
[1415, 1477, 1479]
[1478, 1480, 1542]
[1417, 1479, 1481]
[1480, 1482, 1544]
[1419, 1481, 1483]
[1482, 1484, 1546]
[1421, 1483, 1485]
[1484, 1486, 1548]
[1423, 1485, 1487]
[1486, 1488, 1550]
[1425, 1487, 1489]
[1488, 1490, 1552]
[1427, 1489, 1491]
[1490, 1492, 1554]
[1429, 1491, 1493]
[1492, 1494, 1556]
[1431, 1493, 1495]
[1494, 1496, 1558]
[1433, 1495, 1497]
[1496, 1498, 1560]
[1435, 1497, 1499]
[1498, 1500, 1562]
[1437, 1499, 1501]
[1500, 1502, 1564]
[1439, 1501, 1503]
[1502, 1504, 1566]
[1441, 1503, 1505]
[1504, 1506, 1568]
[1443, 1505, 1507]
[1506, 1508, 1570]
[1445, 1507, 1509]
[1508, 1510, 1572]
[1447, 1509, 1511]
[1510, 1512, 1574]
[1449, 1511, 1513]
[1512, 1514, 1576]
[1451, 1513, 1515]
[1514, 1516, 1578]
[1453, 1515, 1517]
[1516, 1518, 1580]
[1455, 1517, 1519]
[1518, 1520, 1582]
[1457, 1519, 1521]
[1520, 1522, 1584]
[1459, 1521, 1523]
[1522, 1524, 1586]
[1461, 1523, 1525]
[1524, 1526, 1588]
[1463, 1525, 1527]
[1526, 1528, 1590]
[1465, 1527, 1529]
[1528, 1530, 1592]
[1467, 1529, 1531]
[1530, 1532, 1594]
[1469, 1531, 1533]
[1532, 1534, 1596]
[1471, 1533, 1535]
[1472, 1534, 1598]
[1473, 1537, 1599]
[1536, 1538, 1600]
[1475, 1537, 1539]
[1538, 1540, 1602]
[1477, 1539, 1541]
[1540, 1542, 1604]
[1479, 1541, 1543]
[1542, 1544, 1606]
[1481, 1543, 1545]
[1544, 1546, 1608]
[1483, 1545, 1547]
[1546, 1548, 1610]
[1485, 1547, 1549]
[1548, 1550, 1612]
[1487, 1549, 1551]
[1550, 1552, 1614]
[1489, 1551, 1553]
[1552, 1554, 1616]
[1491, 1553, 1555]
[1554, 1556, 1618]
[1493, 1555, 1557]
[1556, 1558, 1620]
[1495, 1557, 1559]
[1558, 1560, 1622]
[1497, 1559, 1561]
[1560, 1562, 1624]
[1499, 1561, 1563]
[1562, 1564, 1626]
[1501, 1563, 1565]
[1564, 1566, 1628]
[1503, 1565, 1567]
[1566, 1568, 1630]
[1505, 1567, 1569]
[1568, 1570, 1632]
[1507, 1569, 1571]
[1570, 1572, 1634]
[1509, 1571, 1573]
[1572, 1574, 1636]
[1511, 1573, 1575]
[1574, 1576, 1638]
[1513, 1575, 1577]
[1576, 1578, 1640]
[1515, 1577, 1579]
[1578, 1580, 1642]
[1517, 1579, 1581]
[1580, 1582, 1644]
[1519, 1581, 1583]
[1582, 1584, 1646]
[1521, 1583, 1585]
[1584, 1586, 1648]
[1523, 1585, 1587]
[1586, 1588, 1650]
[1525, 1587, 1589]
[1588, 1590, 1652]
[1527, 1589, 1591]
[1590, 1592, 1654]
[1529, 1591, 1593]
[1592, 1594, 1656]
[1531, 1593, 1595]
[1594, 1596, 1658]
[1533, 1595, 1597]
[1596, 1598, 1660]
[1535, 1597, 1599]
[1536, 1598, 1662]
[1537, 1601, 1663]
[1600, 1602, 1664]
[1539, 1601, 1603]
[1602, 1604, 1666]
[1541, 1603, 1605]
[1604, 1606, 1668]
[1543, 1605, 1607]
[1606, 1608, 1670]
[1545, 1607, 1609]
[1608, 1610, 1672]
[1547, 1609, 1611]
[1610, 1612, 1674]
[1549, 1611, 1613]
[1612, 1614, 1676]
[1551, 1613, 1615]
[1614, 1616, 1678]
[1553, 1615, 1617]
[1616, 1618, 1680]
[1555, 1617, 1619]
[1618, 1620, 1682]
[1557, 1619, 1621]
[1620, 1622, 1684]
[1559, 1621, 1623]
[1622, 1624, 1686]
[1561, 1623, 1625]
[1624, 1626, 1688]
[1563, 1625, 1627]
[1626, 1628, 1690]
[1565, 1627, 1629]
[1628, 1630, 1692]
[1567, 1629, 1631]
[1630, 1632, 1694]
[1569, 1631, 1633]
[1632, 1634, 1696]
[1571, 1633, 1635]
[1634, 1636, 1698]
[1573, 1635, 1637]
[1636, 1638, 1700]
[1575, 1637, 1639]
[1638, 1640, 1702]
[1577, 1639, 1641]
[1640, 1642, 1704]
[1579, 1641, 1643]
[1642, 1644, 1706]
[1581, 1643, 1645]
[1644, 1646, 1708]
[1583, 1645, 1647]
[1646, 1648, 1710]
[1585, 1647, 1649]
[1648, 1650, 1712]
[1587, 1649, 1651]
[1650, 1652, 1714]
[1589, 1651, 1653]
[1652, 1654, 1716]
[1591, 1653, 1655]
[1654, 1656, 1718]
[1593, 1655, 1657]
[1656, 1658, 1720]
[1595, 1657, 1659]
[1658, 1660, 1722]
[1597, 1659, 1661]
[1660, 1662, 1724]
[1599, 1661, 1663]
[1600, 1662, 1726]
[1601, 1665, 1727]
[1664, 1666, 1728]
[1603, 1665, 1667]
[1666, 1668, 1730]
[1605, 1667, 1669]
[1668, 1670, 1732]
[1607, 1669, 1671]
[1670, 1672, 1734]
[1609, 1671, 1673]
[1672, 1674, 1736]
[1611, 1673, 1675]
[1674, 1676, 1738]
[1613, 1675, 1677]
[1676, 1678, 1740]
[1615, 1677, 1679]
[1678, 1680, 1742]
[1617, 1679, 1681]
[1680, 1682, 1744]
[1619, 1681, 1683]
[1682, 1684, 1746]
[1621, 1683, 1685]
[1684, 1686, 1748]
[1623, 1685, 1687]
[1686, 1688, 1750]
[1625, 1687, 1689]
[1688, 1690, 1752]
[1627, 1689, 1691]
[1690, 1692, 1754]
[1629, 1691, 1693]
[1692, 1694, 1756]
[1631, 1693, 1695]
[1694, 1696, 1758]
[1633, 1695, 1697]
[1696, 1698, 1760]
[1635, 1697, 1699]
[1698, 1700, 1762]
[1637, 1699, 1701]
[1700, 1702, 1764]
[1639, 1701, 1703]
[1702, 1704, 1766]
[1641, 1703, 1705]
[1704, 1706, 1768]
[1643, 1705, 1707]
[1706, 1708, 1770]
[1645, 1707, 1709]
[1708, 1710, 1772]
[1647, 1709, 1711]
[1710, 1712, 1774]
[1649, 1711, 1713]
[1712, 1714, 1776]
[1651, 1713, 1715]
[1714, 1716, 1778]
[1653, 1715, 1717]
[1716, 1718, 1780]
[1655, 1717, 1719]
[1718, 1720, 1782]
[1657, 1719, 1721]
[1720, 1722, 1784]
[1659, 1721, 1723]
[1722, 1724, 1786]
[1661, 1723, 1725]
[1724, 1726, 1788]
[1663, 1725, 1727]
[1664, 1726, 1790]
[1665, 1729, 1791]
[1728, 1730, 1792]
[1667, 1729, 1731]
[1730, 1732, 1794]
[1669, 1731, 1733]
[1732, 1734, 1796]
[1671, 1733, 1735]
[1734, 1736, 1798]
[1673, 1735, 1737]
[1736, 1738, 1800]
[1675, 1737, 1739]
[1738, 1740, 1802]
[1677, 1739, 1741]
[1740, 1742, 1804]
[1679, 1741, 1743]
[1742, 1744, 1806]
[1681, 1743, 1745]
[1744, 1746, 1808]
[1683, 1745, 1747]
[1746, 1748, 1810]
[1685, 1747, 1749]
[1748, 1750, 1812]
[1687, 1749, 1751]
[1750, 1752, 1814]
[1689, 1751, 1753]
[1752, 1754, 1816]
[1691, 1753, 1755]
[1754, 1756, 1818]
[1693, 1755, 1757]
[1756, 1758, 1820]
[1695, 1757, 1759]
[1758, 1760, 1822]
[1697, 1759, 1761]
[1760, 1762, 1824]
[1699, 1761, 1763]
[1762, 1764, 1826]
[1701, 1763, 1765]
[1764, 1766, 1828]
[1703, 1765, 1767]
[1766, 1768, 1830]
[1705, 1767, 1769]
[1768, 1770, 1832]
[1707, 1769, 1771]
[1770, 1772, 1834]
[1709, 1771, 1773]
[1772, 1774, 1836]
[1711, 1773, 1775]
[1774, 1776, 1838]
[1713, 1775, 1777]
[1776, 1778, 1840]
[1715, 1777, 1779]
[1778, 1780, 1842]
[1717, 1779, 1781]
[1780, 1782, 1844]
[1719, 1781, 1783]
[1782, 1784, 1846]
[1721, 1783, 1785]
[1784, 1786, 1848]
[1723, 1785, 1787]
[1786, 1788, 1850]
[1725, 1787, 1789]
[1788, 1790, 1852]
[1727, 1789, 1791]
[1728, 1790, 1854]
[1729, 1793, 1855]
[1792, 1794, 1856]
[1731, 1793, 1795]
[1794, 1796, 1858]
[1733, 1795, 1797]
[1796, 1798, 1860]
[1735, 1797, 1799]
[1798, 1800, 1862]
[1737, 1799, 1801]
[1800, 1802, 1864]
[1739, 1801, 1803]
[1802, 1804, 1866]
[1741, 1803, 1805]
[1804, 1806, 1868]
[1743, 1805, 1807]
[1806, 1808, 1870]
[1745, 1807, 1809]
[1808, 1810, 1872]
[1747, 1809, 1811]
[1810, 1812, 1874]
[1749, 1811, 1813]
[1812, 1814, 1876]
[1751, 1813, 1815]
[1814, 1816, 1878]
[1753, 1815, 1817]
[1816, 1818, 1880]
[1755, 1817, 1819]
[1818, 1820, 1882]
[1757, 1819, 1821]
[1820, 1822, 1884]
[1759, 1821, 1823]
[1822, 1824, 1886]
[1761, 1823, 1825]
[1824, 1826, 1888]
[1763, 1825, 1827]
[1826, 1828, 1890]
[1765, 1827, 1829]
[1828, 1830, 1892]
[1767, 1829, 1831]
[1830, 1832, 1894]
[1769, 1831, 1833]
[1832, 1834, 1896]
[1771, 1833, 1835]
[1834, 1836, 1898]
[1773, 1835, 1837]
[1836, 1838, 1900]
[1775, 1837, 1839]
[1838, 1840, 1902]
[1777, 1839, 1841]
[1840, 1842, 1904]
[1779, 1841, 1843]
[1842, 1844, 1906]
[1781, 1843, 1845]
[1844, 1846, 1908]
[1783, 1845, 1847]
[1846, 1848, 1910]
[1785, 1847, 1849]
[1848, 1850, 1912]
[1787, 1849, 1851]
[1850, 1852, 1914]
[1789, 1851, 1853]
[1852, 1854, 1916]
[1791, 1853, 1855]
[1792, 1854, 1918]
[1793, 1857, 1919]
[1856, 1858, 1920]
[1795, 1857, 1859]
[1858, 1860, 1922]
[1797, 1859, 1861]
[1860, 1862, 1924]
[1799, 1861, 1863]
[1862, 1864, 1926]
[1801, 1863, 1865]
[1864, 1866, 1928]
[1803, 1865, 1867]
[1866, 1868, 1930]
[1805, 1867, 1869]
[1868, 1870, 1932]
[1807, 1869, 1871]
[1870, 1872, 1934]
[1809, 1871, 1873]
[1872, 1874, 1936]
[1811, 1873, 1875]
[1874, 1876, 1938]
[1813, 1875, 1877]
[1876, 1878, 1940]
[1815, 1877, 1879]
[1878, 1880, 1942]
[1817, 1879, 1881]
[1880, 1882, 1944]
[1819, 1881, 1883]
[1882, 1884, 1946]
[1821, 1883, 1885]
[1884, 1886, 1948]
[1823, 1885, 1887]
[1886, 1888, 1950]
[1825, 1887, 1889]
[1888, 1890, 1952]
[1827, 1889, 1891]
[1890, 1892, 1954]
[1829, 1891, 1893]
[1892, 1894, 1956]
[1831, 1893, 1895]
[1894, 1896, 1958]
[1833, 1895, 1897]
[1896, 1898, 1960]
[1835, 1897, 1899]
[1898, 1900, 1962]
[1837, 1899, 1901]
[1900, 1902, 1964]
[1839, 1901, 1903]
[1902, 1904, 1966]
[1841, 1903, 1905]
[1904, 1906, 1968]
[1843, 1905, 1907]
[1906, 1908, 1970]
[1845, 1907, 1909]
[1908, 1910, 1972]
[1847, 1909, 1911]
[1910, 1912, 1974]
[1849, 1911, 1913]
[1912, 1914, 1976]
[1851, 1913, 1915]
[1914, 1916, 1978]
[1853, 1915, 1917]
[1916, 1918, 1980]
[1855, 1917, 1919]
[1856, 1918, 1982]
[1857, 1921, 1983]
[1920, 1922, 1984]
[1859, 1921, 1923]
[1922, 1924, 1986]
[1861, 1923, 1925]
[1924, 1926, 1988]
[1863, 1925, 1927]
[1926, 1928, 1990]
[1865, 1927, 1929]
[1928, 1930, 1992]
[1867, 1929, 1931]
[1930, 1932, 1994]
[1869, 1931, 1933]
[1932, 1934, 1996]
[1871, 1933, 1935]
[1934, 1936, 1998]
[1873, 1935, 1937]
[1936, 1938, 2000]
[1875, 1937, 1939]
[1938, 1940, 2002]
[1877, 1939, 1941]
[1940, 1942, 2004]
[1879, 1941, 1943]
[1942, 1944, 2006]
[1881, 1943, 1945]
[1944, 1946, 2008]
[1883, 1945, 1947]
[1946, 1948, 2010]
[1885, 1947, 1949]
[1948, 1950, 2012]
[1887, 1949, 1951]
[1950, 1952, 2014]
[1889, 1951, 1953]
[1952, 1954, 2016]
[1891, 1953, 1955]
[1954, 1956, 2018]
[1893, 1955, 1957]
[1956, 1958, 2020]
[1895, 1957, 1959]
[1958, 1960, 2022]
[1897, 1959, 1961]
[1960, 1962, 2024]
[1899, 1961, 1963]
[1962, 1964, 2026]
[1901, 1963, 1965]
[1964, 1966, 2028]
[1903, 1965, 1967]
[1966, 1968, 2030]
[1905, 1967, 1969]
[1968, 1970, 2032]
[1907, 1969, 1971]
[1970, 1972, 2034]
[1909, 1971, 1973]
[1972, 1974, 2036]
[1911, 1973, 1975]
[1974, 1976, 2038]
[1913, 1975, 1977]
[1976, 1978, 2040]
[1915, 1977, 1979]
[1978, 1980, 2042]
[1917, 1979, 1981]
[1980, 1982, 2044]
[1919, 1981, 1983]
[1920, 1982, 2046]
[1921, 1985, 2047]
[0, 1984, 1986]
[1923, 1985, 1987]
[2, 1986, 1988]
[1925, 1987, 1989]
[4, 1988, 1990]
[1927, 1989, 1991]
[6, 1990, 1992]
[1929, 1991, 1993]
[8, 1992, 1994]
[1931, 1993, 1995]
[10, 1994, 1996]
[1933, 1995, 1997]
[12, 1996, 1998]
[1935, 1997, 1999]
[14, 1998, 2000]
[1937, 1999, 2001]
[16, 2000, 2002]
[1939, 2001, 2003]
[18, 2002, 2004]
[1941, 2003, 2005]
[20, 2004, 2006]
[1943, 2005, 2007]
[22, 2006, 2008]
[1945, 2007, 2009]
[24, 2008, 2010]
[1947, 2009, 2011]
[26, 2010, 2012]
[1949, 2011, 2013]
[28, 2012, 2014]
[1951, 2013, 2015]
[30, 2014, 2016]
[1953, 2015, 2017]
[32, 2016, 2018]
[1955, 2017, 2019]
[34, 2018, 2020]
[1957, 2019, 2021]
[36, 2020, 2022]
[1959, 2021, 2023]
[38, 2022, 2024]
[1961, 2023, 2025]
[40, 2024, 2026]
[1963, 2025, 2027]
[42, 2026, 2028]
[1965, 2027, 2029]
[44, 2028, 2030]
[1967, 2029, 2031]
[46, 2030, 2032]
[1969, 2031, 2033]
[48, 2032, 2034]
[1971, 2033, 2035]
[50, 2034, 2036]
[1973, 2035, 2037]
[52, 2036, 2038]
[1975, 2037, 2039]
[54, 2038, 2040]
[1977, 2039, 2041]
[56, 2040, 2042]
[1979, 2041, 2043]
[58, 2042, 2044]
[1981, 2043, 2045]
[60, 2044, 2046]
[1983, 2045, 2047]
[62, 1984, 2046]
