[1, 59, 1741]
[0, 2, 60]
[1, 3, 1743]
[2, 4, 62]
[3, 5, 1745]
[4, 6, 64]
[5, 7, 1747]
[6, 8, 66]
[7, 9, 1749]
[8, 10, 68]
[9, 11, 1751]
[10, 12, 70]
[11, 13, 1753]
[12, 14, 72]
[13, 15, 1755]
[14, 16, 74]
[15, 17, 1757]
[16, 18, 76]
[17, 19, 1759]
[18, 20, 78]
[19, 21, 1761]
[20, 22, 80]
[21, 23, 1763]
[22, 24, 82]
[23, 25, 1765]
[24, 26, 84]
[25, 27, 1767]
[26, 28, 86]
[27, 29, 1769]
[28, 30, 88]
[29, 31, 1771]
[30, 32, 90]
[31, 33, 1773]
[32, 34, 92]
[33, 35, 1775]
[34, 36, 94]
[35, 37, 1777]
[36, 38, 96]
[37, 39, 1779]
[38, 40, 98]
[39, 41, 1781]
[40, 42, 100]
[41, 43, 1783]
[42, 44, 102]
[43, 45, 1785]
[44, 46, 104]
[45, 47, 1787]
[46, 48, 106]
[47, 49, 1789]
[48, 50, 108]
[49, 51, 1791]
[50, 52, 110]
[51, 53, 1793]
[52, 54, 112]
[53, 55, 1795]
[54, 56, 114]
[55, 57, 1797]
[56, 58, 116]
[57, 59, 1799]
[0, 58, 118]
[1, 61, 119]
[60, 62, 120]
[3, 61, 63]
[62, 64, 122]
[5, 63, 65]
[64, 66, 124]
[7, 65, 67]
[66, 68, 126]
[9, 67, 69]
[68, 70, 128]
[11, 69, 71]
[70, 72, 130]
[13, 71, 73]
[72, 74, 132]
[15, 73, 75]
[74, 76, 134]
[17, 75, 77]
[76, 78, 136]
[19, 77, 79]
[78, 80, 138]
[21, 79, 81]
[80, 82, 140]
[23, 81, 83]
[82, 84, 142]
[25, 83, 85]
[84, 86, 144]
[27, 85, 87]
[86, 88, 146]
[29, 87, 89]
[88, 90, 148]
[31, 89, 91]
[90, 92, 150]
[33, 91, 93]
[92, 94, 152]
[35, 93, 95]
[94, 96, 154]
[37, 95, 97]
[96, 98, 156]
[39, 97, 99]
[98, 100, 158]
[41, 99, 101]
[100, 102, 160]
[43, 101, 103]
[102, 104, 162]
[45, 103, 105]
[104, 106, 164]
[47, 105, 107]
[106, 108, 166]
[49, 107, 109]
[108, 110, 168]
[51, 109, 111]
[110, 112, 170]
[53, 111, 113]
[112, 114, 172]
[55, 113, 115]
[114, 116, 174]
[57, 115, 117]
[116, 118, 176]
[59, 117, 119]
[60, 118, 178]
[61, 121, 179]
[120, 122, 180]
[63, 121, 123]
[122, 124, 182]
[65, 123, 125]
[124, 126, 184]
[67, 125, 127]
[126, 128, 186]
[69, 127, 129]
[128, 130, 188]
[71, 129, 131]
[130, 132, 190]
[73, 131, 133]
[132, 134, 192]
[75, 133, 135]
[134, 136, 194]
[77, 135, 137]
[136, 138, 196]
[79, 137, 139]
[138, 140, 198]
[81, 139, 141]
[140, 142, 200]
[83, 141, 143]
[142, 144, 202]
[85, 143, 145]
[144, 146, 204]
[87, 145, 147]
[146, 148, 206]
[89, 147, 149]
[148, 150, 208]
[91, 149, 151]
[150, 152, 210]
[93, 151, 153]
[152, 154, 212]
[95, 153, 155]
[154, 156, 214]
[97, 155, 157]
[156, 158, 216]
[99, 157, 159]
[158, 160, 218]
[101, 159, 161]
[160, 162, 220]
[103, 161, 163]
[162, 164, 222]
[105, 163, 165]
[164, 166, 224]
[107, 165, 167]
[166, 168, 226]
[109, 167, 169]
[168, 170, 228]
[111, 169, 171]
[170, 172, 230]
[113, 171, 173]
[172, 174, 232]
[115, 173, 175]
[174, 176, 234]
[117, 175, 177]
[176, 178, 236]
[119, 177, 179]
[120, 178, 238]
[121, 181, 239]
[180, 182, 240]
[123, 181, 183]
[182, 184, 242]
[125, 183, 185]
[184, 186, 244]
[127, 185, 187]
[186, 188, 246]
[129, 187, 189]
[188, 190, 248]
[131, 189, 191]
[190, 192, 250]
[133, 191, 193]
[192, 194, 252]
[135, 193, 195]
[194, 196, 254]
[137, 195, 197]
[196, 198, 256]
[139, 197, 199]
[198, 200, 258]
[141, 199, 201]
[200, 202, 260]
[143, 201, 203]
[202, 204, 262]
[145, 203, 205]
[204, 206, 264]
[147, 205, 207]
[206, 208, 266]
[149, 207, 209]
[208, 210, 268]
[151, 209, 211]
[210, 212, 270]
[153, 211, 213]
[212, 214, 272]
[155, 213, 215]
[214, 216, 274]
[157, 215, 217]
[216, 218, 276]
[159, 217, 219]
[218, 220, 278]
[161, 219, 221]
[220, 222, 280]
[163, 221, 223]
[222, 224, 282]
[165, 223, 225]
[224, 226, 284]
[167, 225, 227]
[226, 228, 286]
[169, 227, 229]
[228, 230, 288]
[171, 229, 231]
[230, 232, 290]
[173, 231, 233]
[232, 234, 292]
[175, 233, 235]
[234, 236, 294]
[177, 235, 237]
[236, 238, 296]
[179, 237, 239]
[180, 238, 298]
[181, 241, 299]
[240, 242, 300]
[183, 241, 243]
[242, 244, 302]
[185, 243, 245]
[244, 246, 304]
[187, 245, 247]
[246, 248, 306]
[189, 247, 249]
[248, 250, 308]
[191, 249, 251]
[250, 252, 310]
[193, 251, 253]
[252, 254, 312]
[195, 253, 255]
[254, 256, 314]
[197, 255, 257]
[256, 258, 316]
[199, 257, 259]
[258, 260, 318]
[201, 259, 261]
[260, 262, 320]
[203, 261, 263]
[262, 264, 322]
[205, 263, 265]
[264, 266, 324]
[207, 265, 267]
[266, 268, 326]
[209, 267, 269]
[268, 270, 328]
[211, 269, 271]
[270, 272, 330]
[213, 271, 273]
[272, 274, 332]
[215, 273, 275]
[274, 276, 334]
[217, 275, 277]
[276, 278, 336]
[219, 277, 279]
[278, 280, 338]
[221, 279, 281]
[280, 282, 340]
[223, 281, 283]
[282, 284, 342]
[225, 283, 285]
[284, 286, 344]
[227, 285, 287]
[286, 288, 346]
[229, 287, 289]
[288, 290, 348]
[231, 289, 291]
[290, 292, 350]
[233, 291, 293]
[292, 294, 352]
[235, 293, 295]
[294, 296, 354]
[237, 295, 297]
[296, 298, 356]
[239, 297, 299]
[240, 298, 358]
[241, 301, 359]
[300, 302, 360]
[243, 301, 303]
[302, 304, 362]
[245, 303, 305]
[304, 306, 364]
[247, 305, 307]
[306, 308, 366]
[249, 307, 309]
[308, 310, 368]
[251, 309, 311]
[310, 312, 370]
[253, 311, 313]
[312, 314, 372]
[255, 313, 315]
[314, 316, 374]
[257, 315, 317]
[316, 318, 376]
[259, 317, 319]
[318, 320, 378]
[261, 319, 321]
[320, 322, 380]
[263, 321, 323]
[322, 324, 382]
[265, 323, 325]
[324, 326, 384]
[267, 325, 327]
[326, 328, 386]
[269, 327, 329]
[328, 330, 388]
[271, 329, 331]
[330, 332, 390]
[273, 331, 333]
[332, 334, 392]
[275, 333, 335]
[334, 336, 394]
[277, 335, 337]
[336, 338, 396]
[279, 337, 339]
[338, 340, 398]
[281, 339, 341]
[340, 342, 400]
[283, 341, 343]
[342, 344, 402]
[285, 343, 345]
[344, 346, 404]
[287, 345, 347]
[346, 348, 406]
[289, 347, 349]
[348, 350, 408]
[291, 349, 351]
[350, 352, 410]
[293, 351, 353]
[352, 354, 412]
[295, 353, 355]
[354, 356, 414]
[297, 355, 357]
[356, 358, 416]
[299, 357, 359]
[300, 358, 418]
[301, 361, 419]
[360, 362, 420]
[303, 361, 363]
[362, 364, 422]
[305, 363, 365]
[364, 366, 424]
[307, 365, 367]
[366, 368, 426]
[309, 367, 369]
[368, 370, 428]
[311, 369, 371]
[370, 372, 430]
[313, 371, 373]
[372, 374, 432]
[315, 373, 375]
[374, 376, 434]
[317, 375, 377]
[376, 378, 436]
[319, 377, 379]
[378, 380, 438]
[321, 379, 381]
[380, 382, 440]
[323, 381, 383]
[382, 384, 442]
[325, 383, 385]
[384, 386, 444]
[327, 385, 387]
[386, 388, 446]
[329, 387, 389]
[388, 390, 448]
[331, 389, 391]
[390, 392, 450]
[333, 391, 393]
[392, 394, 452]
[335, 393, 395]
[394, 396, 454]
[337, 395, 397]
[396, 398, 456]
[339, 397, 399]
[398, 400, 458]
[341, 399, 401]
[400, 402, 460]
[343, 401, 403]
[402, 404, 462]
[345, 403, 405]
[404, 406, 464]
[347, 405, 407]
[406, 408, 466]
[349, 407, 409]
[408, 410, 468]
[351, 409, 411]
[410, 412, 470]
[353, 411, 413]
[412, 414, 472]
[355, 413, 415]
[414, 416, 474]
[357, 415, 417]
[416, 418, 476]
[359, 417, 419]
[360, 418, 478]
[361, 421, 479]
[420, 422, 480]
[363, 421, 423]
[422, 424, 482]
[365, 423, 425]
[424, 426, 484]
[367, 425, 427]
[426, 428, 486]
[369, 427, 429]
[428, 430, 488]
[371, 429, 431]
[430, 432, 490]
[373, 431, 433]
[432, 434, 492]
[375, 433, 435]
[434, 436, 494]
[377, 435, 437]
[436, 438, 496]
[379, 437, 439]
[438, 440, 498]
[381, 439, 441]
[440, 442, 500]
[383, 441, 443]
[442, 444, 502]
[385, 443, 445]
[444, 446, 504]
[387, 445, 447]
[446, 448, 506]
[389, 447, 449]
[448, 450, 508]
[391, 449, 451]
[450, 452, 510]
[393, 451, 453]
[452, 454, 512]
[395, 453, 455]
[454, 456, 514]
[397, 455, 457]
[456, 458, 516]
[399, 457, 459]
[458, 460, 518]
[401, 459, 461]
[460, 462, 520]
[403, 461, 463]
[462, 464, 522]
[405, 463, 465]
[464, 466, 524]
[407, 465, 467]
[466, 468, 526]
[409, 467, 469]
[468, 470, 528]
[411, 469, 471]
[470, 472, 530]
[413, 471, 473]
[472, 474, 532]
[415, 473, 475]
[474, 476, 534]
[417, 475, 477]
[476, 478, 536]
[419, 477, 479]
[420, 478, 538]
[421, 481, 539]
[480, 482, 540]
[423, 481, 483]
[482, 484, 542]
[425, 483, 485]
[484, 486, 544]
[427, 485, 487]
[486, 488, 546]
[429, 487, 489]
[488, 490, 548]
[431, 489, 491]
[490, 492, 550]
[433, 491, 493]
[492, 494, 552]
[435, 493, 495]
[494, 496, 554]
[437, 495, 497]
[496, 498, 556]
[439, 497, 499]
[498, 500, 558]
[441, 499, 501]
[500, 502, 560]
[443, 501, 503]
[502, 504, 562]
[445, 503, 505]
[504, 506, 564]
[447, 505, 507]
[506, 508, 566]
[449, 507, 509]
[508, 510, 568]
[451, 509, 511]
[510, 512, 570]
[453, 511, 513]
[512, 514, 572]
[455, 513, 515]
[514, 516, 574]
[457, 515, 517]
[516, 518, 576]
[459, 517, 519]
[518, 520, 578]
[461, 519, 521]
[520, 522, 580]
[463, 521, 523]
[522, 524, 582]
[465, 523, 525]
[524, 526, 584]
[467, 525, 527]
[526, 528, 586]
[469, 527, 529]
[528, 530, 588]
[471, 529, 531]
[530, 532, 590]
[473, 531, 533]
[532, 534, 592]
[475, 533, 535]
[534, 536, 594]
[477, 535, 537]
[536, 538, 596]
[479, 537, 539]
[480, 538, 598]
[481, 541, 599]
[540, 542, 600]
[483, 541, 543]
[542, 544, 602]
[485, 543, 545]
[544, 546, 604]
[487, 545, 547]
[546, 548, 606]
[489, 547, 549]
[548, 550, 608]
[491, 549, 551]
[550, 552, 610]
[493, 551, 553]
[552, 554, 612]
[495, 553, 555]
[554, 556, 614]
[497, 555, 557]
[556, 558, 616]
[499, 557, 559]
[558, 560, 618]
[501, 559, 561]
[560, 562, 620]
[503, 561, 563]
[562, 564, 622]
[505, 563, 565]
[564, 566, 624]
[507, 565, 567]
[566, 568, 626]
[509, 567, 569]
[568, 570, 628]
[511, 569, 571]
[570, 572, 630]
[513, 571, 573]
[572, 574, 632]
[515, 573, 575]
[574, 576, 634]
[517, 575, 577]
[576, 578, 636]
[519, 577, 579]
[578, 580, 638]
[521, 579, 581]
[580, 582, 640]
[523, 581, 583]
[582, 584, 642]
[525, 583, 585]
[584, 586, 644]
[527, 585, 587]
[586, 588, 646]
[529, 587, 589]
[588, 590, 648]
[531, 589, 591]
[590, 592, 650]
[533, 591, 593]
[592, 594, 652]
[535, 593, 595]
[594, 596, 654]
[537, 595, 597]
[596, 598, 656]
[539, 597, 599]
[540, 598, 658]
[541, 601, 659]
[600, 602, 660]
[543, 601, 603]
[602, 604, 662]
[545, 603, 605]
[604, 606, 664]
[547, 605, 607]
[606, 608, 666]
[549, 607, 609]
[608, 610, 668]
[551, 609, 611]
[610, 612, 670]
[553, 611, 613]
[612, 614, 672]
[555, 613, 615]
[614, 616, 674]
[557, 615, 617]
[616, 618, 676]
[559, 617, 619]
[618, 620, 678]
[561, 619, 621]
[620, 622, 680]
[563, 621, 623]
[622, 624, 682]
[565, 623, 625]
[624, 626, 684]
[567, 625, 627]
[626, 628, 686]
[569, 627, 629]
[628, 630, 688]
[571, 629, 631]
[630, 632, 690]
[573, 631, 633]
[632, 634, 692]
[575, 633, 635]
[634, 636, 694]
[577, 635, 637]
[636, 638, 696]
[579, 637, 639]
[638, 640, 698]
[581, 639, 641]
[640, 642, 700]
[583, 641, 643]
[642, 644, 702]
[585, 643, 645]
[644, 646, 704]
[587, 645, 647]
[646, 648, 706]
[589, 647, 649]
[648, 650, 708]
[591, 649, 651]
[650, 652, 710]
[593, 651, 653]
[652, 654, 712]
[595, 653, 655]
[654, 656, 714]
[597, 655, 657]
[656, 658, 716]
[599, 657, 659]
[600, 658, 718]
[601, 661, 719]
[660, 662, 720]
[603, 661, 663]
[662, 664, 722]
[605, 663, 665]
[664, 666, 724]
[607, 665, 667]
[666, 668, 726]
[609, 667, 669]
[668, 670, 728]
[611, 669, 671]
[670, 672, 730]
[613, 671, 673]
[672, 674, 732]
[615, 673, 675]
[674, 676, 734]
[617, 675, 677]
[676, 678, 736]
[619, 677, 679]
[678, 680, 738]
[621, 679, 681]
[680, 682, 740]
[623, 681, 683]
[682, 684, 742]
[625, 683, 685]
[684, 686, 744]
[627, 685, 687]
[686, 688, 746]
[629, 687, 689]
[688, 690, 748]
[631, 689, 691]
[690, 692, 750]
[633, 691, 693]
[692, 694, 752]
[635, 693, 695]
[694, 696, 754]
[637, 695, 697]
[696, 698, 756]
[639, 697, 699]
[698, 700, 758]
[641, 699, 701]
[700, 702, 760]
[643, 701, 703]
[702, 704, 762]
[645, 703, 705]
[704, 706, 764]
[647, 705, 707]
[706, 708, 766]
[649, 707, 709]
[708, 710, 768]
[651, 709, 711]
[710, 712, 770]
[653, 711, 713]
[712, 714, 772]
[655, 713, 715]
[714, 716, 774]
[657, 715, 717]
[716, 718, 776]
[659, 717, 719]
[660, 718, 778]
[661, 721, 779]
[720, 722, 780]
[663, 721, 723]
[722, 724, 782]
[665, 723, 725]
[724, 726, 784]
[667, 725, 727]
[726, 728, 786]
[669, 727, 729]
[728, 730, 788]
[671, 729, 731]
[730, 732, 790]
[673, 731, 733]
[732, 734, 792]
[675, 733, 735]
[734, 736, 794]
[677, 735, 737]
[736, 738, 796]
[679, 737, 739]
[738, 740, 798]
[681, 739, 741]
[740, 742, 800]
[683, 741, 743]
[742, 744, 802]
[685, 743, 745]
[744, 746, 804]
[687, 745, 747]
[746, 748, 806]
[689, 747, 749]
[748, 750, 808]
[691, 749, 751]
[750, 752, 810]
[693, 751, 753]
[752, 754, 812]
[695, 753, 755]
[754, 756, 814]
[697, 755, 757]
[756, 758, 816]
[699, 757, 759]
[758, 760, 818]
[701, 759, 761]
[760, 762, 820]
[703, 761, 763]
[762, 764, 822]
[705, 763, 765]
[764, 766, 824]
[707, 765, 767]
[766, 768, 826]
[709, 767, 769]
[768, 770, 828]
[711, 769, 771]
[770, 772, 830]
[713, 771, 773]
[772, 774, 832]
[715, 773, 775]
[774, 776, 834]
[717, 775, 777]
[776, 778, 836]
[719, 777, 779]
[720, 778, 838]
[721, 781, 839]
[780, 782, 840]
[723, 781, 783]
[782, 784, 842]
[725, 783, 785]
[784, 786, 844]
[727, 785, 787]
[786, 788, 846]
[729, 787, 789]
[788, 790, 848]
[731, 789, 791]
[790, 792, 850]
[733, 791, 793]
[792, 794, 852]
[735, 793, 795]
[794, 796, 854]
[737, 795, 797]
[796, 798, 856]
[739, 797, 799]
[798, 800, 858]
[741, 799, 801]
[800, 802, 860]
[743, 801, 803]
[802, 804, 862]
[745, 803, 805]
[804, 806, 864]
[747, 805, 807]
[806, 808, 866]
[749, 807, 809]
[808, 810, 868]
[751, 809, 811]
[810, 812, 870]
[753, 811, 813]
[812, 814, 872]
[755, 813, 815]
[814, 816, 874]
[757, 815, 817]
[816, 818, 876]
[759, 817, 819]
[818, 820, 878]
[761, 819, 821]
[820, 822, 880]
[763, 821, 823]
[822, 824, 882]
[765, 823, 825]
[824, 826, 884]
[767, 825, 827]
[826, 828, 886]
[769, 827, 829]
[828, 830, 888]
[771, 829, 831]
[830, 832, 890]
[773, 831, 833]
[832, 834, 892]
[775, 833, 835]
[834, 836, 894]
[777, 835, 837]
[836, 838, 896]
[779, 837, 839]
[780, 838, 898]
[781, 841, 899]
[840, 842, 900]
[783, 841, 843]
[842, 844, 902]
[785, 843, 845]
[844, 846, 904]
[787, 845, 847]
[846, 848, 906]
[789, 847, 849]
[848, 850, 908]
[791, 849, 851]
[850, 852, 910]
[793, 851, 853]
[852, 854, 912]
[795, 853, 855]
[854, 856, 914]
[797, 855, 857]
[856, 858, 916]
[799, 857, 859]
[858, 860, 918]
[801, 859, 861]
[860, 862, 920]
[803, 861, 863]
[862, 864, 922]
[805, 863, 865]
[864, 866, 924]
[807, 865, 867]
[866, 868, 926]
[809, 867, 869]
[868, 870, 928]
[811, 869, 871]
[870, 872, 930]
[813, 871, 873]
[872, 874, 932]
[815, 873, 875]
[874, 876, 934]
[817, 875, 877]
[876, 878, 936]
[819, 877, 879]
[878, 880, 938]
[821, 879, 881]
[880, 882, 940]
[823, 881, 883]
[882, 884, 942]
[825, 883, 885]
[884, 886, 944]
[827, 885, 887]
[886, 888, 946]
[829, 887, 889]
[888, 890, 948]
[831, 889, 891]
[890, 892, 950]
[833, 891, 893]
[892, 894, 952]
[835, 893, 895]
[894, 896, 954]
[837, 895, 897]
[896, 898, 956]
[839, 897, 899]
[840, 898, 958]
[841, 901, 959]
[900, 902, 960]
[843, 901, 903]
[902, 904, 962]
[845, 903, 905]
[904, 906, 964]
[847, 905, 907]
[906, 908, 966]
[849, 907, 909]
[908, 910, 968]
[851, 909, 911]
[910, 912, 970]
[853, 911, 913]
[912, 914, 972]
[855, 913, 915]
[914, 916, 974]
[857, 915, 917]
[916, 918, 976]
[859, 917, 919]
[918, 920, 978]
[861, 919, 921]
[920, 922, 980]
[863, 921, 923]
[922, 924, 982]
[865, 923, 925]
[924, 926, 984]
[867, 925, 927]
[926, 928, 986]
[869, 927, 929]
[928, 930, 988]
[871, 929, 931]
[930, 932, 990]
[873, 931, 933]
[932, 934, 992]
[875, 933, 935]
[934, 936, 994]
[877, 935, 937]
[936, 938, 996]
[879, 937, 939]
[938, 940, 998]
[881, 939, 941]
[940, 942, 1000]
[883, 941, 943]
[942, 944, 1002]
[885, 943, 945]
[944, 946, 1004]
[887, 945, 947]
[946, 948, 1006]
[889, 947, 949]
[948, 950, 1008]
[891, 949, 951]
[950, 952, 1010]
[893, 951, 953]
[952, 954, 1012]
[895, 953, 955]
[954, 956, 1014]
[897, 955, 957]
[956, 958, 1016]
[899, 957, 959]
[900, 958, 1018]
[901, 961, 1019]
[960, 962, 1020]
[903, 961, 963]
[962, 964, 1022]
[905, 963, 965]
[964, 966, 1024]
[907, 965, 967]
[966, 968, 1026]
[909, 967, 969]
[968, 970, 1028]
[911, 969, 971]
[970, 972, 1030]
[913, 971, 973]
[972, 974, 1032]
[915, 973, 975]
[974, 976, 1034]
[917, 975, 977]
[976, 978, 1036]
[919, 977, 979]
[978, 980, 1038]
[921, 979, 981]
[980, 982, 1040]
[923, 981, 983]
[982, 984, 1042]
[925, 983, 985]
[984, 986, 1044]
[927, 985, 987]
[986, 988, 1046]
[929, 987, 989]
[988, 990, 1048]
[931, 989, 991]
[990, 992, 1050]
[933, 991, 993]
[992, 994, 1052]
[935, 993, 995]
[994, 996, 1054]
[937, 995, 997]
[996, 998, 1056]
[939, 997, 999]
[998, 1000, 1058]
[941, 999, 1001]
[1000, 1002, 1060]
[943, 1001, 1003]
[1002, 1004, 1062]
[945, 1003, 1005]
[1004, 1006, 1064]
[947, 1005, 1007]
[1006, 1008, 1066]
[949, 1007, 1009]
[1008, 1010, 1068]
[951, 1009, 1011]
[1010, 1012, 1070]
[953, 1011, 1013]
[1012, 1014, 1072]
[955, 1013, 1015]
[1014, 1016, 1074]
[957, 1015, 1017]
[1016, 1018, 1076]
[959, 1017, 1019]
[960, 1018, 1078]
[961, 1021, 1079]
[1020, 1022, 1080]
[963, 1021, 1023]
[1022, 1024, 1082]
[965, 1023, 1025]
[1024, 1026, 1084]
[967, 1025, 1027]
[1026, 1028, 1086]
[969, 1027, 1029]
[1028, 1030, 1088]
[971, 1029, 1031]
[1030, 1032, 1090]
[973, 1031, 1033]
[1032, 1034, 1092]
[975, 1033, 1035]
[1034, 1036, 1094]
[977, 1035, 1037]
[1036, 1038, 1096]
[979, 1037, 1039]
[1038, 1040, 1098]
[981, 1039, 1041]
[1040, 1042, 1100]
[983, 1041, 1043]
[1042, 1044, 1102]
[985, 1043, 1045]
[1044, 1046, 1104]
[987, 1045, 1047]
[1046, 1048, 1106]
[989, 1047, 1049]
[1048, 1050, 1108]
[991, 1049, 1051]
[1050, 1052, 1110]
[993, 1051, 1053]
[1052, 1054, 1112]
[995, 1053, 1055]
[1054, 1056, 1114]
[997, 1055, 1057]
[1056, 1058, 1116]
[999, 1057, 1059]
[1058, 1060, 1118]
[1001, 1059, 1061]
[1060, 1062, 1120]
[1003, 1061, 1063]
[1062, 1064, 1122]
[1005, 1063, 1065]
[1064, 1066, 1124]
[1007, 1065, 1067]
[1066, 1068, 1126]
[1009, 1067, 1069]
[1068, 1070, 1128]
[1011, 1069, 1071]
[1070, 1072, 1130]
[1013, 1071, 1073]
[1072, 1074, 1132]
[1015, 1073, 1075]
[1074, 1076, 1134]
[1017, 1075, 1077]
[1076, 1078, 1136]
[1019, 1077, 1079]
[1020, 1078, 1138]
[1021, 1081, 1139]
[1080, 1082, 1140]
[1023, 1081, 1083]
[1082, 1084, 1142]
[1025, 1083, 1085]
[1084, 1086, 1144]
[1027, 1085, 1087]
[1086, 1088, 1146]
[1029, 1087, 1089]
[1088, 1090, 1148]
[1031, 1089, 1091]
[1090, 1092, 1150]
[1033, 1091, 1093]
[1092, 1094, 1152]
[1035, 1093, 1095]
[1094, 1096, 1154]
[1037, 1095, 1097]
[1096, 1098, 1156]
[1039, 1097, 1099]
[1098, 1100, 1158]
[1041, 1099, 1101]
[1100, 1102, 1160]
[1043, 1101, 1103]
[1102, 1104, 1162]
[1045, 1103, 1105]
[1104, 1106, 1164]
[1047, 1105, 1107]
[1106, 1108, 1166]
[1049, 1107, 1109]
[1108, 1110, 1168]
[1051, 1109, 1111]
[1110, 1112, 1170]
[1053, 1111, 1113]
[1112, 1114, 1172]
[1055, 1113, 1115]
[1114, 1116, 1174]
[1057, 1115, 1117]
[1116, 1118, 1176]
[1059, 1117, 1119]
[1118, 1120, 1178]
[1061, 1119, 1121]
[1120, 1122, 1180]
[1063, 1121, 1123]
[1122, 1124, 1182]
[1065, 1123, 1125]
[1124, 1126, 1184]
[1067, 1125, 1127]
[1126, 1128, 1186]
[1069, 1127, 1129]
[1128, 1130, 1188]
[1071, 1129, 1131]
[1130, 1132, 1190]
[1073, 1131, 1133]
[1132, 1134, 1192]
[1075, 1133, 1135]
[1134, 1136, 1194]
[1077, 1135, 1137]
[1136, 1138, 1196]
[1079, 1137, 1139]
[1080, 1138, 1198]
[1081, 1141, 1199]
[1140, 1142, 1200]
[1083, 1141, 1143]
[1142, 1144, 1202]
[1085, 1143, 1145]
[1144, 1146, 1204]
[1087, 1145, 1147]
[1146, 1148, 1206]
[1089, 1147, 1149]
[1148, 1150, 1208]
[1091, 1149, 1151]
[1150, 1152, 1210]
[1093, 1151, 1153]
[1152, 1154, 1212]
[1095, 1153, 1155]
[1154, 1156, 1214]
[1097, 1155, 1157]
[1156, 1158, 1216]
[1099, 1157, 1159]
[1158, 1160, 1218]
[1101, 1159, 1161]
[1160, 1162, 1220]
[1103, 1161, 1163]
[1162, 1164, 1222]
[1105, 1163, 1165]
[1164, 1166, 1224]
[1107, 1165, 1167]
[1166, 1168, 1226]
[1109, 1167, 1169]
[1168, 1170, 1228]
[1111, 1169, 1171]
[1170, 1172, 1230]
[1113, 1171, 1173]
[1172, 1174, 1232]
[1115, 1173, 1175]
[1174, 1176, 1234]
[1117, 1175, 1177]
[1176, 1178, 1236]
[1119, 1177, 1179]
[1178, 1180, 1238]
[1121, 1179, 1181]
[1180, 1182, 1240]
[1123, 1181, 1183]
[1182, 1184, 1242]
[1125, 1183, 1185]
[1184, 1186, 1244]
[1127, 1185, 1187]
[1186, 1188, 1246]
[1129, 1187, 1189]
[1188, 1190, 1248]
[1131, 1189, 1191]
[1190, 1192, 1250]
[1133, 1191, 1193]
[1192, 1194, 1252]
[1135, 1193, 1195]
[1194, 1196, 1254]
[1137, 1195, 1197]
[1196, 1198, 1256]
[1139, 1197, 1199]
[1140, 1198, 1258]
[1141, 1201, 1259]
[1200, 1202, 1260]
[1143, 1201, 1203]
[1202, 1204, 1262]
[1145, 1203, 1205]
[1204, 1206, 1264]
[1147, 1205, 1207]
[1206, 1208, 1266]
[1149, 1207, 1209]
[1208, 1210, 1268]
[1151, 1209, 1211]
[1210, 1212, 1270]
[1153, 1211, 1213]
[1212, 1214, 1272]
[1155, 1213, 1215]
[1214, 1216, 1274]
[1157, 1215, 1217]
[1216, 1218, 1276]
[1159, 1217, 1219]
[1218, 1220, 1278]
[1161, 1219, 1221]
[1220, 1222, 1280]
[1163, 1221, 1223]
[1222, 1224, 1282]
[1165, 1223, 1225]
[1224, 1226, 1284]
[1167, 1225, 1227]
[1226, 1228, 1286]
[1169, 1227, 1229]
[1228, 1230, 1288]
[1171, 1229, 1231]
[1230, 1232, 1290]
[1173, 1231, 1233]
[1232, 1234, 1292]
[1175, 1233, 1235]
[1234, 1236, 1294]
[1177, 1235, 1237]
[1236, 1238, 1296]
[1179, 1237, 1239]
[1238, 1240, 1298]
[1181, 1239, 1241]
[1240, 1242, 1300]
[1183, 1241, 1243]
[1242, 1244, 1302]
[1185, 1243, 1245]
[1244, 1246, 1304]
[1187, 1245, 1247]
[1246, 1248, 1306]
[1189, 1247, 1249]
[1248, 1250, 1308]
[1191, 1249, 1251]
[1250, 1252, 1310]
[1193, 1251, 1253]
[1252, 1254, 1312]
[1195, 1253, 1255]
[1254, 1256, 1314]
[1197, 1255, 1257]
[1256, 1258, 1316]
[1199, 1257, 1259]
[1200, 1258, 1318]
[1201, 1261, 1319]
[1260, 1262, 1320]
[1203, 1261, 1263]
[1262, 1264, 1322]
[1205, 1263, 1265]
[1264, 1266, 1324]
[1207, 1265, 1267]
[1266, 1268, 1326]
[1209, 1267, 1269]
[1268, 1270, 1328]
[1211, 1269, 1271]
[1270, 1272, 1330]
[1213, 1271, 1273]
[1272, 1274, 1332]
[1215, 1273, 1275]
[1274, 1276, 1334]
[1217, 1275, 1277]
[1276, 1278, 1336]
[1219, 1277, 1279]
[1278, 1280, 1338]
[1221, 1279, 1281]
[1280, 1282, 1340]
[1223, 1281, 1283]
[1282, 1284, 1342]
[1225, 1283, 1285]
[1284, 1286, 1344]
[1227, 1285, 1287]
[1286, 1288, 1346]
[1229, 1287, 1289]
[1288, 1290, 1348]
[1231, 1289, 1291]
[1290, 1292, 1350]
[1233, 1291, 1293]
[1292, 1294, 1352]
[1235, 1293, 1295]
[1294, 1296, 1354]
[1237, 1295, 1297]
[1296, 1298, 1356]
[1239, 1297, 1299]
[1298, 1300, 1358]
[1241, 1299, 1301]
[1300, 1302, 1360]
[1243, 1301, 1303]
[1302, 1304, 1362]
[1245, 1303, 1305]
[1304, 1306, 1364]
[1247, 1305, 1307]
[1306, 1308, 1366]
[1249, 1307, 1309]
[1308, 1310, 1368]
[1251, 1309, 1311]
[1310, 1312, 1370]
[1253, 1311, 1313]
[1312, 1314, 1372]
[1255, 1313, 1315]
[1314, 1316, 1374]
[1257, 1315, 1317]
[1316, 1318, 1376]
[1259, 1317, 1319]
[1260, 1318, 1378]
[1261, 1321, 1379]
[1320, 1322, 1380]
[1263, 1321, 1323]
[1322, 1324, 1382]
[1265, 1323, 1325]
[1324, 1326, 1384]
[1267, 1325, 1327]
[1326, 1328, 1386]
[1269, 1327, 1329]
[1328, 1330, 1388]
[1271, 1329, 1331]
[1330, 1332, 1390]
[1273, 1331, 1333]
[1332, 1334, 1392]
[1275, 1333, 1335]
[1334, 1336, 1394]
[1277, 1335, 1337]
[1336, 1338, 1396]
[1279, 1337, 1339]
[1338, 1340, 1398]
[1281, 1339, 1341]
[1340, 1342, 1400]
[1283, 1341, 1343]
[1342, 1344, 1402]
[1285, 1343, 1345]
[1344, 1346, 1404]
[1287, 1345, 1347]
[1346, 1348, 1406]
[1289, 1347, 1349]
[1348, 1350, 1408]
[1291, 1349, 1351]
[1350, 1352, 1410]
[1293, 1351, 1353]
[1352, 1354, 1412]
[1295, 1353, 1355]
[1354, 1356, 1414]
[1297, 1355, 1357]
[1356, 1358, 1416]
[1299, 1357, 1359]
[1358, 1360, 1418]
[1301, 1359, 1361]
[1360, 1362, 1420]
[1303, 1361, 1363]
[1362, 1364, 1422]
[1305, 1363, 1365]
[1364, 1366, 1424]
[1307, 1365, 1367]
[1366, 1368, 1426]
[1309, 1367, 1369]
[1368, 1370, 1428]
[1311, 1369, 1371]
[1370, 1372, 1430]
[1313, 1371, 1373]
[1372, 1374, 1432]
[1315, 1373, 1375]
[1374, 1376, 1434]
[1317, 1375, 1377]
[1376, 1378, 1436]
[1319, 1377, 1379]
[1320, 1378, 1438]
[1321, 1381, 1439]
[1380, 1382, 1440]
[1323, 1381, 1383]
[1382, 1384, 1442]
[1325, 1383, 1385]
[1384, 1386, 1444]
[1327, 1385, 1387]
[1386, 1388, 1446]
[1329, 1387, 1389]
[1388, 1390, 1448]
[1331, 1389, 1391]
[1390, 1392, 1450]
[1333, 1391, 1393]
[1392, 1394, 1452]
[1335, 1393, 1395]
[1394, 1396, 1454]
[1337, 1395, 1397]
[1396, 1398, 1456]
[1339, 1397, 1399]
[1398, 1400, 1458]
[1341, 1399, 1401]
[1400, 1402, 1460]
[1343, 1401, 1403]
[1402, 1404, 1462]
[1345, 1403, 1405]
[1404, 1406, 1464]
[1347, 1405, 1407]
[1406, 1408, 1466]
[1349, 1407, 1409]
[1408, 1410, 1468]
[1351, 1409, 1411]
[1410, 1412, 1470]
[1353, 1411, 1413]
[1412, 1414, 1472]
[1355, 1413, 1415]
[1414, 1416, 1474]
[1357, 1415, 1417]
[1416, 1418, 1476]
[1359, 1417, 1419]
[1418, 1420, 1478]
[1361, 1419, 1421]
[1420, 1422, 1480]
[1363, 1421, 1423]
[1422, 1424, 1482]
[1365, 1423, 1425]
[1424, 1426, 1484]
[1367, 1425, 1427]
[1426, 1428, 1486]
[1369, 1427, 1429]
[1428, 1430, 1488]
[1371, 1429, 1431]
[1430, 1432, 1490]
[1373, 1431, 1433]
[1432, 1434, 1492]
[1375, 1433, 1435]
[1434, 1436, 1494]
[1377, 1435, 1437]
[1436, 1438, 1496]
[1379, 1437, 1439]
[1380, 1438, 1498]
[1381, 1441, 1499]
[1440, 1442, 1500]
[1383, 1441, 1443]
[1442, 1444, 1502]
[1385, 1443, 1445]
[1444, 1446, 1504]
[1387, 1445, 1447]
[1446, 1448, 1506]
[1389, 1447, 1449]
[1448, 1450, 1508]
[1391, 1449, 1451]
[1450, 1452, 1510]
[1393, 1451, 1453]
[1452, 1454, 1512]
[1395, 1453, 1455]
[1454, 1456, 1514]
[1397, 1455, 1457]
[1456, 1458, 1516]
[1399, 1457, 1459]
[1458, 1460, 1518]
[1401, 1459, 1461]
[1460, 1462, 1520]
[1403, 1461, 1463]
[1462, 1464, 1522]
[1405, 1463, 1465]
[1464, 1466, 1524]
[1407, 1465, 1467]
[1466, 1468, 1526]
[1409, 1467, 1469]
[1468, 1470, 1528]
[1411, 1469, 1471]
[1470, 1472, 1530]
[1413, 1471, 1473]
[1472, 1474, 1532]
[1415, 1473, 1475]
[1474, 1476, 1534]
[1417, 1475, 1477]
[1476, 1478, 1536]
[1419, 1477, 1479]
[1478, 1480, 1538]
[1421, 1479, 1481]
[1480, 1482, 1540]
[1423, 1481, 1483]
[1482, 1484, 1542]
[1425, 1483, 1485]
[1484, 1486, 1544]
[1427, 1485, 1487]
[1486, 1488, 1546]
[1429, 1487, 1489]
[1488, 1490, 1548]
[1431, 1489, 1491]
[1490, 1492, 1550]
[1433, 1491, 1493]
[1492, 1494, 1552]
[1435, 1493, 1495]
[1494, 1496, 1554]
[1437, 1495, 1497]
[1496, 1498, 1556]
[1439, 1497, 1499]
[1440, 1498, 1558]
[1441, 1501, 1559]
[1500, 1502, 1560]
[1443, 1501, 1503]
[1502, 1504, 1562]
[1445, 1503, 1505]
[1504, 1506, 1564]
[1447, 1505, 1507]
[1506, 1508, 1566]
[1449, 1507, 1509]
[1508, 1510, 1568]
[1451, 1509, 1511]
[1510, 1512, 1570]
[1453, 1511, 1513]
[1512, 1514, 1572]
[1455, 1513, 1515]
[1514, 1516, 1574]
[1457, 1515, 1517]
[1516, 1518, 1576]
[1459, 1517, 1519]
[1518, 1520, 1578]
[1461, 1519, 1521]
[1520, 1522, 1580]
[1463, 1521, 1523]
[1522, 1524, 1582]
[1465, 1523, 1525]
[1524, 1526, 1584]
[1467, 1525, 1527]
[1526, 1528, 1586]
[1469, 1527, 1529]
[1528, 1530, 1588]
[1471, 1529, 1531]
[1530, 1532, 1590]
[1473, 1531, 1533]
[1532, 1534, 1592]
[1475, 1533, 1535]
[1534, 1536, 1594]
[1477, 1535, 1537]
[1536, 1538, 1596]
[1479, 1537, 1539]
[1538, 1540, 1598]
[1481, 1539, 1541]
[1540, 1542, 1600]
[1483, 1541, 1543]
[1542, 1544, 1602]
[1485, 1543, 1545]
[1544, 1546, 1604]
[1487, 1545, 1547]
[1546, 1548, 1606]
[1489, 1547, 1549]
[1548, 1550, 1608]
[1491, 1549, 1551]
[1550, 1552, 1610]
[1493, 1551, 1553]
[1552, 1554, 1612]
[1495, 1553, 1555]
[1554, 1556, 1614]
[1497, 1555, 1557]
[1556, 1558, 1616]
[1499, 1557, 1559]
[1500, 1558, 1618]
[1501, 1561, 1619]
[1560, 1562, 1620]
[1503, 1561, 1563]
[1562, 1564, 1622]
[1505, 1563, 1565]
[1564, 1566, 1624]
[1507, 1565, 1567]
[1566, 1568, 1626]
[1509, 1567, 1569]
[1568, 1570, 1628]
[1511, 1569, 1571]
[1570, 1572, 1630]
[1513, 1571, 1573]
[1572, 1574, 1632]
[1515, 1573, 1575]
[1574, 1576, 1634]
[1517, 1575, 1577]
[1576, 1578, 1636]
[1519, 1577, 1579]
[1578, 1580, 1638]
[1521, 1579, 1581]
[1580, 1582, 1640]
[1523, 1581, 1583]
[1582, 1584, 1642]
[1525, 1583, 1585]
[1584, 1586, 1644]
[1527, 1585, 1587]
[1586, 1588, 1646]
[1529, 1587, 1589]
[1588, 1590, 1648]
[1531, 1589, 1591]
[1590, 1592, 1650]
[1533, 1591, 1593]
[1592, 1594, 1652]
[1535, 1593, 1595]
[1594, 1596, 1654]
[1537, 1595, 1597]
[1596, 1598, 1656]
[1539, 1597, 1599]
[1598, 1600, 1658]
[1541, 1599, 1601]
[1600, 1602, 1660]
[1543, 1601, 1603]
[1602, 1604, 1662]
[1545, 1603, 1605]
[1604, 1606, 1664]
[1547, 1605, 1607]
[1606, 1608, 1666]
[1549, 1607, 1609]
[1608, 1610, 1668]
[1551, 1609, 1611]
[1610, 1612, 1670]
[1553, 1611, 1613]
[1612, 1614, 1672]
[1555, 1613, 1615]
[1614, 1616, 1674]
[1557, 1615, 1617]
[1616, 1618, 1676]
[1559, 1617, 1619]
[1560, 1618, 1678]
[1561, 1621, 1679]
[1620, 1622, 1680]
[1563, 1621, 1623]
[1622, 1624, 1682]
[1565, 1623, 1625]
[1624, 1626, 1684]
[1567, 1625, 1627]
[1626, 1628, 1686]
[1569, 1627, 1629]
[1628, 1630, 1688]
[1571, 1629, 1631]
[1630, 1632, 1690]
[1573, 1631, 1633]
[1632, 1634, 1692]
[1575, 1633, 1635]
[1634, 1636, 1694]
[1577, 1635, 1637]
[1636, 1638, 1696]
[1579, 1637, 1639]
[1638, 1640, 1698]
[1581, 1639, 1641]
[1640, 1642, 1700]
[1583, 1641, 1643]
[1642, 1644, 1702]
[1585, 1643, 1645]
[1644, 1646, 1704]
[1587, 1645, 1647]
[1646, 1648, 1706]
[1589, 1647, 1649]
[1648, 1650, 1708]
[1591, 1649, 1651]
[1650, 1652, 1710]
[1593, 1651, 1653]
[1652, 1654, 1712]
[1595, 1653, 1655]
[1654, 1656, 1714]
[1597, 1655, 1657]
[1656, 1658, 1716]
[1599, 1657, 1659]
[1658, 1660, 1718]
[1601, 1659, 1661]
[1660, 1662, 1720]
[1603, 1661, 1663]
[1662, 1664, 1722]
[1605, 1663, 1665]
[1664, 1666, 1724]
[1607, 1665, 1667]
[1666, 1668, 1726]
[1609, 1667, 1669]
[1668, 1670, 1728]
[1611, 1669, 1671]
[1670, 1672, 1730]
[1613, 1671, 1673]
[1672, 1674, 1732]
[1615, 1673, 1675]
[1674, 1676, 1734]
[1617, 1675, 1677]
[1676, 1678, 1736]
[1619, 1677, 1679]
[1620, 1678, 1738]
[1621, 1681, 1739]
[1680, 1682, 1740]
[1623, 1681, 1683]
[1682, 1684, 1742]
[1625, 1683, 1685]
[1684, 1686, 1744]
[1627, 1685, 1687]
[1686, 1688, 1746]
[1629, 1687, 1689]
[1688, 1690, 1748]
[1631, 1689, 1691]
[1690, 1692, 1750]
[1633, 1691, 1693]
[1692, 1694, 1752]
[1635, 1693, 1695]
[1694, 1696, 1754]
[1637, 1695, 1697]
[1696, 1698, 1756]
[1639, 1697, 1699]
[1698, 1700, 1758]
[1641, 1699, 1701]
[1700, 1702, 1760]
[1643, 1701, 1703]
[1702, 1704, 1762]
[1645, 1703, 1705]
[1704, 1706, 1764]
[1647, 1705, 1707]
[1706, 1708, 1766]
[1649, 1707, 1709]
[1708, 1710, 1768]
[1651, 1709, 1711]
[1710, 1712, 1770]
[1653, 1711, 1713]
[1712, 1714, 1772]
[1655, 1713, 1715]
[1714, 1716, 1774]
[1657, 1715, 1717]
[1716, 1718, 1776]
[1659, 1717, 1719]
[1718, 1720, 1778]
[1661, 1719, 1721]
[1720, 1722, 1780]
[1663, 1721, 1723]
[1722, 1724, 1782]
[1665, 1723, 1725]
[1724, 1726, 1784]
[1667, 1725, 1727]
[1726, 1728, 1786]
[1669, 1727, 1729]
[1728, 1730, 1788]
[1671, 1729, 1731]
[1730, 1732, 1790]
[1673, 1731, 1733]
[1732, 1734, 1792]
[1675, 1733, 1735]
[1734, 1736, 1794]
[1677, 1735, 1737]
[1736, 1738, 1796]
[1679, 1737, 1739]
[1680, 1738, 1798]
[1681, 1741, 1799]
[0, 1740, 1742]
[1683, 1741, 1743]
[2, 1742, 1744]
[1685, 1743, 1745]
[4, 1744, 1746]
[1687, 1745, 1747]
[6, 1746, 1748]
[1689, 1747, 1749]
[8, 1748, 1750]
[1691, 1749, 1751]
[10, 1750, 1752]
[1693, 1751, 1753]
[12, 1752, 1754]
[1695, 1753, 1755]
[14, 1754, 1756]
[1697, 1755, 1757]
[16, 1756, 1758]
[1699, 1757, 1759]
[18, 1758, 1760]
[1701, 1759, 1761]
[20, 1760, 1762]
[1703, 1761, 1763]
[22, 1762, 1764]
[1705, 1763, 1765]
[24, 1764, 1766]
[1707, 1765, 1767]
[26, 1766, 1768]
[1709, 1767, 1769]
[28, 1768, 1770]
[1711, 1769, 1771]
[30, 1770, 1772]
[1713, 1771, 1773]
[32, 1772, 1774]
[1715, 1773, 1775]
[34, 1774, 1776]
[1717, 1775, 1777]
[36, 1776, 1778]
[1719, 1777, 1779]
[38, 1778, 1780]
[1721, 1779, 1781]
[40, 1780, 1782]
[1723, 1781, 1783]
[42, 1782, 1784]
[1725, 1783, 1785]
[44, 1784, 1786]
[1727, 1785, 1787]
[46, 1786, 1788]
[1729, 1787, 1789]
[48, 1788, 1790]
[1731, 1789, 1791]
[50, 1790, 1792]
[1733, 1791, 1793]
[52, 1792, 1794]
[1735, 1793, 1795]
[54, 1794, 1796]
[1737, 1795, 1797]
[56, 1796, 1798]
[1739, 1797, 1799]
[58, 1740, 1798]
