[1, 51, 1301]
[0, 2, 52]
[1, 3, 1303]
[2, 4, 54]
[3, 5, 1305]
[4, 6, 56]
[5, 7, 1307]
[6, 8, 58]
[7, 9, 1309]
[8, 10, 60]
[9, 11, 1311]
[10, 12, 62]
[11, 13, 1313]
[12, 14, 64]
[13, 15, 1315]
[14, 16, 66]
[15, 17, 1317]
[16, 18, 68]
[17, 19, 1319]
[18, 20, 70]
[19, 21, 1321]
[20, 22, 72]
[21, 23, 1323]
[22, 24, 74]
[23, 25, 1325]
[24, 26, 76]
[25, 27, 1327]
[26, 28, 78]
[27, 29, 1329]
[28, 30, 80]
[29, 31, 1331]
[30, 32, 82]
[31, 33, 1333]
[32, 34, 84]
[33, 35, 1335]
[34, 36, 86]
[35, 37, 1337]
[36, 38, 88]
[37, 39, 1339]
[38, 40, 90]
[39, 41, 1341]
[40, 42, 92]
[41, 43, 1343]
[42, 44, 94]
[43, 45, 1345]
[44, 46, 96]
[45, 47, 1347]
[46, 48, 98]
[47, 49, 1349]
[48, 50, 100]
[49, 51, 1351]
[0, 50, 102]
[1, 53, 103]
[52, 54, 104]
[3, 53, 55]
[54, 56, 106]
[5, 55, 57]
[56, 58, 108]
[7, 57, 59]
[58, 60, 110]
[9, 59, 61]
[60, 62, 112]
[11, 61, 63]
[62, 64, 114]
[13, 63, 65]
[64, 66, 116]
[15, 65, 67]
[66, 68, 118]
[17, 67, 69]
[68, 70, 120]
[19, 69, 71]
[70, 72, 122]
[21, 71, 73]
[72, 74, 124]
[23, 73, 75]
[74, 76, 126]
[25, 75, 77]
[76, 78, 128]
[27, 77, 79]
[78, 80, 130]
[29, 79, 81]
[80, 82, 132]
[31, 81, 83]
[82, 84, 134]
[33, 83, 85]
[84, 86, 136]
[35, 85, 87]
[86, 88, 138]
[37, 87, 89]
[88, 90, 140]
[39, 89, 91]
[90, 92, 142]
[41, 91, 93]
[92, 94, 144]
[43, 93, 95]
[94, 96, 146]
[45, 95, 97]
[96, 98, 148]
[47, 97, 99]
[98, 100, 150]
[49, 99, 101]
[100, 102, 152]
[51, 101, 103]
[52, 102, 154]
[53, 105, 155]
[104, 106, 156]
[55, 105, 107]
[106, 108, 158]
[57, 107, 109]
[108, 110, 160]
[59, 109, 111]
[110, 112, 162]
[61, 111, 113]
[112, 114, 164]
[63, 113, 115]
[114, 116, 166]
[65, 115, 117]
[116, 118, 168]
[67, 117, 119]
[118, 120, 170]
[69, 119, 121]
[120, 122, 172]
[71, 121, 123]
[122, 124, 174]
[73, 123, 125]
[124, 126, 176]
[75, 125, 127]
[126, 128, 178]
[77, 127, 129]
[128, 130, 180]
[79, 129, 131]
[130, 132, 182]
[81, 131, 133]
[132, 134, 184]
[83, 133, 135]
[134, 136, 186]
[85, 135, 137]
[136, 138, 188]
[87, 137, 139]
[138, 140, 190]
[89, 139, 141]
[140, 142, 192]
[91, 141, 143]
[142, 144, 194]
[93, 143, 145]
[144, 146, 196]
[95, 145, 147]
[146, 148, 198]
[97, 147, 149]
[148, 150, 200]
[99, 149, 151]
[150, 152, 202]
[101, 151, 153]
[152, 154, 204]
[103, 153, 155]
[104, 154, 206]
[105, 157, 207]
[156, 158, 208]
[107, 157, 159]
[158, 160, 210]
[109, 159, 161]
[160, 162, 212]
[111, 161, 163]
[162, 164, 214]
[113, 163, 165]
[164, 166, 216]
[115, 165, 167]
[166, 168, 218]
[117, 167, 169]
[168, 170, 220]
[119, 169, 171]
[170, 172, 222]
[121, 171, 173]
[172, 174, 224]
[123, 173, 175]
[174, 176, 226]
[125, 175, 177]
[176, 178, 228]
[127, 177, 179]
[178, 180, 230]
[129, 179, 181]
[180, 182, 232]
[131, 181, 183]
[182, 184, 234]
[133, 183, 185]
[184, 186, 236]
[135, 185, 187]
[186, 188, 238]
[137, 187, 189]
[188, 190, 240]
[139, 189, 191]
[190, 192, 242]
[141, 191, 193]
[192, 194, 244]
[143, 193, 195]
[194, 196, 246]
[145, 195, 197]
[196, 198, 248]
[147, 197, 199]
[198, 200, 250]
[149, 199, 201]
[200, 202, 252]
[151, 201, 203]
[202, 204, 254]
[153, 203, 205]
[204, 206, 256]
[155, 205, 207]
[156, 206, 258]
[157, 209, 259]
[208, 210, 260]
[159, 209, 211]
[210, 212, 262]
[161, 211, 213]
[212, 214, 264]
[163, 213, 215]
[214, 216, 266]
[165, 215, 217]
[216, 218, 268]
[167, 217, 219]
[218, 220, 270]
[169, 219, 221]
[220, 222, 272]
[171, 221, 223]
[222, 224, 274]
[173, 223, 225]
[224, 226, 276]
[175, 225, 227]
[226, 228, 278]
[177, 227, 229]
[228, 230, 280]
[179, 229, 231]
[230, 232, 282]
[181, 231, 233]
[232, 234, 284]
[183, 233, 235]
[234, 236, 286]
[185, 235, 237]
[236, 238, 288]
[187, 237, 239]
[238, 240, 290]
[189, 239, 241]
[240, 242, 292]
[191, 241, 243]
[242, 244, 294]
[193, 243, 245]
[244, 246, 296]
[195, 245, 247]
[246, 248, 298]
[197, 247, 249]
[248, 250, 300]
[199, 249, 251]
[250, 252, 302]
[201, 251, 253]
[252, 254, 304]
[203, 253, 255]
[254, 256, 306]
[205, 255, 257]
[256, 258, 308]
[207, 257, 259]
[208, 258, 310]
[209, 261, 311]
[260, 262, 312]
[211, 261, 263]
[262, 264, 314]
[213, 263, 265]
[264, 266, 316]
[215, 265, 267]
[266, 268, 318]
[217, 267, 269]
[268, 270, 320]
[219, 269, 271]
[270, 272, 322]
[221, 271, 273]
[272, 274, 324]
[223, 273, 275]
[274, 276, 326]
[225, 275, 277]
[276, 278, 328]
[227, 277, 279]
[278, 280, 330]
[229, 279, 281]
[280, 282, 332]
[231, 281, 283]
[282, 284, 334]
[233, 283, 285]
[284, 286, 336]
[235, 285, 287]
[286, 288, 338]
[237, 287, 289]
[288, 290, 340]
[239, 289, 291]
[290, 292, 342]
[241, 291, 293]
[292, 294, 344]
[243, 293, 295]
[294, 296, 346]
[245, 295, 297]
[296, 298, 348]
[247, 297, 299]
[298, 300, 350]
[249, 299, 301]
[300, 302, 352]
[251, 301, 303]
[302, 304, 354]
[253, 303, 305]
[304, 306, 356]
[255, 305, 307]
[306, 308, 358]
[257, 307, 309]
[308, 310, 360]
[259, 309, 311]
[260, 310, 362]
[261, 313, 363]
[312, 314, 364]
[263, 313, 315]
[314, 316, 366]
[265, 315, 317]
[316, 318, 368]
[267, 317, 319]
[318, 320, 370]
[269, 319, 321]
[320, 322, 372]
[271, 321, 323]
[322, 324, 374]
[273, 323, 325]
[324, 326, 376]
[275, 325, 327]
[326, 328, 378]
[277, 327, 329]
[328, 330, 380]
[279, 329, 331]
[330, 332, 382]
[281, 331, 333]
[332, 334, 384]
[283, 333, 335]
[334, 336, 386]
[285, 335, 337]
[336, 338, 388]
[287, 337, 339]
[338, 340, 390]
[289, 339, 341]
[340, 342, 392]
[291, 341, 343]
[342, 344, 394]
[293, 343, 345]
[344, 346, 396]
[295, 345, 347]
[346, 348, 398]
[297, 347, 349]
[348, 350, 400]
[299, 349, 351]
[350, 352, 402]
[301, 351, 353]
[352, 354, 404]
[303, 353, 355]
[354, 356, 406]
[305, 355, 357]
[356, 358, 408]
[307, 357, 359]
[358, 360, 410]
[309, 359, 361]
[360, 362, 412]
[311, 361, 363]
[312, 362, 414]
[313, 365, 415]
[364, 366, 416]
[315, 365, 367]
[366, 368, 418]
[317, 367, 369]
[368, 370, 420]
[319, 369, 371]
[370, 372, 422]
[321, 371, 373]
[372, 374, 424]
[323, 373, 375]
[374, 376, 426]
[325, 375, 377]
[376, 378, 428]
[327, 377, 379]
[378, 380, 430]
[329, 379, 381]
[380, 382, 432]
[331, 381, 383]
[382, 384, 434]
[333, 383, 385]
[384, 386, 436]
[335, 385, 387]
[386, 388, 438]
[337, 387, 389]
[388, 390, 440]
[339, 389, 391]
[390, 392, 442]
[341, 391, 393]
[392, 394, 444]
[343, 393, 395]
[394, 396, 446]
[345, 395, 397]
[396, 398, 448]
[347, 397, 399]
[398, 400, 450]
[349, 399, 401]
[400, 402, 452]
[351, 401, 403]
[402, 404, 454]
[353, 403, 405]
[404, 406, 456]
[355, 405, 407]
[406, 408, 458]
[357, 407, 409]
[408, 410, 460]
[359, 409, 411]
[410, 412, 462]
[361, 411, 413]
[412, 414, 464]
[363, 413, 415]
[364, 414, 466]
[365, 417, 467]
[416, 418, 468]
[367, 417, 419]
[418, 420, 470]
[369, 419, 421]
[420, 422, 472]
[371, 421, 423]
[422, 424, 474]
[373, 423, 425]
[424, 426, 476]
[375, 425, 427]
[426, 428, 478]
[377, 427, 429]
[428, 430, 480]
[379, 429, 431]
[430, 432, 482]
[381, 431, 433]
[432, 434, 484]
[383, 433, 435]
[434, 436, 486]
[385, 435, 437]
[436, 438, 488]
[387, 437, 439]
[438, 440, 490]
[389, 439, 441]
[440, 442, 492]
[391, 441, 443]
[442, 444, 494]
[393, 443, 445]
[444, 446, 496]
[395, 445, 447]
[446, 448, 498]
[397, 447, 449]
[448, 450, 500]
[399, 449, 451]
[450, 452, 502]
[401, 451, 453]
[452, 454, 504]
[403, 453, 455]
[454, 456, 506]
[405, 455, 457]
[456, 458, 508]
[407, 457, 459]
[458, 460, 510]
[409, 459, 461]
[460, 462, 512]
[411, 461, 463]
[462, 464, 514]
[413, 463, 465]
[464, 466, 516]
[415, 465, 467]
[416, 466, 518]
[417, 469, 519]
[468, 470, 520]
[419, 469, 471]
[470, 472, 522]
[421, 471, 473]
[472, 474, 524]
[423, 473, 475]
[474, 476, 526]
[425, 475, 477]
[476, 478, 528]
[427, 477, 479]
[478, 480, 530]
[429, 479, 481]
[480, 482, 532]
[431, 481, 483]
[482, 484, 534]
[433, 483, 485]
[484, 486, 536]
[435, 485, 487]
[486, 488, 538]
[437, 487, 489]
[488, 490, 540]
[439, 489, 491]
[490, 492, 542]
[441, 491, 493]
[492, 494, 544]
[443, 493, 495]
[494, 496, 546]
[445, 495, 497]
[496, 498, 548]
[447, 497, 499]
[498, 500, 550]
[449, 499, 501]
[500, 502, 552]
[451, 501, 503]
[502, 504, 554]
[453, 503, 505]
[504, 506, 556]
[455, 505, 507]
[506, 508, 558]
[457, 507, 509]
[508, 510, 560]
[459, 509, 511]
[510, 512, 562]
[461, 511, 513]
[512, 514, 564]
[463, 513, 515]
[514, 516, 566]
[465, 515, 517]
[516, 518, 568]
[467, 517, 519]
[468, 518, 570]
[469, 521, 571]
[520, 522, 572]
[471, 521, 523]
[522, 524, 574]
[473, 523, 525]
[524, 526, 576]
[475, 525, 527]
[526, 528, 578]
[477, 527, 529]
[528, 530, 580]
[479, 529, 531]
[530, 532, 582]
[481, 531, 533]
[532, 534, 584]
[483, 533, 535]
[534, 536, 586]
[485, 535, 537]
[536, 538, 588]
[487, 537, 539]
[538, 540, 590]
[489, 539, 541]
[540, 542, 592]
[491, 541, 543]
[542, 544, 594]
[493, 543, 545]
[544, 546, 596]
[495, 545, 547]
[546, 548, 598]
[497, 547, 549]
[548, 550, 600]
[499, 549, 551]
[550, 552, 602]
[501, 551, 553]
[552, 554, 604]
[503, 553, 555]
[554, 556, 606]
[505, 555, 557]
[556, 558, 608]
[507, 557, 559]
[558, 560, 610]
[509, 559, 561]
[560, 562, 612]
[511, 561, 563]
[562, 564, 614]
[513, 563, 565]
[564, 566, 616]
[515, 565, 567]
[566, 568, 618]
[517, 567, 569]
[568, 570, 620]
[519, 569, 571]
[520, 570, 622]
[521, 573, 623]
[572, 574, 624]
[523, 573, 575]
[574, 576, 626]
[525, 575, 577]
[576, 578, 628]
[527, 577, 579]
[578, 580, 630]
[529, 579, 581]
[580, 582, 632]
[531, 581, 583]
[582, 584, 634]
[533, 583, 585]
[584, 586, 636]
[535, 585, 587]
[586, 588, 638]
[537, 587, 589]
[588, 590, 640]
[539, 589, 591]
[590, 592, 642]
[541, 591, 593]
[592, 594, 644]
[543, 593, 595]
[594, 596, 646]
[545, 595, 597]
[596, 598, 648]
[547, 597, 599]
[598, 600, 650]
[549, 599, 601]
[600, 602, 652]
[551, 601, 603]
[602, 604, 654]
[553, 603, 605]
[604, 606, 656]
[555, 605, 607]
[606, 608, 658]
[557, 607, 609]
[608, 610, 660]
[559, 609, 611]
[610, 612, 662]
[561, 611, 613]
[612, 614, 664]
[563, 613, 615]
[614, 616, 666]
[565, 615, 617]
[616, 618, 668]
[567, 617, 619]
[618, 620, 670]
[569, 619, 621]
[620, 622, 672]
[571, 621, 623]
[572, 622, 674]
[573, 625, 675]
[624, 626, 676]
[575, 625, 627]
[626, 628, 678]
[577, 627, 629]
[628, 630, 680]
[579, 629, 631]
[630, 632, 682]
[581, 631, 633]
[632, 634, 684]
[583, 633, 635]
[634, 636, 686]
[585, 635, 637]
[636, 638, 688]
[587, 637, 639]
[638, 640, 690]
[589, 639, 641]
[640, 642, 692]
[591, 641, 643]
[642, 644, 694]
[593, 643, 645]
[644, 646, 696]
[595, 645, 647]
[646, 648, 698]
[597, 647, 649]
[648, 650, 700]
[599, 649, 651]
[650, 652, 702]
[601, 651, 653]
[652, 654, 704]
[603, 653, 655]
[654, 656, 706]
[605, 655, 657]
[656, 658, 708]
[607, 657, 659]
[658, 660, 710]
[609, 659, 661]
[660, 662, 712]
[611, 661, 663]
[662, 664, 714]
[613, 663, 665]
[664, 666, 716]
[615, 665, 667]
[666, 668, 718]
[617, 667, 669]
[668, 670, 720]
[619, 669, 671]
[670, 672, 722]
[621, 671, 673]
[672, 674, 724]
[623, 673, 675]
[624, 674, 726]
[625, 677, 727]
[676, 678, 728]
[627, 677, 679]
[678, 680, 730]
[629, 679, 681]
[680, 682, 732]
[631, 681, 683]
[682, 684, 734]
[633, 683, 685]
[684, 686, 736]
[635, 685, 687]
[686, 688, 738]
[637, 687, 689]
[688, 690, 740]
[639, 689, 691]
[690, 692, 742]
[641, 691, 693]
[692, 694, 744]
[643, 693, 695]
[694, 696, 746]
[645, 695, 697]
[696, 698, 748]
[647, 697, 699]
[698, 700, 750]
[649, 699, 701]
[700, 702, 752]
[651, 701, 703]
[702, 704, 754]
[653, 703, 705]
[704, 706, 756]
[655, 705, 707]
[706, 708, 758]
[657, 707, 709]
[708, 710, 760]
[659, 709, 711]
[710, 712, 762]
[661, 711, 713]
[712, 714, 764]
[663, 713, 715]
[714, 716, 766]
[665, 715, 717]
[716, 718, 768]
[667, 717, 719]
[718, 720, 770]
[669, 719, 721]
[720, 722, 772]
[671, 721, 723]
[722, 724, 774]
[673, 723, 725]
[724, 726, 776]
[675, 725, 727]
[676, 726, 778]
[677, 729, 779]
[728, 730, 780]
[679, 729, 731]
[730, 732, 782]
[681, 731, 733]
[732, 734, 784]
[683, 733, 735]
[734, 736, 786]
[685, 735, 737]
[736, 738, 788]
[687, 737, 739]
[738, 740, 790]
[689, 739, 741]
[740, 742, 792]
[691, 741, 743]
[742, 744, 794]
[693, 743, 745]
[744, 746, 796]
[695, 745, 747]
[746, 748, 798]
[697, 747, 749]
[748, 750, 800]
[699, 749, 751]
[750, 752, 802]
[701, 751, 753]
[752, 754, 804]
[703, 753, 755]
[754, 756, 806]
[705, 755, 757]
[756, 758, 808]
[707, 757, 759]
[758, 760, 810]
[709, 759, 761]
[760, 762, 812]
[711, 761, 763]
[762, 764, 814]
[713, 763, 765]
[764, 766, 816]
[715, 765, 767]
[766, 768, 818]
[717, 767, 769]
[768, 770, 820]
[719, 769, 771]
[770, 772, 822]
[721, 771, 773]
[772, 774, 824]
[723, 773, 775]
[774, 776, 826]
[725, 775, 777]
[776, 778, 828]
[727, 777, 779]
[728, 778, 830]
[729, 781, 831]
[780, 782, 832]
[731, 781, 783]
[782, 784, 834]
[733, 783, 785]
[784, 786, 836]
[735, 785, 787]
[786, 788, 838]
[737, 787, 789]
[788, 790, 840]
[739, 789, 791]
[790, 792, 842]
[741, 791, 793]
[792, 794, 844]
[743, 793, 795]
[794, 796, 846]
[745, 795, 797]
[796, 798, 848]
[747, 797, 799]
[798, 800, 850]
[749, 799, 801]
[800, 802, 852]
[751, 801, 803]
[802, 804, 854]
[753, 803, 805]
[804, 806, 856]
[755, 805, 807]
[806, 808, 858]
[757, 807, 809]
[808, 810, 860]
[759, 809, 811]
[810, 812, 862]
[761, 811, 813]
[812, 814, 864]
[763, 813, 815]
[814, 816, 866]
[765, 815, 817]
[816, 818, 868]
[767, 817, 819]
[818, 820, 870]
[769, 819, 821]
[820, 822, 872]
[771, 821, 823]
[822, 824, 874]
[773, 823, 825]
[824, 826, 876]
[775, 825, 827]
[826, 828, 878]
[777, 827, 829]
[828, 830, 880]
[779, 829, 831]
[780, 830, 882]
[781, 833, 883]
[832, 834, 884]
[783, 833, 835]
[834, 836, 886]
[785, 835, 837]
[836, 838, 888]
[787, 837, 839]
[838, 840, 890]
[789, 839, 841]
[840, 842, 892]
[791, 841, 843]
[842, 844, 894]
[793, 843, 845]
[844, 846, 896]
[795, 845, 847]
[846, 848, 898]
[797, 847, 849]
[848, 850, 900]
[799, 849, 851]
[850, 852, 902]
[801, 851, 853]
[852, 854, 904]
[803, 853, 855]
[854, 856, 906]
[805, 855, 857]
[856, 858, 908]
[807, 857, 859]
[858, 860, 910]
[809, 859, 861]
[860, 862, 912]
[811, 861, 863]
[862, 864, 914]
[813, 863, 865]
[864, 866, 916]
[815, 865, 867]
[866, 868, 918]
[817, 867, 869]
[868, 870, 920]
[819, 869, 871]
[870, 872, 922]
[821, 871, 873]
[872, 874, 924]
[823, 873, 875]
[874, 876, 926]
[825, 875, 877]
[876, 878, 928]
[827, 877, 879]
[878, 880, 930]
[829, 879, 881]
[880, 882, 932]
[831, 881, 883]
[832, 882, 934]
[833, 885, 935]
[884, 886, 936]
[835, 885, 887]
[886, 888, 938]
[837, 887, 889]
[888, 890, 940]
[839, 889, 891]
[890, 892, 942]
[841, 891, 893]
[892, 894, 944]
[843, 893, 895]
[894, 896, 946]
[845, 895, 897]
[896, 898, 948]
[847, 897, 899]
[898, 900, 950]
[849, 899, 901]
[900, 902, 952]
[851, 901, 903]
[902, 904, 954]
[853, 903, 905]
[904, 906, 956]
[855, 905, 907]
[906, 908, 958]
[857, 907, 909]
[908, 910, 960]
[859, 909, 911]
[910, 912, 962]
[861, 911, 913]
[912, 914, 964]
[863, 913, 915]
[914, 916, 966]
[865, 915, 917]
[916, 918, 968]
[867, 917, 919]
[918, 920, 970]
[869, 919, 921]
[920, 922, 972]
[871, 921, 923]
[922, 924, 974]
[873, 923, 925]
[924, 926, 976]
[875, 925, 927]
[926, 928, 978]
[877, 927, 929]
[928, 930, 980]
[879, 929, 931]
[930, 932, 982]
[881, 931, 933]
[932, 934, 984]
[883, 933, 935]
[884, 934, 986]
[885, 937, 987]
[936, 938, 988]
[887, 937, 939]
[938, 940, 990]
[889, 939, 941]
[940, 942, 992]
[891, 941, 943]
[942, 944, 994]
[893, 943, 945]
[944, 946, 996]
[895, 945, 947]
[946, 948, 998]
[897, 947, 949]
[948, 950, 1000]
[899, 949, 951]
[950, 952, 1002]
[901, 951, 953]
[952, 954, 1004]
[903, 953, 955]
[954, 956, 1006]
[905, 955, 957]
[956, 958, 1008]
[907, 957, 959]
[958, 960, 1010]
[909, 959, 961]
[960, 962, 1012]
[911, 961, 963]
[962, 964, 1014]
[913, 963, 965]
[964, 966, 1016]
[915, 965, 967]
[966, 968, 1018]
[917, 967, 969]
[968, 970, 1020]
[919, 969, 971]
[970, 972, 1022]
[921, 971, 973]
[972, 974, 1024]
[923, 973, 975]
[974, 976, 1026]
[925, 975, 977]
[976, 978, 1028]
[927, 977, 979]
[978, 980, 1030]
[929, 979, 981]
[980, 982, 1032]
[931, 981, 983]
[982, 984, 1034]
[933, 983, 985]
[984, 986, 1036]
[935, 985, 987]
[936, 986, 1038]
[937, 989, 1039]
[988, 990, 1040]
[939, 989, 991]
[990, 992, 1042]
[941, 991, 993]
[992, 994, 1044]
[943, 993, 995]
[994, 996, 1046]
[945, 995, 997]
[996, 998, 1048]
[947, 997, 999]
[998, 1000, 1050]
[949, 999, 1001]
[1000, 1002, 1052]
[951, 1001, 1003]
[1002, 1004, 1054]
[953, 1003, 1005]
[1004, 1006, 1056]
[955, 1005, 1007]
[1006, 1008, 1058]
[957, 1007, 1009]
[1008, 1010, 1060]
[959, 1009, 1011]
[1010, 1012, 1062]
[961, 1011, 1013]
[1012, 1014, 1064]
[963, 1013, 1015]
[1014, 1016, 1066]
[965, 1015, 1017]
[1016, 1018, 1068]
[967, 1017, 1019]
[1018, 1020, 1070]
[969, 1019, 1021]
[1020, 1022, 1072]
[971, 1021, 1023]
[1022, 1024, 1074]
[973, 1023, 1025]
[1024, 1026, 1076]
[975, 1025, 1027]
[1026, 1028, 1078]
[977, 1027, 1029]
[1028, 1030, 1080]
[979, 1029, 1031]
[1030, 1032, 1082]
[981, 1031, 1033]
[1032, 1034, 1084]
[983, 1033, 1035]
[1034, 1036, 1086]
[985, 1035, 1037]
[1036, 1038, 1088]
[987, 1037, 1039]
[988, 1038, 1090]
[989, 1041, 1091]
[1040, 1042, 1092]
[991, 1041, 1043]
[1042, 1044, 1094]
[993, 1043, 1045]
[1044, 1046, 1096]
[995, 1045, 1047]
[1046, 1048, 1098]
[997, 1047, 1049]
[1048, 1050, 1100]
[999, 1049, 1051]
[1050, 1052, 1102]
[1001, 1051, 1053]
[1052, 1054, 1104]
[1003, 1053, 1055]
[1054, 1056, 1106]
[1005, 1055, 1057]
[1056, 1058, 1108]
[1007, 1057, 1059]
[1058, 1060, 1110]
[1009, 1059, 1061]
[1060, 1062, 1112]
[1011, 1061, 1063]
[1062, 1064, 1114]
[1013, 1063, 1065]
[1064, 1066, 1116]
[1015, 1065, 1067]
[1066, 1068, 1118]
[1017, 1067, 1069]
[1068, 1070, 1120]
[1019, 1069, 1071]
[1070, 1072, 1122]
[1021, 1071, 1073]
[1072, 1074, 1124]
[1023, 1073, 1075]
[1074, 1076, 1126]
[1025, 1075, 1077]
[1076, 1078, 1128]
[1027, 1077, 1079]
[1078, 1080, 1130]
[1029, 1079, 1081]
[1080, 1082, 1132]
[1031, 1081, 1083]
[1082, 1084, 1134]
[1033, 1083, 1085]
[1084, 1086, 1136]
[1035, 1085, 1087]
[1086, 1088, 1138]
[1037, 1087, 1089]
[1088, 1090, 1140]
[1039, 1089, 1091]
[1040, 1090, 1142]
[1041, 1093, 1143]
[1092, 1094, 1144]
[1043, 1093, 1095]
[1094, 1096, 1146]
[1045, 1095, 1097]
[1096, 1098, 1148]
[1047, 1097, 1099]
[1098, 1100, 1150]
[1049, 1099, 1101]
[1100, 1102, 1152]
[1051, 1101, 1103]
[1102, 1104, 1154]
[1053, 1103, 1105]
[1104, 1106, 1156]
[1055, 1105, 1107]
[1106, 1108, 1158]
[1057, 1107, 1109]
[1108, 1110, 1160]
[1059, 1109, 1111]
[1110, 1112, 1162]
[1061, 1111, 1113]
[1112, 1114, 1164]
[1063, 1113, 1115]
[1114, 1116, 1166]
[1065, 1115, 1117]
[1116, 1118, 1168]
[1067, 1117, 1119]
[1118, 1120, 1170]
[1069, 1119, 1121]
[1120, 1122, 1172]
[1071, 1121, 1123]
[1122, 1124, 1174]
[1073, 1123, 1125]
[1124, 1126, 1176]
[1075, 1125, 1127]
[1126, 1128, 1178]
[1077, 1127, 1129]
[1128, 1130, 1180]
[1079, 1129, 1131]
[1130, 1132, 1182]
[1081, 1131, 1133]
[1132, 1134, 1184]
[1083, 1133, 1135]
[1134, 1136, 1186]
[1085, 1135, 1137]
[1136, 1138, 1188]
[1087, 1137, 1139]
[1138, 1140, 1190]
[1089, 1139, 1141]
[1140, 1142, 1192]
[1091, 1141, 1143]
[1092, 1142, 1194]
[1093, 1145, 1195]
[1144, 1146, 1196]
[1095, 1145, 1147]
[1146, 1148, 1198]
[1097, 1147, 1149]
[1148, 1150, 1200]
[1099, 1149, 1151]
[1150, 1152, 1202]
[1101, 1151, 1153]
[1152, 1154, 1204]
[1103, 1153, 1155]
[1154, 1156, 1206]
[1105, 1155, 1157]
[1156, 1158, 1208]
[1107, 1157, 1159]
[1158, 1160, 1210]
[1109, 1159, 1161]
[1160, 1162, 1212]
[1111, 1161, 1163]
[1162, 1164, 1214]
[1113, 1163, 1165]
[1164, 1166, 1216]
[1115, 1165, 1167]
[1166, 1168, 1218]
[1117, 1167, 1169]
[1168, 1170, 1220]
[1119, 1169, 1171]
[1170, 1172, 1222]
[1121, 1171, 1173]
[1172, 1174, 1224]
[1123, 1173, 1175]
[1174, 1176, 1226]
[1125, 1175, 1177]
[1176, 1178, 1228]
[1127, 1177, 1179]
[1178, 1180, 1230]
[1129, 1179, 1181]
[1180, 1182, 1232]
[1131, 1181, 1183]
[1182, 1184, 1234]
[1133, 1183, 1185]
[1184, 1186, 1236]
[1135, 1185, 1187]
[1186, 1188, 1238]
[1137, 1187, 1189]
[1188, 1190, 1240]
[1139, 1189, 1191]
[1190, 1192, 1242]
[1141, 1191, 1193]
[1192, 1194, 1244]
[1143, 1193, 1195]
[1144, 1194, 1246]
[1145, 1197, 1247]
[1196, 1198, 1248]
[1147, 1197, 1199]
[1198, 1200, 1250]
[1149, 1199, 1201]
[1200, 1202, 1252]
[1151, 1201, 1203]
[1202, 1204, 1254]
[1153, 1203, 1205]
[1204, 1206, 1256]
[1155, 1205, 1207]
[1206, 1208, 1258]
[1157, 1207, 1209]
[1208, 1210, 1260]
[1159, 1209, 1211]
[1210, 1212, 1262]
[1161, 1211, 1213]
[1212, 1214, 1264]
[1163, 1213, 1215]
[1214, 1216, 1266]
[1165, 1215, 1217]
[1216, 1218, 1268]
[1167, 1217, 1219]
[1218, 1220, 1270]
[1169, 1219, 1221]
[1220, 1222, 1272]
[1171, 1221, 1223]
[1222, 1224, 1274]
[1173, 1223, 1225]
[1224, 1226, 1276]
[1175, 1225, 1227]
[1226, 1228, 1278]
[1177, 1227, 1229]
[1228, 1230, 1280]
[1179, 1229, 1231]
[1230, 1232, 1282]
[1181, 1231, 1233]
[1232, 1234, 1284]
[1183, 1233, 1235]
[1234, 1236, 1286]
[1185, 1235, 1237]
[1236, 1238, 1288]
[1187, 1237, 1239]
[1238, 1240, 1290]
[1189, 1239, 1241]
[1240, 1242, 1292]
[1191, 1241, 1243]
[1242, 1244, 1294]
[1193, 1243, 1245]
[1244, 1246, 1296]
[1195, 1245, 1247]
[1196, 1246, 1298]
[1197, 1249, 1299]
[1248, 1250, 1300]
[1199, 1249, 1251]
[1250, 1252, 1302]
[1201, 1251, 1253]
[1252, 1254, 1304]
[1203, 1253, 1255]
[1254, 1256, 1306]
[1205, 1255, 1257]
[1256, 1258, 1308]
[1207, 1257, 1259]
[1258, 1260, 1310]
[1209, 1259, 1261]
[1260, 1262, 1312]
[1211, 1261, 1263]
[1262, 1264, 1314]
[1213, 1263, 1265]
[1264, 1266, 1316]
[1215, 1265, 1267]
[1266, 1268, 1318]
[1217, 1267, 1269]
[1268, 1270, 1320]
[1219, 1269, 1271]
[1270, 1272, 1322]
[1221, 1271, 1273]
[1272, 1274, 1324]
[1223, 1273, 1275]
[1274, 1276, 1326]
[1225, 1275, 1277]
[1276, 1278, 1328]
[1227, 1277, 1279]
[1278, 1280, 1330]
[1229, 1279, 1281]
[1280, 1282, 1332]
[1231, 1281, 1283]
[1282, 1284, 1334]
[1233, 1283, 1285]
[1284, 1286, 1336]
[1235, 1285, 1287]
[1286, 1288, 1338]
[1237, 1287, 1289]
[1288, 1290, 1340]
[1239, 1289, 1291]
[1290, 1292, 1342]
[1241, 1291, 1293]
[1292, 1294, 1344]
[1243, 1293, 1295]
[1294, 1296, 1346]
[1245, 1295, 1297]
[1296, 1298, 1348]
[1247, 1297, 1299]
[1248, 1298, 1350]
[1249, 1301, 1351]
[0, 1300, 1302]
[1251, 1301, 1303]
[2, 1302, 1304]
[1253, 1303, 1305]
[4, 1304, 1306]
[1255, 1305, 1307]
[6, 1306, 1308]
[1257, 1307, 1309]
[8, 1308, 1310]
[1259, 1309, 1311]
[10, 1310, 1312]
[1261, 1311, 1313]
[12, 1312, 1314]
[1263, 1313, 1315]
[14, 1314, 1316]
[1265, 1315, 1317]
[16, 1316, 1318]
[1267, 1317, 1319]
[18, 1318, 1320]
[1269, 1319, 1321]
[20, 1320, 1322]
[1271, 1321, 1323]
[22, 1322, 1324]
[1273, 1323, 1325]
[24, 1324, 1326]
[1275, 1325, 1327]
[26, 1326, 1328]
[1277, 1327, 1329]
[28, 1328, 1330]
[1279, 1329, 1331]
[30, 1330, 1332]
[1281, 1331, 1333]
[32, 1332, 1334]
[1283, 1333, 1335]
[34, 1334, 1336]
[1285, 1335, 1337]
[36, 1336, 1338]
[1287, 1337, 1339]
[38, 1338, 1340]
[1289, 1339, 1341]
[40, 1340, 1342]
[1291, 1341, 1343]
[42, 1342, 1344]
[1293, 1343, 1345]
[44, 1344, 1346]
[1295, 1345, 1347]
[46, 1346, 1348]
[1297, 1347, 1349]
[48, 1348, 1350]
[1299, 1349, 1351]
[50, 1300, 1350]
