[1, 3, 5042]
[0, 2, 143]
[1, 3, 144]
[0, 2, 5]
[5, 7, 5046]
[3, 4, 6]
[5, 7, 148]
[4, 6, 9]
[9, 11, 5050]
[7, 8, 10]
[9, 11, 152]
[8, 10, 13]
[13, 15, 5054]
[11, 12, 14]
[13, 15, 156]
[12, 14, 17]
[17, 19, 5058]
[15, 16, 18]
[17, 19, 160]
[16, 18, 21]
[21, 23, 5062]
[19, 20, 22]
[21, 23, 164]
[20, 22, 25]
[25, 27, 5066]
[23, 24, 26]
[25, 27, 168]
[24, 26, 29]
[29, 31, 5070]
[27, 28, 30]
[29, 31, 172]
[28, 30, 33]
[33, 35, 5074]
[31, 32, 34]
[33, 35, 176]
[32, 34, 37]
[37, 39, 5078]
[35, 36, 38]
[37, 39, 180]
[36, 38, 41]
[41, 43, 5082]
[39, 40, 42]
[41, 43, 184]
[40, 42, 45]
[45, 47, 5086]
[43, 44, 46]
[45, 47, 188]
[44, 46, 49]
[49, 51, 5090]
[47, 48, 50]
[49, 51, 192]
[48, 50, 53]
[53, 55, 5094]
[51, 52, 54]
[53, 55, 196]
[52, 54, 57]
[57, 59, 5098]
[55, 56, 58]
[57, 59, 200]
[56, 58, 61]
[61, 63, 5102]
[59, 60, 62]
[61, 63, 204]
[60, 62, 65]
[65, 67, 5106]
[63, 64, 66]
[65, 67, 208]
[64, 66, 69]
[69, 71, 5110]
[67, 68, 70]
[69, 71, 212]
[68, 70, 73]
[73, 75, 5114]
[71, 72, 74]
[73, 75, 216]
[72, 74, 77]
[77, 79, 5118]
[75, 76, 78]
[77, 79, 220]
[76, 78, 81]
[81, 83, 5122]
[79, 80, 82]
[81, 83, 224]
[80, 82, 85]
[85, 87, 5126]
[83, 84, 86]
[85, 87, 228]
[84, 86, 89]
[89, 91, 5130]
[87, 88, 90]
[89, 91, 232]
[88, 90, 93]
[93, 95, 5134]
[91, 92, 94]
[93, 95, 236]
[92, 94, 97]
[97, 99, 5138]
[95, 96, 98]
[97, 99, 240]
[96, 98, 101]
[101, 103, 5142]
[99, 100, 102]
[101, 103, 244]
[100, 102, 105]
[105, 107, 5146]
[103, 104, 106]
[105, 107, 248]
[104, 106, 109]
[109, 111, 5150]
[107, 108, 110]
[109, 111, 252]
[108, 110, 113]
[113, 115, 5154]
[111, 112, 114]
[113, 115, 256]
[112, 114, 117]
[117, 119, 5158]
[115, 116, 118]
[117, 119, 260]
[116, 118, 121]
[121, 123, 5162]
[119, 120, 122]
[121, 123, 264]
[120, 122, 125]
[125, 127, 5166]
[123, 124, 126]
[125, 127, 268]
[124, 126, 129]
[129, 131, 5170]
[127, 128, 130]
[129, 131, 272]
[128, 130, 133]
[133, 135, 5174]
[131, 132, 134]
[133, 135, 276]
[132, 134, 137]
[137, 139, 5178]
[135, 136, 138]
[137, 139, 280]
[136, 138, 141]
[141, 143, 5182]
[139, 140, 142]
[141, 143, 284]
[1, 140, 142]
[2, 145, 147]
[144, 146, 287]
[145, 147, 288]
[144, 146, 149]
[6, 149, 151]
[147, 148, 150]
[149, 151, 292]
[148, 150, 153]
[10, 153, 155]
[151, 152, 154]
[153, 155, 296]
[152, 154, 157]
[14, 157, 159]
[155, 156, 158]
[157, 159, 300]
[156, 158, 161]
[18, 161, 163]
[159, 160, 162]
[161, 163, 304]
[160, 162, 165]
[22, 165, 167]
[163, 164, 166]
[165, 167, 308]
[164, 166, 169]
[26, 169, 171]
[167, 168, 170]
[169, 171, 312]
[168, 170, 173]
[30, 173, 175]
[171, 172, 174]
[173, 175, 316]
[172, 174, 177]
[34, 177, 179]
[175, 176, 178]
[177, 179, 320]
[176, 178, 181]
[38, 181, 183]
[179, 180, 182]
[181, 183, 324]
[180, 182, 185]
[42, 185, 187]
[183, 184, 186]
[185, 187, 328]
[184, 186, 189]
[46, 189, 191]
[187, 188, 190]
[189, 191, 332]
[188, 190, 193]
[50, 193, 195]
[191, 192, 194]
[193, 195, 336]
[192, 194, 197]
[54, 197, 199]
[195, 196, 198]
[197, 199, 340]
[196, 198, 201]
[58, 201, 203]
[199, 200, 202]
[201, 203, 344]
[200, 202, 205]
[62, 205, 207]
[203, 204, 206]
[205, 207, 348]
[204, 206, 209]
[66, 209, 211]
[207, 208, 210]
[209, 211, 352]
[208, 210, 213]
[70, 213, 215]
[211, 212, 214]
[213, 215, 356]
[212, 214, 217]
[74, 217, 219]
[215, 216, 218]
[217, 219, 360]
[216, 218, 221]
[78, 221, 223]
[219, 220, 222]
[221, 223, 364]
[220, 222, 225]
[82, 225, 227]
[223, 224, 226]
[225, 227, 368]
[224, 226, 229]
[86, 229, 231]
[227, 228, 230]
[229, 231, 372]
[228, 230, 233]
[90, 233, 235]
[231, 232, 234]
[233, 235, 376]
[232, 234, 237]
[94, 237, 239]
[235, 236, 238]
[237, 239, 380]
[236, 238, 241]
[98, 241, 243]
[239, 240, 242]
[241, 243, 384]
[240, 242, 245]
[102, 245, 247]
[243, 244, 246]
[245, 247, 388]
[244, 246, 249]
[106, 249, 251]
[247, 248, 250]
[249, 251, 392]
[248, 250, 253]
[110, 253, 255]
[251, 252, 254]
[253, 255, 396]
[252, 254, 257]
[114, 257, 259]
[255, 256, 258]
[257, 259, 400]
[256, 258, 261]
[118, 261, 263]
[259, 260, 262]
[261, 263, 404]
[260, 262, 265]
[122, 265, 267]
[263, 264, 266]
[265, 267, 408]
[264, 266, 269]
[126, 269, 271]
[267, 268, 270]
[269, 271, 412]
[268, 270, 273]
[130, 273, 275]
[271, 272, 274]
[273, 275, 416]
[272, 274, 277]
[134, 277, 279]
[275, 276, 278]
[277, 279, 420]
[276, 278, 281]
[138, 281, 283]
[279, 280, 282]
[281, 283, 424]
[280, 282, 285]
[142, 285, 287]
[283, 284, 286]
[285, 287, 428]
[145, 284, 286]
[146, 289, 291]
[288, 290, 431]
[289, 291, 432]
[288, 290, 293]
[150, 293, 295]
[291, 292, 294]
[293, 295, 436]
[292, 294, 297]
[154, 297, 299]
[295, 296, 298]
[297, 299, 440]
[296, 298, 301]
[158, 301, 303]
[299, 300, 302]
[301, 303, 444]
[300, 302, 305]
[162, 305, 307]
[303, 304, 306]
[305, 307, 448]
[304, 306, 309]
[166, 309, 311]
[307, 308, 310]
[309, 311, 452]
[308, 310, 313]
[170, 313, 315]
[311, 312, 314]
[313, 315, 456]
[312, 314, 317]
[174, 317, 319]
[315, 316, 318]
[317, 319, 460]
[316, 318, 321]
[178, 321, 323]
[319, 320, 322]
[321, 323, 464]
[320, 322, 325]
[182, 325, 327]
[323, 324, 326]
[325, 327, 468]
[324, 326, 329]
[186, 329, 331]
[327, 328, 330]
[329, 331, 472]
[328, 330, 333]
[190, 333, 335]
[331, 332, 334]
[333, 335, 476]
[332, 334, 337]
[194, 337, 339]
[335, 336, 338]
[337, 339, 480]
[336, 338, 341]
[198, 341, 343]
[339, 340, 342]
[341, 343, 484]
[340, 342, 345]
[202, 345, 347]
[343, 344, 346]
[345, 347, 488]
[344, 346, 349]
[206, 349, 351]
[347, 348, 350]
[349, 351, 492]
[348, 350, 353]
[210, 353, 355]
[351, 352, 354]
[353, 355, 496]
[352, 354, 357]
[214, 357, 359]
[355, 356, 358]
[357, 359, 500]
[356, 358, 361]
[218, 361, 363]
[359, 360, 362]
[361, 363, 504]
[360, 362, 365]
[222, 365, 367]
[363, 364, 366]
[365, 367, 508]
[364, 366, 369]
[226, 369, 371]
[367, 368, 370]
[369, 371, 512]
[368, 370, 373]
[230, 373, 375]
[371, 372, 374]
[373, 375, 516]
[372, 374, 377]
[234, 377, 379]
[375, 376, 378]
[377, 379, 520]
[376, 378, 381]
[238, 381, 383]
[379, 380, 382]
[381, 383, 524]
[380, 382, 385]
[242, 385, 387]
[383, 384, 386]
[385, 387, 528]
[384, 386, 389]
[246, 389, 391]
[387, 388, 390]
[389, 391, 532]
[388, 390, 393]
[250, 393, 395]
[391, 392, 394]
[393, 395, 536]
[392, 394, 397]
[254, 397, 399]
[395, 396, 398]
[397, 399, 540]
[396, 398, 401]
[258, 401, 403]
[399, 400, 402]
[401, 403, 544]
[400, 402, 405]
[262, 405, 407]
[403, 404, 406]
[405, 407, 548]
[404, 406, 409]
[266, 409, 411]
[407, 408, 410]
[409, 411, 552]
[408, 410, 413]
[270, 413, 415]
[411, 412, 414]
[413, 415, 556]
[412, 414, 417]
[274, 417, 419]
[415, 416, 418]
[417, 419, 560]
[416, 418, 421]
[278, 421, 423]
[419, 420, 422]
[421, 423, 564]
[420, 422, 425]
[282, 425, 427]
[423, 424, 426]
[425, 427, 568]
[424, 426, 429]
[286, 429, 431]
[427, 428, 430]
[429, 431, 572]
[289, 428, 430]
[290, 433, 435]
[432, 434, 575]
[433, 435, 576]
[432, 434, 437]
[294, 437, 439]
[435, 436, 438]
[437, 439, 580]
[436, 438, 441]
[298, 441, 443]
[439, 440, 442]
[441, 443, 584]
[440, 442, 445]
[302, 445, 447]
[443, 444, 446]
[445, 447, 588]
[444, 446, 449]
[306, 449, 451]
[447, 448, 450]
[449, 451, 592]
[448, 450, 453]
[310, 453, 455]
[451, 452, 454]
[453, 455, 596]
[452, 454, 457]
[314, 457, 459]
[455, 456, 458]
[457, 459, 600]
[456, 458, 461]
[318, 461, 463]
[459, 460, 462]
[461, 463, 604]
[460, 462, 465]
[322, 465, 467]
[463, 464, 466]
[465, 467, 608]
[464, 466, 469]
[326, 469, 471]
[467, 468, 470]
[469, 471, 612]
[468, 470, 473]
[330, 473, 475]
[471, 472, 474]
[473, 475, 616]
[472, 474, 477]
[334, 477, 479]
[475, 476, 478]
[477, 479, 620]
[476, 478, 481]
[338, 481, 483]
[479, 480, 482]
[481, 483, 624]
[480, 482, 485]
[342, 485, 487]
[483, 484, 486]
[485, 487, 628]
[484, 486, 489]
[346, 489, 491]
[487, 488, 490]
[489, 491, 632]
[488, 490, 493]
[350, 493, 495]
[491, 492, 494]
[493, 495, 636]
[492, 494, 497]
[354, 497, 499]
[495, 496, 498]
[497, 499, 640]
[496, 498, 501]
[358, 501, 503]
[499, 500, 502]
[501, 503, 644]
[500, 502, 505]
[362, 505, 507]
[503, 504, 506]
[505, 507, 648]
[504, 506, 509]
[366, 509, 511]
[507, 508, 510]
[509, 511, 652]
[508, 510, 513]
[370, 513, 515]
[511, 512, 514]
[513, 515, 656]
[512, 514, 517]
[374, 517, 519]
[515, 516, 518]
[517, 519, 660]
[516, 518, 521]
[378, 521, 523]
[519, 520, 522]
[521, 523, 664]
[520, 522, 525]
[382, 525, 527]
[523, 524, 526]
[525, 527, 668]
[524, 526, 529]
[386, 529, 531]
[527, 528, 530]
[529, 531, 672]
[528, 530, 533]
[390, 533, 535]
[531, 532, 534]
[533, 535, 676]
[532, 534, 537]
[394, 537, 539]
[535, 536, 538]
[537, 539, 680]
[536, 538, 541]
[398, 541, 543]
[539, 540, 542]
[541, 543, 684]
[540, 542, 545]
[402, 545, 547]
[543, 544, 546]
[545, 547, 688]
[544, 546, 549]
[406, 549, 551]
[547, 548, 550]
[549, 551, 692]
[548, 550, 553]
[410, 553, 555]
[551, 552, 554]
[553, 555, 696]
[552, 554, 557]
[414, 557, 559]
[555, 556, 558]
[557, 559, 700]
[556, 558, 561]
[418, 561, 563]
[559, 560, 562]
[561, 563, 704]
[560, 562, 565]
[422, 565, 567]
[563, 564, 566]
[565, 567, 708]
[564, 566, 569]
[426, 569, 571]
[567, 568, 570]
[569, 571, 712]
[568, 570, 573]
[430, 573, 575]
[571, 572, 574]
[573, 575, 716]
[433, 572, 574]
[434, 577, 579]
[576, 578, 719]
[577, 579, 720]
[576, 578, 581]
[438, 581, 583]
[579, 580, 582]
[581, 583, 724]
[580, 582, 585]
[442, 585, 587]
[583, 584, 586]
[585, 587, 728]
[584, 586, 589]
[446, 589, 591]
[587, 588, 590]
[589, 591, 732]
[588, 590, 593]
[450, 593, 595]
[591, 592, 594]
[593, 595, 736]
[592, 594, 597]
[454, 597, 599]
[595, 596, 598]
[597, 599, 740]
[596, 598, 601]
[458, 601, 603]
[599, 600, 602]
[601, 603, 744]
[600, 602, 605]
[462, 605, 607]
[603, 604, 606]
[605, 607, 748]
[604, 606, 609]
[466, 609, 611]
[607, 608, 610]
[609, 611, 752]
[608, 610, 613]
[470, 613, 615]
[611, 612, 614]
[613, 615, 756]
[612, 614, 617]
[474, 617, 619]
[615, 616, 618]
[617, 619, 760]
[616, 618, 621]
[478, 621, 623]
[619, 620, 622]
[621, 623, 764]
[620, 622, 625]
[482, 625, 627]
[623, 624, 626]
[625, 627, 768]
[624, 626, 629]
[486, 629, 631]
[627, 628, 630]
[629, 631, 772]
[628, 630, 633]
[490, 633, 635]
[631, 632, 634]
[633, 635, 776]
[632, 634, 637]
[494, 637, 639]
[635, 636, 638]
[637, 639, 780]
[636, 638, 641]
[498, 641, 643]
[639, 640, 642]
[641, 643, 784]
[640, 642, 645]
[502, 645, 647]
[643, 644, 646]
[645, 647, 788]
[644, 646, 649]
[506, 649, 651]
[647, 648, 650]
[649, 651, 792]
[648, 650, 653]
[510, 653, 655]
[651, 652, 654]
[653, 655, 796]
[652, 654, 657]
[514, 657, 659]
[655, 656, 658]
[657, 659, 800]
[656, 658, 661]
[518, 661, 663]
[659, 660, 662]
[661, 663, 804]
[660, 662, 665]
[522, 665, 667]
[663, 664, 666]
[665, 667, 808]
[664, 666, 669]
[526, 669, 671]
[667, 668, 670]
[669, 671, 812]
[668, 670, 673]
[530, 673, 675]
[671, 672, 674]
[673, 675, 816]
[672, 674, 677]
[534, 677, 679]
[675, 676, 678]
[677, 679, 820]
[676, 678, 681]
[538, 681, 683]
[679, 680, 682]
[681, 683, 824]
[680, 682, 685]
[542, 685, 687]
[683, 684, 686]
[685, 687, 828]
[684, 686, 689]
[546, 689, 691]
[687, 688, 690]
[689, 691, 832]
[688, 690, 693]
[550, 693, 695]
[691, 692, 694]
[693, 695, 836]
[692, 694, 697]
[554, 697, 699]
[695, 696, 698]
[697, 699, 840]
[696, 698, 701]
[558, 701, 703]
[699, 700, 702]
[701, 703, 844]
[700, 702, 705]
[562, 705, 707]
[703, 704, 706]
[705, 707, 848]
[704, 706, 709]
[566, 709, 711]
[707, 708, 710]
[709, 711, 852]
[708, 710, 713]
[570, 713, 715]
[711, 712, 714]
[713, 715, 856]
[712, 714, 717]
[574, 717, 719]
[715, 716, 718]
[717, 719, 860]
[577, 716, 718]
[578, 721, 723]
[720, 722, 863]
[721, 723, 864]
[720, 722, 725]
[582, 725, 727]
[723, 724, 726]
[725, 727, 868]
[724, 726, 729]
[586, 729, 731]
[727, 728, 730]
[729, 731, 872]
[728, 730, 733]
[590, 733, 735]
[731, 732, 734]
[733, 735, 876]
[732, 734, 737]
[594, 737, 739]
[735, 736, 738]
[737, 739, 880]
[736, 738, 741]
[598, 741, 743]
[739, 740, 742]
[741, 743, 884]
[740, 742, 745]
[602, 745, 747]
[743, 744, 746]
[745, 747, 888]
[744, 746, 749]
[606, 749, 751]
[747, 748, 750]
[749, 751, 892]
[748, 750, 753]
[610, 753, 755]
[751, 752, 754]
[753, 755, 896]
[752, 754, 757]
[614, 757, 759]
[755, 756, 758]
[757, 759, 900]
[756, 758, 761]
[618, 761, 763]
[759, 760, 762]
[761, 763, 904]
[760, 762, 765]
[622, 765, 767]
[763, 764, 766]
[765, 767, 908]
[764, 766, 769]
[626, 769, 771]
[767, 768, 770]
[769, 771, 912]
[768, 770, 773]
[630, 773, 775]
[771, 772, 774]
[773, 775, 916]
[772, 774, 777]
[634, 777, 779]
[775, 776, 778]
[777, 779, 920]
[776, 778, 781]
[638, 781, 783]
[779, 780, 782]
[781, 783, 924]
[780, 782, 785]
[642, 785, 787]
[783, 784, 786]
[785, 787, 928]
[784, 786, 789]
[646, 789, 791]
[787, 788, 790]
[789, 791, 932]
[788, 790, 793]
[650, 793, 795]
[791, 792, 794]
[793, 795, 936]
[792, 794, 797]
[654, 797, 799]
[795, 796, 798]
[797, 799, 940]
[796, 798, 801]
[658, 801, 803]
[799, 800, 802]
[801, 803, 944]
[800, 802, 805]
[662, 805, 807]
[803, 804, 806]
[805, 807, 948]
[804, 806, 809]
[666, 809, 811]
[807, 808, 810]
[809, 811, 952]
[808, 810, 813]
[670, 813, 815]
[811, 812, 814]
[813, 815, 956]
[812, 814, 817]
[674, 817, 819]
[815, 816, 818]
[817, 819, 960]
[816, 818, 821]
[678, 821, 823]
[819, 820, 822]
[821, 823, 964]
[820, 822, 825]
[682, 825, 827]
[823, 824, 826]
[825, 827, 968]
[824, 826, 829]
[686, 829, 831]
[827, 828, 830]
[829, 831, 972]
[828, 830, 833]
[690, 833, 835]
[831, 832, 834]
[833, 835, 976]
[832, 834, 837]
[694, 837, 839]
[835, 836, 838]
[837, 839, 980]
[836, 838, 841]
[698, 841, 843]
[839, 840, 842]
[841, 843, 984]
[840, 842, 845]
[702, 845, 847]
[843, 844, 846]
[845, 847, 988]
[844, 846, 849]
[706, 849, 851]
[847, 848, 850]
[849, 851, 992]
[848, 850, 853]
[710, 853, 855]
[851, 852, 854]
[853, 855, 996]
[852, 854, 857]
[714, 857, 859]
[855, 856, 858]
[857, 859, 1000]
[856, 858, 861]
[718, 861, 863]
[859, 860, 862]
[861, 863, 1004]
[721, 860, 862]
[722, 865, 867]
[864, 866, 1007]
[865, 867, 1008]
[864, 866, 869]
[726, 869, 871]
[867, 868, 870]
[869, 871, 1012]
[868, 870, 873]
[730, 873, 875]
[871, 872, 874]
[873, 875, 1016]
[872, 874, 877]
[734, 877, 879]
[875, 876, 878]
[877, 879, 1020]
[876, 878, 881]
[738, 881, 883]
[879, 880, 882]
[881, 883, 1024]
[880, 882, 885]
[742, 885, 887]
[883, 884, 886]
[885, 887, 1028]
[884, 886, 889]
[746, 889, 891]
[887, 888, 890]
[889, 891, 1032]
[888, 890, 893]
[750, 893, 895]
[891, 892, 894]
[893, 895, 1036]
[892, 894, 897]
[754, 897, 899]
[895, 896, 898]
[897, 899, 1040]
[896, 898, 901]
[758, 901, 903]
[899, 900, 902]
[901, 903, 1044]
[900, 902, 905]
[762, 905, 907]
[903, 904, 906]
[905, 907, 1048]
[904, 906, 909]
[766, 909, 911]
[907, 908, 910]
[909, 911, 1052]
[908, 910, 913]
[770, 913, 915]
[911, 912, 914]
[913, 915, 1056]
[912, 914, 917]
[774, 917, 919]
[915, 916, 918]
[917, 919, 1060]
[916, 918, 921]
[778, 921, 923]
[919, 920, 922]
[921, 923, 1064]
[920, 922, 925]
[782, 925, 927]
[923, 924, 926]
[925, 927, 1068]
[924, 926, 929]
[786, 929, 931]
[927, 928, 930]
[929, 931, 1072]
[928, 930, 933]
[790, 933, 935]
[931, 932, 934]
[933, 935, 1076]
[932, 934, 937]
[794, 937, 939]
[935, 936, 938]
[937, 939, 1080]
[936, 938, 941]
[798, 941, 943]
[939, 940, 942]
[941, 943, 1084]
[940, 942, 945]
[802, 945, 947]
[943, 944, 946]
[945, 947, 1088]
[944, 946, 949]
[806, 949, 951]
[947, 948, 950]
[949, 951, 1092]
[948, 950, 953]
[810, 953, 955]
[951, 952, 954]
[953, 955, 1096]
[952, 954, 957]
[814, 957, 959]
[955, 956, 958]
[957, 959, 1100]
[956, 958, 961]
[818, 961, 963]
[959, 960, 962]
[961, 963, 1104]
[960, 962, 965]
[822, 965, 967]
[963, 964, 966]
[965, 967, 1108]
[964, 966, 969]
[826, 969, 971]
[967, 968, 970]
[969, 971, 1112]
[968, 970, 973]
[830, 973, 975]
[971, 972, 974]
[973, 975, 1116]
[972, 974, 977]
[834, 977, 979]
[975, 976, 978]
[977, 979, 1120]
[976, 978, 981]
[838, 981, 983]
[979, 980, 982]
[981, 983, 1124]
[980, 982, 985]
[842, 985, 987]
[983, 984, 986]
[985, 987, 1128]
[984, 986, 989]
[846, 989, 991]
[987, 988, 990]
[989, 991, 1132]
[988, 990, 993]
[850, 993, 995]
[991, 992, 994]
[993, 995, 1136]
[992, 994, 997]
[854, 997, 999]
[995, 996, 998]
[997, 999, 1140]
[996, 998, 1001]
[858, 1001, 1003]
[999, 1000, 1002]
[1001, 1003, 1144]
[1000, 1002, 1005]
[862, 1005, 1007]
[1003, 1004, 1006]
[1005, 1007, 1148]
[865, 1004, 1006]
[866, 1009, 1011]
[1008, 1010, 1151]
[1009, 1011, 1152]
[1008, 1010, 1013]
[870, 1013, 1015]
[1011, 1012, 1014]
[1013, 1015, 1156]
[1012, 1014, 1017]
[874, 1017, 1019]
[1015, 1016, 1018]
[1017, 1019, 1160]
[1016, 1018, 1021]
[878, 1021, 1023]
[1019, 1020, 1022]
[1021, 1023, 1164]
[1020, 1022, 1025]
[882, 1025, 1027]
[1023, 1024, 1026]
[1025, 1027, 1168]
[1024, 1026, 1029]
[886, 1029, 1031]
[1027, 1028, 1030]
[1029, 1031, 1172]
[1028, 1030, 1033]
[890, 1033, 1035]
[1031, 1032, 1034]
[1033, 1035, 1176]
[1032, 1034, 1037]
[894, 1037, 1039]
[1035, 1036, 1038]
[1037, 1039, 1180]
[1036, 1038, 1041]
[898, 1041, 1043]
[1039, 1040, 1042]
[1041, 1043, 1184]
[1040, 1042, 1045]
[902, 1045, 1047]
[1043, 1044, 1046]
[1045, 1047, 1188]
[1044, 1046, 1049]
[906, 1049, 1051]
[1047, 1048, 1050]
[1049, 1051, 1192]
[1048, 1050, 1053]
[910, 1053, 1055]
[1051, 1052, 1054]
[1053, 1055, 1196]
[1052, 1054, 1057]
[914, 1057, 1059]
[1055, 1056, 1058]
[1057, 1059, 1200]
[1056, 1058, 1061]
[918, 1061, 1063]
[1059, 1060, 1062]
[1061, 1063, 1204]
[1060, 1062, 1065]
[922, 1065, 1067]
[1063, 1064, 1066]
[1065, 1067, 1208]
[1064, 1066, 1069]
[926, 1069, 1071]
[1067, 1068, 1070]
[1069, 1071, 1212]
[1068, 1070, 1073]
[930, 1073, 1075]
[1071, 1072, 1074]
[1073, 1075, 1216]
[1072, 1074, 1077]
[934, 1077, 1079]
[1075, 1076, 1078]
[1077, 1079, 1220]
[1076, 1078, 1081]
[938, 1081, 1083]
[1079, 1080, 1082]
[1081, 1083, 1224]
[1080, 1082, 1085]
[942, 1085, 1087]
[1083, 1084, 1086]
[1085, 1087, 1228]
[1084, 1086, 1089]
[946, 1089, 1091]
[1087, 1088, 1090]
[1089, 1091, 1232]
[1088, 1090, 1093]
[950, 1093, 1095]
[1091, 1092, 1094]
[1093, 1095, 1236]
[1092, 1094, 1097]
[954, 1097, 1099]
[1095, 1096, 1098]
[1097, 1099, 1240]
[1096, 1098, 1101]
[958, 1101, 1103]
[1099, 1100, 1102]
[1101, 1103, 1244]
[1100, 1102, 1105]
[962, 1105, 1107]
[1103, 1104, 1106]
[1105, 1107, 1248]
[1104, 1106, 1109]
[966, 1109, 1111]
[1107, 1108, 1110]
[1109, 1111, 1252]
[1108, 1110, 1113]
[970, 1113, 1115]
[1111, 1112, 1114]
[1113, 1115, 1256]
[1112, 1114, 1117]
[974, 1117, 1119]
[1115, 1116, 1118]
[1117, 1119, 1260]
[1116, 1118, 1121]
[978, 1121, 1123]
[1119, 1120, 1122]
[1121, 1123, 1264]
[1120, 1122, 1125]
[982, 1125, 1127]
[1123, 1124, 1126]
[1125, 1127, 1268]
[1124, 1126, 1129]
[986, 1129, 1131]
[1127, 1128, 1130]
[1129, 1131, 1272]
[1128, 1130, 1133]
[990, 1133, 1135]
[1131, 1132, 1134]
[1133, 1135, 1276]
[1132, 1134, 1137]
[994, 1137, 1139]
[1135, 1136, 1138]
[1137, 1139, 1280]
[1136, 1138, 1141]
[998, 1141, 1143]
[1139, 1140, 1142]
[1141, 1143, 1284]
[1140, 1142, 1145]
[1002, 1145, 1147]
[1143, 1144, 1146]
[1145, 1147, 1288]
[1144, 1146, 1149]
[1006, 1149, 1151]
[1147, 1148, 1150]
[1149, 1151, 1292]
[1009, 1148, 1150]
[1010, 1153, 1155]
[1152, 1154, 1295]
[1153, 1155, 1296]
[1152, 1154, 1157]
[1014, 1157, 1159]
[1155, 1156, 1158]
[1157, 1159, 1300]
[1156, 1158, 1161]
[1018, 1161, 1163]
[1159, 1160, 1162]
[1161, 1163, 1304]
[1160, 1162, 1165]
[1022, 1165, 1167]
[1163, 1164, 1166]
[1165, 1167, 1308]
[1164, 1166, 1169]
[1026, 1169, 1171]
[1167, 1168, 1170]
[1169, 1171, 1312]
[1168, 1170, 1173]
[1030, 1173, 1175]
[1171, 1172, 1174]
[1173, 1175, 1316]
[1172, 1174, 1177]
[1034, 1177, 1179]
[1175, 1176, 1178]
[1177, 1179, 1320]
[1176, 1178, 1181]
[1038, 1181, 1183]
[1179, 1180, 1182]
[1181, 1183, 1324]
[1180, 1182, 1185]
[1042, 1185, 1187]
[1183, 1184, 1186]
[1185, 1187, 1328]
[1184, 1186, 1189]
[1046, 1189, 1191]
[1187, 1188, 1190]
[1189, 1191, 1332]
[1188, 1190, 1193]
[1050, 1193, 1195]
[1191, 1192, 1194]
[1193, 1195, 1336]
[1192, 1194, 1197]
[1054, 1197, 1199]
[1195, 1196, 1198]
[1197, 1199, 1340]
[1196, 1198, 1201]
[1058, 1201, 1203]
[1199, 1200, 1202]
[1201, 1203, 1344]
[1200, 1202, 1205]
[1062, 1205, 1207]
[1203, 1204, 1206]
[1205, 1207, 1348]
[1204, 1206, 1209]
[1066, 1209, 1211]
[1207, 1208, 1210]
[1209, 1211, 1352]
[1208, 1210, 1213]
[1070, 1213, 1215]
[1211, 1212, 1214]
[1213, 1215, 1356]
[1212, 1214, 1217]
[1074, 1217, 1219]
[1215, 1216, 1218]
[1217, 1219, 1360]
[1216, 1218, 1221]
[1078, 1221, 1223]
[1219, 1220, 1222]
[1221, 1223, 1364]
[1220, 1222, 1225]
[1082, 1225, 1227]
[1223, 1224, 1226]
[1225, 1227, 1368]
[1224, 1226, 1229]
[1086, 1229, 1231]
[1227, 1228, 1230]
[1229, 1231, 1372]
[1228, 1230, 1233]
[1090, 1233, 1235]
[1231, 1232, 1234]
[1233, 1235, 1376]
[1232, 1234, 1237]
[1094, 1237, 1239]
[1235, 1236, 1238]
[1237, 1239, 1380]
[1236, 1238, 1241]
[1098, 1241, 1243]
[1239, 1240, 1242]
[1241, 1243, 1384]
[1240, 1242, 1245]
[1102, 1245, 1247]
[1243, 1244, 1246]
[1245, 1247, 1388]
[1244, 1246, 1249]
[1106, 1249, 1251]
[1247, 1248, 1250]
[1249, 1251, 1392]
[1248, 1250, 1253]
[1110, 1253, 1255]
[1251, 1252, 1254]
[1253, 1255, 1396]
[1252, 1254, 1257]
[1114, 1257, 1259]
[1255, 1256, 1258]
[1257, 1259, 1400]
[1256, 1258, 1261]
[1118, 1261, 1263]
[1259, 1260, 1262]
[1261, 1263, 1404]
[1260, 1262, 1265]
[1122, 1265, 1267]
[1263, 1264, 1266]
[1265, 1267, 1408]
[1264, 1266, 1269]
[1126, 1269, 1271]
[1267, 1268, 1270]
[1269, 1271, 1412]
[1268, 1270, 1273]
[1130, 1273, 1275]
[1271, 1272, 1274]
[1273, 1275, 1416]
[1272, 1274, 1277]
[1134, 1277, 1279]
[1275, 1276, 1278]
[1277, 1279, 1420]
[1276, 1278, 1281]
[1138, 1281, 1283]
[1279, 1280, 1282]
[1281, 1283, 1424]
[1280, 1282, 1285]
[1142, 1285, 1287]
[1283, 1284, 1286]
[1285, 1287, 1428]
[1284, 1286, 1289]
[1146, 1289, 1291]
[1287, 1288, 1290]
[1289, 1291, 1432]
[1288, 1290, 1293]
[1150, 1293, 1295]
[1291, 1292, 1294]
[1293, 1295, 1436]
[1153, 1292, 1294]
[1154, 1297, 1299]
[1296, 1298, 1439]
[1297, 1299, 1440]
[1296, 1298, 1301]
[1158, 1301, 1303]
[1299, 1300, 1302]
[1301, 1303, 1444]
[1300, 1302, 1305]
[1162, 1305, 1307]
[1303, 1304, 1306]
[1305, 1307, 1448]
[1304, 1306, 1309]
[1166, 1309, 1311]
[1307, 1308, 1310]
[1309, 1311, 1452]
[1308, 1310, 1313]
[1170, 1313, 1315]
[1311, 1312, 1314]
[1313, 1315, 1456]
[1312, 1314, 1317]
[1174, 1317, 1319]
[1315, 1316, 1318]
[1317, 1319, 1460]
[1316, 1318, 1321]
[1178, 1321, 1323]
[1319, 1320, 1322]
[1321, 1323, 1464]
[1320, 1322, 1325]
[1182, 1325, 1327]
[1323, 1324, 1326]
[1325, 1327, 1468]
[1324, 1326, 1329]
[1186, 1329, 1331]
[1327, 1328, 1330]
[1329, 1331, 1472]
[1328, 1330, 1333]
[1190, 1333, 1335]
[1331, 1332, 1334]
[1333, 1335, 1476]
[1332, 1334, 1337]
[1194, 1337, 1339]
[1335, 1336, 1338]
[1337, 1339, 1480]
[1336, 1338, 1341]
[1198, 1341, 1343]
[1339, 1340, 1342]
[1341, 1343, 1484]
[1340, 1342, 1345]
[1202, 1345, 1347]
[1343, 1344, 1346]
[1345, 1347, 1488]
[1344, 1346, 1349]
[1206, 1349, 1351]
[1347, 1348, 1350]
[1349, 1351, 1492]
[1348, 1350, 1353]
[1210, 1353, 1355]
[1351, 1352, 1354]
[1353, 1355, 1496]
[1352, 1354, 1357]
[1214, 1357, 1359]
[1355, 1356, 1358]
[1357, 1359, 1500]
[1356, 1358, 1361]
[1218, 1361, 1363]
[1359, 1360, 1362]
[1361, 1363, 1504]
[1360, 1362, 1365]
[1222, 1365, 1367]
[1363, 1364, 1366]
[1365, 1367, 1508]
[1364, 1366, 1369]
[1226, 1369, 1371]
[1367, 1368, 1370]
[1369, 1371, 1512]
[1368, 1370, 1373]
[1230, 1373, 1375]
[1371, 1372, 1374]
[1373, 1375, 1516]
[1372, 1374, 1377]
[1234, 1377, 1379]
[1375, 1376, 1378]
[1377, 1379, 1520]
[1376, 1378, 1381]
[1238, 1381, 1383]
[1379, 1380, 1382]
[1381, 1383, 1524]
[1380, 1382, 1385]
[1242, 1385, 1387]
[1383, 1384, 1386]
[1385, 1387, 1528]
[1384, 1386, 1389]
[1246, 1389, 1391]
[1387, 1388, 1390]
[1389, 1391, 1532]
[1388, 1390, 1393]
[1250, 1393, 1395]
[1391, 1392, 1394]
[1393, 1395, 1536]
[1392, 1394, 1397]
[1254, 1397, 1399]
[1395, 1396, 1398]
[1397, 1399, 1540]
[1396, 1398, 1401]
[1258, 1401, 1403]
[1399, 1400, 1402]
[1401, 1403, 1544]
[1400, 1402, 1405]
[1262, 1405, 1407]
[1403, 1404, 1406]
[1405, 1407, 1548]
[1404, 1406, 1409]
[1266, 1409, 1411]
[1407, 1408, 1410]
[1409, 1411, 1552]
[1408, 1410, 1413]
[1270, 1413, 1415]
[1411, 1412, 1414]
[1413, 1415, 1556]
[1412, 1414, 1417]
[1274, 1417, 1419]
[1415, 1416, 1418]
[1417, 1419, 1560]
[1416, 1418, 1421]
[1278, 1421, 1423]
[1419, 1420, 1422]
[1421, 1423, 1564]
[1420, 1422, 1425]
[1282, 1425, 1427]
[1423, 1424, 1426]
[1425, 1427, 1568]
[1424, 1426, 1429]
[1286, 1429, 1431]
[1427, 1428, 1430]
[1429, 1431, 1572]
[1428, 1430, 1433]
[1290, 1433, 1435]
[1431, 1432, 1434]
[1433, 1435, 1576]
[1432, 1434, 1437]
[1294, 1437, 1439]
[1435, 1436, 1438]
[1437, 1439, 1580]
[1297, 1436, 1438]
[1298, 1441, 1443]
[1440, 1442, 1583]
[1441, 1443, 1584]
[1440, 1442, 1445]
[1302, 1445, 1447]
[1443, 1444, 1446]
[1445, 1447, 1588]
[1444, 1446, 1449]
[1306, 1449, 1451]
[1447, 1448, 1450]
[1449, 1451, 1592]
[1448, 1450, 1453]
[1310, 1453, 1455]
[1451, 1452, 1454]
[1453, 1455, 1596]
[1452, 1454, 1457]
[1314, 1457, 1459]
[1455, 1456, 1458]
[1457, 1459, 1600]
[1456, 1458, 1461]
[1318, 1461, 1463]
[1459, 1460, 1462]
[1461, 1463, 1604]
[1460, 1462, 1465]
[1322, 1465, 1467]
[1463, 1464, 1466]
[1465, 1467, 1608]
[1464, 1466, 1469]
[1326, 1469, 1471]
[1467, 1468, 1470]
[1469, 1471, 1612]
[1468, 1470, 1473]
[1330, 1473, 1475]
[1471, 1472, 1474]
[1473, 1475, 1616]
[1472, 1474, 1477]
[1334, 1477, 1479]
[1475, 1476, 1478]
[1477, 1479, 1620]
[1476, 1478, 1481]
[1338, 1481, 1483]
[1479, 1480, 1482]
[1481, 1483, 1624]
[1480, 1482, 1485]
[1342, 1485, 1487]
[1483, 1484, 1486]
[1485, 1487, 1628]
[1484, 1486, 1489]
[1346, 1489, 1491]
[1487, 1488, 1490]
[1489, 1491, 1632]
[1488, 1490, 1493]
[1350, 1493, 1495]
[1491, 1492, 1494]
[1493, 1495, 1636]
[1492, 1494, 1497]
[1354, 1497, 1499]
[1495, 1496, 1498]
[1497, 1499, 1640]
[1496, 1498, 1501]
[1358, 1501, 1503]
[1499, 1500, 1502]
[1501, 1503, 1644]
[1500, 1502, 1505]
[1362, 1505, 1507]
[1503, 1504, 1506]
[1505, 1507, 1648]
[1504, 1506, 1509]
[1366, 1509, 1511]
[1507, 1508, 1510]
[1509, 1511, 1652]
[1508, 1510, 1513]
[1370, 1513, 1515]
[1511, 1512, 1514]
[1513, 1515, 1656]
[1512, 1514, 1517]
[1374, 1517, 1519]
[1515, 1516, 1518]
[1517, 1519, 1660]
[1516, 1518, 1521]
[1378, 1521, 1523]
[1519, 1520, 1522]
[1521, 1523, 1664]
[1520, 1522, 1525]
[1382, 1525, 1527]
[1523, 1524, 1526]
[1525, 1527, 1668]
[1524, 1526, 1529]
[1386, 1529, 1531]
[1527, 1528, 1530]
[1529, 1531, 1672]
[1528, 1530, 1533]
[1390, 1533, 1535]
[1531, 1532, 1534]
[1533, 1535, 1676]
[1532, 1534, 1537]
[1394, 1537, 1539]
[1535, 1536, 1538]
[1537, 1539, 1680]
[1536, 1538, 1541]
[1398, 1541, 1543]
[1539, 1540, 1542]
[1541, 1543, 1684]
[1540, 1542, 1545]
[1402, 1545, 1547]
[1543, 1544, 1546]
[1545, 1547, 1688]
[1544, 1546, 1549]
[1406, 1549, 1551]
[1547, 1548, 1550]
[1549, 1551, 1692]
[1548, 1550, 1553]
[1410, 1553, 1555]
[1551, 1552, 1554]
[1553, 1555, 1696]
[1552, 1554, 1557]
[1414, 1557, 1559]
[1555, 1556, 1558]
[1557, 1559, 1700]
[1556, 1558, 1561]
[1418, 1561, 1563]
[1559, 1560, 1562]
[1561, 1563, 1704]
[1560, 1562, 1565]
[1422, 1565, 1567]
[1563, 1564, 1566]
[1565, 1567, 1708]
[1564, 1566, 1569]
[1426, 1569, 1571]
[1567, 1568, 1570]
[1569, 1571, 1712]
[1568, 1570, 1573]
[1430, 1573, 1575]
[1571, 1572, 1574]
[1573, 1575, 1716]
[1572, 1574, 1577]
[1434, 1577, 1579]
[1575, 1576, 1578]
[1577, 1579, 1720]
[1576, 1578, 1581]
[1438, 1581, 1583]
[1579, 1580, 1582]
[1581, 1583, 1724]
[1441, 1580, 1582]
[1442, 1585, 1587]
[1584, 1586, 1727]
[1585, 1587, 1728]
[1584, 1586, 1589]
[1446, 1589, 1591]
[1587, 1588, 1590]
[1589, 1591, 1732]
[1588, 1590, 1593]
[1450, 1593, 1595]
[1591, 1592, 1594]
[1593, 1595, 1736]
[1592, 1594, 1597]
[1454, 1597, 1599]
[1595, 1596, 1598]
[1597, 1599, 1740]
[1596, 1598, 1601]
[1458, 1601, 1603]
[1599, 1600, 1602]
[1601, 1603, 1744]
[1600, 1602, 1605]
[1462, 1605, 1607]
[1603, 1604, 1606]
[1605, 1607, 1748]
[1604, 1606, 1609]
[1466, 1609, 1611]
[1607, 1608, 1610]
[1609, 1611, 1752]
[1608, 1610, 1613]
[1470, 1613, 1615]
[1611, 1612, 1614]
[1613, 1615, 1756]
[1612, 1614, 1617]
[1474, 1617, 1619]
[1615, 1616, 1618]
[1617, 1619, 1760]
[1616, 1618, 1621]
[1478, 1621, 1623]
[1619, 1620, 1622]
[1621, 1623, 1764]
[1620, 1622, 1625]
[1482, 1625, 1627]
[1623, 1624, 1626]
[1625, 1627, 1768]
[1624, 1626, 1629]
[1486, 1629, 1631]
[1627, 1628, 1630]
[1629, 1631, 1772]
[1628, 1630, 1633]
[1490, 1633, 1635]
[1631, 1632, 1634]
[1633, 1635, 1776]
[1632, 1634, 1637]
[1494, 1637, 1639]
[1635, 1636, 1638]
[1637, 1639, 1780]
[1636, 1638, 1641]
[1498, 1641, 1643]
[1639, 1640, 1642]
[1641, 1643, 1784]
[1640, 1642, 1645]
[1502, 1645, 1647]
[1643, 1644, 1646]
[1645, 1647, 1788]
[1644, 1646, 1649]
[1506, 1649, 1651]
[1647, 1648, 1650]
[1649, 1651, 1792]
[1648, 1650, 1653]
[1510, 1653, 1655]
[1651, 1652, 1654]
[1653, 1655, 1796]
[1652, 1654, 1657]
[1514, 1657, 1659]
[1655, 1656, 1658]
[1657, 1659, 1800]
[1656, 1658, 1661]
[1518, 1661, 1663]
[1659, 1660, 1662]
[1661, 1663, 1804]
[1660, 1662, 1665]
[1522, 1665, 1667]
[1663, 1664, 1666]
[1665, 1667, 1808]
[1664, 1666, 1669]
[1526, 1669, 1671]
[1667, 1668, 1670]
[1669, 1671, 1812]
[1668, 1670, 1673]
[1530, 1673, 1675]
[1671, 1672, 1674]
[1673, 1675, 1816]
[1672, 1674, 1677]
[1534, 1677, 1679]
[1675, 1676, 1678]
[1677, 1679, 1820]
[1676, 1678, 1681]
[1538, 1681, 1683]
[1679, 1680, 1682]
[1681, 1683, 1824]
[1680, 1682, 1685]
[1542, 1685, 1687]
[1683, 1684, 1686]
[1685, 1687, 1828]
[1684, 1686, 1689]
[1546, 1689, 1691]
[1687, 1688, 1690]
[1689, 1691, 1832]
[1688, 1690, 1693]
[1550, 1693, 1695]
[1691, 1692, 1694]
[1693, 1695, 1836]
[1692, 1694, 1697]
[1554, 1697, 1699]
[1695, 1696, 1698]
[1697, 1699, 1840]
[1696, 1698, 1701]
[1558, 1701, 1703]
[1699, 1700, 1702]
[1701, 1703, 1844]
[1700, 1702, 1705]
[1562, 1705, 1707]
[1703, 1704, 1706]
[1705, 1707, 1848]
[1704, 1706, 1709]
[1566, 1709, 1711]
[1707, 1708, 1710]
[1709, 1711, 1852]
[1708, 1710, 1713]
[1570, 1713, 1715]
[1711, 1712, 1714]
[1713, 1715, 1856]
[1712, 1714, 1717]
[1574, 1717, 1719]
[1715, 1716, 1718]
[1717, 1719, 1860]
[1716, 1718, 1721]
[1578, 1721, 1723]
[1719, 1720, 1722]
[1721, 1723, 1864]
[1720, 1722, 1725]
[1582, 1725, 1727]
[1723, 1724, 1726]
[1725, 1727, 1868]
[1585, 1724, 1726]
[1586, 1729, 1731]
[1728, 1730, 1871]
[1729, 1731, 1872]
[1728, 1730, 1733]
[1590, 1733, 1735]
[1731, 1732, 1734]
[1733, 1735, 1876]
[1732, 1734, 1737]
[1594, 1737, 1739]
[1735, 1736, 1738]
[1737, 1739, 1880]
[1736, 1738, 1741]
[1598, 1741, 1743]
[1739, 1740, 1742]
[1741, 1743, 1884]
[1740, 1742, 1745]
[1602, 1745, 1747]
[1743, 1744, 1746]
[1745, 1747, 1888]
[1744, 1746, 1749]
[1606, 1749, 1751]
[1747, 1748, 1750]
[1749, 1751, 1892]
[1748, 1750, 1753]
[1610, 1753, 1755]
[1751, 1752, 1754]
[1753, 1755, 1896]
[1752, 1754, 1757]
[1614, 1757, 1759]
[1755, 1756, 1758]
[1757, 1759, 1900]
[1756, 1758, 1761]
[1618, 1761, 1763]
[1759, 1760, 1762]
[1761, 1763, 1904]
[1760, 1762, 1765]
[1622, 1765, 1767]
[1763, 1764, 1766]
[1765, 1767, 1908]
[1764, 1766, 1769]
[1626, 1769, 1771]
[1767, 1768, 1770]
[1769, 1771, 1912]
[1768, 1770, 1773]
[1630, 1773, 1775]
[1771, 1772, 1774]
[1773, 1775, 1916]
[1772, 1774, 1777]
[1634, 1777, 1779]
[1775, 1776, 1778]
[1777, 1779, 1920]
[1776, 1778, 1781]
[1638, 1781, 1783]
[1779, 1780, 1782]
[1781, 1783, 1924]
[1780, 1782, 1785]
[1642, 1785, 1787]
[1783, 1784, 1786]
[1785, 1787, 1928]
[1784, 1786, 1789]
[1646, 1789, 1791]
[1787, 1788, 1790]
[1789, 1791, 1932]
[1788, 1790, 1793]
[1650, 1793, 1795]
[1791, 1792, 1794]
[1793, 1795, 1936]
[1792, 1794, 1797]
[1654, 1797, 1799]
[1795, 1796, 1798]
[1797, 1799, 1940]
[1796, 1798, 1801]
[1658, 1801, 1803]
[1799, 1800, 1802]
[1801, 1803, 1944]
[1800, 1802, 1805]
[1662, 1805, 1807]
[1803, 1804, 1806]
[1805, 1807, 1948]
[1804, 1806, 1809]
[1666, 1809, 1811]
[1807, 1808, 1810]
[1809, 1811, 1952]
[1808, 1810, 1813]
[1670, 1813, 1815]
[1811, 1812, 1814]
[1813, 1815, 1956]
[1812, 1814, 1817]
[1674, 1817, 1819]
[1815, 1816, 1818]
[1817, 1819, 1960]
[1816, 1818, 1821]
[1678, 1821, 1823]
[1819, 1820, 1822]
[1821, 1823, 1964]
[1820, 1822, 1825]
[1682, 1825, 1827]
[1823, 1824, 1826]
[1825, 1827, 1968]
[1824, 1826, 1829]
[1686, 1829, 1831]
[1827, 1828, 1830]
[1829, 1831, 1972]
[1828, 1830, 1833]
[1690, 1833, 1835]
[1831, 1832, 1834]
[1833, 1835, 1976]
[1832, 1834, 1837]
[1694, 1837, 1839]
[1835, 1836, 1838]
[1837, 1839, 1980]
[1836, 1838, 1841]
[1698, 1841, 1843]
[1839, 1840, 1842]
[1841, 1843, 1984]
[1840, 1842, 1845]
[1702, 1845, 1847]
[1843, 1844, 1846]
[1845, 1847, 1988]
[1844, 1846, 1849]
[1706, 1849, 1851]
[1847, 1848, 1850]
[1849, 1851, 1992]
[1848, 1850, 1853]
[1710, 1853, 1855]
[1851, 1852, 1854]
[1853, 1855, 1996]
[1852, 1854, 1857]
[1714, 1857, 1859]
[1855, 1856, 1858]
[1857, 1859, 2000]
[1856, 1858, 1861]
[1718, 1861, 1863]
[1859, 1860, 1862]
[1861, 1863, 2004]
[1860, 1862, 1865]
[1722, 1865, 1867]
[1863, 1864, 1866]
[1865, 1867, 2008]
[1864, 1866, 1869]
[1726, 1869, 1871]
[1867, 1868, 1870]
[1869, 1871, 2012]
[1729, 1868, 1870]
[1730, 1873, 1875]
[1872, 1874, 2015]
[1873, 1875, 2016]
[1872, 1874, 1877]
[1734, 1877, 1879]
[1875, 1876, 1878]
[1877, 1879, 2020]
[1876, 1878, 1881]
[1738, 1881, 1883]
[1879, 1880, 1882]
[1881, 1883, 2024]
[1880, 1882, 1885]
[1742, 1885, 1887]
[1883, 1884, 1886]
[1885, 1887, 2028]
[1884, 1886, 1889]
[1746, 1889, 1891]
[1887, 1888, 1890]
[1889, 1891, 2032]
[1888, 1890, 1893]
[1750, 1893, 1895]
[1891, 1892, 1894]
[1893, 1895, 2036]
[1892, 1894, 1897]
[1754, 1897, 1899]
[1895, 1896, 1898]
[1897, 1899, 2040]
[1896, 1898, 1901]
[1758, 1901, 1903]
[1899, 1900, 1902]
[1901, 1903, 2044]
[1900, 1902, 1905]
[1762, 1905, 1907]
[1903, 1904, 1906]
[1905, 1907, 2048]
[1904, 1906, 1909]
[1766, 1909, 1911]
[1907, 1908, 1910]
[1909, 1911, 2052]
[1908, 1910, 1913]
[1770, 1913, 1915]
[1911, 1912, 1914]
[1913, 1915, 2056]
[1912, 1914, 1917]
[1774, 1917, 1919]
[1915, 1916, 1918]
[1917, 1919, 2060]
[1916, 1918, 1921]
[1778, 1921, 1923]
[1919, 1920, 1922]
[1921, 1923, 2064]
[1920, 1922, 1925]
[1782, 1925, 1927]
[1923, 1924, 1926]
[1925, 1927, 2068]
[1924, 1926, 1929]
[1786, 1929, 1931]
[1927, 1928, 1930]
[1929, 1931, 2072]
[1928, 1930, 1933]
[1790, 1933, 1935]
[1931, 1932, 1934]
[1933, 1935, 2076]
[1932, 1934, 1937]
[1794, 1937, 1939]
[1935, 1936, 1938]
[1937, 1939, 2080]
[1936, 1938, 1941]
[1798, 1941, 1943]
[1939, 1940, 1942]
[1941, 1943, 2084]
[1940, 1942, 1945]
[1802, 1945, 1947]
[1943, 1944, 1946]
[1945, 1947, 2088]
[1944, 1946, 1949]
[1806, 1949, 1951]
[1947, 1948, 1950]
[1949, 1951, 2092]
[1948, 1950, 1953]
[1810, 1953, 1955]
[1951, 1952, 1954]
[1953, 1955, 2096]
[1952, 1954, 1957]
[1814, 1957, 1959]
[1955, 1956, 1958]
[1957, 1959, 2100]
[1956, 1958, 1961]
[1818, 1961, 1963]
[1959, 1960, 1962]
[1961, 1963, 2104]
[1960, 1962, 1965]
[1822, 1965, 1967]
[1963, 1964, 1966]
[1965, 1967, 2108]
[1964, 1966, 1969]
[1826, 1969, 1971]
[1967, 1968, 1970]
[1969, 1971, 2112]
[1968, 1970, 1973]
[1830, 1973, 1975]
[1971, 1972, 1974]
[1973, 1975, 2116]
[1972, 1974, 1977]
[1834, 1977, 1979]
[1975, 1976, 1978]
[1977, 1979, 2120]
[1976, 1978, 1981]
[1838, 1981, 1983]
[1979, 1980, 1982]
[1981, 1983, 2124]
[1980, 1982, 1985]
[1842, 1985, 1987]
[1983, 1984, 1986]
[1985, 1987, 2128]
[1984, 1986, 1989]
[1846, 1989, 1991]
[1987, 1988, 1990]
[1989, 1991, 2132]
[1988, 1990, 1993]
[1850, 1993, 1995]
[1991, 1992, 1994]
[1993, 1995, 2136]
[1992, 1994, 1997]
[1854, 1997, 1999]
[1995, 1996, 1998]
[1997, 1999, 2140]
[1996, 1998, 2001]
[1858, 2001, 2003]
[1999, 2000, 2002]
[2001, 2003, 2144]
[2000, 2002, 2005]
[1862, 2005, 2007]
[2003, 2004, 2006]
[2005, 2007, 2148]
[2004, 2006, 2009]
[1866, 2009, 2011]
[2007, 2008, 2010]
[2009, 2011, 2152]
[2008, 2010, 2013]
[1870, 2013, 2015]
[2011, 2012, 2014]
[2013, 2015, 2156]
[1873, 2012, 2014]
[1874, 2017, 2019]
[2016, 2018, 2159]
[2017, 2019, 2160]
[2016, 2018, 2021]
[1878, 2021, 2023]
[2019, 2020, 2022]
[2021, 2023, 2164]
[2020, 2022, 2025]
[1882, 2025, 2027]
[2023, 2024, 2026]
[2025, 2027, 2168]
[2024, 2026, 2029]
[1886, 2029, 2031]
[2027, 2028, 2030]
[2029, 2031, 2172]
[2028, 2030, 2033]
[1890, 2033, 2035]
[2031, 2032, 2034]
[2033, 2035, 2176]
[2032, 2034, 2037]
[1894, 2037, 2039]
[2035, 2036, 2038]
[2037, 2039, 2180]
[2036, 2038, 2041]
[1898, 2041, 2043]
[2039, 2040, 2042]
[2041, 2043, 2184]
[2040, 2042, 2045]
[1902, 2045, 2047]
[2043, 2044, 2046]
[2045, 2047, 2188]
[2044, 2046, 2049]
[1906, 2049, 2051]
[2047, 2048, 2050]
[2049, 2051, 2192]
[2048, 2050, 2053]
[1910, 2053, 2055]
[2051, 2052, 2054]
[2053, 2055, 2196]
[2052, 2054, 2057]
[1914, 2057, 2059]
[2055, 2056, 2058]
[2057, 2059, 2200]
[2056, 2058, 2061]
[1918, 2061, 2063]
[2059, 2060, 2062]
[2061, 2063, 2204]
[2060, 2062, 2065]
[1922, 2065, 2067]
[2063, 2064, 2066]
[2065, 2067, 2208]
[2064, 2066, 2069]
[1926, 2069, 2071]
[2067, 2068, 2070]
[2069, 2071, 2212]
[2068, 2070, 2073]
[1930, 2073, 2075]
[2071, 2072, 2074]
[2073, 2075, 2216]
[2072, 2074, 2077]
[1934, 2077, 2079]
[2075, 2076, 2078]
[2077, 2079, 2220]
[2076, 2078, 2081]
[1938, 2081, 2083]
[2079, 2080, 2082]
[2081, 2083, 2224]
[2080, 2082, 2085]
[1942, 2085, 2087]
[2083, 2084, 2086]
[2085, 2087, 2228]
[2084, 2086, 2089]
[1946, 2089, 2091]
[2087, 2088, 2090]
[2089, 2091, 2232]
[2088, 2090, 2093]
[1950, 2093, 2095]
[2091, 2092, 2094]
[2093, 2095, 2236]
[2092, 2094, 2097]
[1954, 2097, 2099]
[2095, 2096, 2098]
[2097, 2099, 2240]
[2096, 2098, 2101]
[1958, 2101, 2103]
[2099, 2100, 2102]
[2101, 2103, 2244]
[2100, 2102, 2105]
[1962, 2105, 2107]
[2103, 2104, 2106]
[2105, 2107, 2248]
[2104, 2106, 2109]
[1966, 2109, 2111]
[2107, 2108, 2110]
[2109, 2111, 2252]
[2108, 2110, 2113]
[1970, 2113, 2115]
[2111, 2112, 2114]
[2113, 2115, 2256]
[2112, 2114, 2117]
[1974, 2117, 2119]
[2115, 2116, 2118]
[2117, 2119, 2260]
[2116, 2118, 2121]
[1978, 2121, 2123]
[2119, 2120, 2122]
[2121, 2123, 2264]
[2120, 2122, 2125]
[1982, 2125, 2127]
[2123, 2124, 2126]
[2125, 2127, 2268]
[2124, 2126, 2129]
[1986, 2129, 2131]
[2127, 2128, 2130]
[2129, 2131, 2272]
[2128, 2130, 2133]
[1990, 2133, 2135]
[2131, 2132, 2134]
[2133, 2135, 2276]
[2132, 2134, 2137]
[1994, 2137, 2139]
[2135, 2136, 2138]
[2137, 2139, 2280]
[2136, 2138, 2141]
[1998, 2141, 2143]
[2139, 2140, 2142]
[2141, 2143, 2284]
[2140, 2142, 2145]
[2002, 2145, 2147]
[2143, 2144, 2146]
[2145, 2147, 2288]
[2144, 2146, 2149]
[2006, 2149, 2151]
[2147, 2148, 2150]
[2149, 2151, 2292]
[2148, 2150, 2153]
[2010, 2153, 2155]
[2151, 2152, 2154]
[2153, 2155, 2296]
[2152, 2154, 2157]
[2014, 2157, 2159]
[2155, 2156, 2158]
[2157, 2159, 2300]
[2017, 2156, 2158]
[2018, 2161, 2163]
[2160, 2162, 2303]
[2161, 2163, 2304]
[2160, 2162, 2165]
[2022, 2165, 2167]
[2163, 2164, 2166]
[2165, 2167, 2308]
[2164, 2166, 2169]
[2026, 2169, 2171]
[2167, 2168, 2170]
[2169, 2171, 2312]
[2168, 2170, 2173]
[2030, 2173, 2175]
[2171, 2172, 2174]
[2173, 2175, 2316]
[2172, 2174, 2177]
[2034, 2177, 2179]
[2175, 2176, 2178]
[2177, 2179, 2320]
[2176, 2178, 2181]
[2038, 2181, 2183]
[2179, 2180, 2182]
[2181, 2183, 2324]
[2180, 2182, 2185]
[2042, 2185, 2187]
[2183, 2184, 2186]
[2185, 2187, 2328]
[2184, 2186, 2189]
[2046, 2189, 2191]
[2187, 2188, 2190]
[2189, 2191, 2332]
[2188, 2190, 2193]
[2050, 2193, 2195]
[2191, 2192, 2194]
[2193, 2195, 2336]
[2192, 2194, 2197]
[2054, 2197, 2199]
[2195, 2196, 2198]
[2197, 2199, 2340]
[2196, 2198, 2201]
[2058, 2201, 2203]
[2199, 2200, 2202]
[2201, 2203, 2344]
[2200, 2202, 2205]
[2062, 2205, 2207]
[2203, 2204, 2206]
[2205, 2207, 2348]
[2204, 2206, 2209]
[2066, 2209, 2211]
[2207, 2208, 2210]
[2209, 2211, 2352]
[2208, 2210, 2213]
[2070, 2213, 2215]
[2211, 2212, 2214]
[2213, 2215, 2356]
[2212, 2214, 2217]
[2074, 2217, 2219]
[2215, 2216, 2218]
[2217, 2219, 2360]
[2216, 2218, 2221]
[2078, 2221, 2223]
[2219, 2220, 2222]
[2221, 2223, 2364]
[2220, 2222, 2225]
[2082, 2225, 2227]
[2223, 2224, 2226]
[2225, 2227, 2368]
[2224, 2226, 2229]
[2086, 2229, 2231]
[2227, 2228, 2230]
[2229, 2231, 2372]
[2228, 2230, 2233]
[2090, 2233, 2235]
[2231, 2232, 2234]
[2233, 2235, 2376]
[2232, 2234, 2237]
[2094, 2237, 2239]
[2235, 2236, 2238]
[2237, 2239, 2380]
[2236, 2238, 2241]
[2098, 2241, 2243]
[2239, 2240, 2242]
[2241, 2243, 2384]
[2240, 2242, 2245]
[2102, 2245, 2247]
[2243, 2244, 2246]
[2245, 2247, 2388]
[2244, 2246, 2249]
[2106, 2249, 2251]
[2247, 2248, 2250]
[2249, 2251, 2392]
[2248, 2250, 2253]
[2110, 2253, 2255]
[2251, 2252, 2254]
[2253, 2255, 2396]
[2252, 2254, 2257]
[2114, 2257, 2259]
[2255, 2256, 2258]
[2257, 2259, 2400]
[2256, 2258, 2261]
[2118, 2261, 2263]
[2259, 2260, 2262]
[2261, 2263, 2404]
[2260, 2262, 2265]
[2122, 2265, 2267]
[2263, 2264, 2266]
[2265, 2267, 2408]
[2264, 2266, 2269]
[2126, 2269, 2271]
[2267, 2268, 2270]
[2269, 2271, 2412]
[2268, 2270, 2273]
[2130, 2273, 2275]
[2271, 2272, 2274]
[2273, 2275, 2416]
[2272, 2274, 2277]
[2134, 2277, 2279]
[2275, 2276, 2278]
[2277, 2279, 2420]
[2276, 2278, 2281]
[2138, 2281, 2283]
[2279, 2280, 2282]
[2281, 2283, 2424]
[2280, 2282, 2285]
[2142, 2285, 2287]
[2283, 2284, 2286]
[2285, 2287, 2428]
[2284, 2286, 2289]
[2146, 2289, 2291]
[2287, 2288, 2290]
[2289, 2291, 2432]
[2288, 2290, 2293]
[2150, 2293, 2295]
[2291, 2292, 2294]
[2293, 2295, 2436]
[2292, 2294, 2297]
[2154, 2297, 2299]
[2295, 2296, 2298]
[2297, 2299, 2440]
[2296, 2298, 2301]
[2158, 2301, 2303]
[2299, 2300, 2302]
[2301, 2303, 2444]
[2161, 2300, 2302]
[2162, 2305, 2307]
[2304, 2306, 2447]
[2305, 2307, 2448]
[2304, 2306, 2309]
[2166, 2309, 2311]
[2307, 2308, 2310]
[2309, 2311, 2452]
[2308, 2310, 2313]
[2170, 2313, 2315]
[2311, 2312, 2314]
[2313, 2315, 2456]
[2312, 2314, 2317]
[2174, 2317, 2319]
[2315, 2316, 2318]
[2317, 2319, 2460]
[2316, 2318, 2321]
[2178, 2321, 2323]
[2319, 2320, 2322]
[2321, 2323, 2464]
[2320, 2322, 2325]
[2182, 2325, 2327]
[2323, 2324, 2326]
[2325, 2327, 2468]
[2324, 2326, 2329]
[2186, 2329, 2331]
[2327, 2328, 2330]
[2329, 2331, 2472]
[2328, 2330, 2333]
[2190, 2333, 2335]
[2331, 2332, 2334]
[2333, 2335, 2476]
[2332, 2334, 2337]
[2194, 2337, 2339]
[2335, 2336, 2338]
[2337, 2339, 2480]
[2336, 2338, 2341]
[2198, 2341, 2343]
[2339, 2340, 2342]
[2341, 2343, 2484]
[2340, 2342, 2345]
[2202, 2345, 2347]
[2343, 2344, 2346]
[2345, 2347, 2488]
[2344, 2346, 2349]
[2206, 2349, 2351]
[2347, 2348, 2350]
[2349, 2351, 2492]
[2348, 2350, 2353]
[2210, 2353, 2355]
[2351, 2352, 2354]
[2353, 2355, 2496]
[2352, 2354, 2357]
[2214, 2357, 2359]
[2355, 2356, 2358]
[2357, 2359, 2500]
[2356, 2358, 2361]
[2218, 2361, 2363]
[2359, 2360, 2362]
[2361, 2363, 2504]
[2360, 2362, 2365]
[2222, 2365, 2367]
[2363, 2364, 2366]
[2365, 2367, 2508]
[2364, 2366, 2369]
[2226, 2369, 2371]
[2367, 2368, 2370]
[2369, 2371, 2512]
[2368, 2370, 2373]
[2230, 2373, 2375]
[2371, 2372, 2374]
[2373, 2375, 2516]
[2372, 2374, 2377]
[2234, 2377, 2379]
[2375, 2376, 2378]
[2377, 2379, 2520]
[2376, 2378, 2381]
[2238, 2381, 2383]
[2379, 2380, 2382]
[2381, 2383, 2524]
[2380, 2382, 2385]
[2242, 2385, 2387]
[2383, 2384, 2386]
[2385, 2387, 2528]
[2384, 2386, 2389]
[2246, 2389, 2391]
[2387, 2388, 2390]
[2389, 2391, 2532]
[2388, 2390, 2393]
[2250, 2393, 2395]
[2391, 2392, 2394]
[2393, 2395, 2536]
[2392, 2394, 2397]
[2254, 2397, 2399]
[2395, 2396, 2398]
[2397, 2399, 2540]
[2396, 2398, 2401]
[2258, 2401, 2403]
[2399, 2400, 2402]
[2401, 2403, 2544]
[2400, 2402, 2405]
[2262, 2405, 2407]
[2403, 2404, 2406]
[2405, 2407, 2548]
[2404, 2406, 2409]
[2266, 2409, 2411]
[2407, 2408, 2410]
[2409, 2411, 2552]
[2408, 2410, 2413]
[2270, 2413, 2415]
[2411, 2412, 2414]
[2413, 2415, 2556]
[2412, 2414, 2417]
[2274, 2417, 2419]
[2415, 2416, 2418]
[2417, 2419, 2560]
[2416, 2418, 2421]
[2278, 2421, 2423]
[2419, 2420, 2422]
[2421, 2423, 2564]
[2420, 2422, 2425]
[2282, 2425, 2427]
[2423, 2424, 2426]
[2425, 2427, 2568]
[2424, 2426, 2429]
[2286, 2429, 2431]
[2427, 2428, 2430]
[2429, 2431, 2572]
[2428, 2430, 2433]
[2290, 2433, 2435]
[2431, 2432, 2434]
[2433, 2435, 2576]
[2432, 2434, 2437]
[2294, 2437, 2439]
[2435, 2436, 2438]
[2437, 2439, 2580]
[2436, 2438, 2441]
[2298, 2441, 2443]
[2439, 2440, 2442]
[2441, 2443, 2584]
[2440, 2442, 2445]
[2302, 2445, 2447]
[2443, 2444, 2446]
[2445, 2447, 2588]
[2305, 2444, 2446]
[2306, 2449, 2451]
[2448, 2450, 2591]
[2449, 2451, 2592]
[2448, 2450, 2453]
[2310, 2453, 2455]
[2451, 2452, 2454]
[2453, 2455, 2596]
[2452, 2454, 2457]
[2314, 2457, 2459]
[2455, 2456, 2458]
[2457, 2459, 2600]
[2456, 2458, 2461]
[2318, 2461, 2463]
[2459, 2460, 2462]
[2461, 2463, 2604]
[2460, 2462, 2465]
[2322, 2465, 2467]
[2463, 2464, 2466]
[2465, 2467, 2608]
[2464, 2466, 2469]
[2326, 2469, 2471]
[2467, 2468, 2470]
[2469, 2471, 2612]
[2468, 2470, 2473]
[2330, 2473, 2475]
[2471, 2472, 2474]
[2473, 2475, 2616]
[2472, 2474, 2477]
[2334, 2477, 2479]
[2475, 2476, 2478]
[2477, 2479, 2620]
[2476, 2478, 2481]
[2338, 2481, 2483]
[2479, 2480, 2482]
[2481, 2483, 2624]
[2480, 2482, 2485]
[2342, 2485, 2487]
[2483, 2484, 2486]
[2485, 2487, 2628]
[2484, 2486, 2489]
[2346, 2489, 2491]
[2487, 2488, 2490]
[2489, 2491, 2632]
[2488, 2490, 2493]
[2350, 2493, 2495]
[2491, 2492, 2494]
[2493, 2495, 2636]
[2492, 2494, 2497]
[2354, 2497, 2499]
[2495, 2496, 2498]
[2497, 2499, 2640]
[2496, 2498, 2501]
[2358, 2501, 2503]
[2499, 2500, 2502]
[2501, 2503, 2644]
[2500, 2502, 2505]
[2362, 2505, 2507]
[2503, 2504, 2506]
[2505, 2507, 2648]
[2504, 2506, 2509]
[2366, 2509, 2511]
[2507, 2508, 2510]
[2509, 2511, 2652]
[2508, 2510, 2513]
[2370, 2513, 2515]
[2511, 2512, 2514]
[2513, 2515, 2656]
[2512, 2514, 2517]
[2374, 2517, 2519]
[2515, 2516, 2518]
[2517, 2519, 2660]
[2516, 2518, 2521]
[2378, 2521, 2523]
[2519, 2520, 2522]
[2521, 2523, 2664]
[2520, 2522, 2525]
[2382, 2525, 2527]
[2523, 2524, 2526]
[2525, 2527, 2668]
[2524, 2526, 2529]
[2386, 2529, 2531]
[2527, 2528, 2530]
[2529, 2531, 2672]
[2528, 2530, 2533]
[2390, 2533, 2535]
[2531, 2532, 2534]
[2533, 2535, 2676]
[2532, 2534, 2537]
[2394, 2537, 2539]
[2535, 2536, 2538]
[2537, 2539, 2680]
[2536, 2538, 2541]
[2398, 2541, 2543]
[2539, 2540, 2542]
[2541, 2543, 2684]
[2540, 2542, 2545]
[2402, 2545, 2547]
[2543, 2544, 2546]
[2545, 2547, 2688]
[2544, 2546, 2549]
[2406, 2549, 2551]
[2547, 2548, 2550]
[2549, 2551, 2692]
[2548, 2550, 2553]
[2410, 2553, 2555]
[2551, 2552, 2554]
[2553, 2555, 2696]
[2552, 2554, 2557]
[2414, 2557, 2559]
[2555, 2556, 2558]
[2557, 2559, 2700]
[2556, 2558, 2561]
[2418, 2561, 2563]
[2559, 2560, 2562]
[2561, 2563, 2704]
[2560, 2562, 2565]
[2422, 2565, 2567]
[2563, 2564, 2566]
[2565, 2567, 2708]
[2564, 2566, 2569]
[2426, 2569, 2571]
[2567, 2568, 2570]
[2569, 2571, 2712]
[2568, 2570, 2573]
[2430, 2573, 2575]
[2571, 2572, 2574]
[2573, 2575, 2716]
[2572, 2574, 2577]
[2434, 2577, 2579]
[2575, 2576, 2578]
[2577, 2579, 2720]
[2576, 2578, 2581]
[2438, 2581, 2583]
[2579, 2580, 2582]
[2581, 2583, 2724]
[2580, 2582, 2585]
[2442, 2585, 2587]
[2583, 2584, 2586]
[2585, 2587, 2728]
[2584, 2586, 2589]
[2446, 2589, 2591]
[2587, 2588, 2590]
[2589, 2591, 2732]
[2449, 2588, 2590]
[2450, 2593, 2595]
[2592, 2594, 2735]
[2593, 2595, 2736]
[2592, 2594, 2597]
[2454, 2597, 2599]
[2595, 2596, 2598]
[2597, 2599, 2740]
[2596, 2598, 2601]
[2458, 2601, 2603]
[2599, 2600, 2602]
[2601, 2603, 2744]
[2600, 2602, 2605]
[2462, 2605, 2607]
[2603, 2604, 2606]
[2605, 2607, 2748]
[2604, 2606, 2609]
[2466, 2609, 2611]
[2607, 2608, 2610]
[2609, 2611, 2752]
[2608, 2610, 2613]
[2470, 2613, 2615]
[2611, 2612, 2614]
[2613, 2615, 2756]
[2612, 2614, 2617]
[2474, 2617, 2619]
[2615, 2616, 2618]
[2617, 2619, 2760]
[2616, 2618, 2621]
[2478, 2621, 2623]
[2619, 2620, 2622]
[2621, 2623, 2764]
[2620, 2622, 2625]
[2482, 2625, 2627]
[2623, 2624, 2626]
[2625, 2627, 2768]
[2624, 2626, 2629]
[2486, 2629, 2631]
[2627, 2628, 2630]
[2629, 2631, 2772]
[2628, 2630, 2633]
[2490, 2633, 2635]
[2631, 2632, 2634]
[2633, 2635, 2776]
[2632, 2634, 2637]
[2494, 2637, 2639]
[2635, 2636, 2638]
[2637, 2639, 2780]
[2636, 2638, 2641]
[2498, 2641, 2643]
[2639, 2640, 2642]
[2641, 2643, 2784]
[2640, 2642, 2645]
[2502, 2645, 2647]
[2643, 2644, 2646]
[2645, 2647, 2788]
[2644, 2646, 2649]
[2506, 2649, 2651]
[2647, 2648, 2650]
[2649, 2651, 2792]
[2648, 2650, 2653]
[2510, 2653, 2655]
[2651, 2652, 2654]
[2653, 2655, 2796]
[2652, 2654, 2657]
[2514, 2657, 2659]
[2655, 2656, 2658]
[2657, 2659, 2800]
[2656, 2658, 2661]
[2518, 2661, 2663]
[2659, 2660, 2662]
[2661, 2663, 2804]
[2660, 2662, 2665]
[2522, 2665, 2667]
[2663, 2664, 2666]
[2665, 2667, 2808]
[2664, 2666, 2669]
[2526, 2669, 2671]
[2667, 2668, 2670]
[2669, 2671, 2812]
[2668, 2670, 2673]
[2530, 2673, 2675]
[2671, 2672, 2674]
[2673, 2675, 2816]
[2672, 2674, 2677]
[2534, 2677, 2679]
[2675, 2676, 2678]
[2677, 2679, 2820]
[2676, 2678, 2681]
[2538, 2681, 2683]
[2679, 2680, 2682]
[2681, 2683, 2824]
[2680, 2682, 2685]
[2542, 2685, 2687]
[2683, 2684, 2686]
[2685, 2687, 2828]
[2684, 2686, 2689]
[2546, 2689, 2691]
[2687, 2688, 2690]
[2689, 2691, 2832]
[2688, 2690, 2693]
[2550, 2693, 2695]
[2691, 2692, 2694]
[2693, 2695, 2836]
[2692, 2694, 2697]
[2554, 2697, 2699]
[2695, 2696, 2698]
[2697, 2699, 2840]
[2696, 2698, 2701]
[2558, 2701, 2703]
[2699, 2700, 2702]
[2701, 2703, 2844]
[2700, 2702, 2705]
[2562, 2705, 2707]
[2703, 2704, 2706]
[2705, 2707, 2848]
[2704, 2706, 2709]
[2566, 2709, 2711]
[2707, 2708, 2710]
[2709, 2711, 2852]
[2708, 2710, 2713]
[2570, 2713, 2715]
[2711, 2712, 2714]
[2713, 2715, 2856]
[2712, 2714, 2717]
[2574, 2717, 2719]
[2715, 2716, 2718]
[2717, 2719, 2860]
[2716, 2718, 2721]
[2578, 2721, 2723]
[2719, 2720, 2722]
[2721, 2723, 2864]
[2720, 2722, 2725]
[2582, 2725, 2727]
[2723, 2724, 2726]
[2725, 2727, 2868]
[2724, 2726, 2729]
[2586, 2729, 2731]
[2727, 2728, 2730]
[2729, 2731, 2872]
[2728, 2730, 2733]
[2590, 2733, 2735]
[2731, 2732, 2734]
[2733, 2735, 2876]
[2593, 2732, 2734]
[2594, 2737, 2739]
[2736, 2738, 2879]
[2737, 2739, 2880]
[2736, 2738, 2741]
[2598, 2741, 2743]
[2739, 2740, 2742]
[2741, 2743, 2884]
[2740, 2742, 2745]
[2602, 2745, 2747]
[2743, 2744, 2746]
[2745, 2747, 2888]
[2744, 2746, 2749]
[2606, 2749, 2751]
[2747, 2748, 2750]
[2749, 2751, 2892]
[2748, 2750, 2753]
[2610, 2753, 2755]
[2751, 2752, 2754]
[2753, 2755, 2896]
[2752, 2754, 2757]
[2614, 2757, 2759]
[2755, 2756, 2758]
[2757, 2759, 2900]
[2756, 2758, 2761]
[2618, 2761, 2763]
[2759, 2760, 2762]
[2761, 2763, 2904]
[2760, 2762, 2765]
[2622, 2765, 2767]
[2763, 2764, 2766]
[2765, 2767, 2908]
[2764, 2766, 2769]
[2626, 2769, 2771]
[2767, 2768, 2770]
[2769, 2771, 2912]
[2768, 2770, 2773]
[2630, 2773, 2775]
[2771, 2772, 2774]
[2773, 2775, 2916]
[2772, 2774, 2777]
[2634, 2777, 2779]
[2775, 2776, 2778]
[2777, 2779, 2920]
[2776, 2778, 2781]
[2638, 2781, 2783]
[2779, 2780, 2782]
[2781, 2783, 2924]
[2780, 2782, 2785]
[2642, 2785, 2787]
[2783, 2784, 2786]
[2785, 2787, 2928]
[2784, 2786, 2789]
[2646, 2789, 2791]
[2787, 2788, 2790]
[2789, 2791, 2932]
[2788, 2790, 2793]
[2650, 2793, 2795]
[2791, 2792, 2794]
[2793, 2795, 2936]
[2792, 2794, 2797]
[2654, 2797, 2799]
[2795, 2796, 2798]
[2797, 2799, 2940]
[2796, 2798, 2801]
[2658, 2801, 2803]
[2799, 2800, 2802]
[2801, 2803, 2944]
[2800, 2802, 2805]
[2662, 2805, 2807]
[2803, 2804, 2806]
[2805, 2807, 2948]
[2804, 2806, 2809]
[2666, 2809, 2811]
[2807, 2808, 2810]
[2809, 2811, 2952]
[2808, 2810, 2813]
[2670, 2813, 2815]
[2811, 2812, 2814]
[2813, 2815, 2956]
[2812, 2814, 2817]
[2674, 2817, 2819]
[2815, 2816, 2818]
[2817, 2819, 2960]
[2816, 2818, 2821]
[2678, 2821, 2823]
[2819, 2820, 2822]
[2821, 2823, 2964]
[2820, 2822, 2825]
[2682, 2825, 2827]
[2823, 2824, 2826]
[2825, 2827, 2968]
[2824, 2826, 2829]
[2686, 2829, 2831]
[2827, 2828, 2830]
[2829, 2831, 2972]
[2828, 2830, 2833]
[2690, 2833, 2835]
[2831, 2832, 2834]
[2833, 2835, 2976]
[2832, 2834, 2837]
[2694, 2837, 2839]
[2835, 2836, 2838]
[2837, 2839, 2980]
[2836, 2838, 2841]
[2698, 2841, 2843]
[2839, 2840, 2842]
[2841, 2843, 2984]
[2840, 2842, 2845]
[2702, 2845, 2847]
[2843, 2844, 2846]
[2845, 2847, 2988]
[2844, 2846, 2849]
[2706, 2849, 2851]
[2847, 2848, 2850]
[2849, 2851, 2992]
[2848, 2850, 2853]
[2710, 2853, 2855]
[2851, 2852, 2854]
[2853, 2855, 2996]
[2852, 2854, 2857]
[2714, 2857, 2859]
[2855, 2856, 2858]
[2857, 2859, 3000]
[2856, 2858, 2861]
[2718, 2861, 2863]
[2859, 2860, 2862]
[2861, 2863, 3004]
[2860, 2862, 2865]
[2722, 2865, 2867]
[2863, 2864, 2866]
[2865, 2867, 3008]
[2864, 2866, 2869]
[2726, 2869, 2871]
[2867, 2868, 2870]
[2869, 2871, 3012]
[2868, 2870, 2873]
[2730, 2873, 2875]
[2871, 2872, 2874]
[2873, 2875, 3016]
[2872, 2874, 2877]
[2734, 2877, 2879]
[2875, 2876, 2878]
[2877, 2879, 3020]
[2737, 2876, 2878]
[2738, 2881, 2883]
[2880, 2882, 3023]
[2881, 2883, 3024]
[2880, 2882, 2885]
[2742, 2885, 2887]
[2883, 2884, 2886]
[2885, 2887, 3028]
[2884, 2886, 2889]
[2746, 2889, 2891]
[2887, 2888, 2890]
[2889, 2891, 3032]
[2888, 2890, 2893]
[2750, 2893, 2895]
[2891, 2892, 2894]
[2893, 2895, 3036]
[2892, 2894, 2897]
[2754, 2897, 2899]
[2895, 2896, 2898]
[2897, 2899, 3040]
[2896, 2898, 2901]
[2758, 2901, 2903]
[2899, 2900, 2902]
[2901, 2903, 3044]
[2900, 2902, 2905]
[2762, 2905, 2907]
[2903, 2904, 2906]
[2905, 2907, 3048]
[2904, 2906, 2909]
[2766, 2909, 2911]
[2907, 2908, 2910]
[2909, 2911, 3052]
[2908, 2910, 2913]
[2770, 2913, 2915]
[2911, 2912, 2914]
[2913, 2915, 3056]
[2912, 2914, 2917]
[2774, 2917, 2919]
[2915, 2916, 2918]
[2917, 2919, 3060]
[2916, 2918, 2921]
[2778, 2921, 2923]
[2919, 2920, 2922]
[2921, 2923, 3064]
[2920, 2922, 2925]
[2782, 2925, 2927]
[2923, 2924, 2926]
[2925, 2927, 3068]
[2924, 2926, 2929]
[2786, 2929, 2931]
[2927, 2928, 2930]
[2929, 2931, 3072]
[2928, 2930, 2933]
[2790, 2933, 2935]
[2931, 2932, 2934]
[2933, 2935, 3076]
[2932, 2934, 2937]
[2794, 2937, 2939]
[2935, 2936, 2938]
[2937, 2939, 3080]
[2936, 2938, 2941]
[2798, 2941, 2943]
[2939, 2940, 2942]
[2941, 2943, 3084]
[2940, 2942, 2945]
[2802, 2945, 2947]
[2943, 2944, 2946]
[2945, 2947, 3088]
[2944, 2946, 2949]
[2806, 2949, 2951]
[2947, 2948, 2950]
[2949, 2951, 3092]
[2948, 2950, 2953]
[2810, 2953, 2955]
[2951, 2952, 2954]
[2953, 2955, 3096]
[2952, 2954, 2957]
[2814, 2957, 2959]
[2955, 2956, 2958]
[2957, 2959, 3100]
[2956, 2958, 2961]
[2818, 2961, 2963]
[2959, 2960, 2962]
[2961, 2963, 3104]
[2960, 2962, 2965]
[2822, 2965, 2967]
[2963, 2964, 2966]
[2965, 2967, 3108]
[2964, 2966, 2969]
[2826, 2969, 2971]
[2967, 2968, 2970]
[2969, 2971, 3112]
[2968, 2970, 2973]
[2830, 2973, 2975]
[2971, 2972, 2974]
[2973, 2975, 3116]
[2972, 2974, 2977]
[2834, 2977, 2979]
[2975, 2976, 2978]
[2977, 2979, 3120]
[2976, 2978, 2981]
[2838, 2981, 2983]
[2979, 2980, 2982]
[2981, 2983, 3124]
[2980, 2982, 2985]
[2842, 2985, 2987]
[2983, 2984, 2986]
[2985, 2987, 3128]
[2984, 2986, 2989]
[2846, 2989, 2991]
[2987, 2988, 2990]
[2989, 2991, 3132]
[2988, 2990, 2993]
[2850, 2993, 2995]
[2991, 2992, 2994]
[2993, 2995, 3136]
[2992, 2994, 2997]
[2854, 2997, 2999]
[2995, 2996, 2998]
[2997, 2999, 3140]
[2996, 2998, 3001]
[2858, 3001, 3003]
[2999, 3000, 3002]
[3001, 3003, 3144]
[3000, 3002, 3005]
[2862, 3005, 3007]
[3003, 3004, 3006]
[3005, 3007, 3148]
[3004, 3006, 3009]
[2866, 3009, 3011]
[3007, 3008, 3010]
[3009, 3011, 3152]
[3008, 3010, 3013]
[2870, 3013, 3015]
[3011, 3012, 3014]
[3013, 3015, 3156]
[3012, 3014, 3017]
[2874, 3017, 3019]
[3015, 3016, 3018]
[3017, 3019, 3160]
[3016, 3018, 3021]
[2878, 3021, 3023]
[3019, 3020, 3022]
[3021, 3023, 3164]
[2881, 3020, 3022]
[2882, 3025, 3027]
[3024, 3026, 3167]
[3025, 3027, 3168]
[3024, 3026, 3029]
[2886, 3029, 3031]
[3027, 3028, 3030]
[3029, 3031, 3172]
[3028, 3030, 3033]
[2890, 3033, 3035]
[3031, 3032, 3034]
[3033, 3035, 3176]
[3032, 3034, 3037]
[2894, 3037, 3039]
[3035, 3036, 3038]
[3037, 3039, 3180]
[3036, 3038, 3041]
[2898, 3041, 3043]
[3039, 3040, 3042]
[3041, 3043, 3184]
[3040, 3042, 3045]
[2902, 3045, 3047]
[3043, 3044, 3046]
[3045, 3047, 3188]
[3044, 3046, 3049]
[2906, 3049, 3051]
[3047, 3048, 3050]
[3049, 3051, 3192]
[3048, 3050, 3053]
[2910, 3053, 3055]
[3051, 3052, 3054]
[3053, 3055, 3196]
[3052, 3054, 3057]
[2914, 3057, 3059]
[3055, 3056, 3058]
[3057, 3059, 3200]
[3056, 3058, 3061]
[2918, 3061, 3063]
[3059, 3060, 3062]
[3061, 3063, 3204]
[3060, 3062, 3065]
[2922, 3065, 3067]
[3063, 3064, 3066]
[3065, 3067, 3208]
[3064, 3066, 3069]
[2926, 3069, 3071]
[3067, 3068, 3070]
[3069, 3071, 3212]
[3068, 3070, 3073]
[2930, 3073, 3075]
[3071, 3072, 3074]
[3073, 3075, 3216]
[3072, 3074, 3077]
[2934, 3077, 3079]
[3075, 3076, 3078]
[3077, 3079, 3220]
[3076, 3078, 3081]
[2938, 3081, 3083]
[3079, 3080, 3082]
[3081, 3083, 3224]
[3080, 3082, 3085]
[2942, 3085, 3087]
[3083, 3084, 3086]
[3085, 3087, 3228]
[3084, 3086, 3089]
[2946, 3089, 3091]
[3087, 3088, 3090]
[3089, 3091, 3232]
[3088, 3090, 3093]
[2950, 3093, 3095]
[3091, 3092, 3094]
[3093, 3095, 3236]
[3092, 3094, 3097]
[2954, 3097, 3099]
[3095, 3096, 3098]
[3097, 3099, 3240]
[3096, 3098, 3101]
[2958, 3101, 3103]
[3099, 3100, 3102]
[3101, 3103, 3244]
[3100, 3102, 3105]
[2962, 3105, 3107]
[3103, 3104, 3106]
[3105, 3107, 3248]
[3104, 3106, 3109]
[2966, 3109, 3111]
[3107, 3108, 3110]
[3109, 3111, 3252]
[3108, 3110, 3113]
[2970, 3113, 3115]
[3111, 3112, 3114]
[3113, 3115, 3256]
[3112, 3114, 3117]
[2974, 3117, 3119]
[3115, 3116, 3118]
[3117, 3119, 3260]
[3116, 3118, 3121]
[2978, 3121, 3123]
[3119, 3120, 3122]
[3121, 3123, 3264]
[3120, 3122, 3125]
[2982, 3125, 3127]
[3123, 3124, 3126]
[3125, 3127, 3268]
[3124, 3126, 3129]
[2986, 3129, 3131]
[3127, 3128, 3130]
[3129, 3131, 3272]
[3128, 3130, 3133]
[2990, 3133, 3135]
[3131, 3132, 3134]
[3133, 3135, 3276]
[3132, 3134, 3137]
[2994, 3137, 3139]
[3135, 3136, 3138]
[3137, 3139, 3280]
[3136, 3138, 3141]
[2998, 3141, 3143]
[3139, 3140, 3142]
[3141, 3143, 3284]
[3140, 3142, 3145]
[3002, 3145, 3147]
[3143, 3144, 3146]
[3145, 3147, 3288]
[3144, 3146, 3149]
[3006, 3149, 3151]
[3147, 3148, 3150]
[3149, 3151, 3292]
[3148, 3150, 3153]
[3010, 3153, 3155]
[3151, 3152, 3154]
[3153, 3155, 3296]
[3152, 3154, 3157]
[3014, 3157, 3159]
[3155, 3156, 3158]
[3157, 3159, 3300]
[3156, 3158, 3161]
[3018, 3161, 3163]
[3159, 3160, 3162]
[3161, 3163, 3304]
[3160, 3162, 3165]
[3022, 3165, 3167]
[3163, 3164, 3166]
[3165, 3167, 3308]
[3025, 3164, 3166]
[3026, 3169, 3171]
[3168, 3170, 3311]
[3169, 3171, 3312]
[3168, 3170, 3173]
[3030, 3173, 3175]
[3171, 3172, 3174]
[3173, 3175, 3316]
[3172, 3174, 3177]
[3034, 3177, 3179]
[3175, 3176, 3178]
[3177, 3179, 3320]
[3176, 3178, 3181]
[3038, 3181, 3183]
[3179, 3180, 3182]
[3181, 3183, 3324]
[3180, 3182, 3185]
[3042, 3185, 3187]
[3183, 3184, 3186]
[3185, 3187, 3328]
[3184, 3186, 3189]
[3046, 3189, 3191]
[3187, 3188, 3190]
[3189, 3191, 3332]
[3188, 3190, 3193]
[3050, 3193, 3195]
[3191, 3192, 3194]
[3193, 3195, 3336]
[3192, 3194, 3197]
[3054, 3197, 3199]
[3195, 3196, 3198]
[3197, 3199, 3340]
[3196, 3198, 3201]
[3058, 3201, 3203]
[3199, 3200, 3202]
[3201, 3203, 3344]
[3200, 3202, 3205]
[3062, 3205, 3207]
[3203, 3204, 3206]
[3205, 3207, 3348]
[3204, 3206, 3209]
[3066, 3209, 3211]
[3207, 3208, 3210]
[3209, 3211, 3352]
[3208, 3210, 3213]
[3070, 3213, 3215]
[3211, 3212, 3214]
[3213, 3215, 3356]
[3212, 3214, 3217]
[3074, 3217, 3219]
[3215, 3216, 3218]
[3217, 3219, 3360]
[3216, 3218, 3221]
[3078, 3221, 3223]
[3219, 3220, 3222]
[3221, 3223, 3364]
[3220, 3222, 3225]
[3082, 3225, 3227]
[3223, 3224, 3226]
[3225, 3227, 3368]
[3224, 3226, 3229]
[3086, 3229, 3231]
[3227, 3228, 3230]
[3229, 3231, 3372]
[3228, 3230, 3233]
[3090, 3233, 3235]
[3231, 3232, 3234]
[3233, 3235, 3376]
[3232, 3234, 3237]
[3094, 3237, 3239]
[3235, 3236, 3238]
[3237, 3239, 3380]
[3236, 3238, 3241]
[3098, 3241, 3243]
[3239, 3240, 3242]
[3241, 3243, 3384]
[3240, 3242, 3245]
[3102, 3245, 3247]
[3243, 3244, 3246]
[3245, 3247, 3388]
[3244, 3246, 3249]
[3106, 3249, 3251]
[3247, 3248, 3250]
[3249, 3251, 3392]
[3248, 3250, 3253]
[3110, 3253, 3255]
[3251, 3252, 3254]
[3253, 3255, 3396]
[3252, 3254, 3257]
[3114, 3257, 3259]
[3255, 3256, 3258]
[3257, 3259, 3400]
[3256, 3258, 3261]
[3118, 3261, 3263]
[3259, 3260, 3262]
[3261, 3263, 3404]
[3260, 3262, 3265]
[3122, 3265, 3267]
[3263, 3264, 3266]
[3265, 3267, 3408]
[3264, 3266, 3269]
[3126, 3269, 3271]
[3267, 3268, 3270]
[3269, 3271, 3412]
[3268, 3270, 3273]
[3130, 3273, 3275]
[3271, 3272, 3274]
[3273, 3275, 3416]
[3272, 3274, 3277]
[3134, 3277, 3279]
[3275, 3276, 3278]
[3277, 3279, 3420]
[3276, 3278, 3281]
[3138, 3281, 3283]
[3279, 3280, 3282]
[3281, 3283, 3424]
[3280, 3282, 3285]
[3142, 3285, 3287]
[3283, 3284, 3286]
[3285, 3287, 3428]
[3284, 3286, 3289]
[3146, 3289, 3291]
[3287, 3288, 3290]
[3289, 3291, 3432]
[3288, 3290, 3293]
[3150, 3293, 3295]
[3291, 3292, 3294]
[3293, 3295, 3436]
[3292, 3294, 3297]
[3154, 3297, 3299]
[3295, 3296, 3298]
[3297, 3299, 3440]
[3296, 3298, 3301]
[3158, 3301, 3303]
[3299, 3300, 3302]
[3301, 3303, 3444]
[3300, 3302, 3305]
[3162, 3305, 3307]
[3303, 3304, 3306]
[3305, 3307, 3448]
[3304, 3306, 3309]
[3166, 3309, 3311]
[3307, 3308, 3310]
[3309, 3311, 3452]
[3169, 3308, 3310]
[3170, 3313, 3315]
[3312, 3314, 3455]
[3313, 3315, 3456]
[3312, 3314, 3317]
[3174, 3317, 3319]
[3315, 3316, 3318]
[3317, 3319, 3460]
[3316, 3318, 3321]
[3178, 3321, 3323]
[3319, 3320, 3322]
[3321, 3323, 3464]
[3320, 3322, 3325]
[3182, 3325, 3327]
[3323, 3324, 3326]
[3325, 3327, 3468]
[3324, 3326, 3329]
[3186, 3329, 3331]
[3327, 3328, 3330]
[3329, 3331, 3472]
[3328, 3330, 3333]
[3190, 3333, 3335]
[3331, 3332, 3334]
[3333, 3335, 3476]
[3332, 3334, 3337]
[3194, 3337, 3339]
[3335, 3336, 3338]
[3337, 3339, 3480]
[3336, 3338, 3341]
[3198, 3341, 3343]
[3339, 3340, 3342]
[3341, 3343, 3484]
[3340, 3342, 3345]
[3202, 3345, 3347]
[3343, 3344, 3346]
[3345, 3347, 3488]
[3344, 3346, 3349]
[3206, 3349, 3351]
[3347, 3348, 3350]
[3349, 3351, 3492]
[3348, 3350, 3353]
[3210, 3353, 3355]
[3351, 3352, 3354]
[3353, 3355, 3496]
[3352, 3354, 3357]
[3214, 3357, 3359]
[3355, 3356, 3358]
[3357, 3359, 3500]
[3356, 3358, 3361]
[3218, 3361, 3363]
[3359, 3360, 3362]
[3361, 3363, 3504]
[3360, 3362, 3365]
[3222, 3365, 3367]
[3363, 3364, 3366]
[3365, 3367, 3508]
[3364, 3366, 3369]
[3226, 3369, 3371]
[3367, 3368, 3370]
[3369, 3371, 3512]
[3368, 3370, 3373]
[3230, 3373, 3375]
[3371, 3372, 3374]
[3373, 3375, 3516]
[3372, 3374, 3377]
[3234, 3377, 3379]
[3375, 3376, 3378]
[3377, 3379, 3520]
[3376, 3378, 3381]
[3238, 3381, 3383]
[3379, 3380, 3382]
[3381, 3383, 3524]
[3380, 3382, 3385]
[3242, 3385, 3387]
[3383, 3384, 3386]
[3385, 3387, 3528]
[3384, 3386, 3389]
[3246, 3389, 3391]
[3387, 3388, 3390]
[3389, 3391, 3532]
[3388, 3390, 3393]
[3250, 3393, 3395]
[3391, 3392, 3394]
[3393, 3395, 3536]
[3392, 3394, 3397]
[3254, 3397, 3399]
[3395, 3396, 3398]
[3397, 3399, 3540]
[3396, 3398, 3401]
[3258, 3401, 3403]
[3399, 3400, 3402]
[3401, 3403, 3544]
[3400, 3402, 3405]
[3262, 3405, 3407]
[3403, 3404, 3406]
[3405, 3407, 3548]
[3404, 3406, 3409]
[3266, 3409, 3411]
[3407, 3408, 3410]
[3409, 3411, 3552]
[3408, 3410, 3413]
[3270, 3413, 3415]
[3411, 3412, 3414]
[3413, 3415, 3556]
[3412, 3414, 3417]
[3274, 3417, 3419]
[3415, 3416, 3418]
[3417, 3419, 3560]
[3416, 3418, 3421]
[3278, 3421, 3423]
[3419, 3420, 3422]
[3421, 3423, 3564]
[3420, 3422, 3425]
[3282, 3425, 3427]
[3423, 3424, 3426]
[3425, 3427, 3568]
[3424, 3426, 3429]
[3286, 3429, 3431]
[3427, 3428, 3430]
[3429, 3431, 3572]
[3428, 3430, 3433]
[3290, 3433, 3435]
[3431, 3432, 3434]
[3433, 3435, 3576]
[3432, 3434, 3437]
[3294, 3437, 3439]
[3435, 3436, 3438]
[3437, 3439, 3580]
[3436, 3438, 3441]
[3298, 3441, 3443]
[3439, 3440, 3442]
[3441, 3443, 3584]
[3440, 3442, 3445]
[3302, 3445, 3447]
[3443, 3444, 3446]
[3445, 3447, 3588]
[3444, 3446, 3449]
[3306, 3449, 3451]
[3447, 3448, 3450]
[3449, 3451, 3592]
[3448, 3450, 3453]
[3310, 3453, 3455]
[3451, 3452, 3454]
[3453, 3455, 3596]
[3313, 3452, 3454]
[3314, 3457, 3459]
[3456, 3458, 3599]
[3457, 3459, 3600]
[3456, 3458, 3461]
[3318, 3461, 3463]
[3459, 3460, 3462]
[3461, 3463, 3604]
[3460, 3462, 3465]
[3322, 3465, 3467]
[3463, 3464, 3466]
[3465, 3467, 3608]
[3464, 3466, 3469]
[3326, 3469, 3471]
[3467, 3468, 3470]
[3469, 3471, 3612]
[3468, 3470, 3473]
[3330, 3473, 3475]
[3471, 3472, 3474]
[3473, 3475, 3616]
[3472, 3474, 3477]
[3334, 3477, 3479]
[3475, 3476, 3478]
[3477, 3479, 3620]
[3476, 3478, 3481]
[3338, 3481, 3483]
[3479, 3480, 3482]
[3481, 3483, 3624]
[3480, 3482, 3485]
[3342, 3485, 3487]
[3483, 3484, 3486]
[3485, 3487, 3628]
[3484, 3486, 3489]
[3346, 3489, 3491]
[3487, 3488, 3490]
[3489, 3491, 3632]
[3488, 3490, 3493]
[3350, 3493, 3495]
[3491, 3492, 3494]
[3493, 3495, 3636]
[3492, 3494, 3497]
[3354, 3497, 3499]
[3495, 3496, 3498]
[3497, 3499, 3640]
[3496, 3498, 3501]
[3358, 3501, 3503]
[3499, 3500, 3502]
[3501, 3503, 3644]
[3500, 3502, 3505]
[3362, 3505, 3507]
[3503, 3504, 3506]
[3505, 3507, 3648]
[3504, 3506, 3509]
[3366, 3509, 3511]
[3507, 3508, 3510]
[3509, 3511, 3652]
[3508, 3510, 3513]
[3370, 3513, 3515]
[3511, 3512, 3514]
[3513, 3515, 3656]
[3512, 3514, 3517]
[3374, 3517, 3519]
[3515, 3516, 3518]
[3517, 3519, 3660]
[3516, 3518, 3521]
[3378, 3521, 3523]
[3519, 3520, 3522]
[3521, 3523, 3664]
[3520, 3522, 3525]
[3382, 3525, 3527]
[3523, 3524, 3526]
[3525, 3527, 3668]
[3524, 3526, 3529]
[3386, 3529, 3531]
[3527, 3528, 3530]
[3529, 3531, 3672]
[3528, 3530, 3533]
[3390, 3533, 3535]
[3531, 3532, 3534]
[3533, 3535, 3676]
[3532, 3534, 3537]
[3394, 3537, 3539]
[3535, 3536, 3538]
[3537, 3539, 3680]
[3536, 3538, 3541]
[3398, 3541, 3543]
[3539, 3540, 3542]
[3541, 3543, 3684]
[3540, 3542, 3545]
[3402, 3545, 3547]
[3543, 3544, 3546]
[3545, 3547, 3688]
[3544, 3546, 3549]
[3406, 3549, 3551]
[3547, 3548, 3550]
[3549, 3551, 3692]
[3548, 3550, 3553]
[3410, 3553, 3555]
[3551, 3552, 3554]
[3553, 3555, 3696]
[3552, 3554, 3557]
[3414, 3557, 3559]
[3555, 3556, 3558]
[3557, 3559, 3700]
[3556, 3558, 3561]
[3418, 3561, 3563]
[3559, 3560, 3562]
[3561, 3563, 3704]
[3560, 3562, 3565]
[3422, 3565, 3567]
[3563, 3564, 3566]
[3565, 3567, 3708]
[3564, 3566, 3569]
[3426, 3569, 3571]
[3567, 3568, 3570]
[3569, 3571, 3712]
[3568, 3570, 3573]
[3430, 3573, 3575]
[3571, 3572, 3574]
[3573, 3575, 3716]
[3572, 3574, 3577]
[3434, 3577, 3579]
[3575, 3576, 3578]
[3577, 3579, 3720]
[3576, 3578, 3581]
[3438, 3581, 3583]
[3579, 3580, 3582]
[3581, 3583, 3724]
[3580, 3582, 3585]
[3442, 3585, 3587]
[3583, 3584, 3586]
[3585, 3587, 3728]
[3584, 3586, 3589]
[3446, 3589, 3591]
[3587, 3588, 3590]
[3589, 3591, 3732]
[3588, 3590, 3593]
[3450, 3593, 3595]
[3591, 3592, 3594]
[3593, 3595, 3736]
[3592, 3594, 3597]
[3454, 3597, 3599]
[3595, 3596, 3598]
[3597, 3599, 3740]
[3457, 3596, 3598]
[3458, 3601, 3603]
[3600, 3602, 3743]
[3601, 3603, 3744]
[3600, 3602, 3605]
[3462, 3605, 3607]
[3603, 3604, 3606]
[3605, 3607, 3748]
[3604, 3606, 3609]
[3466, 3609, 3611]
[3607, 3608, 3610]
[3609, 3611, 3752]
[3608, 3610, 3613]
[3470, 3613, 3615]
[3611, 3612, 3614]
[3613, 3615, 3756]
[3612, 3614, 3617]
[3474, 3617, 3619]
[3615, 3616, 3618]
[3617, 3619, 3760]
[3616, 3618, 3621]
[3478, 3621, 3623]
[3619, 3620, 3622]
[3621, 3623, 3764]
[3620, 3622, 3625]
[3482, 3625, 3627]
[3623, 3624, 3626]
[3625, 3627, 3768]
[3624, 3626, 3629]
[3486, 3629, 3631]
[3627, 3628, 3630]
[3629, 3631, 3772]
[3628, 3630, 3633]
[3490, 3633, 3635]
[3631, 3632, 3634]
[3633, 3635, 3776]
[3632, 3634, 3637]
[3494, 3637, 3639]
[3635, 3636, 3638]
[3637, 3639, 3780]
[3636, 3638, 3641]
[3498, 3641, 3643]
[3639, 3640, 3642]
[3641, 3643, 3784]
[3640, 3642, 3645]
[3502, 3645, 3647]
[3643, 3644, 3646]
[3645, 3647, 3788]
[3644, 3646, 3649]
[3506, 3649, 3651]
[3647, 3648, 3650]
[3649, 3651, 3792]
[3648, 3650, 3653]
[3510, 3653, 3655]
[3651, 3652, 3654]
[3653, 3655, 3796]
[3652, 3654, 3657]
[3514, 3657, 3659]
[3655, 3656, 3658]
[3657, 3659, 3800]
[3656, 3658, 3661]
[3518, 3661, 3663]
[3659, 3660, 3662]
[3661, 3663, 3804]
[3660, 3662, 3665]
[3522, 3665, 3667]
[3663, 3664, 3666]
[3665, 3667, 3808]
[3664, 3666, 3669]
[3526, 3669, 3671]
[3667, 3668, 3670]
[3669, 3671, 3812]
[3668, 3670, 3673]
[3530, 3673, 3675]
[3671, 3672, 3674]
[3673, 3675, 3816]
[3672, 3674, 3677]
[3534, 3677, 3679]
[3675, 3676, 3678]
[3677, 3679, 3820]
[3676, 3678, 3681]
[3538, 3681, 3683]
[3679, 3680, 3682]
[3681, 3683, 3824]
[3680, 3682, 3685]
[3542, 3685, 3687]
[3683, 3684, 3686]
[3685, 3687, 3828]
[3684, 3686, 3689]
[3546, 3689, 3691]
[3687, 3688, 3690]
[3689, 3691, 3832]
[3688, 3690, 3693]
[3550, 3693, 3695]
[3691, 3692, 3694]
[3693, 3695, 3836]
[3692, 3694, 3697]
[3554, 3697, 3699]
[3695, 3696, 3698]
[3697, 3699, 3840]
[3696, 3698, 3701]
[3558, 3701, 3703]
[3699, 3700, 3702]
[3701, 3703, 3844]
[3700, 3702, 3705]
[3562, 3705, 3707]
[3703, 3704, 3706]
[3705, 3707, 3848]
[3704, 3706, 3709]
[3566, 3709, 3711]
[3707, 3708, 3710]
[3709, 3711, 3852]
[3708, 3710, 3713]
[3570, 3713, 3715]
[3711, 3712, 3714]
[3713, 3715, 3856]
[3712, 3714, 3717]
[3574, 3717, 3719]
[3715, 3716, 3718]
[3717, 3719, 3860]
[3716, 3718, 3721]
[3578, 3721, 3723]
[3719, 3720, 3722]
[3721, 3723, 3864]
[3720, 3722, 3725]
[3582, 3725, 3727]
[3723, 3724, 3726]
[3725, 3727, 3868]
[3724, 3726, 3729]
[3586, 3729, 3731]
[3727, 3728, 3730]
[3729, 3731, 3872]
[3728, 3730, 3733]
[3590, 3733, 3735]
[3731, 3732, 3734]
[3733, 3735, 3876]
[3732, 3734, 3737]
[3594, 3737, 3739]
[3735, 3736, 3738]
[3737, 3739, 3880]
[3736, 3738, 3741]
[3598, 3741, 3743]
[3739, 3740, 3742]
[3741, 3743, 3884]
[3601, 3740, 3742]
[3602, 3745, 3747]
[3744, 3746, 3887]
[3745, 3747, 3888]
[3744, 3746, 3749]
[3606, 3749, 3751]
[3747, 3748, 3750]
[3749, 3751, 3892]
[3748, 3750, 3753]
[3610, 3753, 3755]
[3751, 3752, 3754]
[3753, 3755, 3896]
[3752, 3754, 3757]
[3614, 3757, 3759]
[3755, 3756, 3758]
[3757, 3759, 3900]
[3756, 3758, 3761]
[3618, 3761, 3763]
[3759, 3760, 3762]
[3761, 3763, 3904]
[3760, 3762, 3765]
[3622, 3765, 3767]
[3763, 3764, 3766]
[3765, 3767, 3908]
[3764, 3766, 3769]
[3626, 3769, 3771]
[3767, 3768, 3770]
[3769, 3771, 3912]
[3768, 3770, 3773]
[3630, 3773, 3775]
[3771, 3772, 3774]
[3773, 3775, 3916]
[3772, 3774, 3777]
[3634, 3777, 3779]
[3775, 3776, 3778]
[3777, 3779, 3920]
[3776, 3778, 3781]
[3638, 3781, 3783]
[3779, 3780, 3782]
[3781, 3783, 3924]
[3780, 3782, 3785]
[3642, 3785, 3787]
[3783, 3784, 3786]
[3785, 3787, 3928]
[3784, 3786, 3789]
[3646, 3789, 3791]
[3787, 3788, 3790]
[3789, 3791, 3932]
[3788, 3790, 3793]
[3650, 3793, 3795]
[3791, 3792, 3794]
[3793, 3795, 3936]
[3792, 3794, 3797]
[3654, 3797, 3799]
[3795, 3796, 3798]
[3797, 3799, 3940]
[3796, 3798, 3801]
[3658, 3801, 3803]
[3799, 3800, 3802]
[3801, 3803, 3944]
[3800, 3802, 3805]
[3662, 3805, 3807]
[3803, 3804, 3806]
[3805, 3807, 3948]
[3804, 3806, 3809]
[3666, 3809, 3811]
[3807, 3808, 3810]
[3809, 3811, 3952]
[3808, 3810, 3813]
[3670, 3813, 3815]
[3811, 3812, 3814]
[3813, 3815, 3956]
[3812, 3814, 3817]
[3674, 3817, 3819]
[3815, 3816, 3818]
[3817, 3819, 3960]
[3816, 3818, 3821]
[3678, 3821, 3823]
[3819, 3820, 3822]
[3821, 3823, 3964]
[3820, 3822, 3825]
[3682, 3825, 3827]
[3823, 3824, 3826]
[3825, 3827, 3968]
[3824, 3826, 3829]
[3686, 3829, 3831]
[3827, 3828, 3830]
[3829, 3831, 3972]
[3828, 3830, 3833]
[3690, 3833, 3835]
[3831, 3832, 3834]
[3833, 3835, 3976]
[3832, 3834, 3837]
[3694, 3837, 3839]
[3835, 3836, 3838]
[3837, 3839, 3980]
[3836, 3838, 3841]
[3698, 3841, 3843]
[3839, 3840, 3842]
[3841, 3843, 3984]
[3840, 3842, 3845]
[3702, 3845, 3847]
[3843, 3844, 3846]
[3845, 3847, 3988]
[3844, 3846, 3849]
[3706, 3849, 3851]
[3847, 3848, 3850]
[3849, 3851, 3992]
[3848, 3850, 3853]
[3710, 3853, 3855]
[3851, 3852, 3854]
[3853, 3855, 3996]
[3852, 3854, 3857]
[3714, 3857, 3859]
[3855, 3856, 3858]
[3857, 3859, 4000]
[3856, 3858, 3861]
[3718, 3861, 3863]
[3859, 3860, 3862]
[3861, 3863, 4004]
[3860, 3862, 3865]
[3722, 3865, 3867]
[3863, 3864, 3866]
[3865, 3867, 4008]
[3864, 3866, 3869]
[3726, 3869, 3871]
[3867, 3868, 3870]
[3869, 3871, 4012]
[3868, 3870, 3873]
[3730, 3873, 3875]
[3871, 3872, 3874]
[3873, 3875, 4016]
[3872, 3874, 3877]
[3734, 3877, 3879]
[3875, 3876, 3878]
[3877, 3879, 4020]
[3876, 3878, 3881]
[3738, 3881, 3883]
[3879, 3880, 3882]
[3881, 3883, 4024]
[3880, 3882, 3885]
[3742, 3885, 3887]
[3883, 3884, 3886]
[3885, 3887, 4028]
[3745, 3884, 3886]
[3746, 3889, 3891]
[3888, 3890, 4031]
[3889, 3891, 4032]
[3888, 3890, 3893]
[3750, 3893, 3895]
[3891, 3892, 3894]
[3893, 3895, 4036]
[3892, 3894, 3897]
[3754, 3897, 3899]
[3895, 3896, 3898]
[3897, 3899, 4040]
[3896, 3898, 3901]
[3758, 3901, 3903]
[3899, 3900, 3902]
[3901, 3903, 4044]
[3900, 3902, 3905]
[3762, 3905, 3907]
[3903, 3904, 3906]
[3905, 3907, 4048]
[3904, 3906, 3909]
[3766, 3909, 3911]
[3907, 3908, 3910]
[3909, 3911, 4052]
[3908, 3910, 3913]
[3770, 3913, 3915]
[3911, 3912, 3914]
[3913, 3915, 4056]
[3912, 3914, 3917]
[3774, 3917, 3919]
[3915, 3916, 3918]
[3917, 3919, 4060]
[3916, 3918, 3921]
[3778, 3921, 3923]
[3919, 3920, 3922]
[3921, 3923, 4064]
[3920, 3922, 3925]
[3782, 3925, 3927]
[3923, 3924, 3926]
[3925, 3927, 4068]
[3924, 3926, 3929]
[3786, 3929, 3931]
[3927, 3928, 3930]
[3929, 3931, 4072]
[3928, 3930, 3933]
[3790, 3933, 3935]
[3931, 3932, 3934]
[3933, 3935, 4076]
[3932, 3934, 3937]
[3794, 3937, 3939]
[3935, 3936, 3938]
[3937, 3939, 4080]
[3936, 3938, 3941]
[3798, 3941, 3943]
[3939, 3940, 3942]
[3941, 3943, 4084]
[3940, 3942, 3945]
[3802, 3945, 3947]
[3943, 3944, 3946]
[3945, 3947, 4088]
[3944, 3946, 3949]
[3806, 3949, 3951]
[3947, 3948, 3950]
[3949, 3951, 4092]
[3948, 3950, 3953]
[3810, 3953, 3955]
[3951, 3952, 3954]
[3953, 3955, 4096]
[3952, 3954, 3957]
[3814, 3957, 3959]
[3955, 3956, 3958]
[3957, 3959, 4100]
[3956, 3958, 3961]
[3818, 3961, 3963]
[3959, 3960, 3962]
[3961, 3963, 4104]
[3960, 3962, 3965]
[3822, 3965, 3967]
[3963, 3964, 3966]
[3965, 3967, 4108]
[3964, 3966, 3969]
[3826, 3969, 3971]
[3967, 3968, 3970]
[3969, 3971, 4112]
[3968, 3970, 3973]
[3830, 3973, 3975]
[3971, 3972, 3974]
[3973, 3975, 4116]
[3972, 3974, 3977]
[3834, 3977, 3979]
[3975, 3976, 3978]
[3977, 3979, 4120]
[3976, 3978, 3981]
[3838, 3981, 3983]
[3979, 3980, 3982]
[3981, 3983, 4124]
[3980, 3982, 3985]
[3842, 3985, 3987]
[3983, 3984, 3986]
[3985, 3987, 4128]
[3984, 3986, 3989]
[3846, 3989, 3991]
[3987, 3988, 3990]
[3989, 3991, 4132]
[3988, 3990, 3993]
[3850, 3993, 3995]
[3991, 3992, 3994]
[3993, 3995, 4136]
[3992, 3994, 3997]
[3854, 3997, 3999]
[3995, 3996, 3998]
[3997, 3999, 4140]
[3996, 3998, 4001]
[3858, 4001, 4003]
[3999, 4000, 4002]
[4001, 4003, 4144]
[4000, 4002, 4005]
[3862, 4005, 4007]
[4003, 4004, 4006]
[4005, 4007, 4148]
[4004, 4006, 4009]
[3866, 4009, 4011]
[4007, 4008, 4010]
[4009, 4011, 4152]
[4008, 4010, 4013]
[3870, 4013, 4015]
[4011, 4012, 4014]
[4013, 4015, 4156]
[4012, 4014, 4017]
[3874, 4017, 4019]
[4015, 4016, 4018]
[4017, 4019, 4160]
[4016, 4018, 4021]
[3878, 4021, 4023]
[4019, 4020, 4022]
[4021, 4023, 4164]
[4020, 4022, 4025]
[3882, 4025, 4027]
[4023, 4024, 4026]
[4025, 4027, 4168]
[4024, 4026, 4029]
[3886, 4029, 4031]
[4027, 4028, 4030]
[4029, 4031, 4172]
[3889, 4028, 4030]
[3890, 4033, 4035]
[4032, 4034, 4175]
[4033, 4035, 4176]
[4032, 4034, 4037]
[3894, 4037, 4039]
[4035, 4036, 4038]
[4037, 4039, 4180]
[4036, 4038, 4041]
[3898, 4041, 4043]
[4039, 4040, 4042]
[4041, 4043, 4184]
[4040, 4042, 4045]
[3902, 4045, 4047]
[4043, 4044, 4046]
[4045, 4047, 4188]
[4044, 4046, 4049]
[3906, 4049, 4051]
[4047, 4048, 4050]
[4049, 4051, 4192]
[4048, 4050, 4053]
[3910, 4053, 4055]
[4051, 4052, 4054]
[4053, 4055, 4196]
[4052, 4054, 4057]
[3914, 4057, 4059]
[4055, 4056, 4058]
[4057, 4059, 4200]
[4056, 4058, 4061]
[3918, 4061, 4063]
[4059, 4060, 4062]
[4061, 4063, 4204]
[4060, 4062, 4065]
[3922, 4065, 4067]
[4063, 4064, 4066]
[4065, 4067, 4208]
[4064, 4066, 4069]
[3926, 4069, 4071]
[4067, 4068, 4070]
[4069, 4071, 4212]
[4068, 4070, 4073]
[3930, 4073, 4075]
[4071, 4072, 4074]
[4073, 4075, 4216]
[4072, 4074, 4077]
[3934, 4077, 4079]
[4075, 4076, 4078]
[4077, 4079, 4220]
[4076, 4078, 4081]
[3938, 4081, 4083]
[4079, 4080, 4082]
[4081, 4083, 4224]
[4080, 4082, 4085]
[3942, 4085, 4087]
[4083, 4084, 4086]
[4085, 4087, 4228]
[4084, 4086, 4089]
[3946, 4089, 4091]
[4087, 4088, 4090]
[4089, 4091, 4232]
[4088, 4090, 4093]
[3950, 4093, 4095]
[4091, 4092, 4094]
[4093, 4095, 4236]
[4092, 4094, 4097]
[3954, 4097, 4099]
[4095, 4096, 4098]
[4097, 4099, 4240]
[4096, 4098, 4101]
[3958, 4101, 4103]
[4099, 4100, 4102]
[4101, 4103, 4244]
[4100, 4102, 4105]
[3962, 4105, 4107]
[4103, 4104, 4106]
[4105, 4107, 4248]
[4104, 4106, 4109]
[3966, 4109, 4111]
[4107, 4108, 4110]
[4109, 4111, 4252]
[4108, 4110, 4113]
[3970, 4113, 4115]
[4111, 4112, 4114]
[4113, 4115, 4256]
[4112, 4114, 4117]
[3974, 4117, 4119]
[4115, 4116, 4118]
[4117, 4119, 4260]
[4116, 4118, 4121]
[3978, 4121, 4123]
[4119, 4120, 4122]
[4121, 4123, 4264]
[4120, 4122, 4125]
[3982, 4125, 4127]
[4123, 4124, 4126]
[4125, 4127, 4268]
[4124, 4126, 4129]
[3986, 4129, 4131]
[4127, 4128, 4130]
[4129, 4131, 4272]
[4128, 4130, 4133]
[3990, 4133, 4135]
[4131, 4132, 4134]
[4133, 4135, 4276]
[4132, 4134, 4137]
[3994, 4137, 4139]
[4135, 4136, 4138]
[4137, 4139, 4280]
[4136, 4138, 4141]
[3998, 4141, 4143]
[4139, 4140, 4142]
[4141, 4143, 4284]
[4140, 4142, 4145]
[4002, 4145, 4147]
[4143, 4144, 4146]
[4145, 4147, 4288]
[4144, 4146, 4149]
[4006, 4149, 4151]
[4147, 4148, 4150]
[4149, 4151, 4292]
[4148, 4150, 4153]
[4010, 4153, 4155]
[4151, 4152, 4154]
[4153, 4155, 4296]
[4152, 4154, 4157]
[4014, 4157, 4159]
[4155, 4156, 4158]
[4157, 4159, 4300]
[4156, 4158, 4161]
[4018, 4161, 4163]
[4159, 4160, 4162]
[4161, 4163, 4304]
[4160, 4162, 4165]
[4022, 4165, 4167]
[4163, 4164, 4166]
[4165, 4167, 4308]
[4164, 4166, 4169]
[4026, 4169, 4171]
[4167, 4168, 4170]
[4169, 4171, 4312]
[4168, 4170, 4173]
[4030, 4173, 4175]
[4171, 4172, 4174]
[4173, 4175, 4316]
[4033, 4172, 4174]
[4034, 4177, 4179]
[4176, 4178, 4319]
[4177, 4179, 4320]
[4176, 4178, 4181]
[4038, 4181, 4183]
[4179, 4180, 4182]
[4181, 4183, 4324]
[4180, 4182, 4185]
[4042, 4185, 4187]
[4183, 4184, 4186]
[4185, 4187, 4328]
[4184, 4186, 4189]
[4046, 4189, 4191]
[4187, 4188, 4190]
[4189, 4191, 4332]
[4188, 4190, 4193]
[4050, 4193, 4195]
[4191, 4192, 4194]
[4193, 4195, 4336]
[4192, 4194, 4197]
[4054, 4197, 4199]
[4195, 4196, 4198]
[4197, 4199, 4340]
[4196, 4198, 4201]
[4058, 4201, 4203]
[4199, 4200, 4202]
[4201, 4203, 4344]
[4200, 4202, 4205]
[4062, 4205, 4207]
[4203, 4204, 4206]
[4205, 4207, 4348]
[4204, 4206, 4209]
[4066, 4209, 4211]
[4207, 4208, 4210]
[4209, 4211, 4352]
[4208, 4210, 4213]
[4070, 4213, 4215]
[4211, 4212, 4214]
[4213, 4215, 4356]
[4212, 4214, 4217]
[4074, 4217, 4219]
[4215, 4216, 4218]
[4217, 4219, 4360]
[4216, 4218, 4221]
[4078, 4221, 4223]
[4219, 4220, 4222]
[4221, 4223, 4364]
[4220, 4222, 4225]
[4082, 4225, 4227]
[4223, 4224, 4226]
[4225, 4227, 4368]
[4224, 4226, 4229]
[4086, 4229, 4231]
[4227, 4228, 4230]
[4229, 4231, 4372]
[4228, 4230, 4233]
[4090, 4233, 4235]
[4231, 4232, 4234]
[4233, 4235, 4376]
[4232, 4234, 4237]
[4094, 4237, 4239]
[4235, 4236, 4238]
[4237, 4239, 4380]
[4236, 4238, 4241]
[4098, 4241, 4243]
[4239, 4240, 4242]
[4241, 4243, 4384]
[4240, 4242, 4245]
[4102, 4245, 4247]
[4243, 4244, 4246]
[4245, 4247, 4388]
[4244, 4246, 4249]
[4106, 4249, 4251]
[4247, 4248, 4250]
[4249, 4251, 4392]
[4248, 4250, 4253]
[4110, 4253, 4255]
[4251, 4252, 4254]
[4253, 4255, 4396]
[4252, 4254, 4257]
[4114, 4257, 4259]
[4255, 4256, 4258]
[4257, 4259, 4400]
[4256, 4258, 4261]
[4118, 4261, 4263]
[4259, 4260, 4262]
[4261, 4263, 4404]
[4260, 4262, 4265]
[4122, 4265, 4267]
[4263, 4264, 4266]
[4265, 4267, 4408]
[4264, 4266, 4269]
[4126, 4269, 4271]
[4267, 4268, 4270]
[4269, 4271, 4412]
[4268, 4270, 4273]
[4130, 4273, 4275]
[4271, 4272, 4274]
[4273, 4275, 4416]
[4272, 4274, 4277]
[4134, 4277, 4279]
[4275, 4276, 4278]
[4277, 4279, 4420]
[4276, 4278, 4281]
[4138, 4281, 4283]
[4279, 4280, 4282]
[4281, 4283, 4424]
[4280, 4282, 4285]
[4142, 4285, 4287]
[4283, 4284, 4286]
[4285, 4287, 4428]
[4284, 4286, 4289]
[4146, 4289, 4291]
[4287, 4288, 4290]
[4289, 4291, 4432]
[4288, 4290, 4293]
[4150, 4293, 4295]
[4291, 4292, 4294]
[4293, 4295, 4436]
[4292, 4294, 4297]
[4154, 4297, 4299]
[4295, 4296, 4298]
[4297, 4299, 4440]
[4296, 4298, 4301]
[4158, 4301, 4303]
[4299, 4300, 4302]
[4301, 4303, 4444]
[4300, 4302, 4305]
[4162, 4305, 4307]
[4303, 4304, 4306]
[4305, 4307, 4448]
[4304, 4306, 4309]
[4166, 4309, 4311]
[4307, 4308, 4310]
[4309, 4311, 4452]
[4308, 4310, 4313]
[4170, 4313, 4315]
[4311, 4312, 4314]
[4313, 4315, 4456]
[4312, 4314, 4317]
[4174, 4317, 4319]
[4315, 4316, 4318]
[4317, 4319, 4460]
[4177, 4316, 4318]
[4178, 4321, 4323]
[4320, 4322, 4463]
[4321, 4323, 4464]
[4320, 4322, 4325]
[4182, 4325, 4327]
[4323, 4324, 4326]
[4325, 4327, 4468]
[4324, 4326, 4329]
[4186, 4329, 4331]
[4327, 4328, 4330]
[4329, 4331, 4472]
[4328, 4330, 4333]
[4190, 4333, 4335]
[4331, 4332, 4334]
[4333, 4335, 4476]
[4332, 4334, 4337]
[4194, 4337, 4339]
[4335, 4336, 4338]
[4337, 4339, 4480]
[4336, 4338, 4341]
[4198, 4341, 4343]
[4339, 4340, 4342]
[4341, 4343, 4484]
[4340, 4342, 4345]
[4202, 4345, 4347]
[4343, 4344, 4346]
[4345, 4347, 4488]
[4344, 4346, 4349]
[4206, 4349, 4351]
[4347, 4348, 4350]
[4349, 4351, 4492]
[4348, 4350, 4353]
[4210, 4353, 4355]
[4351, 4352, 4354]
[4353, 4355, 4496]
[4352, 4354, 4357]
[4214, 4357, 4359]
[4355, 4356, 4358]
[4357, 4359, 4500]
[4356, 4358, 4361]
[4218, 4361, 4363]
[4359, 4360, 4362]
[4361, 4363, 4504]
[4360, 4362, 4365]
[4222, 4365, 4367]
[4363, 4364, 4366]
[4365, 4367, 4508]
[4364, 4366, 4369]
[4226, 4369, 4371]
[4367, 4368, 4370]
[4369, 4371, 4512]
[4368, 4370, 4373]
[4230, 4373, 4375]
[4371, 4372, 4374]
[4373, 4375, 4516]
[4372, 4374, 4377]
[4234, 4377, 4379]
[4375, 4376, 4378]
[4377, 4379, 4520]
[4376, 4378, 4381]
[4238, 4381, 4383]
[4379, 4380, 4382]
[4381, 4383, 4524]
[4380, 4382, 4385]
[4242, 4385, 4387]
[4383, 4384, 4386]
[4385, 4387, 4528]
[4384, 4386, 4389]
[4246, 4389, 4391]
[4387, 4388, 4390]
[4389, 4391, 4532]
[4388, 4390, 4393]
[4250, 4393, 4395]
[4391, 4392, 4394]
[4393, 4395, 4536]
[4392, 4394, 4397]
[4254, 4397, 4399]
[4395, 4396, 4398]
[4397, 4399, 4540]
[4396, 4398, 4401]
[4258, 4401, 4403]
[4399, 4400, 4402]
[4401, 4403, 4544]
[4400, 4402, 4405]
[4262, 4405, 4407]
[4403, 4404, 4406]
[4405, 4407, 4548]
[4404, 4406, 4409]
[4266, 4409, 4411]
[4407, 4408, 4410]
[4409, 4411, 4552]
[4408, 4410, 4413]
[4270, 4413, 4415]
[4411, 4412, 4414]
[4413, 4415, 4556]
[4412, 4414, 4417]
[4274, 4417, 4419]
[4415, 4416, 4418]
[4417, 4419, 4560]
[4416, 4418, 4421]
[4278, 4421, 4423]
[4419, 4420, 4422]
[4421, 4423, 4564]
[4420, 4422, 4425]
[4282, 4425, 4427]
[4423, 4424, 4426]
[4425, 4427, 4568]
[4424, 4426, 4429]
[4286, 4429, 4431]
[4427, 4428, 4430]
[4429, 4431, 4572]
[4428, 4430, 4433]
[4290, 4433, 4435]
[4431, 4432, 4434]
[4433, 4435, 4576]
[4432, 4434, 4437]
[4294, 4437, 4439]
[4435, 4436, 4438]
[4437, 4439, 4580]
[4436, 4438, 4441]
[4298, 4441, 4443]
[4439, 4440, 4442]
[4441, 4443, 4584]
[4440, 4442, 4445]
[4302, 4445, 4447]
[4443, 4444, 4446]
[4445, 4447, 4588]
[4444, 4446, 4449]
[4306, 4449, 4451]
[4447, 4448, 4450]
[4449, 4451, 4592]
[4448, 4450, 4453]
[4310, 4453, 4455]
[4451, 4452, 4454]
[4453, 4455, 4596]
[4452, 4454, 4457]
[4314, 4457, 4459]
[4455, 4456, 4458]
[4457, 4459, 4600]
[4456, 4458, 4461]
[4318, 4461, 4463]
[4459, 4460, 4462]
[4461, 4463, 4604]
[4321, 4460, 4462]
[4322, 4465, 4467]
[4464, 4466, 4607]
[4465, 4467, 4608]
[4464, 4466, 4469]
[4326, 4469, 4471]
[4467, 4468, 4470]
[4469, 4471, 4612]
[4468, 4470, 4473]
[4330, 4473, 4475]
[4471, 4472, 4474]
[4473, 4475, 4616]
[4472, 4474, 4477]
[4334, 4477, 4479]
[4475, 4476, 4478]
[4477, 4479, 4620]
[4476, 4478, 4481]
[4338, 4481, 4483]
[4479, 4480, 4482]
[4481, 4483, 4624]
[4480, 4482, 4485]
[4342, 4485, 4487]
[4483, 4484, 4486]
[4485, 4487, 4628]
[4484, 4486, 4489]
[4346, 4489, 4491]
[4487, 4488, 4490]
[4489, 4491, 4632]
[4488, 4490, 4493]
[4350, 4493, 4495]
[4491, 4492, 4494]
[4493, 4495, 4636]
[4492, 4494, 4497]
[4354, 4497, 4499]
[4495, 4496, 4498]
[4497, 4499, 4640]
[4496, 4498, 4501]
[4358, 4501, 4503]
[4499, 4500, 4502]
[4501, 4503, 4644]
[4500, 4502, 4505]
[4362, 4505, 4507]
[4503, 4504, 4506]
[4505, 4507, 4648]
[4504, 4506, 4509]
[4366, 4509, 4511]
[4507, 4508, 4510]
[4509, 4511, 4652]
[4508, 4510, 4513]
[4370, 4513, 4515]
[4511, 4512, 4514]
[4513, 4515, 4656]
[4512, 4514, 4517]
[4374, 4517, 4519]
[4515, 4516, 4518]
[4517, 4519, 4660]
[4516, 4518, 4521]
[4378, 4521, 4523]
[4519, 4520, 4522]
[4521, 4523, 4664]
[4520, 4522, 4525]
[4382, 4525, 4527]
[4523, 4524, 4526]
[4525, 4527, 4668]
[4524, 4526, 4529]
[4386, 4529, 4531]
[4527, 4528, 4530]
[4529, 4531, 4672]
[4528, 4530, 4533]
[4390, 4533, 4535]
[4531, 4532, 4534]
[4533, 4535, 4676]
[4532, 4534, 4537]
[4394, 4537, 4539]
[4535, 4536, 4538]
[4537, 4539, 4680]
[4536, 4538, 4541]
[4398, 4541, 4543]
[4539, 4540, 4542]
[4541, 4543, 4684]
[4540, 4542, 4545]
[4402, 4545, 4547]
[4543, 4544, 4546]
[4545, 4547, 4688]
[4544, 4546, 4549]
[4406, 4549, 4551]
[4547, 4548, 4550]
[4549, 4551, 4692]
[4548, 4550, 4553]
[4410, 4553, 4555]
[4551, 4552, 4554]
[4553, 4555, 4696]
[4552, 4554, 4557]
[4414, 4557, 4559]
[4555, 4556, 4558]
[4557, 4559, 4700]
[4556, 4558, 4561]
[4418, 4561, 4563]
[4559, 4560, 4562]
[4561, 4563, 4704]
[4560, 4562, 4565]
[4422, 4565, 4567]
[4563, 4564, 4566]
[4565, 4567, 4708]
[4564, 4566, 4569]
[4426, 4569, 4571]
[4567, 4568, 4570]
[4569, 4571, 4712]
[4568, 4570, 4573]
[4430, 4573, 4575]
[4571, 4572, 4574]
[4573, 4575, 4716]
[4572, 4574, 4577]
[4434, 4577, 4579]
[4575, 4576, 4578]
[4577, 4579, 4720]
[4576, 4578, 4581]
[4438, 4581, 4583]
[4579, 4580, 4582]
[4581, 4583, 4724]
[4580, 4582, 4585]
[4442, 4585, 4587]
[4583, 4584, 4586]
[4585, 4587, 4728]
[4584, 4586, 4589]
[4446, 4589, 4591]
[4587, 4588, 4590]
[4589, 4591, 4732]
[4588, 4590, 4593]
[4450, 4593, 4595]
[4591, 4592, 4594]
[4593, 4595, 4736]
[4592, 4594, 4597]
[4454, 4597, 4599]
[4595, 4596, 4598]
[4597, 4599, 4740]
[4596, 4598, 4601]
[4458, 4601, 4603]
[4599, 4600, 4602]
[4601, 4603, 4744]
[4600, 4602, 4605]
[4462, 4605, 4607]
[4603, 4604, 4606]
[4605, 4607, 4748]
[4465, 4604, 4606]
[4466, 4609, 4611]
[4608, 4610, 4751]
[4609, 4611, 4752]
[4608, 4610, 4613]
[4470, 4613, 4615]
[4611, 4612, 4614]
[4613, 4615, 4756]
[4612, 4614, 4617]
[4474, 4617, 4619]
[4615, 4616, 4618]
[4617, 4619, 4760]
[4616, 4618, 4621]
[4478, 4621, 4623]
[4619, 4620, 4622]
[4621, 4623, 4764]
[4620, 4622, 4625]
[4482, 4625, 4627]
[4623, 4624, 4626]
[4625, 4627, 4768]
[4624, 4626, 4629]
[4486, 4629, 4631]
[4627, 4628, 4630]
[4629, 4631, 4772]
[4628, 4630, 4633]
[4490, 4633, 4635]
[4631, 4632, 4634]
[4633, 4635, 4776]
[4632, 4634, 4637]
[4494, 4637, 4639]
[4635, 4636, 4638]
[4637, 4639, 4780]
[4636, 4638, 4641]
[4498, 4641, 4643]
[4639, 4640, 4642]
[4641, 4643, 4784]
[4640, 4642, 4645]
[4502, 4645, 4647]
[4643, 4644, 4646]
[4645, 4647, 4788]
[4644, 4646, 4649]
[4506, 4649, 4651]
[4647, 4648, 4650]
[4649, 4651, 4792]
[4648, 4650, 4653]
[4510, 4653, 4655]
[4651, 4652, 4654]
[4653, 4655, 4796]
[4652, 4654, 4657]
[4514, 4657, 4659]
[4655, 4656, 4658]
[4657, 4659, 4800]
[4656, 4658, 4661]
[4518, 4661, 4663]
[4659, 4660, 4662]
[4661, 4663, 4804]
[4660, 4662, 4665]
[4522, 4665, 4667]
[4663, 4664, 4666]
[4665, 4667, 4808]
[4664, 4666, 4669]
[4526, 4669, 4671]
[4667, 4668, 4670]
[4669, 4671, 4812]
[4668, 4670, 4673]
[4530, 4673, 4675]
[4671, 4672, 4674]
[4673, 4675, 4816]
[4672, 4674, 4677]
[4534, 4677, 4679]
[4675, 4676, 4678]
[4677, 4679, 4820]
[4676, 4678, 4681]
[4538, 4681, 4683]
[4679, 4680, 4682]
[4681, 4683, 4824]
[4680, 4682, 4685]
[4542, 4685, 4687]
[4683, 4684, 4686]
[4685, 4687, 4828]
[4684, 4686, 4689]
[4546, 4689, 4691]
[4687, 4688, 4690]
[4689, 4691, 4832]
[4688, 4690, 4693]
[4550, 4693, 4695]
[4691, 4692, 4694]
[4693, 4695, 4836]
[4692, 4694, 4697]
[4554, 4697, 4699]
[4695, 4696, 4698]
[4697, 4699, 4840]
[4696, 4698, 4701]
[4558, 4701, 4703]
[4699, 4700, 4702]
[4701, 4703, 4844]
[4700, 4702, 4705]
[4562, 4705, 4707]
[4703, 4704, 4706]
[4705, 4707, 4848]
[4704, 4706, 4709]
[4566, 4709, 4711]
[4707, 4708, 4710]
[4709, 4711, 4852]
[4708, 4710, 4713]
[4570, 4713, 4715]
[4711, 4712, 4714]
[4713, 4715, 4856]
[4712, 4714, 4717]
[4574, 4717, 4719]
[4715, 4716, 4718]
[4717, 4719, 4860]
[4716, 4718, 4721]
[4578, 4721, 4723]
[4719, 4720, 4722]
[4721, 4723, 4864]
[4720, 4722, 4725]
[4582, 4725, 4727]
[4723, 4724, 4726]
[4725, 4727, 4868]
[4724, 4726, 4729]
[4586, 4729, 4731]
[4727, 4728, 4730]
[4729, 4731, 4872]
[4728, 4730, 4733]
[4590, 4733, 4735]
[4731, 4732, 4734]
[4733, 4735, 4876]
[4732, 4734, 4737]
[4594, 4737, 4739]
[4735, 4736, 4738]
[4737, 4739, 4880]
[4736, 4738, 4741]
[4598, 4741, 4743]
[4739, 4740, 4742]
[4741, 4743, 4884]
[4740, 4742, 4745]
[4602, 4745, 4747]
[4743, 4744, 4746]
[4745, 4747, 4888]
[4744, 4746, 4749]
[4606, 4749, 4751]
[4747, 4748, 4750]
[4749, 4751, 4892]
[4609, 4748, 4750]
[4610, 4753, 4755]
[4752, 4754, 4895]
[4753, 4755, 4896]
[4752, 4754, 4757]
[4614, 4757, 4759]
[4755, 4756, 4758]
[4757, 4759, 4900]
[4756, 4758, 4761]
[4618, 4761, 4763]
[4759, 4760, 4762]
[4761, 4763, 4904]
[4760, 4762, 4765]
[4622, 4765, 4767]
[4763, 4764, 4766]
[4765, 4767, 4908]
[4764, 4766, 4769]
[4626, 4769, 4771]
[4767, 4768, 4770]
[4769, 4771, 4912]
[4768, 4770, 4773]
[4630, 4773, 4775]
[4771, 4772, 4774]
[4773, 4775, 4916]
[4772, 4774, 4777]
[4634, 4777, 4779]
[4775, 4776, 4778]
[4777, 4779, 4920]
[4776, 4778, 4781]
[4638, 4781, 4783]
[4779, 4780, 4782]
[4781, 4783, 4924]
[4780, 4782, 4785]
[4642, 4785, 4787]
[4783, 4784, 4786]
[4785, 4787, 4928]
[4784, 4786, 4789]
[4646, 4789, 4791]
[4787, 4788, 4790]
[4789, 4791, 4932]
[4788, 4790, 4793]
[4650, 4793, 4795]
[4791, 4792, 4794]
[4793, 4795, 4936]
[4792, 4794, 4797]
[4654, 4797, 4799]
[4795, 4796, 4798]
[4797, 4799, 4940]
[4796, 4798, 4801]
[4658, 4801, 4803]
[4799, 4800, 4802]
[4801, 4803, 4944]
[4800, 4802, 4805]
[4662, 4805, 4807]
[4803, 4804, 4806]
[4805, 4807, 4948]
[4804, 4806, 4809]
[4666, 4809, 4811]
[4807, 4808, 4810]
[4809, 4811, 4952]
[4808, 4810, 4813]
[4670, 4813, 4815]
[4811, 4812, 4814]
[4813, 4815, 4956]
[4812, 4814, 4817]
[4674, 4817, 4819]
[4815, 4816, 4818]
[4817, 4819, 4960]
[4816, 4818, 4821]
[4678, 4821, 4823]
[4819, 4820, 4822]
[4821, 4823, 4964]
[4820, 4822, 4825]
[4682, 4825, 4827]
[4823, 4824, 4826]
[4825, 4827, 4968]
[4824, 4826, 4829]
[4686, 4829, 4831]
[4827, 4828, 4830]
[4829, 4831, 4972]
[4828, 4830, 4833]
[4690, 4833, 4835]
[4831, 4832, 4834]
[4833, 4835, 4976]
[4832, 4834, 4837]
[4694, 4837, 4839]
[4835, 4836, 4838]
[4837, 4839, 4980]
[4836, 4838, 4841]
[4698, 4841, 4843]
[4839, 4840, 4842]
[4841, 4843, 4984]
[4840, 4842, 4845]
[4702, 4845, 4847]
[4843, 4844, 4846]
[4845, 4847, 4988]
[4844, 4846, 4849]
[4706, 4849, 4851]
[4847, 4848, 4850]
[4849, 4851, 4992]
[4848, 4850, 4853]
[4710, 4853, 4855]
[4851, 4852, 4854]
[4853, 4855, 4996]
[4852, 4854, 4857]
[4714, 4857, 4859]
[4855, 4856, 4858]
[4857, 4859, 5000]
[4856, 4858, 4861]
[4718, 4861, 4863]
[4859, 4860, 4862]
[4861, 4863, 5004]
[4860, 4862, 4865]
[4722, 4865, 4867]
[4863, 4864, 4866]
[4865, 4867, 5008]
[4864, 4866, 4869]
[4726, 4869, 4871]
[4867, 4868, 4870]
[4869, 4871, 5012]
[4868, 4870, 4873]
[4730, 4873, 4875]
[4871, 4872, 4874]
[4873, 4875, 5016]
[4872, 4874, 4877]
[4734, 4877, 4879]
[4875, 4876, 4878]
[4877, 4879, 5020]
[4876, 4878, 4881]
[4738, 4881, 4883]
[4879, 4880, 4882]
[4881, 4883, 5024]
[4880, 4882, 4885]
[4742, 4885, 4887]
[4883, 4884, 4886]
[4885, 4887, 5028]
[4884, 4886, 4889]
[4746, 4889, 4891]
[4887, 4888, 4890]
[4889, 4891, 5032]
[4888, 4890, 4893]
[4750, 4893, 4895]
[4891, 4892, 4894]
[4893, 4895, 5036]
[4753, 4892, 4894]
[4754, 4897, 4899]
[4896, 4898, 5039]
[4897, 4899, 5040]
[4896, 4898, 4901]
[4758, 4901, 4903]
[4899, 4900, 4902]
[4901, 4903, 5044]
[4900, 4902, 4905]
[4762, 4905, 4907]
[4903, 4904, 4906]
[4905, 4907, 5048]
[4904, 4906, 4909]
[4766, 4909, 4911]
[4907, 4908, 4910]
[4909, 4911, 5052]
[4908, 4910, 4913]
[4770, 4913, 4915]
[4911, 4912, 4914]
[4913, 4915, 5056]
[4912, 4914, 4917]
[4774, 4917, 4919]
[4915, 4916, 4918]
[4917, 4919, 5060]
[4916, 4918, 4921]
[4778, 4921, 4923]
[4919, 4920, 4922]
[4921, 4923, 5064]
[4920, 4922, 4925]
[4782, 4925, 4927]
[4923, 4924, 4926]
[4925, 4927, 5068]
[4924, 4926, 4929]
[4786, 4929, 4931]
[4927, 4928, 4930]
[4929, 4931, 5072]
[4928, 4930, 4933]
[4790, 4933, 4935]
[4931, 4932, 4934]
[4933, 4935, 5076]
[4932, 4934, 4937]
[4794, 4937, 4939]
[4935, 4936, 4938]
[4937, 4939, 5080]
[4936, 4938, 4941]
[4798, 4941, 4943]
[4939, 4940, 4942]
[4941, 4943, 5084]
[4940, 4942, 4945]
[4802, 4945, 4947]
[4943, 4944, 4946]
[4945, 4947, 5088]
[4944, 4946, 4949]
[4806, 4949, 4951]
[4947, 4948, 4950]
[4949, 4951, 5092]
[4948, 4950, 4953]
[4810, 4953, 4955]
[4951, 4952, 4954]
[4953, 4955, 5096]
[4952, 4954, 4957]
[4814, 4957, 4959]
[4955, 4956, 4958]
[4957, 4959, 5100]
[4956, 4958, 4961]
[4818, 4961, 4963]
[4959, 4960, 4962]
[4961, 4963, 5104]
[4960, 4962, 4965]
[4822, 4965, 4967]
[4963, 4964, 4966]
[4965, 4967, 5108]
[4964, 4966, 4969]
[4826, 4969, 4971]
[4967, 4968, 4970]
[4969, 4971, 5112]
[4968, 4970, 4973]
[4830, 4973, 4975]
[4971, 4972, 4974]
[4973, 4975, 5116]
[4972, 4974, 4977]
[4834, 4977, 4979]
[4975, 4976, 4978]
[4977, 4979, 5120]
[4976, 4978, 4981]
[4838, 4981, 4983]
[4979, 4980, 4982]
[4981, 4983, 5124]
[4980, 4982, 4985]
[4842, 4985, 4987]
[4983, 4984, 4986]
[4985, 4987, 5128]
[4984, 4986, 4989]
[4846, 4989, 4991]
[4987, 4988, 4990]
[4989, 4991, 5132]
[4988, 4990, 4993]
[4850, 4993, 4995]
[4991, 4992, 4994]
[4993, 4995, 5136]
[4992, 4994, 4997]
[4854, 4997, 4999]
[4995, 4996, 4998]
[4997, 4999, 5140]
[4996, 4998, 5001]
[4858, 5001, 5003]
[4999, 5000, 5002]
[5001, 5003, 5144]
[5000, 5002, 5005]
[4862, 5005, 5007]
[5003, 5004, 5006]
[5005, 5007, 5148]
[5004, 5006, 5009]
[4866, 5009, 5011]
[5007, 5008, 5010]
[5009, 5011, 5152]
[5008, 5010, 5013]
[4870, 5013, 5015]
[5011, 5012, 5014]
[5013, 5015, 5156]
[5012, 5014, 5017]
[4874, 5017, 5019]
[5015, 5016, 5018]
[5017, 5019, 5160]
[5016, 5018, 5021]
[4878, 5021, 5023]
[5019, 5020, 5022]
[5021, 5023, 5164]
[5020, 5022, 5025]
[4882, 5025, 5027]
[5023, 5024, 5026]
[5025, 5027, 5168]
[5024, 5026, 5029]
[4886, 5029, 5031]
[5027, 5028, 5030]
[5029, 5031, 5172]
[5028, 5030, 5033]
[4890, 5033, 5035]
[5031, 5032, 5034]
[5033, 5035, 5176]
[5032, 5034, 5037]
[4894, 5037, 5039]
[5035, 5036, 5038]
[5037, 5039, 5180]
[4897, 5036, 5038]
[4898, 5041, 5043]
[5040, 5042, 5183]
[0, 5041, 5043]
[5040, 5042, 5045]
[4902, 5045, 5047]
[5043, 5044, 5046]
[4, 5045, 5047]
[5044, 5046, 5049]
[4906, 5049, 5051]
[5047, 5048, 5050]
[8, 5049, 5051]
[5048, 5050, 5053]
[4910, 5053, 5055]
[5051, 5052, 5054]
[12, 5053, 5055]
[5052, 5054, 5057]
[4914, 5057, 5059]
[5055, 5056, 5058]
[16, 5057, 5059]
[5056, 5058, 5061]
[4918, 5061, 5063]
[5059, 5060, 5062]
[20, 5061, 5063]
[5060, 5062, 5065]
[4922, 5065, 5067]
[5063, 5064, 5066]
[24, 5065, 5067]
[5064, 5066, 5069]
[4926, 5069, 5071]
[5067, 5068, 5070]
[28, 5069, 5071]
[5068, 5070, 5073]
[4930, 5073, 5075]
[5071, 5072, 5074]
[32, 5073, 5075]
[5072, 5074, 5077]
[4934, 5077, 5079]
[5075, 5076, 5078]
[36, 5077, 5079]
[5076, 5078, 5081]
[4938, 5081, 5083]
[5079, 5080, 5082]
[40, 5081, 5083]
[5080, 5082, 5085]
[4942, 5085, 5087]
[5083, 5084, 5086]
[44, 5085, 5087]
[5084, 5086, 5089]
[4946, 5089, 5091]
[5087, 5088, 5090]
[48, 5089, 5091]
[5088, 5090, 5093]
[4950, 5093, 5095]
[5091, 5092, 5094]
[52, 5093, 5095]
[5092, 5094, 5097]
[4954, 5097, 5099]
[5095, 5096, 5098]
[56, 5097, 5099]
[5096, 5098, 5101]
[4958, 5101, 5103]
[5099, 5100, 5102]
[60, 5101, 5103]
[5100, 5102, 5105]
[4962, 5105, 5107]
[5103, 5104, 5106]
[64, 5105, 5107]
[5104, 5106, 5109]
[4966, 5109, 5111]
[5107, 5108, 5110]
[68, 5109, 5111]
[5108, 5110, 5113]
[4970, 5113, 5115]
[5111, 5112, 5114]
[72, 5113, 5115]
[5112, 5114, 5117]
[4974, 5117, 5119]
[5115, 5116, 5118]
[76, 5117, 5119]
[5116, 5118, 5121]
[4978, 5121, 5123]
[5119, 5120, 5122]
[80, 5121, 5123]
[5120, 5122, 5125]
[4982, 5125, 5127]
[5123, 5124, 5126]
[84, 5125, 5127]
[5124, 5126, 5129]
[4986, 5129, 5131]
[5127, 5128, 5130]
[88, 5129, 5131]
[5128, 5130, 5133]
[4990, 5133, 5135]
[5131, 5132, 5134]
[92, 5133, 5135]
[5132, 5134, 5137]
[4994, 5137, 5139]
[5135, 5136, 5138]
[96, 5137, 5139]
[5136, 5138, 5141]
[4998, 5141, 5143]
[5139, 5140, 5142]
[100, 5141, 5143]
[5140, 5142, 5145]
[5002, 5145, 5147]
[5143, 5144, 5146]
[104, 5145, 5147]
[5144, 5146, 5149]
[5006, 5149, 5151]
[5147, 5148, 5150]
[108, 5149, 5151]
[5148, 5150, 5153]
[5010, 5153, 5155]
[5151, 5152, 5154]
[112, 5153, 5155]
[5152, 5154, 5157]
[5014, 5157, 5159]
[5155, 5156, 5158]
[116, 5157, 5159]
[5156, 5158, 5161]
[5018, 5161, 5163]
[5159, 5160, 5162]
[120, 5161, 5163]
[5160, 5162, 5165]
[5022, 5165, 5167]
[5163, 5164, 5166]
[124, 5165, 5167]
[5164, 5166, 5169]
[5026, 5169, 5171]
[5167, 5168, 5170]
[128, 5169, 5171]
[5168, 5170, 5173]
[5030, 5173, 5175]
[5171, 5172, 5174]
[132, 5173, 5175]
[5172, 5174, 5177]
[5034, 5177, 5179]
[5175, 5176, 5178]
[136, 5177, 5179]
[5176, 5178, 5181]
[5038, 5181, 5183]
[5179, 5180, 5182]
[140, 5181, 5183]
[5041, 5180, 5182]
