0.6542806349343904
0.6543415864498278
0.6543887509153312
0.6544188074375559
0.6543574322724498
0.6545657033804286
0.6544347303014834
0.6545108153715549
0.6544438591187154
0.6543789389460877
0.6543966131944128
0.6542865230960402
0.6543929333570493
0.6542290466647593
0.654512729637506
0.6543633022927904
0.6544493794314247
0.6544461836842512
0.6542621235269546
0.6544021341035557
0.6544187099280064
0.6544389280892996
0.6544912765708986
0.65447544821269
0.6544671488672739
0.6543021352098859
0.6543725275937702
0.6543165409954468
0.6544007746359701
0.654399361213087
0.6544164850358807
0.6544768579033815
0.6542384602187993
0.6542580935425051
0.6544333205272533
0.654285168486035
0.6543446085376848
0.654441701369431
0.6543700724912195
0.6544281562823691
0.6544586212231698
0.6544248406191644
0.6542702410422871
0.6545251463458668
0.65437759483242
0.6543697925068336
0.6544485256914314
0.6543459734877983
0.654578822251857
0.6544296399018089
0.6544680090507334
0.6545166330042731
0.6544306830192828
0.6543356035247888
0.6543668316567868
0.6544178137150027
0.6544777523904105
0.6543890788899457
0.6544569528949696
0.6543911903884553
0.6544417616306593
0.6544484253827852
0.6543777126157382
0.6543976334459713
0.6543802994458681
0.6543517014569872
0.6543348901884516
0.6543289514337315
0.6543701834711679
0.6544659707099738
0.6544518191563635
0.6543087279838755
0.6543263929611484
0.65435833887368
0.6544119107823357
0.6543421749260675
0.6543739937592133
0.6543980191564057
0.6544508250325551
0.6543388282610384
0.6544526466347891
0.6544856397068552
0.6544712545845769
0.6545291635829504
0.6544071435046215
0.6544331344802865
0.654373739293115
0.6544149521820256
0.6544231833254894
0.6544095959784617
0.6545213699192296
0.6543775193207308
0.6542865448512718
0.6544183916257873
0.654435565045303
0.6544856782654684
0.6545004757722417
0.6543687778034972
0.6543773196744995
0.6543129201066126
0.6543091242284963
0.6543787061456496
0.6543675403673833
0.6543613105640806
0.6545149191956301
0.6544180422809256
0.6543964146282655
0.6543227373121981
0.6544755865484227
0.6543295161828147
0.6543674389273586
0.6544927792178381
0.6544123192496967
0.6544225013089922
0.6544033615171704
0.6542887921759637
0.6543958345505231
0.6542023363016726
0.654345067328375
0.6543800645746389
0.654379895055047
0.6544135058154208
0.6543965028309411
0.6543238443382411
0.6543935943196724
0.6545796808229839
0.6543346792671139
0.6543727728423621
0.6544347312273221
0.6545346021821881
0.6543601885072825
0.6544545229011444
0.6545375719634812
0.6544990950043045
0.6544131963098669
0.6542437127079308
0.6543211038201712
0.6543842284265448
0.6543676585200727
0.6543610475613697
0.6544836758736471
0.6543687053465901
0.6544113272982379
0.654385538944119
0.6544873784365514
0.6543963587971413
0.6542979797754643
0.6543450092347001
0.6542656354871386
0.6542679137233945
0.6544557135323759
0.6544215820415327
0.6544194136873303
0.6544617374811008
0.6544163166487762
0.6543707911647108
0.6543240098648813
0.6545084909985465
0.6544548961079654
0.6544592867719731
0.6544476455556063
0.654492808709448
0.6544007664631666
0.6543249961403851
0.6543769045221709
0.6544054588379609
0.6544033974820499
0.6544451485970884
0.6543786430755811
0.6544397325196212
0.6543076078895902
0.6543250156008934
0.6544033213779814
0.6543425528359377
0.6544137052548145
0.6543548674814263
0.654421709335554
0.6543533568552247
0.6544574892666998
0.654363375628114
0.6543066241455504
0.6544974176283519
0.654345461037613
0.6544080412877269
0.6543273120758094
0.6545901304405728
0.6544094389232521
0.6543428602118946
0.6544901329296307
0.6544393078831434
0.6543424266637895
0.6543510489393977
0.654387824153658
0.6543251880078589
0.6544563358560667
0.6544190751287111
0.6543723410515156
0.6544006425665126
0.6543939084771869
0.6544403260029361
0.654385315031081
0.6543678480310511
0.6543045806807193
0.6544079740087253
0.6543912411376642
0.6543902721284134
0.6543961719371568
0.6544458130986985
0.6542553576232633
0.6544449195402551
0.6543118520008797
0.6543103606684664
0.6543973482741632
0.6544300699975363
0.6544913015053699
0.654317954402907
0.65443319855275
0.654425667663771
0.6542648514470514
0.6543457924852432
0.6543210240630242
0.6543636148402681
0.6542855291248522
0.6544194449468478
0.6544312782475283
0.6543111813908042
0.6543560591493846
0.6544599070992428
0.6543468843055912
0.6542799596993282
0.654356973776671
0.65445524315301
0.6544724471431848
0.6543027550947492
0.6543869578652228
0.6544950893838504
0.6544136614993512
0.654390563962118
0.6543265877698192
0.6543633412583232
0.6543436839794315
0.654483856570254
0.6544440216932701
0.6544205009667367
0.6543234463042068
0.654373712518445
0.6544489483298752
0.654470549772361
0.6545515709282783
0.6544000000328427
0.654342264979864
0.6544064986562452
0.6544312716101859
0.654406119999036
0.6543227747615254
0.6544099790432042
0.6543901347142647
0.6544774842114296
0.6544403054697085
0.654372023556087
0.6543194230087361
0.6543403478990377
0.6545146600077407
0.6543814602974516
0.6545355229231649
0.654322903508533
0.6542736037967035
0.654374721382291
0.6543343717035687
0.6543872409980247
0.6543798889844089
0.6543391795628715
0.6544279660592022
0.6543703061616077
0.6542893652569606
0.6544462212872217
0.6543686555749504
0.654454218711352
0.6544470374741147
0.6544768979724576
0.6543604776123476
0.654320063575823
0.6544449176630827
0.6543292439865966
0.6542996208062146
0.6545079280533295
0.6543347251336543
0.6543594453955194
0.6543928502928393
0.6543706281190977
0.6543892950099106
0.6543090599754684
0.6543774745552138
0.6543103821018321
0.6544227764455676
0.6544137270452424
0.6541314835629732
0.654518212545612
0.6543402719725471
0.654444642286832
0.6544132429751758
0.6544191746989774
0.6544068958342136
0.6544418579701046
0.6544200648972842
0.654518366423263
0.6543916732017776
0.654298471027464
0.6543176684065736
0.6544789170064712
0.6544018559099055
0.6544621159564674
0.6543076876341626
0.6543184407806862
0.6544166407442973
0.6543899503087355
0.6544091619582705
0.654322334411369
0.6542840525925169
0.654386660826296
0.654407225994541
0.6543987393070317
0.6544552714498652
0.6543955787638361
0.6545093805007592
0.6544700263398646
0.6543590825111675
0.654300460143576
0.6542389380275715
0.6543596305407243
0.6545532064077124
0.6542312213720332
0.6543438502424995
0.6542656536871986
0.6545220541248687
0.6544010037854289
0.6543404921638838
0.6543696901495077
0.6544989681647218
0.6542785003101645
0.6545408465957534
0.6543223171598961
0.6543276171929662
0.6544030869639288
0.6543120911909395
0.6544078607917638
0.654256266316855
0.6544756609480794
0.6543307600297209
0.6543540151826897
0.6542568544690776
0.6544699638348409
0.6544744629421013
0.6544239685343425
0.6544040628353505
0.6542716296733373
0.6543933085890055
0.654441509347907
0.6544203834086816
0.6543786863496244
0.654396229247094
0.654495191166949
0.6542983950208872
0.6544868971702575
0.6544806976641329
0.6544261838295793
0.6543416074457951
0.6543412261602768
0.6542889667193824
0.6543119631781822
0.654519283494207
0.6544232215104042
0.6543101345021336
0.6542732081563778
0.6544762158754758
0.6543183081998543
0.6543648437957225
0.6544141881183039
0.6543341381544417
0.6544774013797332
0.6546593602269739
0.6543412485889478
0.6543735095152097
0.6544721401814159
0.6544384086249453
0.6543153875363554
0.654378410171869
0.6542870005509869
0.6543574610376507
0.6544451835586519
0.6543935695209917
0.6543233731526019
0.6543684977784525
0.6544282211291653
0.6544511051464685
0.6543196247396771
0.6544325404737947
0.6543723676421521
0.6542898322985452
0.6544423647275017
0.6542690180520659
0.6542766635428927
0.6543510142040864
0.654385254873489
0.6543772419753184
0.6543827884498785
0.6544640745075507
0.6544107348520424
0.6543885770391883
0.6543915987642595
0.6544482830027245
0.6543720908006398
0.6543479264771241
0.6544578933504663
0.6544597647614847
0.6545758734658044
0.6544510518716753
0.6543963731622714
0.6544123850476833
0.6544200938925752
0.6543442561092327
0.6544196091413614
0.6543863988303343
0.6544703192286203
0.6543887822243688
0.6543449401034549
0.6544385060176099
0.6544516324496841
0.6544824574407179
0.6543032175202885
0.6543558970206993
0.6543329039188774
0.6543846504577795
0.6544098936232989
0.6544726326795207
0.6541840453628914
0.6543742043285186
0.6543168826434933
0.6543792812354675
0.6543511685109612
0.6545092746117601
0.6543529601703102
0.6543831139725775
0.6544032874683163
0.6544390610646063
0.6543839822978912
0.6544753680086636
0.6543502411720328
0.6543550701950267
0.6544974271991216
0.6543884119683528
0.6543616083289565
0.6543808135138974
0.6543853752010409
0.6543915608164228
0.6544669784579609
0.6544488122546882
0.6544581617130594
0.6542805769931758
0.65442787782013
0.6544332001507125
0.6543080282969923
0.6545624323895276
0.6544319042907598
0.6544229689467302
0.6543166963809729
0.654450454198059
0.6544639909056299
0.6544074813861127
0.6543676544563273
0.6544379362815331
0.6542716337457315
0.654373266070824
0.6544496174309438
0.6543341395620089
0.6544609211822603
0.6543997875128349
0.6543160803892001
0.6544961637183286
0.6543864032994048
0.6545027838615824
0.6543913045780523
0.6545146047856945
0.6544481558347407
0.6544644204299295
0.6544171821280513
0.6544387326901471
0.6543661559423863
0.6543274316024866
0.6544077871997271
0.6544220329318392
0.6544023840885189
0.6543052982094745
0.6543368326073198
0.6545213894469154
0.6542851742175572
0.654536458401278
0.6544058746755188
0.6543962047343754
0.6544436763696975
0.6545181496977595
0.6543462892388272
0.6543997648551477
0.654363669846233
0.6544748405684218
0.6542473901697922
0.6542719733249716
0.6543091059486724
0.6542869403377831
0.654477872196569
0.6543502292117082
0.6544180181712873
0.6543191381383968
0.6543598521722087
0.6543954421573956
0.6544514734449064
0.6543825101411763
0.6543948951448995
0.6542512457908581
0.6543875087277499
0.6544555187037753
0.654115776369769
0.6543286108713479
0.654348982259377
0.6544061379177389
0.6542158031316746
0.6543487373408614
0.6544150404909452
0.6542864424281237
0.654487330853093
0.6544769773717019
0.6543340068213344
0.654345909264272
0.6542907494026359
0.6542971390053443
0.6543589337336866
0.6543875965139931
0.6544506321467887
0.6543863245091265
0.654412285575293
0.6543867495324696
0.6543526864641915
0.654561146974639
0.6543303223022419
0.6543227421010748
0.6543729270455845
0.6544748788206414
0.6544550012864093
0.654429769710079
0.6543350386988639
0.6542714657110885
0.654392333178608
0.6544607902434303
0.6544307903845519
0.6543920742339391
0.6543875973621007
0.6543231411875393
0.6544539882800005
0.6543753000406372
0.6544244585975836
0.6544053920139998
0.6542823112646362
0.6543886225228992
0.6545119162068881
0.6542960348647012
0.6542622097274009
0.654451134526095
0.6543828268603681
0.6544372145223207
0.6544259768642983
0.6543737653956552
0.6543462749412134
0.6545633148886875
0.6544107575911929
0.6545605166446772
0.6542197872590436
0.6543892939480555
0.6543354394043972
0.6544126970145261
0.654381286211362
0.6543615176595278
0.6543649676008179
0.6542979143697372
0.6543315756019232
0.6543753523586806
0.654350512384732
0.6544202712649463
0.6545155054545513
0.6544669028804952
0.6542205972157367
0.6543266580267109
0.654419729296175
0.6543848459750894
0.6542961424447417
0.6543264221592245
0.6543240355215438
0.6544405533694697
0.6544648252761628
0.6544534490138676
0.6543470763923876
0.6543205322697886
0.6544152944454464
0.6543753081868912
0.6543743517132378
0.65419927040486
0.6543868372602498
0.6543091893128241
0.6543518423404187
0.6544899658955805
0.6544612604644355
0.6544618301528089
0.6545465064359639
0.6544652251927114
0.6544525819685767
0.6543724620445033
0.6543166884424698
0.6544592956381294
0.6543526164686271
0.6543270771340248
0.65437134134513
0.6544301271181805
0.6544276768347805
0.6545156615319814
0.6544586528336473
0.654425492148837
0.654394040796353
0.6543992516562795
0.6544639646605844
0.6543657821263518
0.654395770201792
0.65425735365448
0.6543863878151497
0.6542294702167717
0.6544291268212569
0.6543482249011351
0.6543503588409963
0.6544731787843336
0.6543380013270956
0.6543919530200595
0.6542559265609799
0.6542808864155035
0.6544172007305822
0.6543487697698409
0.6542715970728359
0.6544627398465329
0.6543868776802559
0.6543501547717194
0.6543796807951867
0.6543802651524779
0.6544330410531245
0.6543720026787767
0.6543826235217822
0.6543461291553387
0.6543238013464463
0.6544259872371347
0.6543381311730099
0.6544090082174627
0.6543129116282089
0.6544068121594744
0.6545365083514778
0.6544406583937141
0.6544267798874229
0.6542384307486135
0.6543162850339217
0.6544480288506587
0.6543972817591477
0.6544538426390419
0.6543132496856184
0.6543349993847305
0.6543016683694552
0.6544085674467477
0.6543017632553844
0.6544611646994124
0.6543356127488776
0.6543336988580981
0.6543567187434665
0.6544580560472499
0.6544114927779219
0.6543919975849979
0.6544212553653619
0.6542713429971183
0.6544455426786748
0.6544683713129734
0.6544040611158276
0.6544330694483746
0.6543858025641557
0.6544119580160324
0.6543357843456616
0.6543789678884631
0.6544538444711057
0.6543635865577506
0.6543607403415151
0.6543558889617369
0.6544900599994576
0.654432489898785
0.6544278897401892
0.6543604789781045
0.6543686155609084
0.6542102006972629
0.6541753875832775
0.654458642993945
0.6544355667284687
0.654410068710561
0.654255837817991
0.6542944309877717
0.6544428098732283
0.6543566936259182
0.6544475995301383
0.6544098481111343
0.6543795585508525
0.654419361655817
0.6544485507239207
0.65427927959802
0.654386855798843
0.6544276748915347
0.6543483349556753
0.6543179361657665
0.6544208393834605
0.6543281209161125
0.6543990927569525
0.6544621911815192
0.6543745556498508
0.6543637122381665
0.6543305391637793
0.6542994434139217
0.6544626349380944
0.6544878154849897
0.6543953605398631
0.6543999849703187
0.6543932371432268
0.6544675668781799
0.6546045605472647
0.6543926464585524
0.6544264109746054
0.6544121489842694
0.6543968640621538
0.6543461670832748
0.6544418118163038
0.6543870910290882
0.654478738273706
0.6543473197050302
0.65442180390238
0.6543056253318423
0.6543498618155106
0.6543484278598277
0.6545136438657688
0.6543241125339652
0.6543264833699529
0.6542852583261893
0.6545475675646248
0.6544502316589313
0.6544957477188021
0.6543983150252355
0.6544252997628762
0.6543400513680173
0.6544259091944131
0.6544211543995224
0.6544529013596649
0.6543009644779729
0.654319211853561
0.6543524418265695
0.6543668304885706
0.6543595778949937
0.6543443712184472
0.6542962408847139
0.6544065804698861
0.654320852878821
0.6543388140369109
0.6543458648184474
0.6542484610714809
0.654457751600281
0.6543286448199431
0.6544603957584347
0.654260130581686
0.6544267662717566
0.6543684602668774
0.6545139495818713
0.6544075653908925
0.6543479523800841
0.6543552104075623
0.6542857729014355
0.6542902139300097
0.6544975273514131
0.65418026476455
0.654299265606858
0.6543853896904903
0.6543999957191191
0.6543261529534088
0.6544323325244179
0.6545187593257633
0.6544116696648828
0.6542086816506594
0.6543747275051268
0.6544829303758921
0.6544464400273845
0.6543811705902522
0.6543785730493727
0.6544375383860173
0.6542342137546266
0.6544536308970026
0.6545125535866267
0.6543945367003103
0.654287545454709
0.6544437344714658
0.6543589459511822
0.6544832733717334
0.6545258688340098
0.6543286063795946
0.6543208178759412
0.654371924577602
0.6543196579123272
0.6544011335955714
0.6543539712588933
0.6544570108499479
0.6544723498869554
0.6544813526639982
0.6542700946181479
0.6541840420503902
0.6544407301716838
0.6542836221826402
0.654351052061228
0.6543712116369377
0.6544752810261972
0.6543522231358729
0.6544832406766512
0.6543874627503645
0.6542310820301496
0.654394616056146
0.6545074644319239
0.6544277486064517
0.6543558342863156
0.6543766047623452
0.6543143942157884
0.6544587214025045
0.6544620048824586
0.6543152918327844
0.6542133190901842
0.6543875345458745
0.6544971062656784
0.6543862159990136
0.6543161951974894
0.6545273890852541
0.6544104848032399
0.6544843804055747
0.6544224786085012
0.6544212857235676
0.6544050594021864
0.6545153188269214
0.654341279470495
0.6543933946636409
0.6543045277074595
0.6543195017644706
0.6542855995573372
0.6543564888635972
0.6543355709538513
0.654394319208436
0.6543566619694898
0.6544449392914227
0.6542944758399858
0.6542315111611445
0.6544062210069626
0.6543673649597062
0.6543878601701182
0.6545557544602385
0.6545528146077287
0.6544742024650722
0.6543176710416495
0.6543555294903218
0.6543466913651387
0.6544475349226008
0.6542842178646867
0.654538450564798
0.6544843679231247
0.6543959129097231
0.6544804635574422
0.6543555899552118
0.6542852279887175
0.6544291228226862
0.6544669534993152
0.6543853823971661
0.6544074156677024
0.6543748519411666
0.654378932526006
0.6544116728981495
0.6544451649458239
0.6544649150866394
0.654345886240038
0.654434938265172
0.6544729329557664
0.6544288075030945
0.6543292383039417
0.6545692729448737
0.6542615213098262
0.654253131199825
0.6545144445035981
0.6543825706160272
0.6544080872018824
0.6543233730584371
0.6545171499957243
0.6543854486165057
0.6544412179425195
0.6543611880687319
0.6543987410330248
0.6544184435175455
0.6542890001442511
0.6543395438705553
0.6544221246448272
0.6543894814572684
0.6543198313799357
0.6542513128393534
0.6543961120916562
0.654341774918872
0.6544006488752024
0.6543496806912111
0.6542532302506958
0.6543850607025044
0.6544702340619546
0.6544481427167148
0.6544068851101261
0.6544291270704751
0.654316446467569
0.6543819433272748
0.6542300813250973
0.6543559519453797
0.6543459580272858
0.6543417975684307
0.6544244976431958
0.6544608430836352
0.6543322008627973
0.6543373404760605
0.6545423587607173
0.6544845866117073
0.6544206574102709
0.6543672705750627
0.6542764823013281
0.6542911788793665
0.6545256714317402
0.654315655076655
0.6545435821374392
0.6544614458609772
0.6542745709144697
0.6543487827683246
0.6543678349981918
0.6542749734986242
0.6542725206140755
0.6543812681312152
0.6544082717457406
0.6543649268708347
0.654317598508638
0.6543335478312746
0.6544570889883082
0.6544532304141395
0.6544362407222033
0.6545217458634287
0.6542754076145457
0.6544454964335295
0.6543772379710907
0.6544326136268677
0.6542964963515957
0.6544407590866719
0.6543529399174404
0.6544722077732088
0.6545184426657688
0.6543362321532269
0.6542820892392188
0.6544705513833439
0.6542851215854251
0.6544950155363156
0.6542258390371702
0.6543238605248876
0.6544071754969183
0.6543165965184128
0.6542611537842153
0.6543408292693236
0.6543724023882678
0.6543994564127171
0.6542835680466788
0.6544629137036457
0.6543433403627387
0.6545722936528409
0.654303180847713
0.6543668157009538
0.654399121828128
0.6543488269538114
0.6544922519841994
0.654410134940203
0.6543205600779771
0.6543015389513964
0.654382581022952
0.6543677648435138
0.65442738807925
0.6543160737007041
0.6543550748940415
0.6543928896027316
0.6544551610400593
0.6544719095801883
0.6542758712850214
0.6544107733589712
0.6544393431303752
0.6544652521498859
0.6543885588151946
0.6543966014502243
0.6544200126372036
0.6542842346274935
0.6543829225410607
0.6542886331218889
0.654426878948078
0.654456839173674
0.6544878949360395
0.6543238926729686
0.654274838421431
0.6543539999604988
0.6543113384060794
0.6542661413732793
0.6544209430081216
0.6543505136005054
0.6543874980611313
0.6544198259663091
0.6543856847782978
0.654436588902962
0.6543137546663431
0.6543853119514642
0.6543547177951915
0.6543683331089498
0.6544429414637648
0.654428669599902
0.6544110928789175
0.6544330124586721
0.654328114565323
0.6543190142197479
0.6543760527844995
0.6543781942241532
0.6543570450262619
0.6542424256469547
0.6544645677082263
0.6544101883655451
0.6543421029871686
0.6543959479938818
0.6544802734447623
0.6543053619772983
0.6544259305842796
0.654436792734958
0.6543518892506688
0.6544811346683272
0.6543451675455694
0.6544376519490948
0.6544665296135279
0.6544433375565045
0.6545084010265042
0.6545290192558031
0.6545177748868949
0.6543289003241226
0.6544614794419943
0.6544036908927806
0.6544391839673671
0.6544292774719634
0.654342292687258
0.6543698248027987
0.6544299404819934
0.6543657628581345
0.6542704597543407
0.654460260067034
0.6543744237291286
0.6543298308530978
0.6544616230470545
0.6544490840944859
0.6545413307701285
0.6545742524313576
0.6543381371643727
0.6543324168551858
0.6543222059455268
0.6543629091893133
0.654395741431278
0.6544863918388666
0.6543148610414748
0.6543317130814958
0.6543942854279527
0.6544553398350508
0.6542732828689765
0.6543762841883167
0.654408305281456
0.6544595872946665
0.6543853741757014
0.6542913181563068
0.6544211980535164
0.6544506950856837
0.65434901198991
0.6543777481758971
0.6543588682083752
0.6544124400500639
0.6542711355300608
0.6542941465027763
0.6542885745501684
0.6543624741374912
0.6543777876187054
0.654308161669021
0.6544909891106983
0.6545436540091674
0.6543109468804473
0.6543717840196313
0.6543557472299739
0.6545096888493072
0.6543925369681689
0.6544143093003651
0.6543958726705325
0.6544064725014406
0.6545809238245346
0.6544027336671037
0.6543975454155094
0.6543754616716059
0.6542796788011966
0.6545193749280909
0.6545413870294173
0.6543782477147504
0.6543683887220326
0.6543861131200346
0.6544532818159191
0.6544456525010417
0.6542986832902763
0.6542821976976237
0.654342382634209
0.6544719643296395
0.6543208544833488
0.6544537113402329
0.6545688829674321
0.6545071692787701
0.6544682432563415
0.6544784727361994
0.6544218743920269
0.6543226245974889
0.6544314001168573
0.6543914225572658
0.6544600892316401
0.6544141624796455
0.6543249063603008
0.6543957756023768
0.654405427263002
0.654446124915732
0.654434378858259
0.6543513196223131
0.6543558077012839
0.6544004399486427
0.6544551352481398
0.6543702016057256
0.6543073622055642
0.6543001241388785
0.6543704698703054
0.6543896366478636
0.654258031264535
0.6542282147179066
0.6543888940641913
0.6545394313458712
0.6542891559053261
0.654281530629371
0.6545503389133898
0.6543942806844047
0.6544546160648395
0.6544737689249653
0.6542754049504999
0.6544378299440006
0.6542195339717518
0.6543393876196247
0.6542129381365089
0.6543763677526514
0.6543956143840943
0.6543431814518214
0.6543918298364594
0.6543466330222862
0.6543677644607233
0.6545729270061028
0.6544375282916716
0.6544954600851897
0.6544169290975976
0.6543754663727868
0.6543005233224475
0.6543756179504734
0.6544508566317621
0.654389984929221
0.6544120665185482
0.6544662285112115
0.654213193593355
0.6543910703539877
0.6544231667471008
0.6544532439241239
0.6544117622394632
0.6543426591076698
0.6543639068409046
0.6544754660729618
0.6543991736531056
0.6543974469470133
0.6543224418609579
0.654422501123261
0.654369780407092
0.6544372752891245
0.6543425585101011
0.6544196714774044
0.6542854262057101
0.6543395681817931
0.6543863927995324
0.6543485145676363
0.6544202979380191
0.6543616696063675
0.6543699896837518
0.6544221077416348
0.6543027859429442
0.6544761890160813
0.654433516165048
0.654298066380582
0.654365770779069
0.6543836562067314
0.6545076806891945
0.6542943489365192
0.6543314440937298
0.6544666794433031
0.654417096429636
0.6545263798513827
0.6544471823867142
0.6544015695647427
0.6543505981388043
0.654314217901546
0.6543803774730985
0.6545028103882402
0.6543585375990593
0.6542904487194082
0.6544002715264439
0.6545318274770804
0.654384335040461
0.6543966845142513
0.65444188575226
0.6543623710250519
0.6544127922272124
0.6543871699856881
0.6543524846865796
0.65436053358668
0.6542144982257265
0.6544676103102254
0.6544623947038952
0.6545674240722514
0.6544021838247256
0.6545366304521395
0.6543055454517718
0.6544459222495158
0.6542172793382206
0.654429414331291
0.6543327021282637
0.6544294866093279
0.6543678558439755
0.654375700688124
0.6544258077486178
0.6544579087634322
0.6543507490640865
0.6544883484472289
0.6541816421384101
0.6544557755998266
0.6544501353825812
0.6545166225402332
0.6542506560933959
0.6543037887127187
0.6543225146269092
0.6543524596624198
0.6543722234473109
0.6544290638119059
0.6544850552583763
0.654280231274223
0.6542497681554142
0.6543613216115765
0.6543433212118898
0.6544172711976648
0.6544242845694442
0.6544939891590905
0.6543396917988831
0.6543202858855846
0.6543830050240022
0.654293476789866
0.6543664968444688
0.6543905844197572
0.654364030424436
0.6543192752944739
0.6541461469523419
0.6542630585874071
0.6543244238803649
0.6543335241513926
0.6545444607437445
0.6543974684451429
0.6543644988008706
0.654241918222871
0.6543107620713556
0.6543661919757618
0.6544480287255114
0.6543397295237443
0.654304652751615
0.6544569516987104
0.6543871305592743
0.6544124979745473
0.6542596167543864
0.6542835028080402
0.654411825977774
0.6542888789967101
0.6543141625662166
0.6544592860009697
0.6543728074110636
0.6543732512960022
0.6543825410028822
0.6543084248445417
0.6544499524803669
0.6543864090124317
0.6544380491399657
0.6544304281379107
0.6544578805170492
0.6544091657737945
0.6544036272137004
0.6544094004555039
0.6544592329791634
0.654373973331945
0.6543976379191936
0.6544444621361339
0.6543664624124257
0.654375449276665
0.6545023908807384
0.6544435764813457
0.654321336697173
0.654413154859754
0.6544637188742428
0.6542558120088362
0.654278662005731
0.6544278209489838
0.6544391528481852
0.6543800449552889
0.6542424234292121
0.6543424743138468
0.6543365120672234
0.65446804884824
0.6543184969003275
0.6544922883585103
0.6544537343790231
0.654340425564802
0.654374756695143
0.654284494264209
0.6544429182488878
0.6543404027120227
0.6544291951530921
0.6543939253862593
0.6544021683137173
0.6543221919554314
0.6543979873069294
0.6544015397933929
0.6543887214857133
0.654328267213341
0.6544250787053443
0.6543851873420437
0.6543961396667775
0.6544201070530828
0.6545101709673558
0.6543928928835643
0.6544243931861287
0.6544279844526717
0.6543367225206187
0.6543915227387866
0.6543654860804143
0.6545418090751973
0.6544062343439468
0.6544999580409365
0.6543616407424035
0.6543288071152321
0.6545058291150384
0.6542364723953777
0.6543958237323586
0.6543957716817197
0.6545000215711172
0.6544084747690373
0.6543986388995433
0.65440893445823
0.6545036387591547
0.654380162899472
0.6543015574462361
0.65451756567874
0.6543833062153328
0.6543944810863198
0.6543508456358562
0.6543947503683821
0.6545028519896556
0.654507274370703
0.6542282119941144
0.6544838921281955
0.6545750666982032
0.6546096317410117
0.6542051933920883
0.6544257608378885
0.6545956188450939
0.6544524578222595
0.6543872745711292
0.654430821432628
0.6544586920442402
0.6544959899615438
0.6545045724795576
0.6544495088219107
0.6544527021617775
0.6544260718533566
0.6543229201882146
0.6545132764833976
0.6544400839782849
0.654493535167433
0.6543978013057349
0.6545252579728809
0.6542783385681915
0.654355243594692
0.6542898646550633
0.6544760923245474
0.6544104466629344
0.6543510175529896
0.6544629433232206
0.6542808169536821
0.6542986099269129
0.6543450651334902
0.6544226339374001
0.6544368854443139
0.6544772285906743
0.6544788620208474
0.654379102936177
0.6543708752008549
0.654443284118922
0.6543848423670282
0.6541849490057752
0.6544041487538492
0.6544180637123349
0.6544142806486468
0.654395654089907
0.6544356571977058
0.6544528589541092
0.6544680171771071
0.6543598718948669
0.6543337130468008
0.6543211927376869
0.6544846292890059
0.6543771575959667
0.654353529254663
0.6542822408919116
0.6546019059475672
0.6544812181667665
0.654396954815538
0.6545155179051887
0.6543527487409567
0.654422431147269
0.6544102543992651
0.6545302295764919
0.6542668375803689
0.6543984822049123
0.6544246905890967
0.6543426335928532
0.6543772979909157
0.6542872520396211
0.6543758438363726
0.6543539863461934
0.6544059637848179
0.6542717554001158
0.6542625186139073
0.654306105679858
0.6543503488375662
0.6543390239797158
0.6542565270585756
0.6544420049148714
0.6543768656731763
0.6545314410320182
0.654323334009922
0.6544349023408405
0.6545109639748438
0.654384046178932
0.6542951142755516
0.6545005117468566
0.6544399478855906
0.6542342682102593
0.6544332134668033
0.6543705221673402
0.6544181608696227
0.6543196614203741
0.6544632201661413
0.6543514831942769
0.6544374953450708
0.6543737010701114
0.6543594694082239
0.6544205339705562
0.654280944197029
0.6543633303236346
0.6544338139992691
0.6543414875596152
0.6543704170259927
0.6544983849193209
0.654321335712096
0.6542143254560451
0.6543693620089087
0.6543281242203147
0.6543879720162122
0.6542330810438195
0.6544051885497792
0.6543883539381858
0.6543422056024023
0.6542946433566255
0.6543030133084988
0.6544216126338711
0.6543335621051856
