[1, 57, 58, 3306]
[0, 2, 59, 3307]
[1, 3, 60, 3308]
[2, 4, 61, 3309]
[3, 5, 62, 3310]
[4, 6, 63, 3311]
[5, 7, 64, 3312]
[6, 8, 65, 3313]
[7, 9, 66, 3314]
[8, 10, 67, 3315]
[9, 11, 68, 3316]
[10, 12, 69, 3317]
[11, 13, 70, 3318]
[12, 14, 71, 3319]
[13, 15, 72, 3320]
[14, 16, 73, 3321]
[15, 17, 74, 3322]
[16, 18, 75, 3323]
[17, 19, 76, 3324]
[18, 20, 77, 3325]
[19, 21, 78, 3326]
[20, 22, 79, 3327]
[21, 23, 80, 3328]
[22, 24, 81, 3329]
[23, 25, 82, 3330]
[24, 26, 83, 3331]
[25, 27, 84, 3332]
[26, 28, 85, 3333]
[27, 29, 86, 3334]
[28, 30, 87, 3335]
[29, 31, 88, 3336]
[30, 32, 89, 3337]
[31, 33, 90, 3338]
[32, 34, 91, 3339]
[33, 35, 92, 3340]
[34, 36, 93, 3341]
[35, 37, 94, 3342]
[36, 38, 95, 3343]
[37, 39, 96, 3344]
[38, 40, 97, 3345]
[39, 41, 98, 3346]
[40, 42, 99, 3347]
[41, 43, 100, 3348]
[42, 44, 101, 3349]
[43, 45, 102, 3350]
[44, 46, 103, 3351]
[45, 47, 104, 3352]
[46, 48, 105, 3353]
[47, 49, 106, 3354]
[48, 50, 107, 3355]
[49, 51, 108, 3356]
[50, 52, 109, 3357]
[51, 53, 110, 3358]
[52, 54, 111, 3359]
[53, 55, 112, 3360]
[54, 56, 113, 3361]
[55, 57, 114, 3362]
[0, 56, 115, 3363]
[0, 59, 115, 116]
[1, 58, 60, 117]
[2, 59, 61, 118]
[3, 60, 62, 119]
[4, 61, 63, 120]
[5, 62, 64, 121]
[6, 63, 65, 122]
[7, 64, 66, 123]
[8, 65, 67, 124]
[9, 66, 68, 125]
[10, 67, 69, 126]
[11, 68, 70, 127]
[12, 69, 71, 128]
[13, 70, 72, 129]
[14, 71, 73, 130]
[15, 72, 74, 131]
[16, 73, 75, 132]
[17, 74, 76, 133]
[18, 75, 77, 134]
[19, 76, 78, 135]
[20, 77, 79, 136]
[21, 78, 80, 137]
[22, 79, 81, 138]
[23, 80, 82, 139]
[24, 81, 83, 140]
[25, 82, 84, 141]
[26, 83, 85, 142]
[27, 84, 86, 143]
[28, 85, 87, 144]
[29, 86, 88, 145]
[30, 87, 89, 146]
[31, 88, 90, 147]
[32, 89, 91, 148]
[33, 90, 92, 149]
[34, 91, 93, 150]
[35, 92, 94, 151]
[36, 93, 95, 152]
[37, 94, 96, 153]
[38, 95, 97, 154]
[39, 96, 98, 155]
[40, 97, 99, 156]
[41, 98, 100, 157]
[42, 99, 101, 158]
[43, 100, 102, 159]
[44, 101, 103, 160]
[45, 102, 104, 161]
[46, 103, 105, 162]
[47, 104, 106, 163]
[48, 105, 107, 164]
[49, 106, 108, 165]
[50, 107, 109, 166]
[51, 108, 110, 167]
[52, 109, 111, 168]
[53, 110, 112, 169]
[54, 111, 113, 170]
[55, 112, 114, 171]
[56, 113, 115, 172]
[57, 58, 114, 173]
[58, 117, 173, 174]
[59, 116, 118, 175]
[60, 117, 119, 176]
[61, 118, 120, 177]
[62, 119, 121, 178]
[63, 120, 122, 179]
[64, 121, 123, 180]
[65, 122, 124, 181]
[66, 123, 125, 182]
[67, 124, 126, 183]
[68, 125, 127, 184]
[69, 126, 128, 185]
[70, 127, 129, 186]
[71, 128, 130, 187]
[72, 129, 131, 188]
[73, 130, 132, 189]
[74, 131, 133, 190]
[75, 132, 134, 191]
[76, 133, 135, 192]
[77, 134, 136, 193]
[78, 135, 137, 194]
[79, 136, 138, 195]
[80, 137, 139, 196]
[81, 138, 140, 197]
[82, 139, 141, 198]
[83, 140, 142, 199]
[84, 141, 143, 200]
[85, 142, 144, 201]
[86, 143, 145, 202]
[87, 144, 146, 203]
[88, 145, 147, 204]
[89, 146, 148, 205]
[90, 147, 149, 206]
[91, 148, 150, 207]
[92, 149, 151, 208]
[93, 150, 152, 209]
[94, 151, 153, 210]
[95, 152, 154, 211]
[96, 153, 155, 212]
[97, 154, 156, 213]
[98, 155, 157, 214]
[99, 156, 158, 215]
[100, 157, 159, 216]
[101, 158, 160, 217]
[102, 159, 161, 218]
[103, 160, 162, 219]
[104, 161, 163, 220]
[105, 162, 164, 221]
[106, 163, 165, 222]
[107, 164, 166, 223]
[108, 165, 167, 224]
[109, 166, 168, 225]
[110, 167, 169, 226]
[111, 168, 170, 227]
[112, 169, 171, 228]
[113, 170, 172, 229]
[114, 171, 173, 230]
[115, 116, 172, 231]
[116, 175, 231, 232]
[117, 174, 176, 233]
[118, 175, 177, 234]
[119, 176, 178, 235]
[120, 177, 179, 236]
[121, 178, 180, 237]
[122, 179, 181, 238]
[123, 180, 182, 239]
[124, 181, 183, 240]
[125, 182, 184, 241]
[126, 183, 185, 242]
[127, 184, 186, 243]
[128, 185, 187, 244]
[129, 186, 188, 245]
[130, 187, 189, 246]
[131, 188, 190, 247]
[132, 189, 191, 248]
[133, 190, 192, 249]
[134, 191, 193, 250]
[135, 192, 194, 251]
[136, 193, 195, 252]
[137, 194, 196, 253]
[138, 195, 197, 254]
[139, 196, 198, 255]
[140, 197, 199, 256]
[141, 198, 200, 257]
[142, 199, 201, 258]
[143, 200, 202, 259]
[144, 201, 203, 260]
[145, 202, 204, 261]
[146, 203, 205, 262]
[147, 204, 206, 263]
[148, 205, 207, 264]
[149, 206, 208, 265]
[150, 207, 209, 266]
[151, 208, 210, 267]
[152, 209, 211, 268]
[153, 210, 212, 269]
[154, 211, 213, 270]
[155, 212, 214, 271]
[156, 213, 215, 272]
[157, 214, 216, 273]
[158, 215, 217, 274]
[159, 216, 218, 275]
[160, 217, 219, 276]
[161, 218, 220, 277]
[162, 219, 221, 278]
[163, 220, 222, 279]
[164, 221, 223, 280]
[165, 222, 224, 281]
[166, 223, 225, 282]
[167, 224, 226, 283]
[168, 225, 227, 284]
[169, 226, 228, 285]
[170, 227, 229, 286]
[171, 228, 230, 287]
[172, 229, 231, 288]
[173, 174, 230, 289]
[174, 233, 289, 290]
[175, 232, 234, 291]
[176, 233, 235, 292]
[177, 234, 236, 293]
[178, 235, 237, 294]
[179, 236, 238, 295]
[180, 237, 239, 296]
[181, 238, 240, 297]
[182, 239, 241, 298]
[183, 240, 242, 299]
[184, 241, 243, 300]
[185, 242, 244, 301]
[186, 243, 245, 302]
[187, 244, 246, 303]
[188, 245, 247, 304]
[189, 246, 248, 305]
[190, 247, 249, 306]
[191, 248, 250, 307]
[192, 249, 251, 308]
[193, 250, 252, 309]
[194, 251, 253, 310]
[195, 252, 254, 311]
[196, 253, 255, 312]
[197, 254, 256, 313]
[198, 255, 257, 314]
[199, 256, 258, 315]
[200, 257, 259, 316]
[201, 258, 260, 317]
[202, 259, 261, 318]
[203, 260, 262, 319]
[204, 261, 263, 320]
[205, 262, 264, 321]
[206, 263, 265, 322]
[207, 264, 266, 323]
[208, 265, 267, 324]
[209, 266, 268, 325]
[210, 267, 269, 326]
[211, 268, 270, 327]
[212, 269, 271, 328]
[213, 270, 272, 329]
[214, 271, 273, 330]
[215, 272, 274, 331]
[216, 273, 275, 332]
[217, 274, 276, 333]
[218, 275, 277, 334]
[219, 276, 278, 335]
[220, 277, 279, 336]
[221, 278, 280, 337]
[222, 279, 281, 338]
[223, 280, 282, 339]
[224, 281, 283, 340]
[225, 282, 284, 341]
[226, 283, 285, 342]
[227, 284, 286, 343]
[228, 285, 287, 344]
[229, 286, 288, 345]
[230, 287, 289, 346]
[231, 232, 288, 347]
[232, 291, 347, 348]
[233, 290, 292, 349]
[234, 291, 293, 350]
[235, 292, 294, 351]
[236, 293, 295, 352]
[237, 294, 296, 353]
[238, 295, 297, 354]
[239, 296, 298, 355]
[240, 297, 299, 356]
[241, 298, 300, 357]
[242, 299, 301, 358]
[243, 300, 302, 359]
[244, 301, 303, 360]
[245, 302, 304, 361]
[246, 303, 305, 362]
[247, 304, 306, 363]
[248, 305, 307, 364]
[249, 306, 308, 365]
[250, 307, 309, 366]
[251, 308, 310, 367]
[252, 309, 311, 368]
[253, 310, 312, 369]
[254, 311, 313, 370]
[255, 312, 314, 371]
[256, 313, 315, 372]
[257, 314, 316, 373]
[258, 315, 317, 374]
[259, 316, 318, 375]
[260, 317, 319, 376]
[261, 318, 320, 377]
[262, 319, 321, 378]
[263, 320, 322, 379]
[264, 321, 323, 380]
[265, 322, 324, 381]
[266, 323, 325, 382]
[267, 324, 326, 383]
[268, 325, 327, 384]
[269, 326, 328, 385]
[270, 327, 329, 386]
[271, 328, 330, 387]
[272, 329, 331, 388]
[273, 330, 332, 389]
[274, 331, 333, 390]
[275, 332, 334, 391]
[276, 333, 335, 392]
[277, 334, 336, 393]
[278, 335, 337, 394]
[279, 336, 338, 395]
[280, 337, 339, 396]
[281, 338, 340, 397]
[282, 339, 341, 398]
[283, 340, 342, 399]
[284, 341, 343, 400]
[285, 342, 344, 401]
[286, 343, 345, 402]
[287, 344, 346, 403]
[288, 345, 347, 404]
[289, 290, 346, 405]
[290, 349, 405, 406]
[291, 348, 350, 407]
[292, 349, 351, 408]
[293, 350, 352, 409]
[294, 351, 353, 410]
[295, 352, 354, 411]
[296, 353, 355, 412]
[297, 354, 356, 413]
[298, 355, 357, 414]
[299, 356, 358, 415]
[300, 357, 359, 416]
[301, 358, 360, 417]
[302, 359, 361, 418]
[303, 360, 362, 419]
[304, 361, 363, 420]
[305, 362, 364, 421]
[306, 363, 365, 422]
[307, 364, 366, 423]
[308, 365, 367, 424]
[309, 366, 368, 425]
[310, 367, 369, 426]
[311, 368, 370, 427]
[312, 369, 371, 428]
[313, 370, 372, 429]
[314, 371, 373, 430]
[315, 372, 374, 431]
[316, 373, 375, 432]
[317, 374, 376, 433]
[318, 375, 377, 434]
[319, 376, 378, 435]
[320, 377, 379, 436]
[321, 378, 380, 437]
[322, 379, 381, 438]
[323, 380, 382, 439]
[324, 381, 383, 440]
[325, 382, 384, 441]
[326, 383, 385, 442]
[327, 384, 386, 443]
[328, 385, 387, 444]
[329, 386, 388, 445]
[330, 387, 389, 446]
[331, 388, 390, 447]
[332, 389, 391, 448]
[333, 390, 392, 449]
[334, 391, 393, 450]
[335, 392, 394, 451]
[336, 393, 395, 452]
[337, 394, 396, 453]
[338, 395, 397, 454]
[339, 396, 398, 455]
[340, 397, 399, 456]
[341, 398, 400, 457]
[342, 399, 401, 458]
[343, 400, 402, 459]
[344, 401, 403, 460]
[345, 402, 404, 461]
[346, 403, 405, 462]
[347, 348, 404, 463]
[348, 407, 463, 464]
[349, 406, 408, 465]
[350, 407, 409, 466]
[351, 408, 410, 467]
[352, 409, 411, 468]
[353, 410, 412, 469]
[354, 411, 413, 470]
[355, 412, 414, 471]
[356, 413, 415, 472]
[357, 414, 416, 473]
[358, 415, 417, 474]
[359, 416, 418, 475]
[360, 417, 419, 476]
[361, 418, 420, 477]
[362, 419, 421, 478]
[363, 420, 422, 479]
[364, 421, 423, 480]
[365, 422, 424, 481]
[366, 423, 425, 482]
[367, 424, 426, 483]
[368, 425, 427, 484]
[369, 426, 428, 485]
[370, 427, 429, 486]
[371, 428, 430, 487]
[372, 429, 431, 488]
[373, 430, 432, 489]
[374, 431, 433, 490]
[375, 432, 434, 491]
[376, 433, 435, 492]
[377, 434, 436, 493]
[378, 435, 437, 494]
[379, 436, 438, 495]
[380, 437, 439, 496]
[381, 438, 440, 497]
[382, 439, 441, 498]
[383, 440, 442, 499]
[384, 441, 443, 500]
[385, 442, 444, 501]
[386, 443, 445, 502]
[387, 444, 446, 503]
[388, 445, 447, 504]
[389, 446, 448, 505]
[390, 447, 449, 506]
[391, 448, 450, 507]
[392, 449, 451, 508]
[393, 450, 452, 509]
[394, 451, 453, 510]
[395, 452, 454, 511]
[396, 453, 455, 512]
[397, 454, 456, 513]
[398, 455, 457, 514]
[399, 456, 458, 515]
[400, 457, 459, 516]
[401, 458, 460, 517]
[402, 459, 461, 518]
[403, 460, 462, 519]
[404, 461, 463, 520]
[405, 406, 462, 521]
[406, 465, 521, 522]
[407, 464, 466, 523]
[408, 465, 467, 524]
[409, 466, 468, 525]
[410, 467, 469, 526]
[411, 468, 470, 527]
[412, 469, 471, 528]
[413, 470, 472, 529]
[414, 471, 473, 530]
[415, 472, 474, 531]
[416, 473, 475, 532]
[417, 474, 476, 533]
[418, 475, 477, 534]
[419, 476, 478, 535]
[420, 477, 479, 536]
[421, 478, 480, 537]
[422, 479, 481, 538]
[423, 480, 482, 539]
[424, 481, 483, 540]
[425, 482, 484, 541]
[426, 483, 485, 542]
[427, 484, 486, 543]
[428, 485, 487, 544]
[429, 486, 488, 545]
[430, 487, 489, 546]
[431, 488, 490, 547]
[432, 489, 491, 548]
[433, 490, 492, 549]
[434, 491, 493, 550]
[435, 492, 494, 551]
[436, 493, 495, 552]
[437, 494, 496, 553]
[438, 495, 497, 554]
[439, 496, 498, 555]
[440, 497, 499, 556]
[441, 498, 500, 557]
[442, 499, 501, 558]
[443, 500, 502, 559]
[444, 501, 503, 560]
[445, 502, 504, 561]
[446, 503, 505, 562]
[447, 504, 506, 563]
[448, 505, 507, 564]
[449, 506, 508, 565]
[450, 507, 509, 566]
[451, 508, 510, 567]
[452, 509, 511, 568]
[453, 510, 512, 569]
[454, 511, 513, 570]
[455, 512, 514, 571]
[456, 513, 515, 572]
[457, 514, 516, 573]
[458, 515, 517, 574]
[459, 516, 518, 575]
[460, 517, 519, 576]
[461, 518, 520, 577]
[462, 519, 521, 578]
[463, 464, 520, 579]
[464, 523, 579, 580]
[465, 522, 524, 581]
[466, 523, 525, 582]
[467, 524, 526, 583]
[468, 525, 527, 584]
[469, 526, 528, 585]
[470, 527, 529, 586]
[471, 528, 530, 587]
[472, 529, 531, 588]
[473, 530, 532, 589]
[474, 531, 533, 590]
[475, 532, 534, 591]
[476, 533, 535, 592]
[477, 534, 536, 593]
[478, 535, 537, 594]
[479, 536, 538, 595]
[480, 537, 539, 596]
[481, 538, 540, 597]
[482, 539, 541, 598]
[483, 540, 542, 599]
[484, 541, 543, 600]
[485, 542, 544, 601]
[486, 543, 545, 602]
[487, 544, 546, 603]
[488, 545, 547, 604]
[489, 546, 548, 605]
[490, 547, 549, 606]
[491, 548, 550, 607]
[492, 549, 551, 608]
[493, 550, 552, 609]
[494, 551, 553, 610]
[495, 552, 554, 611]
[496, 553, 555, 612]
[497, 554, 556, 613]
[498, 555, 557, 614]
[499, 556, 558, 615]
[500, 557, 559, 616]
[501, 558, 560, 617]
[502, 559, 561, 618]
[503, 560, 562, 619]
[504, 561, 563, 620]
[505, 562, 564, 621]
[506, 563, 565, 622]
[507, 564, 566, 623]
[508, 565, 567, 624]
[509, 566, 568, 625]
[510, 567, 569, 626]
[511, 568, 570, 627]
[512, 569, 571, 628]
[513, 570, 572, 629]
[514, 571, 573, 630]
[515, 572, 574, 631]
[516, 573, 575, 632]
[517, 574, 576, 633]
[518, 575, 577, 634]
[519, 576, 578, 635]
[520, 577, 579, 636]
[521, 522, 578, 637]
[522, 581, 637, 638]
[523, 580, 582, 639]
[524, 581, 583, 640]
[525, 582, 584, 641]
[526, 583, 585, 642]
[527, 584, 586, 643]
[528, 585, 587, 644]
[529, 586, 588, 645]
[530, 587, 589, 646]
[531, 588, 590, 647]
[532, 589, 591, 648]
[533, 590, 592, 649]
[534, 591, 593, 650]
[535, 592, 594, 651]
[536, 593, 595, 652]
[537, 594, 596, 653]
[538, 595, 597, 654]
[539, 596, 598, 655]
[540, 597, 599, 656]
[541, 598, 600, 657]
[542, 599, 601, 658]
[543, 600, 602, 659]
[544, 601, 603, 660]
[545, 602, 604, 661]
[546, 603, 605, 662]
[547, 604, 606, 663]
[548, 605, 607, 664]
[549, 606, 608, 665]
[550, 607, 609, 666]
[551, 608, 610, 667]
[552, 609, 611, 668]
[553, 610, 612, 669]
[554, 611, 613, 670]
[555, 612, 614, 671]
[556, 613, 615, 672]
[557, 614, 616, 673]
[558, 615, 617, 674]
[559, 616, 618, 675]
[560, 617, 619, 676]
[561, 618, 620, 677]
[562, 619, 621, 678]
[563, 620, 622, 679]
[564, 621, 623, 680]
[565, 622, 624, 681]
[566, 623, 625, 682]
[567, 624, 626, 683]
[568, 625, 627, 684]
[569, 626, 628, 685]
[570, 627, 629, 686]
[571, 628, 630, 687]
[572, 629, 631, 688]
[573, 630, 632, 689]
[574, 631, 633, 690]
[575, 632, 634, 691]
[576, 633, 635, 692]
[577, 634, 636, 693]
[578, 635, 637, 694]
[579, 580, 636, 695]
[580, 639, 695, 696]
[581, 638, 640, 697]
[582, 639, 641, 698]
[583, 640, 642, 699]
[584, 641, 643, 700]
[585, 642, 644, 701]
[586, 643, 645, 702]
[587, 644, 646, 703]
[588, 645, 647, 704]
[589, 646, 648, 705]
[590, 647, 649, 706]
[591, 648, 650, 707]
[592, 649, 651, 708]
[593, 650, 652, 709]
[594, 651, 653, 710]
[595, 652, 654, 711]
[596, 653, 655, 712]
[597, 654, 656, 713]
[598, 655, 657, 714]
[599, 656, 658, 715]
[600, 657, 659, 716]
[601, 658, 660, 717]
[602, 659, 661, 718]
[603, 660, 662, 719]
[604, 661, 663, 720]
[605, 662, 664, 721]
[606, 663, 665, 722]
[607, 664, 666, 723]
[608, 665, 667, 724]
[609, 666, 668, 725]
[610, 667, 669, 726]
[611, 668, 670, 727]
[612, 669, 671, 728]
[613, 670, 672, 729]
[614, 671, 673, 730]
[615, 672, 674, 731]
[616, 673, 675, 732]
[617, 674, 676, 733]
[618, 675, 677, 734]
[619, 676, 678, 735]
[620, 677, 679, 736]
[621, 678, 680, 737]
[622, 679, 681, 738]
[623, 680, 682, 739]
[624, 681, 683, 740]
[625, 682, 684, 741]
[626, 683, 685, 742]
[627, 684, 686, 743]
[628, 685, 687, 744]
[629, 686, 688, 745]
[630, 687, 689, 746]
[631, 688, 690, 747]
[632, 689, 691, 748]
[633, 690, 692, 749]
[634, 691, 693, 750]
[635, 692, 694, 751]
[636, 693, 695, 752]
[637, 638, 694, 753]
[638, 697, 753, 754]
[639, 696, 698, 755]
[640, 697, 699, 756]
[641, 698, 700, 757]
[642, 699, 701, 758]
[643, 700, 702, 759]
[644, 701, 703, 760]
[645, 702, 704, 761]
[646, 703, 705, 762]
[647, 704, 706, 763]
[648, 705, 707, 764]
[649, 706, 708, 765]
[650, 707, 709, 766]
[651, 708, 710, 767]
[652, 709, 711, 768]
[653, 710, 712, 769]
[654, 711, 713, 770]
[655, 712, 714, 771]
[656, 713, 715, 772]
[657, 714, 716, 773]
[658, 715, 717, 774]
[659, 716, 718, 775]
[660, 717, 719, 776]
[661, 718, 720, 777]
[662, 719, 721, 778]
[663, 720, 722, 779]
[664, 721, 723, 780]
[665, 722, 724, 781]
[666, 723, 725, 782]
[667, 724, 726, 783]
[668, 725, 727, 784]
[669, 726, 728, 785]
[670, 727, 729, 786]
[671, 728, 730, 787]
[672, 729, 731, 788]
[673, 730, 732, 789]
[674, 731, 733, 790]
[675, 732, 734, 791]
[676, 733, 735, 792]
[677, 734, 736, 793]
[678, 735, 737, 794]
[679, 736, 738, 795]
[680, 737, 739, 796]
[681, 738, 740, 797]
[682, 739, 741, 798]
[683, 740, 742, 799]
[684, 741, 743, 800]
[685, 742, 744, 801]
[686, 743, 745, 802]
[687, 744, 746, 803]
[688, 745, 747, 804]
[689, 746, 748, 805]
[690, 747, 749, 806]
[691, 748, 750, 807]
[692, 749, 751, 808]
[693, 750, 752, 809]
[694, 751, 753, 810]
[695, 696, 752, 811]
[696, 755, 811, 812]
[697, 754, 756, 813]
[698, 755, 757, 814]
[699, 756, 758, 815]
[700, 757, 759, 816]
[701, 758, 760, 817]
[702, 759, 761, 818]
[703, 760, 762, 819]
[704, 761, 763, 820]
[705, 762, 764, 821]
[706, 763, 765, 822]
[707, 764, 766, 823]
[708, 765, 767, 824]
[709, 766, 768, 825]
[710, 767, 769, 826]
[711, 768, 770, 827]
[712, 769, 771, 828]
[713, 770, 772, 829]
[714, 771, 773, 830]
[715, 772, 774, 831]
[716, 773, 775, 832]
[717, 774, 776, 833]
[718, 775, 777, 834]
[719, 776, 778, 835]
[720, 777, 779, 836]
[721, 778, 780, 837]
[722, 779, 781, 838]
[723, 780, 782, 839]
[724, 781, 783, 840]
[725, 782, 784, 841]
[726, 783, 785, 842]
[727, 784, 786, 843]
[728, 785, 787, 844]
[729, 786, 788, 845]
[730, 787, 789, 846]
[731, 788, 790, 847]
[732, 789, 791, 848]
[733, 790, 792, 849]
[734, 791, 793, 850]
[735, 792, 794, 851]
[736, 793, 795, 852]
[737, 794, 796, 853]
[738, 795, 797, 854]
[739, 796, 798, 855]
[740, 797, 799, 856]
[741, 798, 800, 857]
[742, 799, 801, 858]
[743, 800, 802, 859]
[744, 801, 803, 860]
[745, 802, 804, 861]
[746, 803, 805, 862]
[747, 804, 806, 863]
[748, 805, 807, 864]
[749, 806, 808, 865]
[750, 807, 809, 866]
[751, 808, 810, 867]
[752, 809, 811, 868]
[753, 754, 810, 869]
[754, 813, 869, 870]
[755, 812, 814, 871]
[756, 813, 815, 872]
[757, 814, 816, 873]
[758, 815, 817, 874]
[759, 816, 818, 875]
[760, 817, 819, 876]
[761, 818, 820, 877]
[762, 819, 821, 878]
[763, 820, 822, 879]
[764, 821, 823, 880]
[765, 822, 824, 881]
[766, 823, 825, 882]
[767, 824, 826, 883]
[768, 825, 827, 884]
[769, 826, 828, 885]
[770, 827, 829, 886]
[771, 828, 830, 887]
[772, 829, 831, 888]
[773, 830, 832, 889]
[774, 831, 833, 890]
[775, 832, 834, 891]
[776, 833, 835, 892]
[777, 834, 836, 893]
[778, 835, 837, 894]
[779, 836, 838, 895]
[780, 837, 839, 896]
[781, 838, 840, 897]
[782, 839, 841, 898]
[783, 840, 842, 899]
[784, 841, 843, 900]
[785, 842, 844, 901]
[786, 843, 845, 902]
[787, 844, 846, 903]
[788, 845, 847, 904]
[789, 846, 848, 905]
[790, 847, 849, 906]
[791, 848, 850, 907]
[792, 849, 851, 908]
[793, 850, 852, 909]
[794, 851, 853, 910]
[795, 852, 854, 911]
[796, 853, 855, 912]
[797, 854, 856, 913]
[798, 855, 857, 914]
[799, 856, 858, 915]
[800, 857, 859, 916]
[801, 858, 860, 917]
[802, 859, 861, 918]
[803, 860, 862, 919]
[804, 861, 863, 920]
[805, 862, 864, 921]
[806, 863, 865, 922]
[807, 864, 866, 923]
[808, 865, 867, 924]
[809, 866, 868, 925]
[810, 867, 869, 926]
[811, 812, 868, 927]
[812, 871, 927, 928]
[813, 870, 872, 929]
[814, 871, 873, 930]
[815, 872, 874, 931]
[816, 873, 875, 932]
[817, 874, 876, 933]
[818, 875, 877, 934]
[819, 876, 878, 935]
[820, 877, 879, 936]
[821, 878, 880, 937]
[822, 879, 881, 938]
[823, 880, 882, 939]
[824, 881, 883, 940]
[825, 882, 884, 941]
[826, 883, 885, 942]
[827, 884, 886, 943]
[828, 885, 887, 944]
[829, 886, 888, 945]
[830, 887, 889, 946]
[831, 888, 890, 947]
[832, 889, 891, 948]
[833, 890, 892, 949]
[834, 891, 893, 950]
[835, 892, 894, 951]
[836, 893, 895, 952]
[837, 894, 896, 953]
[838, 895, 897, 954]
[839, 896, 898, 955]
[840, 897, 899, 956]
[841, 898, 900, 957]
[842, 899, 901, 958]
[843, 900, 902, 959]
[844, 901, 903, 960]
[845, 902, 904, 961]
[846, 903, 905, 962]
[847, 904, 906, 963]
[848, 905, 907, 964]
[849, 906, 908, 965]
[850, 907, 909, 966]
[851, 908, 910, 967]
[852, 909, 911, 968]
[853, 910, 912, 969]
[854, 911, 913, 970]
[855, 912, 914, 971]
[856, 913, 915, 972]
[857, 914, 916, 973]
[858, 915, 917, 974]
[859, 916, 918, 975]
[860, 917, 919, 976]
[861, 918, 920, 977]
[862, 919, 921, 978]
[863, 920, 922, 979]
[864, 921, 923, 980]
[865, 922, 924, 981]
[866, 923, 925, 982]
[867, 924, 926, 983]
[868, 925, 927, 984]
[869, 870, 926, 985]
[870, 929, 985, 986]
[871, 928, 930, 987]
[872, 929, 931, 988]
[873, 930, 932, 989]
[874, 931, 933, 990]
[875, 932, 934, 991]
[876, 933, 935, 992]
[877, 934, 936, 993]
[878, 935, 937, 994]
[879, 936, 938, 995]
[880, 937, 939, 996]
[881, 938, 940, 997]
[882, 939, 941, 998]
[883, 940, 942, 999]
[884, 941, 943, 1000]
[885, 942, 944, 1001]
[886, 943, 945, 1002]
[887, 944, 946, 1003]
[888, 945, 947, 1004]
[889, 946, 948, 1005]
[890, 947, 949, 1006]
[891, 948, 950, 1007]
[892, 949, 951, 1008]
[893, 950, 952, 1009]
[894, 951, 953, 1010]
[895, 952, 954, 1011]
[896, 953, 955, 1012]
[897, 954, 956, 1013]
[898, 955, 957, 1014]
[899, 956, 958, 1015]
[900, 957, 959, 1016]
[901, 958, 960, 1017]
[902, 959, 961, 1018]
[903, 960, 962, 1019]
[904, 961, 963, 1020]
[905, 962, 964, 1021]
[906, 963, 965, 1022]
[907, 964, 966, 1023]
[908, 965, 967, 1024]
[909, 966, 968, 1025]
[910, 967, 969, 1026]
[911, 968, 970, 1027]
[912, 969, 971, 1028]
[913, 970, 972, 1029]
[914, 971, 973, 1030]
[915, 972, 974, 1031]
[916, 973, 975, 1032]
[917, 974, 976, 1033]
[918, 975, 977, 1034]
[919, 976, 978, 1035]
[920, 977, 979, 1036]
[921, 978, 980, 1037]
[922, 979, 981, 1038]
[923, 980, 982, 1039]
[924, 981, 983, 1040]
[925, 982, 984, 1041]
[926, 983, 985, 1042]
[927, 928, 984, 1043]
[928, 987, 1043, 1044]
[929, 986, 988, 1045]
[930, 987, 989, 1046]
[931, 988, 990, 1047]
[932, 989, 991, 1048]
[933, 990, 992, 1049]
[934, 991, 993, 1050]
[935, 992, 994, 1051]
[936, 993, 995, 1052]
[937, 994, 996, 1053]
[938, 995, 997, 1054]
[939, 996, 998, 1055]
[940, 997, 999, 1056]
[941, 998, 1000, 1057]
[942, 999, 1001, 1058]
[943, 1000, 1002, 1059]
[944, 1001, 1003, 1060]
[945, 1002, 1004, 1061]
[946, 1003, 1005, 1062]
[947, 1004, 1006, 1063]
[948, 1005, 1007, 1064]
[949, 1006, 1008, 1065]
[950, 1007, 1009, 1066]
[951, 1008, 1010, 1067]
[952, 1009, 1011, 1068]
[953, 1010, 1012, 1069]
[954, 1011, 1013, 1070]
[955, 1012, 1014, 1071]
[956, 1013, 1015, 1072]
[957, 1014, 1016, 1073]
[958, 1015, 1017, 1074]
[959, 1016, 1018, 1075]
[960, 1017, 1019, 1076]
[961, 1018, 1020, 1077]
[962, 1019, 1021, 1078]
[963, 1020, 1022, 1079]
[964, 1021, 1023, 1080]
[965, 1022, 1024, 1081]
[966, 1023, 1025, 1082]
[967, 1024, 1026, 1083]
[968, 1025, 1027, 1084]
[969, 1026, 1028, 1085]
[970, 1027, 1029, 1086]
[971, 1028, 1030, 1087]
[972, 1029, 1031, 1088]
[973, 1030, 1032, 1089]
[974, 1031, 1033, 1090]
[975, 1032, 1034, 1091]
[976, 1033, 1035, 1092]
[977, 1034, 1036, 1093]
[978, 1035, 1037, 1094]
[979, 1036, 1038, 1095]
[980, 1037, 1039, 1096]
[981, 1038, 1040, 1097]
[982, 1039, 1041, 1098]
[983, 1040, 1042, 1099]
[984, 1041, 1043, 1100]
[985, 986, 1042, 1101]
[986, 1045, 1101, 1102]
[987, 1044, 1046, 1103]
[988, 1045, 1047, 1104]
[989, 1046, 1048, 1105]
[990, 1047, 1049, 1106]
[991, 1048, 1050, 1107]
[992, 1049, 1051, 1108]
[993, 1050, 1052, 1109]
[994, 1051, 1053, 1110]
[995, 1052, 1054, 1111]
[996, 1053, 1055, 1112]
[997, 1054, 1056, 1113]
[998, 1055, 1057, 1114]
[999, 1056, 1058, 1115]
[1000, 1057, 1059, 1116]
[1001, 1058, 1060, 1117]
[1002, 1059, 1061, 1118]
[1003, 1060, 1062, 1119]
[1004, 1061, 1063, 1120]
[1005, 1062, 1064, 1121]
[1006, 1063, 1065, 1122]
[1007, 1064, 1066, 1123]
[1008, 1065, 1067, 1124]
[1009, 1066, 1068, 1125]
[1010, 1067, 1069, 1126]
[1011, 1068, 1070, 1127]
[1012, 1069, 1071, 1128]
[1013, 1070, 1072, 1129]
[1014, 1071, 1073, 1130]
[1015, 1072, 1074, 1131]
[1016, 1073, 1075, 1132]
[1017, 1074, 1076, 1133]
[1018, 1075, 1077, 1134]
[1019, 1076, 1078, 1135]
[1020, 1077, 1079, 1136]
[1021, 1078, 1080, 1137]
[1022, 1079, 1081, 1138]
[1023, 1080, 1082, 1139]
[1024, 1081, 1083, 1140]
[1025, 1082, 1084, 1141]
[1026, 1083, 1085, 1142]
[1027, 1084, 1086, 1143]
[1028, 1085, 1087, 1144]
[1029, 1086, 1088, 1145]
[1030, 1087, 1089, 1146]
[1031, 1088, 1090, 1147]
[1032, 1089, 1091, 1148]
[1033, 1090, 1092, 1149]
[1034, 1091, 1093, 1150]
[1035, 1092, 1094, 1151]
[1036, 1093, 1095, 1152]
[1037, 1094, 1096, 1153]
[1038, 1095, 1097, 1154]
[1039, 1096, 1098, 1155]
[1040, 1097, 1099, 1156]
[1041, 1098, 1100, 1157]
[1042, 1099, 1101, 1158]
[1043, 1044, 1100, 1159]
[1044, 1103, 1159, 1160]
[1045, 1102, 1104, 1161]
[1046, 1103, 1105, 1162]
[1047, 1104, 1106, 1163]
[1048, 1105, 1107, 1164]
[1049, 1106, 1108, 1165]
[1050, 1107, 1109, 1166]
[1051, 1108, 1110, 1167]
[1052, 1109, 1111, 1168]
[1053, 1110, 1112, 1169]
[1054, 1111, 1113, 1170]
[1055, 1112, 1114, 1171]
[1056, 1113, 1115, 1172]
[1057, 1114, 1116, 1173]
[1058, 1115, 1117, 1174]
[1059, 1116, 1118, 1175]
[1060, 1117, 1119, 1176]
[1061, 1118, 1120, 1177]
[1062, 1119, 1121, 1178]
[1063, 1120, 1122, 1179]
[1064, 1121, 1123, 1180]
[1065, 1122, 1124, 1181]
[1066, 1123, 1125, 1182]
[1067, 1124, 1126, 1183]
[1068, 1125, 1127, 1184]
[1069, 1126, 1128, 1185]
[1070, 1127, 1129, 1186]
[1071, 1128, 1130, 1187]
[1072, 1129, 1131, 1188]
[1073, 1130, 1132, 1189]
[1074, 1131, 1133, 1190]
[1075, 1132, 1134, 1191]
[1076, 1133, 1135, 1192]
[1077, 1134, 1136, 1193]
[1078, 1135, 1137, 1194]
[1079, 1136, 1138, 1195]
[1080, 1137, 1139, 1196]
[1081, 1138, 1140, 1197]
[1082, 1139, 1141, 1198]
[1083, 1140, 1142, 1199]
[1084, 1141, 1143, 1200]
[1085, 1142, 1144, 1201]
[1086, 1143, 1145, 1202]
[1087, 1144, 1146, 1203]
[1088, 1145, 1147, 1204]
[1089, 1146, 1148, 1205]
[1090, 1147, 1149, 1206]
[1091, 1148, 1150, 1207]
[1092, 1149, 1151, 1208]
[1093, 1150, 1152, 1209]
[1094, 1151, 1153, 1210]
[1095, 1152, 1154, 1211]
[1096, 1153, 1155, 1212]
[1097, 1154, 1156, 1213]
[1098, 1155, 1157, 1214]
[1099, 1156, 1158, 1215]
[1100, 1157, 1159, 1216]
[1101, 1102, 1158, 1217]
[1102, 1161, 1217, 1218]
[1103, 1160, 1162, 1219]
[1104, 1161, 1163, 1220]
[1105, 1162, 1164, 1221]
[1106, 1163, 1165, 1222]
[1107, 1164, 1166, 1223]
[1108, 1165, 1167, 1224]
[1109, 1166, 1168, 1225]
[1110, 1167, 1169, 1226]
[1111, 1168, 1170, 1227]
[1112, 1169, 1171, 1228]
[1113, 1170, 1172, 1229]
[1114, 1171, 1173, 1230]
[1115, 1172, 1174, 1231]
[1116, 1173, 1175, 1232]
[1117, 1174, 1176, 1233]
[1118, 1175, 1177, 1234]
[1119, 1176, 1178, 1235]
[1120, 1177, 1179, 1236]
[1121, 1178, 1180, 1237]
[1122, 1179, 1181, 1238]
[1123, 1180, 1182, 1239]
[1124, 1181, 1183, 1240]
[1125, 1182, 1184, 1241]
[1126, 1183, 1185, 1242]
[1127, 1184, 1186, 1243]
[1128, 1185, 1187, 1244]
[1129, 1186, 1188, 1245]
[1130, 1187, 1189, 1246]
[1131, 1188, 1190, 1247]
[1132, 1189, 1191, 1248]
[1133, 1190, 1192, 1249]
[1134, 1191, 1193, 1250]
[1135, 1192, 1194, 1251]
[1136, 1193, 1195, 1252]
[1137, 1194, 1196, 1253]
[1138, 1195, 1197, 1254]
[1139, 1196, 1198, 1255]
[1140, 1197, 1199, 1256]
[1141, 1198, 1200, 1257]
[1142, 1199, 1201, 1258]
[1143, 1200, 1202, 1259]
[1144, 1201, 1203, 1260]
[1145, 1202, 1204, 1261]
[1146, 1203, 1205, 1262]
[1147, 1204, 1206, 1263]
[1148, 1205, 1207, 1264]
[1149, 1206, 1208, 1265]
[1150, 1207, 1209, 1266]
[1151, 1208, 1210, 1267]
[1152, 1209, 1211, 1268]
[1153, 1210, 1212, 1269]
[1154, 1211, 1213, 1270]
[1155, 1212, 1214, 1271]
[1156, 1213, 1215, 1272]
[1157, 1214, 1216, 1273]
[1158, 1215, 1217, 1274]
[1159, 1160, 1216, 1275]
[1160, 1219, 1275, 1276]
[1161, 1218, 1220, 1277]
[1162, 1219, 1221, 1278]
[1163, 1220, 1222, 1279]
[1164, 1221, 1223, 1280]
[1165, 1222, 1224, 1281]
[1166, 1223, 1225, 1282]
[1167, 1224, 1226, 1283]
[1168, 1225, 1227, 1284]
[1169, 1226, 1228, 1285]
[1170, 1227, 1229, 1286]
[1171, 1228, 1230, 1287]
[1172, 1229, 1231, 1288]
[1173, 1230, 1232, 1289]
[1174, 1231, 1233, 1290]
[1175, 1232, 1234, 1291]
[1176, 1233, 1235, 1292]
[1177, 1234, 1236, 1293]
[1178, 1235, 1237, 1294]
[1179, 1236, 1238, 1295]
[1180, 1237, 1239, 1296]
[1181, 1238, 1240, 1297]
[1182, 1239, 1241, 1298]
[1183, 1240, 1242, 1299]
[1184, 1241, 1243, 1300]
[1185, 1242, 1244, 1301]
[1186, 1243, 1245, 1302]
[1187, 1244, 1246, 1303]
[1188, 1245, 1247, 1304]
[1189, 1246, 1248, 1305]
[1190, 1247, 1249, 1306]
[1191, 1248, 1250, 1307]
[1192, 1249, 1251, 1308]
[1193, 1250, 1252, 1309]
[1194, 1251, 1253, 1310]
[1195, 1252, 1254, 1311]
[1196, 1253, 1255, 1312]
[1197, 1254, 1256, 1313]
[1198, 1255, 1257, 1314]
[1199, 1256, 1258, 1315]
[1200, 1257, 1259, 1316]
[1201, 1258, 1260, 1317]
[1202, 1259, 1261, 1318]
[1203, 1260, 1262, 1319]
[1204, 1261, 1263, 1320]
[1205, 1262, 1264, 1321]
[1206, 1263, 1265, 1322]
[1207, 1264, 1266, 1323]
[1208, 1265, 1267, 1324]
[1209, 1266, 1268, 1325]
[1210, 1267, 1269, 1326]
[1211, 1268, 1270, 1327]
[1212, 1269, 1271, 1328]
[1213, 1270, 1272, 1329]
[1214, 1271, 1273, 1330]
[1215, 1272, 1274, 1331]
[1216, 1273, 1275, 1332]
[1217, 1218, 1274, 1333]
[1218, 1277, 1333, 1334]
[1219, 1276, 1278, 1335]
[1220, 1277, 1279, 1336]
[1221, 1278, 1280, 1337]
[1222, 1279, 1281, 1338]
[1223, 1280, 1282, 1339]
[1224, 1281, 1283, 1340]
[1225, 1282, 1284, 1341]
[1226, 1283, 1285, 1342]
[1227, 1284, 1286, 1343]
[1228, 1285, 1287, 1344]
[1229, 1286, 1288, 1345]
[1230, 1287, 1289, 1346]
[1231, 1288, 1290, 1347]
[1232, 1289, 1291, 1348]
[1233, 1290, 1292, 1349]
[1234, 1291, 1293, 1350]
[1235, 1292, 1294, 1351]
[1236, 1293, 1295, 1352]
[1237, 1294, 1296, 1353]
[1238, 1295, 1297, 1354]
[1239, 1296, 1298, 1355]
[1240, 1297, 1299, 1356]
[1241, 1298, 1300, 1357]
[1242, 1299, 1301, 1358]
[1243, 1300, 1302, 1359]
[1244, 1301, 1303, 1360]
[1245, 1302, 1304, 1361]
[1246, 1303, 1305, 1362]
[1247, 1304, 1306, 1363]
[1248, 1305, 1307, 1364]
[1249, 1306, 1308, 1365]
[1250, 1307, 1309, 1366]
[1251, 1308, 1310, 1367]
[1252, 1309, 1311, 1368]
[1253, 1310, 1312, 1369]
[1254, 1311, 1313, 1370]
[1255, 1312, 1314, 1371]
[1256, 1313, 1315, 1372]
[1257, 1314, 1316, 1373]
[1258, 1315, 1317, 1374]
[1259, 1316, 1318, 1375]
[1260, 1317, 1319, 1376]
[1261, 1318, 1320, 1377]
[1262, 1319, 1321, 1378]
[1263, 1320, 1322, 1379]
[1264, 1321, 1323, 1380]
[1265, 1322, 1324, 1381]
[1266, 1323, 1325, 1382]
[1267, 1324, 1326, 1383]
[1268, 1325, 1327, 1384]
[1269, 1326, 1328, 1385]
[1270, 1327, 1329, 1386]
[1271, 1328, 1330, 1387]
[1272, 1329, 1331, 1388]
[1273, 1330, 1332, 1389]
[1274, 1331, 1333, 1390]
[1275, 1276, 1332, 1391]
[1276, 1335, 1391, 1392]
[1277, 1334, 1336, 1393]
[1278, 1335, 1337, 1394]
[1279, 1336, 1338, 1395]
[1280, 1337, 1339, 1396]
[1281, 1338, 1340, 1397]
[1282, 1339, 1341, 1398]
[1283, 1340, 1342, 1399]
[1284, 1341, 1343, 1400]
[1285, 1342, 1344, 1401]
[1286, 1343, 1345, 1402]
[1287, 1344, 1346, 1403]
[1288, 1345, 1347, 1404]
[1289, 1346, 1348, 1405]
[1290, 1347, 1349, 1406]
[1291, 1348, 1350, 1407]
[1292, 1349, 1351, 1408]
[1293, 1350, 1352, 1409]
[1294, 1351, 1353, 1410]
[1295, 1352, 1354, 1411]
[1296, 1353, 1355, 1412]
[1297, 1354, 1356, 1413]
[1298, 1355, 1357, 1414]
[1299, 1356, 1358, 1415]
[1300, 1357, 1359, 1416]
[1301, 1358, 1360, 1417]
[1302, 1359, 1361, 1418]
[1303, 1360, 1362, 1419]
[1304, 1361, 1363, 1420]
[1305, 1362, 1364, 1421]
[1306, 1363, 1365, 1422]
[1307, 1364, 1366, 1423]
[1308, 1365, 1367, 1424]
[1309, 1366, 1368, 1425]
[1310, 1367, 1369, 1426]
[1311, 1368, 1370, 1427]
[1312, 1369, 1371, 1428]
[1313, 1370, 1372, 1429]
[1314, 1371, 1373, 1430]
[1315, 1372, 1374, 1431]
[1316, 1373, 1375, 1432]
[1317, 1374, 1376, 1433]
[1318, 1375, 1377, 1434]
[1319, 1376, 1378, 1435]
[1320, 1377, 1379, 1436]
[1321, 1378, 1380, 1437]
[1322, 1379, 1381, 1438]
[1323, 1380, 1382, 1439]
[1324, 1381, 1383, 1440]
[1325, 1382, 1384, 1441]
[1326, 1383, 1385, 1442]
[1327, 1384, 1386, 1443]
[1328, 1385, 1387, 1444]
[1329, 1386, 1388, 1445]
[1330, 1387, 1389, 1446]
[1331, 1388, 1390, 1447]
[1332, 1389, 1391, 1448]
[1333, 1334, 1390, 1449]
[1334, 1393, 1449, 1450]
[1335, 1392, 1394, 1451]
[1336, 1393, 1395, 1452]
[1337, 1394, 1396, 1453]
[1338, 1395, 1397, 1454]
[1339, 1396, 1398, 1455]
[1340, 1397, 1399, 1456]
[1341, 1398, 1400, 1457]
[1342, 1399, 1401, 1458]
[1343, 1400, 1402, 1459]
[1344, 1401, 1403, 1460]
[1345, 1402, 1404, 1461]
[1346, 1403, 1405, 1462]
[1347, 1404, 1406, 1463]
[1348, 1405, 1407, 1464]
[1349, 1406, 1408, 1465]
[1350, 1407, 1409, 1466]
[1351, 1408, 1410, 1467]
[1352, 1409, 1411, 1468]
[1353, 1410, 1412, 1469]
[1354, 1411, 1413, 1470]
[1355, 1412, 1414, 1471]
[1356, 1413, 1415, 1472]
[1357, 1414, 1416, 1473]
[1358, 1415, 1417, 1474]
[1359, 1416, 1418, 1475]
[1360, 1417, 1419, 1476]
[1361, 1418, 1420, 1477]
[1362, 1419, 1421, 1478]
[1363, 1420, 1422, 1479]
[1364, 1421, 1423, 1480]
[1365, 1422, 1424, 1481]
[1366, 1423, 1425, 1482]
[1367, 1424, 1426, 1483]
[1368, 1425, 1427, 1484]
[1369, 1426, 1428, 1485]
[1370, 1427, 1429, 1486]
[1371, 1428, 1430, 1487]
[1372, 1429, 1431, 1488]
[1373, 1430, 1432, 1489]
[1374, 1431, 1433, 1490]
[1375, 1432, 1434, 1491]
[1376, 1433, 1435, 1492]
[1377, 1434, 1436, 1493]
[1378, 1435, 1437, 1494]
[1379, 1436, 1438, 1495]
[1380, 1437, 1439, 1496]
[1381, 1438, 1440, 1497]
[1382, 1439, 1441, 1498]
[1383, 1440, 1442, 1499]
[1384, 1441, 1443, 1500]
[1385, 1442, 1444, 1501]
[1386, 1443, 1445, 1502]
[1387, 1444, 1446, 1503]
[1388, 1445, 1447, 1504]
[1389, 1446, 1448, 1505]
[1390, 1447, 1449, 1506]
[1391, 1392, 1448, 1507]
[1392, 1451, 1507, 1508]
[1393, 1450, 1452, 1509]
[1394, 1451, 1453, 1510]
[1395, 1452, 1454, 1511]
[1396, 1453, 1455, 1512]
[1397, 1454, 1456, 1513]
[1398, 1455, 1457, 1514]
[1399, 1456, 1458, 1515]
[1400, 1457, 1459, 1516]
[1401, 1458, 1460, 1517]
[1402, 1459, 1461, 1518]
[1403, 1460, 1462, 1519]
[1404, 1461, 1463, 1520]
[1405, 1462, 1464, 1521]
[1406, 1463, 1465, 1522]
[1407, 1464, 1466, 1523]
[1408, 1465, 1467, 1524]
[1409, 1466, 1468, 1525]
[1410, 1467, 1469, 1526]
[1411, 1468, 1470, 1527]
[1412, 1469, 1471, 1528]
[1413, 1470, 1472, 1529]
[1414, 1471, 1473, 1530]
[1415, 1472, 1474, 1531]
[1416, 1473, 1475, 1532]
[1417, 1474, 1476, 1533]
[1418, 1475, 1477, 1534]
[1419, 1476, 1478, 1535]
[1420, 1477, 1479, 1536]
[1421, 1478, 1480, 1537]
[1422, 1479, 1481, 1538]
[1423, 1480, 1482, 1539]
[1424, 1481, 1483, 1540]
[1425, 1482, 1484, 1541]
[1426, 1483, 1485, 1542]
[1427, 1484, 1486, 1543]
[1428, 1485, 1487, 1544]
[1429, 1486, 1488, 1545]
[1430, 1487, 1489, 1546]
[1431, 1488, 1490, 1547]
[1432, 1489, 1491, 1548]
[1433, 1490, 1492, 1549]
[1434, 1491, 1493, 1550]
[1435, 1492, 1494, 1551]
[1436, 1493, 1495, 1552]
[1437, 1494, 1496, 1553]
[1438, 1495, 1497, 1554]
[1439, 1496, 1498, 1555]
[1440, 1497, 1499, 1556]
[1441, 1498, 1500, 1557]
[1442, 1499, 1501, 1558]
[1443, 1500, 1502, 1559]
[1444, 1501, 1503, 1560]
[1445, 1502, 1504, 1561]
[1446, 1503, 1505, 1562]
[1447, 1504, 1506, 1563]
[1448, 1505, 1507, 1564]
[1449, 1450, 1506, 1565]
[1450, 1509, 1565, 1566]
[1451, 1508, 1510, 1567]
[1452, 1509, 1511, 1568]
[1453, 1510, 1512, 1569]
[1454, 1511, 1513, 1570]
[1455, 1512, 1514, 1571]
[1456, 1513, 1515, 1572]
[1457, 1514, 1516, 1573]
[1458, 1515, 1517, 1574]
[1459, 1516, 1518, 1575]
[1460, 1517, 1519, 1576]
[1461, 1518, 1520, 1577]
[1462, 1519, 1521, 1578]
[1463, 1520, 1522, 1579]
[1464, 1521, 1523, 1580]
[1465, 1522, 1524, 1581]
[1466, 1523, 1525, 1582]
[1467, 1524, 1526, 1583]
[1468, 1525, 1527, 1584]
[1469, 1526, 1528, 1585]
[1470, 1527, 1529, 1586]
[1471, 1528, 1530, 1587]
[1472, 1529, 1531, 1588]
[1473, 1530, 1532, 1589]
[1474, 1531, 1533, 1590]
[1475, 1532, 1534, 1591]
[1476, 1533, 1535, 1592]
[1477, 1534, 1536, 1593]
[1478, 1535, 1537, 1594]
[1479, 1536, 1538, 1595]
[1480, 1537, 1539, 1596]
[1481, 1538, 1540, 1597]
[1482, 1539, 1541, 1598]
[1483, 1540, 1542, 1599]
[1484, 1541, 1543, 1600]
[1485, 1542, 1544, 1601]
[1486, 1543, 1545, 1602]
[1487, 1544, 1546, 1603]
[1488, 1545, 1547, 1604]
[1489, 1546, 1548, 1605]
[1490, 1547, 1549, 1606]
[1491, 1548, 1550, 1607]
[1492, 1549, 1551, 1608]
[1493, 1550, 1552, 1609]
[1494, 1551, 1553, 1610]
[1495, 1552, 1554, 1611]
[1496, 1553, 1555, 1612]
[1497, 1554, 1556, 1613]
[1498, 1555, 1557, 1614]
[1499, 1556, 1558, 1615]
[1500, 1557, 1559, 1616]
[1501, 1558, 1560, 1617]
[1502, 1559, 1561, 1618]
[1503, 1560, 1562, 1619]
[1504, 1561, 1563, 1620]
[1505, 1562, 1564, 1621]
[1506, 1563, 1565, 1622]
[1507, 1508, 1564, 1623]
[1508, 1567, 1623, 1624]
[1509, 1566, 1568, 1625]
[1510, 1567, 1569, 1626]
[1511, 1568, 1570, 1627]
[1512, 1569, 1571, 1628]
[1513, 1570, 1572, 1629]
[1514, 1571, 1573, 1630]
[1515, 1572, 1574, 1631]
[1516, 1573, 1575, 1632]
[1517, 1574, 1576, 1633]
[1518, 1575, 1577, 1634]
[1519, 1576, 1578, 1635]
[1520, 1577, 1579, 1636]
[1521, 1578, 1580, 1637]
[1522, 1579, 1581, 1638]
[1523, 1580, 1582, 1639]
[1524, 1581, 1583, 1640]
[1525, 1582, 1584, 1641]
[1526, 1583, 1585, 1642]
[1527, 1584, 1586, 1643]
[1528, 1585, 1587, 1644]
[1529, 1586, 1588, 1645]
[1530, 1587, 1589, 1646]
[1531, 1588, 1590, 1647]
[1532, 1589, 1591, 1648]
[1533, 1590, 1592, 1649]
[1534, 1591, 1593, 1650]
[1535, 1592, 1594, 1651]
[1536, 1593, 1595, 1652]
[1537, 1594, 1596, 1653]
[1538, 1595, 1597, 1654]
[1539, 1596, 1598, 1655]
[1540, 1597, 1599, 1656]
[1541, 1598, 1600, 1657]
[1542, 1599, 1601, 1658]
[1543, 1600, 1602, 1659]
[1544, 1601, 1603, 1660]
[1545, 1602, 1604, 1661]
[1546, 1603, 1605, 1662]
[1547, 1604, 1606, 1663]
[1548, 1605, 1607, 1664]
[1549, 1606, 1608, 1665]
[1550, 1607, 1609, 1666]
[1551, 1608, 1610, 1667]
[1552, 1609, 1611, 1668]
[1553, 1610, 1612, 1669]
[1554, 1611, 1613, 1670]
[1555, 1612, 1614, 1671]
[1556, 1613, 1615, 1672]
[1557, 1614, 1616, 1673]
[1558, 1615, 1617, 1674]
[1559, 1616, 1618, 1675]
[1560, 1617, 1619, 1676]
[1561, 1618, 1620, 1677]
[1562, 1619, 1621, 1678]
[1563, 1620, 1622, 1679]
[1564, 1621, 1623, 1680]
[1565, 1566, 1622, 1681]
[1566, 1625, 1681, 1682]
[1567, 1624, 1626, 1683]
[1568, 1625, 1627, 1684]
[1569, 1626, 1628, 1685]
[1570, 1627, 1629, 1686]
[1571, 1628, 1630, 1687]
[1572, 1629, 1631, 1688]
[1573, 1630, 1632, 1689]
[1574, 1631, 1633, 1690]
[1575, 1632, 1634, 1691]
[1576, 1633, 1635, 1692]
[1577, 1634, 1636, 1693]
[1578, 1635, 1637, 1694]
[1579, 1636, 1638, 1695]
[1580, 1637, 1639, 1696]
[1581, 1638, 1640, 1697]
[1582, 1639, 1641, 1698]
[1583, 1640, 1642, 1699]
[1584, 1641, 1643, 1700]
[1585, 1642, 1644, 1701]
[1586, 1643, 1645, 1702]
[1587, 1644, 1646, 1703]
[1588, 1645, 1647, 1704]
[1589, 1646, 1648, 1705]
[1590, 1647, 1649, 1706]
[1591, 1648, 1650, 1707]
[1592, 1649, 1651, 1708]
[1593, 1650, 1652, 1709]
[1594, 1651, 1653, 1710]
[1595, 1652, 1654, 1711]
[1596, 1653, 1655, 1712]
[1597, 1654, 1656, 1713]
[1598, 1655, 1657, 1714]
[1599, 1656, 1658, 1715]
[1600, 1657, 1659, 1716]
[1601, 1658, 1660, 1717]
[1602, 1659, 1661, 1718]
[1603, 1660, 1662, 1719]
[1604, 1661, 1663, 1720]
[1605, 1662, 1664, 1721]
[1606, 1663, 1665, 1722]
[1607, 1664, 1666, 1723]
[1608, 1665, 1667, 1724]
[1609, 1666, 1668, 1725]
[1610, 1667, 1669, 1726]
[1611, 1668, 1670, 1727]
[1612, 1669, 1671, 1728]
[1613, 1670, 1672, 1729]
[1614, 1671, 1673, 1730]
[1615, 1672, 1674, 1731]
[1616, 1673, 1675, 1732]
[1617, 1674, 1676, 1733]
[1618, 1675, 1677, 1734]
[1619, 1676, 1678, 1735]
[1620, 1677, 1679, 1736]
[1621, 1678, 1680, 1737]
[1622, 1679, 1681, 1738]
[1623, 1624, 1680, 1739]
[1624, 1683, 1739, 1740]
[1625, 1682, 1684, 1741]
[1626, 1683, 1685, 1742]
[1627, 1684, 1686, 1743]
[1628, 1685, 1687, 1744]
[1629, 1686, 1688, 1745]
[1630, 1687, 1689, 1746]
[1631, 1688, 1690, 1747]
[1632, 1689, 1691, 1748]
[1633, 1690, 1692, 1749]
[1634, 1691, 1693, 1750]
[1635, 1692, 1694, 1751]
[1636, 1693, 1695, 1752]
[1637, 1694, 1696, 1753]
[1638, 1695, 1697, 1754]
[1639, 1696, 1698, 1755]
[1640, 1697, 1699, 1756]
[1641, 1698, 1700, 1757]
[1642, 1699, 1701, 1758]
[1643, 1700, 1702, 1759]
[1644, 1701, 1703, 1760]
[1645, 1702, 1704, 1761]
[1646, 1703, 1705, 1762]
[1647, 1704, 1706, 1763]
[1648, 1705, 1707, 1764]
[1649, 1706, 1708, 1765]
[1650, 1707, 1709, 1766]
[1651, 1708, 1710, 1767]
[1652, 1709, 1711, 1768]
[1653, 1710, 1712, 1769]
[1654, 1711, 1713, 1770]
[1655, 1712, 1714, 1771]
[1656, 1713, 1715, 1772]
[1657, 1714, 1716, 1773]
[1658, 1715, 1717, 1774]
[1659, 1716, 1718, 1775]
[1660, 1717, 1719, 1776]
[1661, 1718, 1720, 1777]
[1662, 1719, 1721, 1778]
[1663, 1720, 1722, 1779]
[1664, 1721, 1723, 1780]
[1665, 1722, 1724, 1781]
[1666, 1723, 1725, 1782]
[1667, 1724, 1726, 1783]
[1668, 1725, 1727, 1784]
[1669, 1726, 1728, 1785]
[1670, 1727, 1729, 1786]
[1671, 1728, 1730, 1787]
[1672, 1729, 1731, 1788]
[1673, 1730, 1732, 1789]
[1674, 1731, 1733, 1790]
[1675, 1732, 1734, 1791]
[1676, 1733, 1735, 1792]
[1677, 1734, 1736, 1793]
[1678, 1735, 1737, 1794]
[1679, 1736, 1738, 1795]
[1680, 1737, 1739, 1796]
[1681, 1682, 1738, 1797]
[1682, 1741, 1797, 1798]
[1683, 1740, 1742, 1799]
[1684, 1741, 1743, 1800]
[1685, 1742, 1744, 1801]
[1686, 1743, 1745, 1802]
[1687, 1744, 1746, 1803]
[1688, 1745, 1747, 1804]
[1689, 1746, 1748, 1805]
[1690, 1747, 1749, 1806]
[1691, 1748, 1750, 1807]
[1692, 1749, 1751, 1808]
[1693, 1750, 1752, 1809]
[1694, 1751, 1753, 1810]
[1695, 1752, 1754, 1811]
[1696, 1753, 1755, 1812]
[1697, 1754, 1756, 1813]
[1698, 1755, 1757, 1814]
[1699, 1756, 1758, 1815]
[1700, 1757, 1759, 1816]
[1701, 1758, 1760, 1817]
[1702, 1759, 1761, 1818]
[1703, 1760, 1762, 1819]
[1704, 1761, 1763, 1820]
[1705, 1762, 1764, 1821]
[1706, 1763, 1765, 1822]
[1707, 1764, 1766, 1823]
[1708, 1765, 1767, 1824]
[1709, 1766, 1768, 1825]
[1710, 1767, 1769, 1826]
[1711, 1768, 1770, 1827]
[1712, 1769, 1771, 1828]
[1713, 1770, 1772, 1829]
[1714, 1771, 1773, 1830]
[1715, 1772, 1774, 1831]
[1716, 1773, 1775, 1832]
[1717, 1774, 1776, 1833]
[1718, 1775, 1777, 1834]
[1719, 1776, 1778, 1835]
[1720, 1777, 1779, 1836]
[1721, 1778, 1780, 1837]
[1722, 1779, 1781, 1838]
[1723, 1780, 1782, 1839]
[1724, 1781, 1783, 1840]
[1725, 1782, 1784, 1841]
[1726, 1783, 1785, 1842]
[1727, 1784, 1786, 1843]
[1728, 1785, 1787, 1844]
[1729, 1786, 1788, 1845]
[1730, 1787, 1789, 1846]
[1731, 1788, 1790, 1847]
[1732, 1789, 1791, 1848]
[1733, 1790, 1792, 1849]
[1734, 1791, 1793, 1850]
[1735, 1792, 1794, 1851]
[1736, 1793, 1795, 1852]
[1737, 1794, 1796, 1853]
[1738, 1795, 1797, 1854]
[1739, 1740, 1796, 1855]
[1740, 1799, 1855, 1856]
[1741, 1798, 1800, 1857]
[1742, 1799, 1801, 1858]
[1743, 1800, 1802, 1859]
[1744, 1801, 1803, 1860]
[1745, 1802, 1804, 1861]
[1746, 1803, 1805, 1862]
[1747, 1804, 1806, 1863]
[1748, 1805, 1807, 1864]
[1749, 1806, 1808, 1865]
[1750, 1807, 1809, 1866]
[1751, 1808, 1810, 1867]
[1752, 1809, 1811, 1868]
[1753, 1810, 1812, 1869]
[1754, 1811, 1813, 1870]
[1755, 1812, 1814, 1871]
[1756, 1813, 1815, 1872]
[1757, 1814, 1816, 1873]
[1758, 1815, 1817, 1874]
[1759, 1816, 1818, 1875]
[1760, 1817, 1819, 1876]
[1761, 1818, 1820, 1877]
[1762, 1819, 1821, 1878]
[1763, 1820, 1822, 1879]
[1764, 1821, 1823, 1880]
[1765, 1822, 1824, 1881]
[1766, 1823, 1825, 1882]
[1767, 1824, 1826, 1883]
[1768, 1825, 1827, 1884]
[1769, 1826, 1828, 1885]
[1770, 1827, 1829, 1886]
[1771, 1828, 1830, 1887]
[1772, 1829, 1831, 1888]
[1773, 1830, 1832, 1889]
[1774, 1831, 1833, 1890]
[1775, 1832, 1834, 1891]
[1776, 1833, 1835, 1892]
[1777, 1834, 1836, 1893]
[1778, 1835, 1837, 1894]
[1779, 1836, 1838, 1895]
[1780, 1837, 1839, 1896]
[1781, 1838, 1840, 1897]
[1782, 1839, 1841, 1898]
[1783, 1840, 1842, 1899]
[1784, 1841, 1843, 1900]
[1785, 1842, 1844, 1901]
[1786, 1843, 1845, 1902]
[1787, 1844, 1846, 1903]
[1788, 1845, 1847, 1904]
[1789, 1846, 1848, 1905]
[1790, 1847, 1849, 1906]
[1791, 1848, 1850, 1907]
[1792, 1849, 1851, 1908]
[1793, 1850, 1852, 1909]
[1794, 1851, 1853, 1910]
[1795, 1852, 1854, 1911]
[1796, 1853, 1855, 1912]
[1797, 1798, 1854, 1913]
[1798, 1857, 1913, 1914]
[1799, 1856, 1858, 1915]
[1800, 1857, 1859, 1916]
[1801, 1858, 1860, 1917]
[1802, 1859, 1861, 1918]
[1803, 1860, 1862, 1919]
[1804, 1861, 1863, 1920]
[1805, 1862, 1864, 1921]
[1806, 1863, 1865, 1922]
[1807, 1864, 1866, 1923]
[1808, 1865, 1867, 1924]
[1809, 1866, 1868, 1925]
[1810, 1867, 1869, 1926]
[1811, 1868, 1870, 1927]
[1812, 1869, 1871, 1928]
[1813, 1870, 1872, 1929]
[1814, 1871, 1873, 1930]
[1815, 1872, 1874, 1931]
[1816, 1873, 1875, 1932]
[1817, 1874, 1876, 1933]
[1818, 1875, 1877, 1934]
[1819, 1876, 1878, 1935]
[1820, 1877, 1879, 1936]
[1821, 1878, 1880, 1937]
[1822, 1879, 1881, 1938]
[1823, 1880, 1882, 1939]
[1824, 1881, 1883, 1940]
[1825, 1882, 1884, 1941]
[1826, 1883, 1885, 1942]
[1827, 1884, 1886, 1943]
[1828, 1885, 1887, 1944]
[1829, 1886, 1888, 1945]
[1830, 1887, 1889, 1946]
[1831, 1888, 1890, 1947]
[1832, 1889, 1891, 1948]
[1833, 1890, 1892, 1949]
[1834, 1891, 1893, 1950]
[1835, 1892, 1894, 1951]
[1836, 1893, 1895, 1952]
[1837, 1894, 1896, 1953]
[1838, 1895, 1897, 1954]
[1839, 1896, 1898, 1955]
[1840, 1897, 1899, 1956]
[1841, 1898, 1900, 1957]
[1842, 1899, 1901, 1958]
[1843, 1900, 1902, 1959]
[1844, 1901, 1903, 1960]
[1845, 1902, 1904, 1961]
[1846, 1903, 1905, 1962]
[1847, 1904, 1906, 1963]
[1848, 1905, 1907, 1964]
[1849, 1906, 1908, 1965]
[1850, 1907, 1909, 1966]
[1851, 1908, 1910, 1967]
[1852, 1909, 1911, 1968]
[1853, 1910, 1912, 1969]
[1854, 1911, 1913, 1970]
[1855, 1856, 1912, 1971]
[1856, 1915, 1971, 1972]
[1857, 1914, 1916, 1973]
[1858, 1915, 1917, 1974]
[1859, 1916, 1918, 1975]
[1860, 1917, 1919, 1976]
[1861, 1918, 1920, 1977]
[1862, 1919, 1921, 1978]
[1863, 1920, 1922, 1979]
[1864, 1921, 1923, 1980]
[1865, 1922, 1924, 1981]
[1866, 1923, 1925, 1982]
[1867, 1924, 1926, 1983]
[1868, 1925, 1927, 1984]
[1869, 1926, 1928, 1985]
[1870, 1927, 1929, 1986]
[1871, 1928, 1930, 1987]
[1872, 1929, 1931, 1988]
[1873, 1930, 1932, 1989]
[1874, 1931, 1933, 1990]
[1875, 1932, 1934, 1991]
[1876, 1933, 1935, 1992]
[1877, 1934, 1936, 1993]
[1878, 1935, 1937, 1994]
[1879, 1936, 1938, 1995]
[1880, 1937, 1939, 1996]
[1881, 1938, 1940, 1997]
[1882, 1939, 1941, 1998]
[1883, 1940, 1942, 1999]
[1884, 1941, 1943, 2000]
[1885, 1942, 1944, 2001]
[1886, 1943, 1945, 2002]
[1887, 1944, 1946, 2003]
[1888, 1945, 1947, 2004]
[1889, 1946, 1948, 2005]
[1890, 1947, 1949, 2006]
[1891, 1948, 1950, 2007]
[1892, 1949, 1951, 2008]
[1893, 1950, 1952, 2009]
[1894, 1951, 1953, 2010]
[1895, 1952, 1954, 2011]
[1896, 1953, 1955, 2012]
[1897, 1954, 1956, 2013]
[1898, 1955, 1957, 2014]
[1899, 1956, 1958, 2015]
[1900, 1957, 1959, 2016]
[1901, 1958, 1960, 2017]
[1902, 1959, 1961, 2018]
[1903, 1960, 1962, 2019]
[1904, 1961, 1963, 2020]
[1905, 1962, 1964, 2021]
[1906, 1963, 1965, 2022]
[1907, 1964, 1966, 2023]
[1908, 1965, 1967, 2024]
[1909, 1966, 1968, 2025]
[1910, 1967, 1969, 2026]
[1911, 1968, 1970, 2027]
[1912, 1969, 1971, 2028]
[1913, 1914, 1970, 2029]
[1914, 1973, 2029, 2030]
[1915, 1972, 1974, 2031]
[1916, 1973, 1975, 2032]
[1917, 1974, 1976, 2033]
[1918, 1975, 1977, 2034]
[1919, 1976, 1978, 2035]
[1920, 1977, 1979, 2036]
[1921, 1978, 1980, 2037]
[1922, 1979, 1981, 2038]
[1923, 1980, 1982, 2039]
[1924, 1981, 1983, 2040]
[1925, 1982, 1984, 2041]
[1926, 1983, 1985, 2042]
[1927, 1984, 1986, 2043]
[1928, 1985, 1987, 2044]
[1929, 1986, 1988, 2045]
[1930, 1987, 1989, 2046]
[1931, 1988, 1990, 2047]
[1932, 1989, 1991, 2048]
[1933, 1990, 1992, 2049]
[1934, 1991, 1993, 2050]
[1935, 1992, 1994, 2051]
[1936, 1993, 1995, 2052]
[1937, 1994, 1996, 2053]
[1938, 1995, 1997, 2054]
[1939, 1996, 1998, 2055]
[1940, 1997, 1999, 2056]
[1941, 1998, 2000, 2057]
[1942, 1999, 2001, 2058]
[1943, 2000, 2002, 2059]
[1944, 2001, 2003, 2060]
[1945, 2002, 2004, 2061]
[1946, 2003, 2005, 2062]
[1947, 2004, 2006, 2063]
[1948, 2005, 2007, 2064]
[1949, 2006, 2008, 2065]
[1950, 2007, 2009, 2066]
[1951, 2008, 2010, 2067]
[1952, 2009, 2011, 2068]
[1953, 2010, 2012, 2069]
[1954, 2011, 2013, 2070]
[1955, 2012, 2014, 2071]
[1956, 2013, 2015, 2072]
[1957, 2014, 2016, 2073]
[1958, 2015, 2017, 2074]
[1959, 2016, 2018, 2075]
[1960, 2017, 2019, 2076]
[1961, 2018, 2020, 2077]
[1962, 2019, 2021, 2078]
[1963, 2020, 2022, 2079]
[1964, 2021, 2023, 2080]
[1965, 2022, 2024, 2081]
[1966, 2023, 2025, 2082]
[1967, 2024, 2026, 2083]
[1968, 2025, 2027, 2084]
[1969, 2026, 2028, 2085]
[1970, 2027, 2029, 2086]
[1971, 1972, 2028, 2087]
[1972, 2031, 2087, 2088]
[1973, 2030, 2032, 2089]
[1974, 2031, 2033, 2090]
[1975, 2032, 2034, 2091]
[1976, 2033, 2035, 2092]
[1977, 2034, 2036, 2093]
[1978, 2035, 2037, 2094]
[1979, 2036, 2038, 2095]
[1980, 2037, 2039, 2096]
[1981, 2038, 2040, 2097]
[1982, 2039, 2041, 2098]
[1983, 2040, 2042, 2099]
[1984, 2041, 2043, 2100]
[1985, 2042, 2044, 2101]
[1986, 2043, 2045, 2102]
[1987, 2044, 2046, 2103]
[1988, 2045, 2047, 2104]
[1989, 2046, 2048, 2105]
[1990, 2047, 2049, 2106]
[1991, 2048, 2050, 2107]
[1992, 2049, 2051, 2108]
[1993, 2050, 2052, 2109]
[1994, 2051, 2053, 2110]
[1995, 2052, 2054, 2111]
[1996, 2053, 2055, 2112]
[1997, 2054, 2056, 2113]
[1998, 2055, 2057, 2114]
[1999, 2056, 2058, 2115]
[2000, 2057, 2059, 2116]
[2001, 2058, 2060, 2117]
[2002, 2059, 2061, 2118]
[2003, 2060, 2062, 2119]
[2004, 2061, 2063, 2120]
[2005, 2062, 2064, 2121]
[2006, 2063, 2065, 2122]
[2007, 2064, 2066, 2123]
[2008, 2065, 2067, 2124]
[2009, 2066, 2068, 2125]
[2010, 2067, 2069, 2126]
[2011, 2068, 2070, 2127]
[2012, 2069, 2071, 2128]
[2013, 2070, 2072, 2129]
[2014, 2071, 2073, 2130]
[2015, 2072, 2074, 2131]
[2016, 2073, 2075, 2132]
[2017, 2074, 2076, 2133]
[2018, 2075, 2077, 2134]
[2019, 2076, 2078, 2135]
[2020, 2077, 2079, 2136]
[2021, 2078, 2080, 2137]
[2022, 2079, 2081, 2138]
[2023, 2080, 2082, 2139]
[2024, 2081, 2083, 2140]
[2025, 2082, 2084, 2141]
[2026, 2083, 2085, 2142]
[2027, 2084, 2086, 2143]
[2028, 2085, 2087, 2144]
[2029, 2030, 2086, 2145]
[2030, 2089, 2145, 2146]
[2031, 2088, 2090, 2147]
[2032, 2089, 2091, 2148]
[2033, 2090, 2092, 2149]
[2034, 2091, 2093, 2150]
[2035, 2092, 2094, 2151]
[2036, 2093, 2095, 2152]
[2037, 2094, 2096, 2153]
[2038, 2095, 2097, 2154]
[2039, 2096, 2098, 2155]
[2040, 2097, 2099, 2156]
[2041, 2098, 2100, 2157]
[2042, 2099, 2101, 2158]
[2043, 2100, 2102, 2159]
[2044, 2101, 2103, 2160]
[2045, 2102, 2104, 2161]
[2046, 2103, 2105, 2162]
[2047, 2104, 2106, 2163]
[2048, 2105, 2107, 2164]
[2049, 2106, 2108, 2165]
[2050, 2107, 2109, 2166]
[2051, 2108, 2110, 2167]
[2052, 2109, 2111, 2168]
[2053, 2110, 2112, 2169]
[2054, 2111, 2113, 2170]
[2055, 2112, 2114, 2171]
[2056, 2113, 2115, 2172]
[2057, 2114, 2116, 2173]
[2058, 2115, 2117, 2174]
[2059, 2116, 2118, 2175]
[2060, 2117, 2119, 2176]
[2061, 2118, 2120, 2177]
[2062, 2119, 2121, 2178]
[2063, 2120, 2122, 2179]
[2064, 2121, 2123, 2180]
[2065, 2122, 2124, 2181]
[2066, 2123, 2125, 2182]
[2067, 2124, 2126, 2183]
[2068, 2125, 2127, 2184]
[2069, 2126, 2128, 2185]
[2070, 2127, 2129, 2186]
[2071, 2128, 2130, 2187]
[2072, 2129, 2131, 2188]
[2073, 2130, 2132, 2189]
[2074, 2131, 2133, 2190]
[2075, 2132, 2134, 2191]
[2076, 2133, 2135, 2192]
[2077, 2134, 2136, 2193]
[2078, 2135, 2137, 2194]
[2079, 2136, 2138, 2195]
[2080, 2137, 2139, 2196]
[2081, 2138, 2140, 2197]
[2082, 2139, 2141, 2198]
[2083, 2140, 2142, 2199]
[2084, 2141, 2143, 2200]
[2085, 2142, 2144, 2201]
[2086, 2143, 2145, 2202]
[2087, 2088, 2144, 2203]
[2088, 2147, 2203, 2204]
[2089, 2146, 2148, 2205]
[2090, 2147, 2149, 2206]
[2091, 2148, 2150, 2207]
[2092, 2149, 2151, 2208]
[2093, 2150, 2152, 2209]
[2094, 2151, 2153, 2210]
[2095, 2152, 2154, 2211]
[2096, 2153, 2155, 2212]
[2097, 2154, 2156, 2213]
[2098, 2155, 2157, 2214]
[2099, 2156, 2158, 2215]
[2100, 2157, 2159, 2216]
[2101, 2158, 2160, 2217]
[2102, 2159, 2161, 2218]
[2103, 2160, 2162, 2219]
[2104, 2161, 2163, 2220]
[2105, 2162, 2164, 2221]
[2106, 2163, 2165, 2222]
[2107, 2164, 2166, 2223]
[2108, 2165, 2167, 2224]
[2109, 2166, 2168, 2225]
[2110, 2167, 2169, 2226]
[2111, 2168, 2170, 2227]
[2112, 2169, 2171, 2228]
[2113, 2170, 2172, 2229]
[2114, 2171, 2173, 2230]
[2115, 2172, 2174, 2231]
[2116, 2173, 2175, 2232]
[2117, 2174, 2176, 2233]
[2118, 2175, 2177, 2234]
[2119, 2176, 2178, 2235]
[2120, 2177, 2179, 2236]
[2121, 2178, 2180, 2237]
[2122, 2179, 2181, 2238]
[2123, 2180, 2182, 2239]
[2124, 2181, 2183, 2240]
[2125, 2182, 2184, 2241]
[2126, 2183, 2185, 2242]
[2127, 2184, 2186, 2243]
[2128, 2185, 2187, 2244]
[2129, 2186, 2188, 2245]
[2130, 2187, 2189, 2246]
[2131, 2188, 2190, 2247]
[2132, 2189, 2191, 2248]
[2133, 2190, 2192, 2249]
[2134, 2191, 2193, 2250]
[2135, 2192, 2194, 2251]
[2136, 2193, 2195, 2252]
[2137, 2194, 2196, 2253]
[2138, 2195, 2197, 2254]
[2139, 2196, 2198, 2255]
[2140, 2197, 2199, 2256]
[2141, 2198, 2200, 2257]
[2142, 2199, 2201, 2258]
[2143, 2200, 2202, 2259]
[2144, 2201, 2203, 2260]
[2145, 2146, 2202, 2261]
[2146, 2205, 2261, 2262]
[2147, 2204, 2206, 2263]
[2148, 2205, 2207, 2264]
[2149, 2206, 2208, 2265]
[2150, 2207, 2209, 2266]
[2151, 2208, 2210, 2267]
[2152, 2209, 2211, 2268]
[2153, 2210, 2212, 2269]
[2154, 2211, 2213, 2270]
[2155, 2212, 2214, 2271]
[2156, 2213, 2215, 2272]
[2157, 2214, 2216, 2273]
[2158, 2215, 2217, 2274]
[2159, 2216, 2218, 2275]
[2160, 2217, 2219, 2276]
[2161, 2218, 2220, 2277]
[2162, 2219, 2221, 2278]
[2163, 2220, 2222, 2279]
[2164, 2221, 2223, 2280]
[2165, 2222, 2224, 2281]
[2166, 2223, 2225, 2282]
[2167, 2224, 2226, 2283]
[2168, 2225, 2227, 2284]
[2169, 2226, 2228, 2285]
[2170, 2227, 2229, 2286]
[2171, 2228, 2230, 2287]
[2172, 2229, 2231, 2288]
[2173, 2230, 2232, 2289]
[2174, 2231, 2233, 2290]
[2175, 2232, 2234, 2291]
[2176, 2233, 2235, 2292]
[2177, 2234, 2236, 2293]
[2178, 2235, 2237, 2294]
[2179, 2236, 2238, 2295]
[2180, 2237, 2239, 2296]
[2181, 2238, 2240, 2297]
[2182, 2239, 2241, 2298]
[2183, 2240, 2242, 2299]
[2184, 2241, 2243, 2300]
[2185, 2242, 2244, 2301]
[2186, 2243, 2245, 2302]
[2187, 2244, 2246, 2303]
[2188, 2245, 2247, 2304]
[2189, 2246, 2248, 2305]
[2190, 2247, 2249, 2306]
[2191, 2248, 2250, 2307]
[2192, 2249, 2251, 2308]
[2193, 2250, 2252, 2309]
[2194, 2251, 2253, 2310]
[2195, 2252, 2254, 2311]
[2196, 2253, 2255, 2312]
[2197, 2254, 2256, 2313]
[2198, 2255, 2257, 2314]
[2199, 2256, 2258, 2315]
[2200, 2257, 2259, 2316]
[2201, 2258, 2260, 2317]
[2202, 2259, 2261, 2318]
[2203, 2204, 2260, 2319]
[2204, 2263, 2319, 2320]
[2205, 2262, 2264, 2321]
[2206, 2263, 2265, 2322]
[2207, 2264, 2266, 2323]
[2208, 2265, 2267, 2324]
[2209, 2266, 2268, 2325]
[2210, 2267, 2269, 2326]
[2211, 2268, 2270, 2327]
[2212, 2269, 2271, 2328]
[2213, 2270, 2272, 2329]
[2214, 2271, 2273, 2330]
[2215, 2272, 2274, 2331]
[2216, 2273, 2275, 2332]
[2217, 2274, 2276, 2333]
[2218, 2275, 2277, 2334]
[2219, 2276, 2278, 2335]
[2220, 2277, 2279, 2336]
[2221, 2278, 2280, 2337]
[2222, 2279, 2281, 2338]
[2223, 2280, 2282, 2339]
[2224, 2281, 2283, 2340]
[2225, 2282, 2284, 2341]
[2226, 2283, 2285, 2342]
[2227, 2284, 2286, 2343]
[2228, 2285, 2287, 2344]
[2229, 2286, 2288, 2345]
[2230, 2287, 2289, 2346]
[2231, 2288, 2290, 2347]
[2232, 2289, 2291, 2348]
[2233, 2290, 2292, 2349]
[2234, 2291, 2293, 2350]
[2235, 2292, 2294, 2351]
[2236, 2293, 2295, 2352]
[2237, 2294, 2296, 2353]
[2238, 2295, 2297, 2354]
[2239, 2296, 2298, 2355]
[2240, 2297, 2299, 2356]
[2241, 2298, 2300, 2357]
[2242, 2299, 2301, 2358]
[2243, 2300, 2302, 2359]
[2244, 2301, 2303, 2360]
[2245, 2302, 2304, 2361]
[2246, 2303, 2305, 2362]
[2247, 2304, 2306, 2363]
[2248, 2305, 2307, 2364]
[2249, 2306, 2308, 2365]
[2250, 2307, 2309, 2366]
[2251, 2308, 2310, 2367]
[2252, 2309, 2311, 2368]
[2253, 2310, 2312, 2369]
[2254, 2311, 2313, 2370]
[2255, 2312, 2314, 2371]
[2256, 2313, 2315, 2372]
[2257, 2314, 2316, 2373]
[2258, 2315, 2317, 2374]
[2259, 2316, 2318, 2375]
[2260, 2317, 2319, 2376]
[2261, 2262, 2318, 2377]
[2262, 2321, 2377, 2378]
[2263, 2320, 2322, 2379]
[2264, 2321, 2323, 2380]
[2265, 2322, 2324, 2381]
[2266, 2323, 2325, 2382]
[2267, 2324, 2326, 2383]
[2268, 2325, 2327, 2384]
[2269, 2326, 2328, 2385]
[2270, 2327, 2329, 2386]
[2271, 2328, 2330, 2387]
[2272, 2329, 2331, 2388]
[2273, 2330, 2332, 2389]
[2274, 2331, 2333, 2390]
[2275, 2332, 2334, 2391]
[2276, 2333, 2335, 2392]
[2277, 2334, 2336, 2393]
[2278, 2335, 2337, 2394]
[2279, 2336, 2338, 2395]
[2280, 2337, 2339, 2396]
[2281, 2338, 2340, 2397]
[2282, 2339, 2341, 2398]
[2283, 2340, 2342, 2399]
[2284, 2341, 2343, 2400]
[2285, 2342, 2344, 2401]
[2286, 2343, 2345, 2402]
[2287, 2344, 2346, 2403]
[2288, 2345, 2347, 2404]
[2289, 2346, 2348, 2405]
[2290, 2347, 2349, 2406]
[2291, 2348, 2350, 2407]
[2292, 2349, 2351, 2408]
[2293, 2350, 2352, 2409]
[2294, 2351, 2353, 2410]
[2295, 2352, 2354, 2411]
[2296, 2353, 2355, 2412]
[2297, 2354, 2356, 2413]
[2298, 2355, 2357, 2414]
[2299, 2356, 2358, 2415]
[2300, 2357, 2359, 2416]
[2301, 2358, 2360, 2417]
[2302, 2359, 2361, 2418]
[2303, 2360, 2362, 2419]
[2304, 2361, 2363, 2420]
[2305, 2362, 2364, 2421]
[2306, 2363, 2365, 2422]
[2307, 2364, 2366, 2423]
[2308, 2365, 2367, 2424]
[2309, 2366, 2368, 2425]
[2310, 2367, 2369, 2426]
[2311, 2368, 2370, 2427]
[2312, 2369, 2371, 2428]
[2313, 2370, 2372, 2429]
[2314, 2371, 2373, 2430]
[2315, 2372, 2374, 2431]
[2316, 2373, 2375, 2432]
[2317, 2374, 2376, 2433]
[2318, 2375, 2377, 2434]
[2319, 2320, 2376, 2435]
[2320, 2379, 2435, 2436]
[2321, 2378, 2380, 2437]
[2322, 2379, 2381, 2438]
[2323, 2380, 2382, 2439]
[2324, 2381, 2383, 2440]
[2325, 2382, 2384, 2441]
[2326, 2383, 2385, 2442]
[2327, 2384, 2386, 2443]
[2328, 2385, 2387, 2444]
[2329, 2386, 2388, 2445]
[2330, 2387, 2389, 2446]
[2331, 2388, 2390, 2447]
[2332, 2389, 2391, 2448]
[2333, 2390, 2392, 2449]
[2334, 2391, 2393, 2450]
[2335, 2392, 2394, 2451]
[2336, 2393, 2395, 2452]
[2337, 2394, 2396, 2453]
[2338, 2395, 2397, 2454]
[2339, 2396, 2398, 2455]
[2340, 2397, 2399, 2456]
[2341, 2398, 2400, 2457]
[2342, 2399, 2401, 2458]
[2343, 2400, 2402, 2459]
[2344, 2401, 2403, 2460]
[2345, 2402, 2404, 2461]
[2346, 2403, 2405, 2462]
[2347, 2404, 2406, 2463]
[2348, 2405, 2407, 2464]
[2349, 2406, 2408, 2465]
[2350, 2407, 2409, 2466]
[2351, 2408, 2410, 2467]
[2352, 2409, 2411, 2468]
[2353, 2410, 2412, 2469]
[2354, 2411, 2413, 2470]
[2355, 2412, 2414, 2471]
[2356, 2413, 2415, 2472]
[2357, 2414, 2416, 2473]
[2358, 2415, 2417, 2474]
[2359, 2416, 2418, 2475]
[2360, 2417, 2419, 2476]
[2361, 2418, 2420, 2477]
[2362, 2419, 2421, 2478]
[2363, 2420, 2422, 2479]
[2364, 2421, 2423, 2480]
[2365, 2422, 2424, 2481]
[2366, 2423, 2425, 2482]
[2367, 2424, 2426, 2483]
[2368, 2425, 2427, 2484]
[2369, 2426, 2428, 2485]
[2370, 2427, 2429, 2486]
[2371, 2428, 2430, 2487]
[2372, 2429, 2431, 2488]
[2373, 2430, 2432, 2489]
[2374, 2431, 2433, 2490]
[2375, 2432, 2434, 2491]
[2376, 2433, 2435, 2492]
[2377, 2378, 2434, 2493]
[2378, 2437, 2493, 2494]
[2379, 2436, 2438, 2495]
[2380, 2437, 2439, 2496]
[2381, 2438, 2440, 2497]
[2382, 2439, 2441, 2498]
[2383, 2440, 2442, 2499]
[2384, 2441, 2443, 2500]
[2385, 2442, 2444, 2501]
[2386, 2443, 2445, 2502]
[2387, 2444, 2446, 2503]
[2388, 2445, 2447, 2504]
[2389, 2446, 2448, 2505]
[2390, 2447, 2449, 2506]
[2391, 2448, 2450, 2507]
[2392, 2449, 2451, 2508]
[2393, 2450, 2452, 2509]
[2394, 2451, 2453, 2510]
[2395, 2452, 2454, 2511]
[2396, 2453, 2455, 2512]
[2397, 2454, 2456, 2513]
[2398, 2455, 2457, 2514]
[2399, 2456, 2458, 2515]
[2400, 2457, 2459, 2516]
[2401, 2458, 2460, 2517]
[2402, 2459, 2461, 2518]
[2403, 2460, 2462, 2519]
[2404, 2461, 2463, 2520]
[2405, 2462, 2464, 2521]
[2406, 2463, 2465, 2522]
[2407, 2464, 2466, 2523]
[2408, 2465, 2467, 2524]
[2409, 2466, 2468, 2525]
[2410, 2467, 2469, 2526]
[2411, 2468, 2470, 2527]
[2412, 2469, 2471, 2528]
[2413, 2470, 2472, 2529]
[2414, 2471, 2473, 2530]
[2415, 2472, 2474, 2531]
[2416, 2473, 2475, 2532]
[2417, 2474, 2476, 2533]
[2418, 2475, 2477, 2534]
[2419, 2476, 2478, 2535]
[2420, 2477, 2479, 2536]
[2421, 2478, 2480, 2537]
[2422, 2479, 2481, 2538]
[2423, 2480, 2482, 2539]
[2424, 2481, 2483, 2540]
[2425, 2482, 2484, 2541]
[2426, 2483, 2485, 2542]
[2427, 2484, 2486, 2543]
[2428, 2485, 2487, 2544]
[2429, 2486, 2488, 2545]
[2430, 2487, 2489, 2546]
[2431, 2488, 2490, 2547]
[2432, 2489, 2491, 2548]
[2433, 2490, 2492, 2549]
[2434, 2491, 2493, 2550]
[2435, 2436, 2492, 2551]
[2436, 2495, 2551, 2552]
[2437, 2494, 2496, 2553]
[2438, 2495, 2497, 2554]
[2439, 2496, 2498, 2555]
[2440, 2497, 2499, 2556]
[2441, 2498, 2500, 2557]
[2442, 2499, 2501, 2558]
[2443, 2500, 2502, 2559]
[2444, 2501, 2503, 2560]
[2445, 2502, 2504, 2561]
[2446, 2503, 2505, 2562]
[2447, 2504, 2506, 2563]
[2448, 2505, 2507, 2564]
[2449, 2506, 2508, 2565]
[2450, 2507, 2509, 2566]
[2451, 2508, 2510, 2567]
[2452, 2509, 2511, 2568]
[2453, 2510, 2512, 2569]
[2454, 2511, 2513, 2570]
[2455, 2512, 2514, 2571]
[2456, 2513, 2515, 2572]
[2457, 2514, 2516, 2573]
[2458, 2515, 2517, 2574]
[2459, 2516, 2518, 2575]
[2460, 2517, 2519, 2576]
[2461, 2518, 2520, 2577]
[2462, 2519, 2521, 2578]
[2463, 2520, 2522, 2579]
[2464, 2521, 2523, 2580]
[2465, 2522, 2524, 2581]
[2466, 2523, 2525, 2582]
[2467, 2524, 2526, 2583]
[2468, 2525, 2527, 2584]
[2469, 2526, 2528, 2585]
[2470, 2527, 2529, 2586]
[2471, 2528, 2530, 2587]
[2472, 2529, 2531, 2588]
[2473, 2530, 2532, 2589]
[2474, 2531, 2533, 2590]
[2475, 2532, 2534, 2591]
[2476, 2533, 2535, 2592]
[2477, 2534, 2536, 2593]
[2478, 2535, 2537, 2594]
[2479, 2536, 2538, 2595]
[2480, 2537, 2539, 2596]
[2481, 2538, 2540, 2597]
[2482, 2539, 2541, 2598]
[2483, 2540, 2542, 2599]
[2484, 2541, 2543, 2600]
[2485, 2542, 2544, 2601]
[2486, 2543, 2545, 2602]
[2487, 2544, 2546, 2603]
[2488, 2545, 2547, 2604]
[2489, 2546, 2548, 2605]
[2490, 2547, 2549, 2606]
[2491, 2548, 2550, 2607]
[2492, 2549, 2551, 2608]
[2493, 2494, 2550, 2609]
[2494, 2553, 2609, 2610]
[2495, 2552, 2554, 2611]
[2496, 2553, 2555, 2612]
[2497, 2554, 2556, 2613]
[2498, 2555, 2557, 2614]
[2499, 2556, 2558, 2615]
[2500, 2557, 2559, 2616]
[2501, 2558, 2560, 2617]
[2502, 2559, 2561, 2618]
[2503, 2560, 2562, 2619]
[2504, 2561, 2563, 2620]
[2505, 2562, 2564, 2621]
[2506, 2563, 2565, 2622]
[2507, 2564, 2566, 2623]
[2508, 2565, 2567, 2624]
[2509, 2566, 2568, 2625]
[2510, 2567, 2569, 2626]
[2511, 2568, 2570, 2627]
[2512, 2569, 2571, 2628]
[2513, 2570, 2572, 2629]
[2514, 2571, 2573, 2630]
[2515, 2572, 2574, 2631]
[2516, 2573, 2575, 2632]
[2517, 2574, 2576, 2633]
[2518, 2575, 2577, 2634]
[2519, 2576, 2578, 2635]
[2520, 2577, 2579, 2636]
[2521, 2578, 2580, 2637]
[2522, 2579, 2581, 2638]
[2523, 2580, 2582, 2639]
[2524, 2581, 2583, 2640]
[2525, 2582, 2584, 2641]
[2526, 2583, 2585, 2642]
[2527, 2584, 2586, 2643]
[2528, 2585, 2587, 2644]
[2529, 2586, 2588, 2645]
[2530, 2587, 2589, 2646]
[2531, 2588, 2590, 2647]
[2532, 2589, 2591, 2648]
[2533, 2590, 2592, 2649]
[2534, 2591, 2593, 2650]
[2535, 2592, 2594, 2651]
[2536, 2593, 2595, 2652]
[2537, 2594, 2596, 2653]
[2538, 2595, 2597, 2654]
[2539, 2596, 2598, 2655]
[2540, 2597, 2599, 2656]
[2541, 2598, 2600, 2657]
[2542, 2599, 2601, 2658]
[2543, 2600, 2602, 2659]
[2544, 2601, 2603, 2660]
[2545, 2602, 2604, 2661]
[2546, 2603, 2605, 2662]
[2547, 2604, 2606, 2663]
[2548, 2605, 2607, 2664]
[2549, 2606, 2608, 2665]
[2550, 2607, 2609, 2666]
[2551, 2552, 2608, 2667]
[2552, 2611, 2667, 2668]
[2553, 2610, 2612, 2669]
[2554, 2611, 2613, 2670]
[2555, 2612, 2614, 2671]
[2556, 2613, 2615, 2672]
[2557, 2614, 2616, 2673]
[2558, 2615, 2617, 2674]
[2559, 2616, 2618, 2675]
[2560, 2617, 2619, 2676]
[2561, 2618, 2620, 2677]
[2562, 2619, 2621, 2678]
[2563, 2620, 2622, 2679]
[2564, 2621, 2623, 2680]
[2565, 2622, 2624, 2681]
[2566, 2623, 2625, 2682]
[2567, 2624, 2626, 2683]
[2568, 2625, 2627, 2684]
[2569, 2626, 2628, 2685]
[2570, 2627, 2629, 2686]
[2571, 2628, 2630, 2687]
[2572, 2629, 2631, 2688]
[2573, 2630, 2632, 2689]
[2574, 2631, 2633, 2690]
[2575, 2632, 2634, 2691]
[2576, 2633, 2635, 2692]
[2577, 2634, 2636, 2693]
[2578, 2635, 2637, 2694]
[2579, 2636, 2638, 2695]
[2580, 2637, 2639, 2696]
[2581, 2638, 2640, 2697]
[2582, 2639, 2641, 2698]
[2583, 2640, 2642, 2699]
[2584, 2641, 2643, 2700]
[2585, 2642, 2644, 2701]
[2586, 2643, 2645, 2702]
[2587, 2644, 2646, 2703]
[2588, 2645, 2647, 2704]
[2589, 2646, 2648, 2705]
[2590, 2647, 2649, 2706]
[2591, 2648, 2650, 2707]
[2592, 2649, 2651, 2708]
[2593, 2650, 2652, 2709]
[2594, 2651, 2653, 2710]
[2595, 2652, 2654, 2711]
[2596, 2653, 2655, 2712]
[2597, 2654, 2656, 2713]
[2598, 2655, 2657, 2714]
[2599, 2656, 2658, 2715]
[2600, 2657, 2659, 2716]
[2601, 2658, 2660, 2717]
[2602, 2659, 2661, 2718]
[2603, 2660, 2662, 2719]
[2604, 2661, 2663, 2720]
[2605, 2662, 2664, 2721]
[2606, 2663, 2665, 2722]
[2607, 2664, 2666, 2723]
[2608, 2665, 2667, 2724]
[2609, 2610, 2666, 2725]
[2610, 2669, 2725, 2726]
[2611, 2668, 2670, 2727]
[2612, 2669, 2671, 2728]
[2613, 2670, 2672, 2729]
[2614, 2671, 2673, 2730]
[2615, 2672, 2674, 2731]
[2616, 2673, 2675, 2732]
[2617, 2674, 2676, 2733]
[2618, 2675, 2677, 2734]
[2619, 2676, 2678, 2735]
[2620, 2677, 2679, 2736]
[2621, 2678, 2680, 2737]
[2622, 2679, 2681, 2738]
[2623, 2680, 2682, 2739]
[2624, 2681, 2683, 2740]
[2625, 2682, 2684, 2741]
[2626, 2683, 2685, 2742]
[2627, 2684, 2686, 2743]
[2628, 2685, 2687, 2744]
[2629, 2686, 2688, 2745]
[2630, 2687, 2689, 2746]
[2631, 2688, 2690, 2747]
[2632, 2689, 2691, 2748]
[2633, 2690, 2692, 2749]
[2634, 2691, 2693, 2750]
[2635, 2692, 2694, 2751]
[2636, 2693, 2695, 2752]
[2637, 2694, 2696, 2753]
[2638, 2695, 2697, 2754]
[2639, 2696, 2698, 2755]
[2640, 2697, 2699, 2756]
[2641, 2698, 2700, 2757]
[2642, 2699, 2701, 2758]
[2643, 2700, 2702, 2759]
[2644, 2701, 2703, 2760]
[2645, 2702, 2704, 2761]
[2646, 2703, 2705, 2762]
[2647, 2704, 2706, 2763]
[2648, 2705, 2707, 2764]
[2649, 2706, 2708, 2765]
[2650, 2707, 2709, 2766]
[2651, 2708, 2710, 2767]
[2652, 2709, 2711, 2768]
[2653, 2710, 2712, 2769]
[2654, 2711, 2713, 2770]
[2655, 2712, 2714, 2771]
[2656, 2713, 2715, 2772]
[2657, 2714, 2716, 2773]
[2658, 2715, 2717, 2774]
[2659, 2716, 2718, 2775]
[2660, 2717, 2719, 2776]
[2661, 2718, 2720, 2777]
[2662, 2719, 2721, 2778]
[2663, 2720, 2722, 2779]
[2664, 2721, 2723, 2780]
[2665, 2722, 2724, 2781]
[2666, 2723, 2725, 2782]
[2667, 2668, 2724, 2783]
[2668, 2727, 2783, 2784]
[2669, 2726, 2728, 2785]
[2670, 2727, 2729, 2786]
[2671, 2728, 2730, 2787]
[2672, 2729, 2731, 2788]
[2673, 2730, 2732, 2789]
[2674, 2731, 2733, 2790]
[2675, 2732, 2734, 2791]
[2676, 2733, 2735, 2792]
[2677, 2734, 2736, 2793]
[2678, 2735, 2737, 2794]
[2679, 2736, 2738, 2795]
[2680, 2737, 2739, 2796]
[2681, 2738, 2740, 2797]
[2682, 2739, 2741, 2798]
[2683, 2740, 2742, 2799]
[2684, 2741, 2743, 2800]
[2685, 2742, 2744, 2801]
[2686, 2743, 2745, 2802]
[2687, 2744, 2746, 2803]
[2688, 2745, 2747, 2804]
[2689, 2746, 2748, 2805]
[2690, 2747, 2749, 2806]
[2691, 2748, 2750, 2807]
[2692, 2749, 2751, 2808]
[2693, 2750, 2752, 2809]
[2694, 2751, 2753, 2810]
[2695, 2752, 2754, 2811]
[2696, 2753, 2755, 2812]
[2697, 2754, 2756, 2813]
[2698, 2755, 2757, 2814]
[2699, 2756, 2758, 2815]
[2700, 2757, 2759, 2816]
[2701, 2758, 2760, 2817]
[2702, 2759, 2761, 2818]
[2703, 2760, 2762, 2819]
[2704, 2761, 2763, 2820]
[2705, 2762, 2764, 2821]
[2706, 2763, 2765, 2822]
[2707, 2764, 2766, 2823]
[2708, 2765, 2767, 2824]
[2709, 2766, 2768, 2825]
[2710, 2767, 2769, 2826]
[2711, 2768, 2770, 2827]
[2712, 2769, 2771, 2828]
[2713, 2770, 2772, 2829]
[2714, 2771, 2773, 2830]
[2715, 2772, 2774, 2831]
[2716, 2773, 2775, 2832]
[2717, 2774, 2776, 2833]
[2718, 2775, 2777, 2834]
[2719, 2776, 2778, 2835]
[2720, 2777, 2779, 2836]
[2721, 2778, 2780, 2837]
[2722, 2779, 2781, 2838]
[2723, 2780, 2782, 2839]
[2724, 2781, 2783, 2840]
[2725, 2726, 2782, 2841]
[2726, 2785, 2841, 2842]
[2727, 2784, 2786, 2843]
[2728, 2785, 2787, 2844]
[2729, 2786, 2788, 2845]
[2730, 2787, 2789, 2846]
[2731, 2788, 2790, 2847]
[2732, 2789, 2791, 2848]
[2733, 2790, 2792, 2849]
[2734, 2791, 2793, 2850]
[2735, 2792, 2794, 2851]
[2736, 2793, 2795, 2852]
[2737, 2794, 2796, 2853]
[2738, 2795, 2797, 2854]
[2739, 2796, 2798, 2855]
[2740, 2797, 2799, 2856]
[2741, 2798, 2800, 2857]
[2742, 2799, 2801, 2858]
[2743, 2800, 2802, 2859]
[2744, 2801, 2803, 2860]
[2745, 2802, 2804, 2861]
[2746, 2803, 2805, 2862]
[2747, 2804, 2806, 2863]
[2748, 2805, 2807, 2864]
[2749, 2806, 2808, 2865]
[2750, 2807, 2809, 2866]
[2751, 2808, 2810, 2867]
[2752, 2809, 2811, 2868]
[2753, 2810, 2812, 2869]
[2754, 2811, 2813, 2870]
[2755, 2812, 2814, 2871]
[2756, 2813, 2815, 2872]
[2757, 2814, 2816, 2873]
[2758, 2815, 2817, 2874]
[2759, 2816, 2818, 2875]
[2760, 2817, 2819, 2876]
[2761, 2818, 2820, 2877]
[2762, 2819, 2821, 2878]
[2763, 2820, 2822, 2879]
[2764, 2821, 2823, 2880]
[2765, 2822, 2824, 2881]
[2766, 2823, 2825, 2882]
[2767, 2824, 2826, 2883]
[2768, 2825, 2827, 2884]
[2769, 2826, 2828, 2885]
[2770, 2827, 2829, 2886]
[2771, 2828, 2830, 2887]
[2772, 2829, 2831, 2888]
[2773, 2830, 2832, 2889]
[2774, 2831, 2833, 2890]
[2775, 2832, 2834, 2891]
[2776, 2833, 2835, 2892]
[2777, 2834, 2836, 2893]
[2778, 2835, 2837, 2894]
[2779, 2836, 2838, 2895]
[2780, 2837, 2839, 2896]
[2781, 2838, 2840, 2897]
[2782, 2839, 2841, 2898]
[2783, 2784, 2840, 2899]
[2784, 2843, 2899, 2900]
[2785, 2842, 2844, 2901]
[2786, 2843, 2845, 2902]
[2787, 2844, 2846, 2903]
[2788, 2845, 2847, 2904]
[2789, 2846, 2848, 2905]
[2790, 2847, 2849, 2906]
[2791, 2848, 2850, 2907]
[2792, 2849, 2851, 2908]
[2793, 2850, 2852, 2909]
[2794, 2851, 2853, 2910]
[2795, 2852, 2854, 2911]
[2796, 2853, 2855, 2912]
[2797, 2854, 2856, 2913]
[2798, 2855, 2857, 2914]
[2799, 2856, 2858, 2915]
[2800, 2857, 2859, 2916]
[2801, 2858, 2860, 2917]
[2802, 2859, 2861, 2918]
[2803, 2860, 2862, 2919]
[2804, 2861, 2863, 2920]
[2805, 2862, 2864, 2921]
[2806, 2863, 2865, 2922]
[2807, 2864, 2866, 2923]
[2808, 2865, 2867, 2924]
[2809, 2866, 2868, 2925]
[2810, 2867, 2869, 2926]
[2811, 2868, 2870, 2927]
[2812, 2869, 2871, 2928]
[2813, 2870, 2872, 2929]
[2814, 2871, 2873, 2930]
[2815, 2872, 2874, 2931]
[2816, 2873, 2875, 2932]
[2817, 2874, 2876, 2933]
[2818, 2875, 2877, 2934]
[2819, 2876, 2878, 2935]
[2820, 2877, 2879, 2936]
[2821, 2878, 2880, 2937]
[2822, 2879, 2881, 2938]
[2823, 2880, 2882, 2939]
[2824, 2881, 2883, 2940]
[2825, 2882, 2884, 2941]
[2826, 2883, 2885, 2942]
[2827, 2884, 2886, 2943]
[2828, 2885, 2887, 2944]
[2829, 2886, 2888, 2945]
[2830, 2887, 2889, 2946]
[2831, 2888, 2890, 2947]
[2832, 2889, 2891, 2948]
[2833, 2890, 2892, 2949]
[2834, 2891, 2893, 2950]
[2835, 2892, 2894, 2951]
[2836, 2893, 2895, 2952]
[2837, 2894, 2896, 2953]
[2838, 2895, 2897, 2954]
[2839, 2896, 2898, 2955]
[2840, 2897, 2899, 2956]
[2841, 2842, 2898, 2957]
[2842, 2901, 2957, 2958]
[2843, 2900, 2902, 2959]
[2844, 2901, 2903, 2960]
[2845, 2902, 2904, 2961]
[2846, 2903, 2905, 2962]
[2847, 2904, 2906, 2963]
[2848, 2905, 2907, 2964]
[2849, 2906, 2908, 2965]
[2850, 2907, 2909, 2966]
[2851, 2908, 2910, 2967]
[2852, 2909, 2911, 2968]
[2853, 2910, 2912, 2969]
[2854, 2911, 2913, 2970]
[2855, 2912, 2914, 2971]
[2856, 2913, 2915, 2972]
[2857, 2914, 2916, 2973]
[2858, 2915, 2917, 2974]
[2859, 2916, 2918, 2975]
[2860, 2917, 2919, 2976]
[2861, 2918, 2920, 2977]
[2862, 2919, 2921, 2978]
[2863, 2920, 2922, 2979]
[2864, 2921, 2923, 2980]
[2865, 2922, 2924, 2981]
[2866, 2923, 2925, 2982]
[2867, 2924, 2926, 2983]
[2868, 2925, 2927, 2984]
[2869, 2926, 2928, 2985]
[2870, 2927, 2929, 2986]
[2871, 2928, 2930, 2987]
[2872, 2929, 2931, 2988]
[2873, 2930, 2932, 2989]
[2874, 2931, 2933, 2990]
[2875, 2932, 2934, 2991]
[2876, 2933, 2935, 2992]
[2877, 2934, 2936, 2993]
[2878, 2935, 2937, 2994]
[2879, 2936, 2938, 2995]
[2880, 2937, 2939, 2996]
[2881, 2938, 2940, 2997]
[2882, 2939, 2941, 2998]
[2883, 2940, 2942, 2999]
[2884, 2941, 2943, 3000]
[2885, 2942, 2944, 3001]
[2886, 2943, 2945, 3002]
[2887, 2944, 2946, 3003]
[2888, 2945, 2947, 3004]
[2889, 2946, 2948, 3005]
[2890, 2947, 2949, 3006]
[2891, 2948, 2950, 3007]
[2892, 2949, 2951, 3008]
[2893, 2950, 2952, 3009]
[2894, 2951, 2953, 3010]
[2895, 2952, 2954, 3011]
[2896, 2953, 2955, 3012]
[2897, 2954, 2956, 3013]
[2898, 2955, 2957, 3014]
[2899, 2900, 2956, 3015]
[2900, 2959, 3015, 3016]
[2901, 2958, 2960, 3017]
[2902, 2959, 2961, 3018]
[2903, 2960, 2962, 3019]
[2904, 2961, 2963, 3020]
[2905, 2962, 2964, 3021]
[2906, 2963, 2965, 3022]
[2907, 2964, 2966, 3023]
[2908, 2965, 2967, 3024]
[2909, 2966, 2968, 3025]
[2910, 2967, 2969, 3026]
[2911, 2968, 2970, 3027]
[2912, 2969, 2971, 3028]
[2913, 2970, 2972, 3029]
[2914, 2971, 2973, 3030]
[2915, 2972, 2974, 3031]
[2916, 2973, 2975, 3032]
[2917, 2974, 2976, 3033]
[2918, 2975, 2977, 3034]
[2919, 2976, 2978, 3035]
[2920, 2977, 2979, 3036]
[2921, 2978, 2980, 3037]
[2922, 2979, 2981, 3038]
[2923, 2980, 2982, 3039]
[2924, 2981, 2983, 3040]
[2925, 2982, 2984, 3041]
[2926, 2983, 2985, 3042]
[2927, 2984, 2986, 3043]
[2928, 2985, 2987, 3044]
[2929, 2986, 2988, 3045]
[2930, 2987, 2989, 3046]
[2931, 2988, 2990, 3047]
[2932, 2989, 2991, 3048]
[2933, 2990, 2992, 3049]
[2934, 2991, 2993, 3050]
[2935, 2992, 2994, 3051]
[2936, 2993, 2995, 3052]
[2937, 2994, 2996, 3053]
[2938, 2995, 2997, 3054]
[2939, 2996, 2998, 3055]
[2940, 2997, 2999, 3056]
[2941, 2998, 3000, 3057]
[2942, 2999, 3001, 3058]
[2943, 3000, 3002, 3059]
[2944, 3001, 3003, 3060]
[2945, 3002, 3004, 3061]
[2946, 3003, 3005, 3062]
[2947, 3004, 3006, 3063]
[2948, 3005, 3007, 3064]
[2949, 3006, 3008, 3065]
[2950, 3007, 3009, 3066]
[2951, 3008, 3010, 3067]
[2952, 3009, 3011, 3068]
[2953, 3010, 3012, 3069]
[2954, 3011, 3013, 3070]
[2955, 3012, 3014, 3071]
[2956, 3013, 3015, 3072]
[2957, 2958, 3014, 3073]
[2958, 3017, 3073, 3074]
[2959, 3016, 3018, 3075]
[2960, 3017, 3019, 3076]
[2961, 3018, 3020, 3077]
[2962, 3019, 3021, 3078]
[2963, 3020, 3022, 3079]
[2964, 3021, 3023, 3080]
[2965, 3022, 3024, 3081]
[2966, 3023, 3025, 3082]
[2967, 3024, 3026, 3083]
[2968, 3025, 3027, 3084]
[2969, 3026, 3028, 3085]
[2970, 3027, 3029, 3086]
[2971, 3028, 3030, 3087]
[2972, 3029, 3031, 3088]
[2973, 3030, 3032, 3089]
[2974, 3031, 3033, 3090]
[2975, 3032, 3034, 3091]
[2976, 3033, 3035, 3092]
[2977, 3034, 3036, 3093]
[2978, 3035, 3037, 3094]
[2979, 3036, 3038, 3095]
[2980, 3037, 3039, 3096]
[2981, 3038, 3040, 3097]
[2982, 3039, 3041, 3098]
[2983, 3040, 3042, 3099]
[2984, 3041, 3043, 3100]
[2985, 3042, 3044, 3101]
[2986, 3043, 3045, 3102]
[2987, 3044, 3046, 3103]
[2988, 3045, 3047, 3104]
[2989, 3046, 3048, 3105]
[2990, 3047, 3049, 3106]
[2991, 3048, 3050, 3107]
[2992, 3049, 3051, 3108]
[2993, 3050, 3052, 3109]
[2994, 3051, 3053, 3110]
[2995, 3052, 3054, 3111]
[2996, 3053, 3055, 3112]
[2997, 3054, 3056, 3113]
[2998, 3055, 3057, 3114]
[2999, 3056, 3058, 3115]
[3000, 3057, 3059, 3116]
[3001, 3058, 3060, 3117]
[3002, 3059, 3061, 3118]
[3003, 3060, 3062, 3119]
[3004, 3061, 3063, 3120]
[3005, 3062, 3064, 3121]
[3006, 3063, 3065, 3122]
[3007, 3064, 3066, 3123]
[3008, 3065, 3067, 3124]
[3009, 3066, 3068, 3125]
[3010, 3067, 3069, 3126]
[3011, 3068, 3070, 3127]
[3012, 3069, 3071, 3128]
[3013, 3070, 3072, 3129]
[3014, 3071, 3073, 3130]
[3015, 3016, 3072, 3131]
[3016, 3075, 3131, 3132]
[3017, 3074, 3076, 3133]
[3018, 3075, 3077, 3134]
[3019, 3076, 3078, 3135]
[3020, 3077, 3079, 3136]
[3021, 3078, 3080, 3137]
[3022, 3079, 3081, 3138]
[3023, 3080, 3082, 3139]
[3024, 3081, 3083, 3140]
[3025, 3082, 3084, 3141]
[3026, 3083, 3085, 3142]
[3027, 3084, 3086, 3143]
[3028, 3085, 3087, 3144]
[3029, 3086, 3088, 3145]
[3030, 3087, 3089, 3146]
[3031, 3088, 3090, 3147]
[3032, 3089, 3091, 3148]
[3033, 3090, 3092, 3149]
[3034, 3091, 3093, 3150]
[3035, 3092, 3094, 3151]
[3036, 3093, 3095, 3152]
[3037, 3094, 3096, 3153]
[3038, 3095, 3097, 3154]
[3039, 3096, 3098, 3155]
[3040, 3097, 3099, 3156]
[3041, 3098, 3100, 3157]
[3042, 3099, 3101, 3158]
[3043, 3100, 3102, 3159]
[3044, 3101, 3103, 3160]
[3045, 3102, 3104, 3161]
[3046, 3103, 3105, 3162]
[3047, 3104, 3106, 3163]
[3048, 3105, 3107, 3164]
[3049, 3106, 3108, 3165]
[3050, 3107, 3109, 3166]
[3051, 3108, 3110, 3167]
[3052, 3109, 3111, 3168]
[3053, 3110, 3112, 3169]
[3054, 3111, 3113, 3170]
[3055, 3112, 3114, 3171]
[3056, 3113, 3115, 3172]
[3057, 3114, 3116, 3173]
[3058, 3115, 3117, 3174]
[3059, 3116, 3118, 3175]
[3060, 3117, 3119, 3176]
[3061, 3118, 3120, 3177]
[3062, 3119, 3121, 3178]
[3063, 3120, 3122, 3179]
[3064, 3121, 3123, 3180]
[3065, 3122, 3124, 3181]
[3066, 3123, 3125, 3182]
[3067, 3124, 3126, 3183]
[3068, 3125, 3127, 3184]
[3069, 3126, 3128, 3185]
[3070, 3127, 3129, 3186]
[3071, 3128, 3130, 3187]
[3072, 3129, 3131, 3188]
[3073, 3074, 3130, 3189]
[3074, 3133, 3189, 3190]
[3075, 3132, 3134, 3191]
[3076, 3133, 3135, 3192]
[3077, 3134, 3136, 3193]
[3078, 3135, 3137, 3194]
[3079, 3136, 3138, 3195]
[3080, 3137, 3139, 3196]
[3081, 3138, 3140, 3197]
[3082, 3139, 3141, 3198]
[3083, 3140, 3142, 3199]
[3084, 3141, 3143, 3200]
[3085, 3142, 3144, 3201]
[3086, 3143, 3145, 3202]
[3087, 3144, 3146, 3203]
[3088, 3145, 3147, 3204]
[3089, 3146, 3148, 3205]
[3090, 3147, 3149, 3206]
[3091, 3148, 3150, 3207]
[3092, 3149, 3151, 3208]
[3093, 3150, 3152, 3209]
[3094, 3151, 3153, 3210]
[3095, 3152, 3154, 3211]
[3096, 3153, 3155, 3212]
[3097, 3154, 3156, 3213]
[3098, 3155, 3157, 3214]
[3099, 3156, 3158, 3215]
[3100, 3157, 3159, 3216]
[3101, 3158, 3160, 3217]
[3102, 3159, 3161, 3218]
[3103, 3160, 3162, 3219]
[3104, 3161, 3163, 3220]
[3105, 3162, 3164, 3221]
[3106, 3163, 3165, 3222]
[3107, 3164, 3166, 3223]
[3108, 3165, 3167, 3224]
[3109, 3166, 3168, 3225]
[3110, 3167, 3169, 3226]
[3111, 3168, 3170, 3227]
[3112, 3169, 3171, 3228]
[3113, 3170, 3172, 3229]
[3114, 3171, 3173, 3230]
[3115, 3172, 3174, 3231]
[3116, 3173, 3175, 3232]
[3117, 3174, 3176, 3233]
[3118, 3175, 3177, 3234]
[3119, 3176, 3178, 3235]
[3120, 3177, 3179, 3236]
[3121, 3178, 3180, 3237]
[3122, 3179, 3181, 3238]
[3123, 3180, 3182, 3239]
[3124, 3181, 3183, 3240]
[3125, 3182, 3184, 3241]
[3126, 3183, 3185, 3242]
[3127, 3184, 3186, 3243]
[3128, 3185, 3187, 3244]
[3129, 3186, 3188, 3245]
[3130, 3187, 3189, 3246]
[3131, 3132, 3188, 3247]
[3132, 3191, 3247, 3248]
[3133, 3190, 3192, 3249]
[3134, 3191, 3193, 3250]
[3135, 3192, 3194, 3251]
[3136, 3193, 3195, 3252]
[3137, 3194, 3196, 3253]
[3138, 3195, 3197, 3254]
[3139, 3196, 3198, 3255]
[3140, 3197, 3199, 3256]
[3141, 3198, 3200, 3257]
[3142, 3199, 3201, 3258]
[3143, 3200, 3202, 3259]
[3144, 3201, 3203, 3260]
[3145, 3202, 3204, 3261]
[3146, 3203, 3205, 3262]
[3147, 3204, 3206, 3263]
[3148, 3205, 3207, 3264]
[3149, 3206, 3208, 3265]
[3150, 3207, 3209, 3266]
[3151, 3208, 3210, 3267]
[3152, 3209, 3211, 3268]
[3153, 3210, 3212, 3269]
[3154, 3211, 3213, 3270]
[3155, 3212, 3214, 3271]
[3156, 3213, 3215, 3272]
[3157, 3214, 3216, 3273]
[3158, 3215, 3217, 3274]
[3159, 3216, 3218, 3275]
[3160, 3217, 3219, 3276]
[3161, 3218, 3220, 3277]
[3162, 3219, 3221, 3278]
[3163, 3220, 3222, 3279]
[3164, 3221, 3223, 3280]
[3165, 3222, 3224, 3281]
[3166, 3223, 3225, 3282]
[3167, 3224, 3226, 3283]
[3168, 3225, 3227, 3284]
[3169, 3226, 3228, 3285]
[3170, 3227, 3229, 3286]
[3171, 3228, 3230, 3287]
[3172, 3229, 3231, 3288]
[3173, 3230, 3232, 3289]
[3174, 3231, 3233, 3290]
[3175, 3232, 3234, 3291]
[3176, 3233, 3235, 3292]
[3177, 3234, 3236, 3293]
[3178, 3235, 3237, 3294]
[3179, 3236, 3238, 3295]
[3180, 3237, 3239, 3296]
[3181, 3238, 3240, 3297]
[3182, 3239, 3241, 3298]
[3183, 3240, 3242, 3299]
[3184, 3241, 3243, 3300]
[3185, 3242, 3244, 3301]
[3186, 3243, 3245, 3302]
[3187, 3244, 3246, 3303]
[3188, 3245, 3247, 3304]
[3189, 3190, 3246, 3305]
[3190, 3249, 3305, 3306]
[3191, 3248, 3250, 3307]
[3192, 3249, 3251, 3308]
[3193, 3250, 3252, 3309]
[3194, 3251, 3253, 3310]
[3195, 3252, 3254, 3311]
[3196, 3253, 3255, 3312]
[3197, 3254, 3256, 3313]
[3198, 3255, 3257, 3314]
[3199, 3256, 3258, 3315]
[3200, 3257, 3259, 3316]
[3201, 3258, 3260, 3317]
[3202, 3259, 3261, 3318]
[3203, 3260, 3262, 3319]
[3204, 3261, 3263, 3320]
[3205, 3262, 3264, 3321]
[3206, 3263, 3265, 3322]
[3207, 3264, 3266, 3323]
[3208, 3265, 3267, 3324]
[3209, 3266, 3268, 3325]
[3210, 3267, 3269, 3326]
[3211, 3268, 3270, 3327]
[3212, 3269, 3271, 3328]
[3213, 3270, 3272, 3329]
[3214, 3271, 3273, 3330]
[3215, 3272, 3274, 3331]
[3216, 3273, 3275, 3332]
[3217, 3274, 3276, 3333]
[3218, 3275, 3277, 3334]
[3219, 3276, 3278, 3335]
[3220, 3277, 3279, 3336]
[3221, 3278, 3280, 3337]
[3222, 3279, 3281, 3338]
[3223, 3280, 3282, 3339]
[3224, 3281, 3283, 3340]
[3225, 3282, 3284, 3341]
[3226, 3283, 3285, 3342]
[3227, 3284, 3286, 3343]
[3228, 3285, 3287, 3344]
[3229, 3286, 3288, 3345]
[3230, 3287, 3289, 3346]
[3231, 3288, 3290, 3347]
[3232, 3289, 3291, 3348]
[3233, 3290, 3292, 3349]
[3234, 3291, 3293, 3350]
[3235, 3292, 3294, 3351]
[3236, 3293, 3295, 3352]
[3237, 3294, 3296, 3353]
[3238, 3295, 3297, 3354]
[3239, 3296, 3298, 3355]
[3240, 3297, 3299, 3356]
[3241, 3298, 3300, 3357]
[3242, 3299, 3301, 3358]
[3243, 3300, 3302, 3359]
[3244, 3301, 3303, 3360]
[3245, 3302, 3304, 3361]
[3246, 3303, 3305, 3362]
[3247, 3248, 3304, 3363]
[0, 3248, 3307, 3363]
[1, 3249, 3306, 3308]
[2, 3250, 3307, 3309]
[3, 3251, 3308, 3310]
[4, 3252, 3309, 3311]
[5, 3253, 3310, 3312]
[6, 3254, 3311, 3313]
[7, 3255, 3312, 3314]
[8, 3256, 3313, 3315]
[9, 3257, 3314, 3316]
[10, 3258, 3315, 3317]
[11, 3259, 3316, 3318]
[12, 3260, 3317, 3319]
[13, 3261, 3318, 3320]
[14, 3262, 3319, 3321]
[15, 3263, 3320, 3322]
[16, 3264, 3321, 3323]
[17, 3265, 3322, 3324]
[18, 3266, 3323, 3325]
[19, 3267, 3324, 3326]
[20, 3268, 3325, 3327]
[21, 3269, 3326, 3328]
[22, 3270, 3327, 3329]
[23, 3271, 3328, 3330]
[24, 3272, 3329, 3331]
[25, 3273, 3330, 3332]
[26, 3274, 3331, 3333]
[27, 3275, 3332, 3334]
[28, 3276, 3333, 3335]
[29, 3277, 3334, 3336]
[30, 3278, 3335, 3337]
[31, 3279, 3336, 3338]
[32, 3280, 3337, 3339]
[33, 3281, 3338, 3340]
[34, 3282, 3339, 3341]
[35, 3283, 3340, 3342]
[36, 3284, 3341, 3343]
[37, 3285, 3342, 3344]
[38, 3286, 3343, 3345]
[39, 3287, 3344, 3346]
[40, 3288, 3345, 3347]
[41, 3289, 3346, 3348]
[42, 3290, 3347, 3349]
[43, 3291, 3348, 3350]
[44, 3292, 3349, 3351]
[45, 3293, 3350, 3352]
[46, 3294, 3351, 3353]
[47, 3295, 3352, 3354]
[48, 3296, 3353, 3355]
[49, 3297, 3354, 3356]
[50, 3298, 3355, 3357]
[51, 3299, 3356, 3358]
[52, 3300, 3357, 3359]
[53, 3301, 3358, 3360]
[54, 3302, 3359, 3361]
[55, 3303, 3360, 3362]
[56, 3304, 3361, 3363]
[57, 3305, 3306, 3362]
