[1, 7, 8, 56]
[0, 2, 9, 57]
[1, 3, 10, 58]
[2, 4, 11, 59]
[3, 5, 12, 60]
[4, 6, 13, 61]
[5, 7, 14, 62]
[0, 6, 15, 63]
[0, 9, 15, 16]
[1, 8, 10, 17]
[2, 9, 11, 18]
[3, 10, 12, 19]
[4, 11, 13, 20]
[5, 12, 14, 21]
[6, 13, 15, 22]
[7, 8, 14, 23]
[8, 17, 23, 24]
[9, 16, 18, 25]
[10, 17, 19, 26]
[11, 18, 20, 27]
[12, 19, 21, 28]
[13, 20, 22, 29]
[14, 21, 23, 30]
[15, 16, 22, 31]
[16, 25, 31, 32]
[17, 24, 26, 33]
[18, 25, 27, 34]
[19, 26, 28, 35]
[20, 27, 29, 36]
[21, 28, 30, 37]
[22, 29, 31, 38]
[23, 24, 30, 39]
[24, 33, 39, 40]
[25, 32, 34, 41]
[26, 33, 35, 42]
[27, 34, 36, 43]
[28, 35, 37, 44]
[29, 36, 38, 45]
[30, 37, 39, 46]
[31, 32, 38, 47]
[32, 41, 47, 48]
[33, 40, 42, 49]
[34, 41, 43, 50]
[35, 42, 44, 51]
[36, 43, 45, 52]
[37, 44, 46, 53]
[38, 45, 47, 54]
[39, 40, 46, 55]
[40, 49, 55, 56]
[41, 48, 50, 57]
[42, 49, 51, 58]
[43, 50, 52, 59]
[44, 51, 53, 60]
[45, 52, 54, 61]
[46, 53, 55, 62]
[47, 48, 54, 63]
[0, 48, 57, 63]
[1, 49, 56, 58]
[2, 50, 57, 59]
[3, 51, 58, 60]
[4, 52, 59, 61]
[5, 53, 60, 62]
[6, 54, 61, 63]
[7, 55, 56, 62]
