[1, 5, 105, 106, 1838]
[0, 2, 4, 5, 105]
[1, 3, 4, 108, 113]
[2, 4, 6, 7, 113]
[1, 2, 3, 5, 6]
[0, 1, 4, 1838, 1839]
[3, 4, 7, 11, 1844]
[3, 6, 8, 10, 11]
[7, 9, 10, 114, 119]
[8, 10, 12, 13, 119]
[7, 8, 9, 11, 12]
[6, 7, 10, 1844, 1845]
[9, 10, 13, 17, 1850]
[9, 12, 14, 16, 17]
[13, 15, 16, 120, 125]
[14, 16, 18, 19, 125]
[13, 14, 15, 17, 18]
[12, 13, 16, 1850, 1851]
[15, 16, 19, 23, 1856]
[15, 18, 20, 22, 23]
[19, 21, 22, 126, 131]
[20, 22, 24, 25, 131]
[19, 20, 21, 23, 24]
[18, 19, 22, 1856, 1857]
[21, 22, 25, 29, 1862]
[21, 24, 26, 28, 29]
[25, 27, 28, 132, 137]
[26, 28, 30, 31, 137]
[25, 26, 27, 29, 30]
[24, 25, 28, 1862, 1863]
[27, 28, 31, 35, 1868]
[27, 30, 32, 34, 35]
[31, 33, 34, 138, 143]
[32, 34, 36, 37, 143]
[31, 32, 33, 35, 36]
[30, 31, 34, 1868, 1869]
[33, 34, 37, 41, 1874]
[33, 36, 38, 40, 41]
[37, 39, 40, 144, 149]
[38, 40, 42, 43, 149]
[37, 38, 39, 41, 42]
[36, 37, 40, 1874, 1875]
[39, 40, 43, 47, 1880]
[39, 42, 44, 46, 47]
[43, 45, 46, 150, 155]
[44, 46, 48, 49, 155]
[43, 44, 45, 47, 48]
[42, 43, 46, 1880, 1881]
[45, 46, 49, 53, 1886]
[45, 48, 50, 52, 53]
[49, 51, 52, 156, 161]
[50, 52, 54, 55, 161]
[49, 50, 51, 53, 54]
[48, 49, 52, 1886, 1887]
[51, 52, 55, 59, 1892]
[51, 54, 56, 58, 59]
[55, 57, 58, 162, 167]
[56, 58, 60, 61, 167]
[55, 56, 57, 59, 60]
[54, 55, 58, 1892, 1893]
[57, 58, 61, 65, 1898]
[57, 60, 62, 64, 65]
[61, 63, 64, 168, 173]
[62, 64, 66, 67, 173]
[61, 62, 63, 65, 66]
[60, 61, 64, 1898, 1899]
[63, 64, 67, 71, 1904]
[63, 66, 68, 70, 71]
[67, 69, 70, 174, 179]
[68, 70, 72, 73, 179]
[67, 68, 69, 71, 72]
[66, 67, 70, 1904, 1905]
[69, 70, 73, 77, 1910]
[69, 72, 74, 76, 77]
[73, 75, 76, 180, 185]
[74, 76, 78, 79, 185]
[73, 74, 75, 77, 78]
[72, 73, 76, 1910, 1911]
[75, 76, 79, 83, 1916]
[75, 78, 80, 82, 83]
[79, 81, 82, 186, 191]
[80, 82, 84, 85, 191]
[79, 80, 81, 83, 84]
[78, 79, 82, 1916, 1917]
[81, 82, 85, 89, 1922]
[81, 84, 86, 88, 89]
[85, 87, 88, 192, 197]
[86, 88, 90, 91, 197]
[85, 86, 87, 89, 90]
[84, 85, 88, 1922, 1923]
[87, 88, 91, 95, 1928]
[87, 90, 92, 94, 95]
[91, 93, 94, 198, 203]
[92, 94, 96, 97, 203]
[91, 92, 93, 95, 96]
[90, 91, 94, 1928, 1929]
[93, 94, 97, 101, 1934]
[93, 96, 98, 100, 101]
[97, 99, 100, 204, 209]
[98, 100, 102, 103, 209]
[97, 98, 99, 101, 102]
[96, 97, 100, 1934, 1935]
[99, 100, 103, 107, 1940]
[99, 102, 104, 106, 107]
[103, 105, 106, 210, 215]
[0, 1, 104, 106, 215]
[0, 103, 104, 105, 107]
[102, 103, 106, 1940, 1941]
[2, 109, 113, 213, 214]
[108, 110, 112, 113, 213]
[109, 111, 112, 216, 221]
[110, 112, 114, 115, 221]
[109, 110, 111, 113, 114]
[2, 3, 108, 109, 112]
[8, 111, 112, 115, 119]
[111, 114, 116, 118, 119]
[115, 117, 118, 222, 227]
[116, 118, 120, 121, 227]
[115, 116, 117, 119, 120]
[8, 9, 114, 115, 118]
[14, 117, 118, 121, 125]
[117, 120, 122, 124, 125]
[121, 123, 124, 228, 233]
[122, 124, 126, 127, 233]
[121, 122, 123, 125, 126]
[14, 15, 120, 121, 124]
[20, 123, 124, 127, 131]
[123, 126, 128, 130, 131]
[127, 129, 130, 234, 239]
[128, 130, 132, 133, 239]
[127, 128, 129, 131, 132]
[20, 21, 126, 127, 130]
[26, 129, 130, 133, 137]
[129, 132, 134, 136, 137]
[133, 135, 136, 240, 245]
[134, 136, 138, 139, 245]
[133, 134, 135, 137, 138]
[26, 27, 132, 133, 136]
[32, 135, 136, 139, 143]
[135, 138, 140, 142, 143]
[139, 141, 142, 246, 251]
[140, 142, 144, 145, 251]
[139, 140, 141, 143, 144]
[32, 33, 138, 139, 142]
[38, 141, 142, 145, 149]
[141, 144, 146, 148, 149]
[145, 147, 148, 252, 257]
[146, 148, 150, 151, 257]
[145, 146, 147, 149, 150]
[38, 39, 144, 145, 148]
[44, 147, 148, 151, 155]
[147, 150, 152, 154, 155]
[151, 153, 154, 258, 263]
[152, 154, 156, 157, 263]
[151, 152, 153, 155, 156]
[44, 45, 150, 151, 154]
[50, 153, 154, 157, 161]
[153, 156, 158, 160, 161]
[157, 159, 160, 264, 269]
[158, 160, 162, 163, 269]
[157, 158, 159, 161, 162]
[50, 51, 156, 157, 160]
[56, 159, 160, 163, 167]
[159, 162, 164, 166, 167]
[163, 165, 166, 270, 275]
[164, 166, 168, 169, 275]
[163, 164, 165, 167, 168]
[56, 57, 162, 163, 166]
[62, 165, 166, 169, 173]
[165, 168, 170, 172, 173]
[169, 171, 172, 276, 281]
[170, 172, 174, 175, 281]
[169, 170, 171, 173, 174]
[62, 63, 168, 169, 172]
[68, 171, 172, 175, 179]
[171, 174, 176, 178, 179]
[175, 177, 178, 282, 287]
[176, 178, 180, 181, 287]
[175, 176, 177, 179, 180]
[68, 69, 174, 175, 178]
[74, 177, 178, 181, 185]
[177, 180, 182, 184, 185]
[181, 183, 184, 288, 293]
[182, 184, 186, 187, 293]
[181, 182, 183, 185, 186]
[74, 75, 180, 181, 184]
[80, 183, 184, 187, 191]
[183, 186, 188, 190, 191]
[187, 189, 190, 294, 299]
[188, 190, 192, 193, 299]
[187, 188, 189, 191, 192]
[80, 81, 186, 187, 190]
[86, 189, 190, 193, 197]
[189, 192, 194, 196, 197]
[193, 195, 196, 300, 305]
[194, 196, 198, 199, 305]
[193, 194, 195, 197, 198]
[86, 87, 192, 193, 196]
[92, 195, 196, 199, 203]
[195, 198, 200, 202, 203]
[199, 201, 202, 306, 311]
[200, 202, 204, 205, 311]
[199, 200, 201, 203, 204]
[92, 93, 198, 199, 202]
[98, 201, 202, 205, 209]
[201, 204, 206, 208, 209]
[205, 207, 208, 312, 317]
[206, 208, 210, 211, 317]
[205, 206, 207, 209, 210]
[98, 99, 204, 205, 208]
[104, 207, 208, 211, 215]
[207, 210, 212, 214, 215]
[211, 213, 214, 318, 323]
[108, 109, 212, 214, 323]
[108, 211, 212, 213, 215]
[104, 105, 210, 211, 214]
[110, 217, 221, 321, 322]
[216, 218, 220, 221, 321]
[217, 219, 220, 324, 329]
[218, 220, 222, 223, 329]
[217, 218, 219, 221, 222]
[110, 111, 216, 217, 220]
[116, 219, 220, 223, 227]
[219, 222, 224, 226, 227]
[223, 225, 226, 330, 335]
[224, 226, 228, 229, 335]
[223, 224, 225, 227, 228]
[116, 117, 222, 223, 226]
[122, 225, 226, 229, 233]
[225, 228, 230, 232, 233]
[229, 231, 232, 336, 341]
[230, 232, 234, 235, 341]
[229, 230, 231, 233, 234]
[122, 123, 228, 229, 232]
[128, 231, 232, 235, 239]
[231, 234, 236, 238, 239]
[235, 237, 238, 342, 347]
[236, 238, 240, 241, 347]
[235, 236, 237, 239, 240]
[128, 129, 234, 235, 238]
[134, 237, 238, 241, 245]
[237, 240, 242, 244, 245]
[241, 243, 244, 348, 353]
[242, 244, 246, 247, 353]
[241, 242, 243, 245, 246]
[134, 135, 240, 241, 244]
[140, 243, 244, 247, 251]
[243, 246, 248, 250, 251]
[247, 249, 250, 354, 359]
[248, 250, 252, 253, 359]
[247, 248, 249, 251, 252]
[140, 141, 246, 247, 250]
[146, 249, 250, 253, 257]
[249, 252, 254, 256, 257]
[253, 255, 256, 360, 365]
[254, 256, 258, 259, 365]
[253, 254, 255, 257, 258]
[146, 147, 252, 253, 256]
[152, 255, 256, 259, 263]
[255, 258, 260, 262, 263]
[259, 261, 262, 366, 371]
[260, 262, 264, 265, 371]
[259, 260, 261, 263, 264]
[152, 153, 258, 259, 262]
[158, 261, 262, 265, 269]
[261, 264, 266, 268, 269]
[265, 267, 268, 372, 377]
[266, 268, 270, 271, 377]
[265, 266, 267, 269, 270]
[158, 159, 264, 265, 268]
[164, 267, 268, 271, 275]
[267, 270, 272, 274, 275]
[271, 273, 274, 378, 383]
[272, 274, 276, 277, 383]
[271, 272, 273, 275, 276]
[164, 165, 270, 271, 274]
[170, 273, 274, 277, 281]
[273, 276, 278, 280, 281]
[277, 279, 280, 384, 389]
[278, 280, 282, 283, 389]
[277, 278, 279, 281, 282]
[170, 171, 276, 277, 280]
[176, 279, 280, 283, 287]
[279, 282, 284, 286, 287]
[283, 285, 286, 390, 395]
[284, 286, 288, 289, 395]
[283, 284, 285, 287, 288]
[176, 177, 282, 283, 286]
[182, 285, 286, 289, 293]
[285, 288, 290, 292, 293]
[289, 291, 292, 396, 401]
[290, 292, 294, 295, 401]
[289, 290, 291, 293, 294]
[182, 183, 288, 289, 292]
[188, 291, 292, 295, 299]
[291, 294, 296, 298, 299]
[295, 297, 298, 402, 407]
[296, 298, 300, 301, 407]
[295, 296, 297, 299, 300]
[188, 189, 294, 295, 298]
[194, 297, 298, 301, 305]
[297, 300, 302, 304, 305]
[301, 303, 304, 408, 413]
[302, 304, 306, 307, 413]
[301, 302, 303, 305, 306]
[194, 195, 300, 301, 304]
[200, 303, 304, 307, 311]
[303, 306, 308, 310, 311]
[307, 309, 310, 414, 419]
[308, 310, 312, 313, 419]
[307, 308, 309, 311, 312]
[200, 201, 306, 307, 310]
[206, 309, 310, 313, 317]
[309, 312, 314, 316, 317]
[313, 315, 316, 420, 425]
[314, 316, 318, 319, 425]
[313, 314, 315, 317, 318]
[206, 207, 312, 313, 316]
[212, 315, 316, 319, 323]
[315, 318, 320, 322, 323]
[319, 321, 322, 426, 431]
[216, 217, 320, 322, 431]
[216, 319, 320, 321, 323]
[212, 213, 318, 319, 322]
[218, 325, 329, 429, 430]
[324, 326, 328, 329, 429]
[325, 327, 328, 432, 437]
[326, 328, 330, 331, 437]
[325, 326, 327, 329, 330]
[218, 219, 324, 325, 328]
[224, 327, 328, 331, 335]
[327, 330, 332, 334, 335]
[331, 333, 334, 438, 443]
[332, 334, 336, 337, 443]
[331, 332, 333, 335, 336]
[224, 225, 330, 331, 334]
[230, 333, 334, 337, 341]
[333, 336, 338, 340, 341]
[337, 339, 340, 444, 449]
[338, 340, 342, 343, 449]
[337, 338, 339, 341, 342]
[230, 231, 336, 337, 340]
[236, 339, 340, 343, 347]
[339, 342, 344, 346, 347]
[343, 345, 346, 450, 455]
[344, 346, 348, 349, 455]
[343, 344, 345, 347, 348]
[236, 237, 342, 343, 346]
[242, 345, 346, 349, 353]
[345, 348, 350, 352, 353]
[349, 351, 352, 456, 461]
[350, 352, 354, 355, 461]
[349, 350, 351, 353, 354]
[242, 243, 348, 349, 352]
[248, 351, 352, 355, 359]
[351, 354, 356, 358, 359]
[355, 357, 358, 462, 467]
[356, 358, 360, 361, 467]
[355, 356, 357, 359, 360]
[248, 249, 354, 355, 358]
[254, 357, 358, 361, 365]
[357, 360, 362, 364, 365]
[361, 363, 364, 468, 473]
[362, 364, 366, 367, 473]
[361, 362, 363, 365, 366]
[254, 255, 360, 361, 364]
[260, 363, 364, 367, 371]
[363, 366, 368, 370, 371]
[367, 369, 370, 474, 479]
[368, 370, 372, 373, 479]
[367, 368, 369, 371, 372]
[260, 261, 366, 367, 370]
[266, 369, 370, 373, 377]
[369, 372, 374, 376, 377]
[373, 375, 376, 480, 485]
[374, 376, 378, 379, 485]
[373, 374, 375, 377, 378]
[266, 267, 372, 373, 376]
[272, 375, 376, 379, 383]
[375, 378, 380, 382, 383]
[379, 381, 382, 486, 491]
[380, 382, 384, 385, 491]
[379, 380, 381, 383, 384]
[272, 273, 378, 379, 382]
[278, 381, 382, 385, 389]
[381, 384, 386, 388, 389]
[385, 387, 388, 492, 497]
[386, 388, 390, 391, 497]
[385, 386, 387, 389, 390]
[278, 279, 384, 385, 388]
[284, 387, 388, 391, 395]
[387, 390, 392, 394, 395]
[391, 393, 394, 498, 503]
[392, 394, 396, 397, 503]
[391, 392, 393, 395, 396]
[284, 285, 390, 391, 394]
[290, 393, 394, 397, 401]
[393, 396, 398, 400, 401]
[397, 399, 400, 504, 509]
[398, 400, 402, 403, 509]
[397, 398, 399, 401, 402]
[290, 291, 396, 397, 400]
[296, 399, 400, 403, 407]
[399, 402, 404, 406, 407]
[403, 405, 406, 510, 515]
[404, 406, 408, 409, 515]
[403, 404, 405, 407, 408]
[296, 297, 402, 403, 406]
[302, 405, 406, 409, 413]
[405, 408, 410, 412, 413]
[409, 411, 412, 516, 521]
[410, 412, 414, 415, 521]
[409, 410, 411, 413, 414]
[302, 303, 408, 409, 412]
[308, 411, 412, 415, 419]
[411, 414, 416, 418, 419]
[415, 417, 418, 522, 527]
[416, 418, 420, 421, 527]
[415, 416, 417, 419, 420]
[308, 309, 414, 415, 418]
[314, 417, 418, 421, 425]
[417, 420, 422, 424, 425]
[421, 423, 424, 528, 533]
[422, 424, 426, 427, 533]
[421, 422, 423, 425, 426]
[314, 315, 420, 421, 424]
[320, 423, 424, 427, 431]
[423, 426, 428, 430, 431]
[427, 429, 430, 534, 539]
[324, 325, 428, 430, 539]
[324, 427, 428, 429, 431]
[320, 321, 426, 427, 430]
[326, 433, 437, 537, 538]
[432, 434, 436, 437, 537]
[433, 435, 436, 540, 545]
[434, 436, 438, 439, 545]
[433, 434, 435, 437, 438]
[326, 327, 432, 433, 436]
[332, 435, 436, 439, 443]
[435, 438, 440, 442, 443]
[439, 441, 442, 546, 551]
[440, 442, 444, 445, 551]
[439, 440, 441, 443, 444]
[332, 333, 438, 439, 442]
[338, 441, 442, 445, 449]
[441, 444, 446, 448, 449]
[445, 447, 448, 552, 557]
[446, 448, 450, 451, 557]
[445, 446, 447, 449, 450]
[338, 339, 444, 445, 448]
[344, 447, 448, 451, 455]
[447, 450, 452, 454, 455]
[451, 453, 454, 558, 563]
[452, 454, 456, 457, 563]
[451, 452, 453, 455, 456]
[344, 345, 450, 451, 454]
[350, 453, 454, 457, 461]
[453, 456, 458, 460, 461]
[457, 459, 460, 564, 569]
[458, 460, 462, 463, 569]
[457, 458, 459, 461, 462]
[350, 351, 456, 457, 460]
[356, 459, 460, 463, 467]
[459, 462, 464, 466, 467]
[463, 465, 466, 570, 575]
[464, 466, 468, 469, 575]
[463, 464, 465, 467, 468]
[356, 357, 462, 463, 466]
[362, 465, 466, 469, 473]
[465, 468, 470, 472, 473]
[469, 471, 472, 576, 581]
[470, 472, 474, 475, 581]
[469, 470, 471, 473, 474]
[362, 363, 468, 469, 472]
[368, 471, 472, 475, 479]
[471, 474, 476, 478, 479]
[475, 477, 478, 582, 587]
[476, 478, 480, 481, 587]
[475, 476, 477, 479, 480]
[368, 369, 474, 475, 478]
[374, 477, 478, 481, 485]
[477, 480, 482, 484, 485]
[481, 483, 484, 588, 593]
[482, 484, 486, 487, 593]
[481, 482, 483, 485, 486]
[374, 375, 480, 481, 484]
[380, 483, 484, 487, 491]
[483, 486, 488, 490, 491]
[487, 489, 490, 594, 599]
[488, 490, 492, 493, 599]
[487, 488, 489, 491, 492]
[380, 381, 486, 487, 490]
[386, 489, 490, 493, 497]
[489, 492, 494, 496, 497]
[493, 495, 496, 600, 605]
[494, 496, 498, 499, 605]
[493, 494, 495, 497, 498]
[386, 387, 492, 493, 496]
[392, 495, 496, 499, 503]
[495, 498, 500, 502, 503]
[499, 501, 502, 606, 611]
[500, 502, 504, 505, 611]
[499, 500, 501, 503, 504]
[392, 393, 498, 499, 502]
[398, 501, 502, 505, 509]
[501, 504, 506, 508, 509]
[505, 507, 508, 612, 617]
[506, 508, 510, 511, 617]
[505, 506, 507, 509, 510]
[398, 399, 504, 505, 508]
[404, 507, 508, 511, 515]
[507, 510, 512, 514, 515]
[511, 513, 514, 618, 623]
[512, 514, 516, 517, 623]
[511, 512, 513, 515, 516]
[404, 405, 510, 511, 514]
[410, 513, 514, 517, 521]
[513, 516, 518, 520, 521]
[517, 519, 520, 624, 629]
[518, 520, 522, 523, 629]
[517, 518, 519, 521, 522]
[410, 411, 516, 517, 520]
[416, 519, 520, 523, 527]
[519, 522, 524, 526, 527]
[523, 525, 526, 630, 635]
[524, 526, 528, 529, 635]
[523, 524, 525, 527, 528]
[416, 417, 522, 523, 526]
[422, 525, 526, 529, 533]
[525, 528, 530, 532, 533]
[529, 531, 532, 636, 641]
[530, 532, 534, 535, 641]
[529, 530, 531, 533, 534]
[422, 423, 528, 529, 532]
[428, 531, 532, 535, 539]
[531, 534, 536, 538, 539]
[535, 537, 538, 642, 647]
[432, 433, 536, 538, 647]
[432, 535, 536, 537, 539]
[428, 429, 534, 535, 538]
[434, 541, 545, 645, 646]
[540, 542, 544, 545, 645]
[541, 543, 544, 648, 653]
[542, 544, 546, 547, 653]
[541, 542, 543, 545, 546]
[434, 435, 540, 541, 544]
[440, 543, 544, 547, 551]
[543, 546, 548, 550, 551]
[547, 549, 550, 654, 659]
[548, 550, 552, 553, 659]
[547, 548, 549, 551, 552]
[440, 441, 546, 547, 550]
[446, 549, 550, 553, 557]
[549, 552, 554, 556, 557]
[553, 555, 556, 660, 665]
[554, 556, 558, 559, 665]
[553, 554, 555, 557, 558]
[446, 447, 552, 553, 556]
[452, 555, 556, 559, 563]
[555, 558, 560, 562, 563]
[559, 561, 562, 666, 671]
[560, 562, 564, 565, 671]
[559, 560, 561, 563, 564]
[452, 453, 558, 559, 562]
[458, 561, 562, 565, 569]
[561, 564, 566, 568, 569]
[565, 567, 568, 672, 677]
[566, 568, 570, 571, 677]
[565, 566, 567, 569, 570]
[458, 459, 564, 565, 568]
[464, 567, 568, 571, 575]
[567, 570, 572, 574, 575]
[571, 573, 574, 678, 683]
[572, 574, 576, 577, 683]
[571, 572, 573, 575, 576]
[464, 465, 570, 571, 574]
[470, 573, 574, 577, 581]
[573, 576, 578, 580, 581]
[577, 579, 580, 684, 689]
[578, 580, 582, 583, 689]
[577, 578, 579, 581, 582]
[470, 471, 576, 577, 580]
[476, 579, 580, 583, 587]
[579, 582, 584, 586, 587]
[583, 585, 586, 690, 695]
[584, 586, 588, 589, 695]
[583, 584, 585, 587, 588]
[476, 477, 582, 583, 586]
[482, 585, 586, 589, 593]
[585, 588, 590, 592, 593]
[589, 591, 592, 696, 701]
[590, 592, 594, 595, 701]
[589, 590, 591, 593, 594]
[482, 483, 588, 589, 592]
[488, 591, 592, 595, 599]
[591, 594, 596, 598, 599]
[595, 597, 598, 702, 707]
[596, 598, 600, 601, 707]
[595, 596, 597, 599, 600]
[488, 489, 594, 595, 598]
[494, 597, 598, 601, 605]
[597, 600, 602, 604, 605]
[601, 603, 604, 708, 713]
[602, 604, 606, 607, 713]
[601, 602, 603, 605, 606]
[494, 495, 600, 601, 604]
[500, 603, 604, 607, 611]
[603, 606, 608, 610, 611]
[607, 609, 610, 714, 719]
[608, 610, 612, 613, 719]
[607, 608, 609, 611, 612]
[500, 501, 606, 607, 610]
[506, 609, 610, 613, 617]
[609, 612, 614, 616, 617]
[613, 615, 616, 720, 725]
[614, 616, 618, 619, 725]
[613, 614, 615, 617, 618]
[506, 507, 612, 613, 616]
[512, 615, 616, 619, 623]
[615, 618, 620, 622, 623]
[619, 621, 622, 726, 731]
[620, 622, 624, 625, 731]
[619, 620, 621, 623, 624]
[512, 513, 618, 619, 622]
[518, 621, 622, 625, 629]
[621, 624, 626, 628, 629]
[625, 627, 628, 732, 737]
[626, 628, 630, 631, 737]
[625, 626, 627, 629, 630]
[518, 519, 624, 625, 628]
[524, 627, 628, 631, 635]
[627, 630, 632, 634, 635]
[631, 633, 634, 738, 743]
[632, 634, 636, 637, 743]
[631, 632, 633, 635, 636]
[524, 525, 630, 631, 634]
[530, 633, 634, 637, 641]
[633, 636, 638, 640, 641]
[637, 639, 640, 744, 749]
[638, 640, 642, 643, 749]
[637, 638, 639, 641, 642]
[530, 531, 636, 637, 640]
[536, 639, 640, 643, 647]
[639, 642, 644, 646, 647]
[643, 645, 646, 750, 755]
[540, 541, 644, 646, 755]
[540, 643, 644, 645, 647]
[536, 537, 642, 643, 646]
[542, 649, 653, 753, 754]
[648, 650, 652, 653, 753]
[649, 651, 652, 756, 761]
[650, 652, 654, 655, 761]
[649, 650, 651, 653, 654]
[542, 543, 648, 649, 652]
[548, 651, 652, 655, 659]
[651, 654, 656, 658, 659]
[655, 657, 658, 762, 767]
[656, 658, 660, 661, 767]
[655, 656, 657, 659, 660]
[548, 549, 654, 655, 658]
[554, 657, 658, 661, 665]
[657, 660, 662, 664, 665]
[661, 663, 664, 768, 773]
[662, 664, 666, 667, 773]
[661, 662, 663, 665, 666]
[554, 555, 660, 661, 664]
[560, 663, 664, 667, 671]
[663, 666, 668, 670, 671]
[667, 669, 670, 774, 779]
[668, 670, 672, 673, 779]
[667, 668, 669, 671, 672]
[560, 561, 666, 667, 670]
[566, 669, 670, 673, 677]
[669, 672, 674, 676, 677]
[673, 675, 676, 780, 785]
[674, 676, 678, 679, 785]
[673, 674, 675, 677, 678]
[566, 567, 672, 673, 676]
[572, 675, 676, 679, 683]
[675, 678, 680, 682, 683]
[679, 681, 682, 786, 791]
[680, 682, 684, 685, 791]
[679, 680, 681, 683, 684]
[572, 573, 678, 679, 682]
[578, 681, 682, 685, 689]
[681, 684, 686, 688, 689]
[685, 687, 688, 792, 797]
[686, 688, 690, 691, 797]
[685, 686, 687, 689, 690]
[578, 579, 684, 685, 688]
[584, 687, 688, 691, 695]
[687, 690, 692, 694, 695]
[691, 693, 694, 798, 803]
[692, 694, 696, 697, 803]
[691, 692, 693, 695, 696]
[584, 585, 690, 691, 694]
[590, 693, 694, 697, 701]
[693, 696, 698, 700, 701]
[697, 699, 700, 804, 809]
[698, 700, 702, 703, 809]
[697, 698, 699, 701, 702]
[590, 591, 696, 697, 700]
[596, 699, 700, 703, 707]
[699, 702, 704, 706, 707]
[703, 705, 706, 810, 815]
[704, 706, 708, 709, 815]
[703, 704, 705, 707, 708]
[596, 597, 702, 703, 706]
[602, 705, 706, 709, 713]
[705, 708, 710, 712, 713]
[709, 711, 712, 816, 821]
[710, 712, 714, 715, 821]
[709, 710, 711, 713, 714]
[602, 603, 708, 709, 712]
[608, 711, 712, 715, 719]
[711, 714, 716, 718, 719]
[715, 717, 718, 822, 827]
[716, 718, 720, 721, 827]
[715, 716, 717, 719, 720]
[608, 609, 714, 715, 718]
[614, 717, 718, 721, 725]
[717, 720, 722, 724, 725]
[721, 723, 724, 828, 833]
[722, 724, 726, 727, 833]
[721, 722, 723, 725, 726]
[614, 615, 720, 721, 724]
[620, 723, 724, 727, 731]
[723, 726, 728, 730, 731]
[727, 729, 730, 834, 839]
[728, 730, 732, 733, 839]
[727, 728, 729, 731, 732]
[620, 621, 726, 727, 730]
[626, 729, 730, 733, 737]
[729, 732, 734, 736, 737]
[733, 735, 736, 840, 845]
[734, 736, 738, 739, 845]
[733, 734, 735, 737, 738]
[626, 627, 732, 733, 736]
[632, 735, 736, 739, 743]
[735, 738, 740, 742, 743]
[739, 741, 742, 846, 851]
[740, 742, 744, 745, 851]
[739, 740, 741, 743, 744]
[632, 633, 738, 739, 742]
[638, 741, 742, 745, 749]
[741, 744, 746, 748, 749]
[745, 747, 748, 852, 857]
[746, 748, 750, 751, 857]
[745, 746, 747, 749, 750]
[638, 639, 744, 745, 748]
[644, 747, 748, 751, 755]
[747, 750, 752, 754, 755]
[751, 753, 754, 858, 863]
[648, 649, 752, 754, 863]
[648, 751, 752, 753, 755]
[644, 645, 750, 751, 754]
[650, 757, 761, 861, 862]
[756, 758, 760, 761, 861]
[757, 759, 760, 864, 869]
[758, 760, 762, 763, 869]
[757, 758, 759, 761, 762]
[650, 651, 756, 757, 760]
[656, 759, 760, 763, 767]
[759, 762, 764, 766, 767]
[763, 765, 766, 870, 875]
[764, 766, 768, 769, 875]
[763, 764, 765, 767, 768]
[656, 657, 762, 763, 766]
[662, 765, 766, 769, 773]
[765, 768, 770, 772, 773]
[769, 771, 772, 876, 881]
[770, 772, 774, 775, 881]
[769, 770, 771, 773, 774]
[662, 663, 768, 769, 772]
[668, 771, 772, 775, 779]
[771, 774, 776, 778, 779]
[775, 777, 778, 882, 887]
[776, 778, 780, 781, 887]
[775, 776, 777, 779, 780]
[668, 669, 774, 775, 778]
[674, 777, 778, 781, 785]
[777, 780, 782, 784, 785]
[781, 783, 784, 888, 893]
[782, 784, 786, 787, 893]
[781, 782, 783, 785, 786]
[674, 675, 780, 781, 784]
[680, 783, 784, 787, 791]
[783, 786, 788, 790, 791]
[787, 789, 790, 894, 899]
[788, 790, 792, 793, 899]
[787, 788, 789, 791, 792]
[680, 681, 786, 787, 790]
[686, 789, 790, 793, 797]
[789, 792, 794, 796, 797]
[793, 795, 796, 900, 905]
[794, 796, 798, 799, 905]
[793, 794, 795, 797, 798]
[686, 687, 792, 793, 796]
[692, 795, 796, 799, 803]
[795, 798, 800, 802, 803]
[799, 801, 802, 906, 911]
[800, 802, 804, 805, 911]
[799, 800, 801, 803, 804]
[692, 693, 798, 799, 802]
[698, 801, 802, 805, 809]
[801, 804, 806, 808, 809]
[805, 807, 808, 912, 917]
[806, 808, 810, 811, 917]
[805, 806, 807, 809, 810]
[698, 699, 804, 805, 808]
[704, 807, 808, 811, 815]
[807, 810, 812, 814, 815]
[811, 813, 814, 918, 923]
[812, 814, 816, 817, 923]
[811, 812, 813, 815, 816]
[704, 705, 810, 811, 814]
[710, 813, 814, 817, 821]
[813, 816, 818, 820, 821]
[817, 819, 820, 924, 929]
[818, 820, 822, 823, 929]
[817, 818, 819, 821, 822]
[710, 711, 816, 817, 820]
[716, 819, 820, 823, 827]
[819, 822, 824, 826, 827]
[823, 825, 826, 930, 935]
[824, 826, 828, 829, 935]
[823, 824, 825, 827, 828]
[716, 717, 822, 823, 826]
[722, 825, 826, 829, 833]
[825, 828, 830, 832, 833]
[829, 831, 832, 936, 941]
[830, 832, 834, 835, 941]
[829, 830, 831, 833, 834]
[722, 723, 828, 829, 832]
[728, 831, 832, 835, 839]
[831, 834, 836, 838, 839]
[835, 837, 838, 942, 947]
[836, 838, 840, 841, 947]
[835, 836, 837, 839, 840]
[728, 729, 834, 835, 838]
[734, 837, 838, 841, 845]
[837, 840, 842, 844, 845]
[841, 843, 844, 948, 953]
[842, 844, 846, 847, 953]
[841, 842, 843, 845, 846]
[734, 735, 840, 841, 844]
[740, 843, 844, 847, 851]
[843, 846, 848, 850, 851]
[847, 849, 850, 954, 959]
[848, 850, 852, 853, 959]
[847, 848, 849, 851, 852]
[740, 741, 846, 847, 850]
[746, 849, 850, 853, 857]
[849, 852, 854, 856, 857]
[853, 855, 856, 960, 965]
[854, 856, 858, 859, 965]
[853, 854, 855, 857, 858]
[746, 747, 852, 853, 856]
[752, 855, 856, 859, 863]
[855, 858, 860, 862, 863]
[859, 861, 862, 966, 971]
[756, 757, 860, 862, 971]
[756, 859, 860, 861, 863]
[752, 753, 858, 859, 862]
[758, 865, 869, 969, 970]
[864, 866, 868, 869, 969]
[865, 867, 868, 972, 977]
[866, 868, 870, 871, 977]
[865, 866, 867, 869, 870]
[758, 759, 864, 865, 868]
[764, 867, 868, 871, 875]
[867, 870, 872, 874, 875]
[871, 873, 874, 978, 983]
[872, 874, 876, 877, 983]
[871, 872, 873, 875, 876]
[764, 765, 870, 871, 874]
[770, 873, 874, 877, 881]
[873, 876, 878, 880, 881]
[877, 879, 880, 984, 989]
[878, 880, 882, 883, 989]
[877, 878, 879, 881, 882]
[770, 771, 876, 877, 880]
[776, 879, 880, 883, 887]
[879, 882, 884, 886, 887]
[883, 885, 886, 990, 995]
[884, 886, 888, 889, 995]
[883, 884, 885, 887, 888]
[776, 777, 882, 883, 886]
[782, 885, 886, 889, 893]
[885, 888, 890, 892, 893]
[889, 891, 892, 996, 1001]
[890, 892, 894, 895, 1001]
[889, 890, 891, 893, 894]
[782, 783, 888, 889, 892]
[788, 891, 892, 895, 899]
[891, 894, 896, 898, 899]
[895, 897, 898, 1002, 1007]
[896, 898, 900, 901, 1007]
[895, 896, 897, 899, 900]
[788, 789, 894, 895, 898]
[794, 897, 898, 901, 905]
[897, 900, 902, 904, 905]
[901, 903, 904, 1008, 1013]
[902, 904, 906, 907, 1013]
[901, 902, 903, 905, 906]
[794, 795, 900, 901, 904]
[800, 903, 904, 907, 911]
[903, 906, 908, 910, 911]
[907, 909, 910, 1014, 1019]
[908, 910, 912, 913, 1019]
[907, 908, 909, 911, 912]
[800, 801, 906, 907, 910]
[806, 909, 910, 913, 917]
[909, 912, 914, 916, 917]
[913, 915, 916, 1020, 1025]
[914, 916, 918, 919, 1025]
[913, 914, 915, 917, 918]
[806, 807, 912, 913, 916]
[812, 915, 916, 919, 923]
[915, 918, 920, 922, 923]
[919, 921, 922, 1026, 1031]
[920, 922, 924, 925, 1031]
[919, 920, 921, 923, 924]
[812, 813, 918, 919, 922]
[818, 921, 922, 925, 929]
[921, 924, 926, 928, 929]
[925, 927, 928, 1032, 1037]
[926, 928, 930, 931, 1037]
[925, 926, 927, 929, 930]
[818, 819, 924, 925, 928]
[824, 927, 928, 931, 935]
[927, 930, 932, 934, 935]
[931, 933, 934, 1038, 1043]
[932, 934, 936, 937, 1043]
[931, 932, 933, 935, 936]
[824, 825, 930, 931, 934]
[830, 933, 934, 937, 941]
[933, 936, 938, 940, 941]
[937, 939, 940, 1044, 1049]
[938, 940, 942, 943, 1049]
[937, 938, 939, 941, 942]
[830, 831, 936, 937, 940]
[836, 939, 940, 943, 947]
[939, 942, 944, 946, 947]
[943, 945, 946, 1050, 1055]
[944, 946, 948, 949, 1055]
[943, 944, 945, 947, 948]
[836, 837, 942, 943, 946]
[842, 945, 946, 949, 953]
[945, 948, 950, 952, 953]
[949, 951, 952, 1056, 1061]
[950, 952, 954, 955, 1061]
[949, 950, 951, 953, 954]
[842, 843, 948, 949, 952]
[848, 951, 952, 955, 959]
[951, 954, 956, 958, 959]
[955, 957, 958, 1062, 1067]
[956, 958, 960, 961, 1067]
[955, 956, 957, 959, 960]
[848, 849, 954, 955, 958]
[854, 957, 958, 961, 965]
[957, 960, 962, 964, 965]
[961, 963, 964, 1068, 1073]
[962, 964, 966, 967, 1073]
[961, 962, 963, 965, 966]
[854, 855, 960, 961, 964]
[860, 963, 964, 967, 971]
[963, 966, 968, 970, 971]
[967, 969, 970, 1074, 1079]
[864, 865, 968, 970, 1079]
[864, 967, 968, 969, 971]
[860, 861, 966, 967, 970]
[866, 973, 977, 1077, 1078]
[972, 974, 976, 977, 1077]
[973, 975, 976, 1080, 1085]
[974, 976, 978, 979, 1085]
[973, 974, 975, 977, 978]
[866, 867, 972, 973, 976]
[872, 975, 976, 979, 983]
[975, 978, 980, 982, 983]
[979, 981, 982, 1086, 1091]
[980, 982, 984, 985, 1091]
[979, 980, 981, 983, 984]
[872, 873, 978, 979, 982]
[878, 981, 982, 985, 989]
[981, 984, 986, 988, 989]
[985, 987, 988, 1092, 1097]
[986, 988, 990, 991, 1097]
[985, 986, 987, 989, 990]
[878, 879, 984, 985, 988]
[884, 987, 988, 991, 995]
[987, 990, 992, 994, 995]
[991, 993, 994, 1098, 1103]
[992, 994, 996, 997, 1103]
[991, 992, 993, 995, 996]
[884, 885, 990, 991, 994]
[890, 993, 994, 997, 1001]
[993, 996, 998, 1000, 1001]
[997, 999, 1000, 1104, 1109]
[998, 1000, 1002, 1003, 1109]
[997, 998, 999, 1001, 1002]
[890, 891, 996, 997, 1000]
[896, 999, 1000, 1003, 1007]
[999, 1002, 1004, 1006, 1007]
[1003, 1005, 1006, 1110, 1115]
[1004, 1006, 1008, 1009, 1115]
[1003, 1004, 1005, 1007, 1008]
[896, 897, 1002, 1003, 1006]
[902, 1005, 1006, 1009, 1013]
[1005, 1008, 1010, 1012, 1013]
[1009, 1011, 1012, 1116, 1121]
[1010, 1012, 1014, 1015, 1121]
[1009, 1010, 1011, 1013, 1014]
[902, 903, 1008, 1009, 1012]
[908, 1011, 1012, 1015, 1019]
[1011, 1014, 1016, 1018, 1019]
[1015, 1017, 1018, 1122, 1127]
[1016, 1018, 1020, 1021, 1127]
[1015, 1016, 1017, 1019, 1020]
[908, 909, 1014, 1015, 1018]
[914, 1017, 1018, 1021, 1025]
[1017, 1020, 1022, 1024, 1025]
[1021, 1023, 1024, 1128, 1133]
[1022, 1024, 1026, 1027, 1133]
[1021, 1022, 1023, 1025, 1026]
[914, 915, 1020, 1021, 1024]
[920, 1023, 1024, 1027, 1031]
[1023, 1026, 1028, 1030, 1031]
[1027, 1029, 1030, 1134, 1139]
[1028, 1030, 1032, 1033, 1139]
[1027, 1028, 1029, 1031, 1032]
[920, 921, 1026, 1027, 1030]
[926, 1029, 1030, 1033, 1037]
[1029, 1032, 1034, 1036, 1037]
[1033, 1035, 1036, 1140, 1145]
[1034, 1036, 1038, 1039, 1145]
[1033, 1034, 1035, 1037, 1038]
[926, 927, 1032, 1033, 1036]
[932, 1035, 1036, 1039, 1043]
[1035, 1038, 1040, 1042, 1043]
[1039, 1041, 1042, 1146, 1151]
[1040, 1042, 1044, 1045, 1151]
[1039, 1040, 1041, 1043, 1044]
[932, 933, 1038, 1039, 1042]
[938, 1041, 1042, 1045, 1049]
[1041, 1044, 1046, 1048, 1049]
[1045, 1047, 1048, 1152, 1157]
[1046, 1048, 1050, 1051, 1157]
[1045, 1046, 1047, 1049, 1050]
[938, 939, 1044, 1045, 1048]
[944, 1047, 1048, 1051, 1055]
[1047, 1050, 1052, 1054, 1055]
[1051, 1053, 1054, 1158, 1163]
[1052, 1054, 1056, 1057, 1163]
[1051, 1052, 1053, 1055, 1056]
[944, 945, 1050, 1051, 1054]
[950, 1053, 1054, 1057, 1061]
[1053, 1056, 1058, 1060, 1061]
[1057, 1059, 1060, 1164, 1169]
[1058, 1060, 1062, 1063, 1169]
[1057, 1058, 1059, 1061, 1062]
[950, 951, 1056, 1057, 1060]
[956, 1059, 1060, 1063, 1067]
[1059, 1062, 1064, 1066, 1067]
[1063, 1065, 1066, 1170, 1175]
[1064, 1066, 1068, 1069, 1175]
[1063, 1064, 1065, 1067, 1068]
[956, 957, 1062, 1063, 1066]
[962, 1065, 1066, 1069, 1073]
[1065, 1068, 1070, 1072, 1073]
[1069, 1071, 1072, 1176, 1181]
[1070, 1072, 1074, 1075, 1181]
[1069, 1070, 1071, 1073, 1074]
[962, 963, 1068, 1069, 1072]
[968, 1071, 1072, 1075, 1079]
[1071, 1074, 1076, 1078, 1079]
[1075, 1077, 1078, 1182, 1187]
[972, 973, 1076, 1078, 1187]
[972, 1075, 1076, 1077, 1079]
[968, 969, 1074, 1075, 1078]
[974, 1081, 1085, 1185, 1186]
[1080, 1082, 1084, 1085, 1185]
[1081, 1083, 1084, 1188, 1193]
[1082, 1084, 1086, 1087, 1193]
[1081, 1082, 1083, 1085, 1086]
[974, 975, 1080, 1081, 1084]
[980, 1083, 1084, 1087, 1091]
[1083, 1086, 1088, 1090, 1091]
[1087, 1089, 1090, 1194, 1199]
[1088, 1090, 1092, 1093, 1199]
[1087, 1088, 1089, 1091, 1092]
[980, 981, 1086, 1087, 1090]
[986, 1089, 1090, 1093, 1097]
[1089, 1092, 1094, 1096, 1097]
[1093, 1095, 1096, 1200, 1205]
[1094, 1096, 1098, 1099, 1205]
[1093, 1094, 1095, 1097, 1098]
[986, 987, 1092, 1093, 1096]
[992, 1095, 1096, 1099, 1103]
[1095, 1098, 1100, 1102, 1103]
[1099, 1101, 1102, 1206, 1211]
[1100, 1102, 1104, 1105, 1211]
[1099, 1100, 1101, 1103, 1104]
[992, 993, 1098, 1099, 1102]
[998, 1101, 1102, 1105, 1109]
[1101, 1104, 1106, 1108, 1109]
[1105, 1107, 1108, 1212, 1217]
[1106, 1108, 1110, 1111, 1217]
[1105, 1106, 1107, 1109, 1110]
[998, 999, 1104, 1105, 1108]
[1004, 1107, 1108, 1111, 1115]
[1107, 1110, 1112, 1114, 1115]
[1111, 1113, 1114, 1218, 1223]
[1112, 1114, 1116, 1117, 1223]
[1111, 1112, 1113, 1115, 1116]
[1004, 1005, 1110, 1111, 1114]
[1010, 1113, 1114, 1117, 1121]
[1113, 1116, 1118, 1120, 1121]
[1117, 1119, 1120, 1224, 1229]
[1118, 1120, 1122, 1123, 1229]
[1117, 1118, 1119, 1121, 1122]
[1010, 1011, 1116, 1117, 1120]
[1016, 1119, 1120, 1123, 1127]
[1119, 1122, 1124, 1126, 1127]
[1123, 1125, 1126, 1230, 1235]
[1124, 1126, 1128, 1129, 1235]
[1123, 1124, 1125, 1127, 1128]
[1016, 1017, 1122, 1123, 1126]
[1022, 1125, 1126, 1129, 1133]
[1125, 1128, 1130, 1132, 1133]
[1129, 1131, 1132, 1236, 1241]
[1130, 1132, 1134, 1135, 1241]
[1129, 1130, 1131, 1133, 1134]
[1022, 1023, 1128, 1129, 1132]
[1028, 1131, 1132, 1135, 1139]
[1131, 1134, 1136, 1138, 1139]
[1135, 1137, 1138, 1242, 1247]
[1136, 1138, 1140, 1141, 1247]
[1135, 1136, 1137, 1139, 1140]
[1028, 1029, 1134, 1135, 1138]
[1034, 1137, 1138, 1141, 1145]
[1137, 1140, 1142, 1144, 1145]
[1141, 1143, 1144, 1248, 1253]
[1142, 1144, 1146, 1147, 1253]
[1141, 1142, 1143, 1145, 1146]
[1034, 1035, 1140, 1141, 1144]
[1040, 1143, 1144, 1147, 1151]
[1143, 1146, 1148, 1150, 1151]
[1147, 1149, 1150, 1254, 1259]
[1148, 1150, 1152, 1153, 1259]
[1147, 1148, 1149, 1151, 1152]
[1040, 1041, 1146, 1147, 1150]
[1046, 1149, 1150, 1153, 1157]
[1149, 1152, 1154, 1156, 1157]
[1153, 1155, 1156, 1260, 1265]
[1154, 1156, 1158, 1159, 1265]
[1153, 1154, 1155, 1157, 1158]
[1046, 1047, 1152, 1153, 1156]
[1052, 1155, 1156, 1159, 1163]
[1155, 1158, 1160, 1162, 1163]
[1159, 1161, 1162, 1266, 1271]
[1160, 1162, 1164, 1165, 1271]
[1159, 1160, 1161, 1163, 1164]
[1052, 1053, 1158, 1159, 1162]
[1058, 1161, 1162, 1165, 1169]
[1161, 1164, 1166, 1168, 1169]
[1165, 1167, 1168, 1272, 1277]
[1166, 1168, 1170, 1171, 1277]
[1165, 1166, 1167, 1169, 1170]
[1058, 1059, 1164, 1165, 1168]
[1064, 1167, 1168, 1171, 1175]
[1167, 1170, 1172, 1174, 1175]
[1171, 1173, 1174, 1278, 1283]
[1172, 1174, 1176, 1177, 1283]
[1171, 1172, 1173, 1175, 1176]
[1064, 1065, 1170, 1171, 1174]
[1070, 1173, 1174, 1177, 1181]
[1173, 1176, 1178, 1180, 1181]
[1177, 1179, 1180, 1284, 1289]
[1178, 1180, 1182, 1183, 1289]
[1177, 1178, 1179, 1181, 1182]
[1070, 1071, 1176, 1177, 1180]
[1076, 1179, 1180, 1183, 1187]
[1179, 1182, 1184, 1186, 1187]
[1183, 1185, 1186, 1290, 1295]
[1080, 1081, 1184, 1186, 1295]
[1080, 1183, 1184, 1185, 1187]
[1076, 1077, 1182, 1183, 1186]
[1082, 1189, 1193, 1293, 1294]
[1188, 1190, 1192, 1193, 1293]
[1189, 1191, 1192, 1296, 1301]
[1190, 1192, 1194, 1195, 1301]
[1189, 1190, 1191, 1193, 1194]
[1082, 1083, 1188, 1189, 1192]
[1088, 1191, 1192, 1195, 1199]
[1191, 1194, 1196, 1198, 1199]
[1195, 1197, 1198, 1302, 1307]
[1196, 1198, 1200, 1201, 1307]
[1195, 1196, 1197, 1199, 1200]
[1088, 1089, 1194, 1195, 1198]
[1094, 1197, 1198, 1201, 1205]
[1197, 1200, 1202, 1204, 1205]
[1201, 1203, 1204, 1308, 1313]
[1202, 1204, 1206, 1207, 1313]
[1201, 1202, 1203, 1205, 1206]
[1094, 1095, 1200, 1201, 1204]
[1100, 1203, 1204, 1207, 1211]
[1203, 1206, 1208, 1210, 1211]
[1207, 1209, 1210, 1314, 1319]
[1208, 1210, 1212, 1213, 1319]
[1207, 1208, 1209, 1211, 1212]
[1100, 1101, 1206, 1207, 1210]
[1106, 1209, 1210, 1213, 1217]
[1209, 1212, 1214, 1216, 1217]
[1213, 1215, 1216, 1320, 1325]
[1214, 1216, 1218, 1219, 1325]
[1213, 1214, 1215, 1217, 1218]
[1106, 1107, 1212, 1213, 1216]
[1112, 1215, 1216, 1219, 1223]
[1215, 1218, 1220, 1222, 1223]
[1219, 1221, 1222, 1326, 1331]
[1220, 1222, 1224, 1225, 1331]
[1219, 1220, 1221, 1223, 1224]
[1112, 1113, 1218, 1219, 1222]
[1118, 1221, 1222, 1225, 1229]
[1221, 1224, 1226, 1228, 1229]
[1225, 1227, 1228, 1332, 1337]
[1226, 1228, 1230, 1231, 1337]
[1225, 1226, 1227, 1229, 1230]
[1118, 1119, 1224, 1225, 1228]
[1124, 1227, 1228, 1231, 1235]
[1227, 1230, 1232, 1234, 1235]
[1231, 1233, 1234, 1338, 1343]
[1232, 1234, 1236, 1237, 1343]
[1231, 1232, 1233, 1235, 1236]
[1124, 1125, 1230, 1231, 1234]
[1130, 1233, 1234, 1237, 1241]
[1233, 1236, 1238, 1240, 1241]
[1237, 1239, 1240, 1344, 1349]
[1238, 1240, 1242, 1243, 1349]
[1237, 1238, 1239, 1241, 1242]
[1130, 1131, 1236, 1237, 1240]
[1136, 1239, 1240, 1243, 1247]
[1239, 1242, 1244, 1246, 1247]
[1243, 1245, 1246, 1350, 1355]
[1244, 1246, 1248, 1249, 1355]
[1243, 1244, 1245, 1247, 1248]
[1136, 1137, 1242, 1243, 1246]
[1142, 1245, 1246, 1249, 1253]
[1245, 1248, 1250, 1252, 1253]
[1249, 1251, 1252, 1356, 1361]
[1250, 1252, 1254, 1255, 1361]
[1249, 1250, 1251, 1253, 1254]
[1142, 1143, 1248, 1249, 1252]
[1148, 1251, 1252, 1255, 1259]
[1251, 1254, 1256, 1258, 1259]
[1255, 1257, 1258, 1362, 1367]
[1256, 1258, 1260, 1261, 1367]
[1255, 1256, 1257, 1259, 1260]
[1148, 1149, 1254, 1255, 1258]
[1154, 1257, 1258, 1261, 1265]
[1257, 1260, 1262, 1264, 1265]
[1261, 1263, 1264, 1368, 1373]
[1262, 1264, 1266, 1267, 1373]
[1261, 1262, 1263, 1265, 1266]
[1154, 1155, 1260, 1261, 1264]
[1160, 1263, 1264, 1267, 1271]
[1263, 1266, 1268, 1270, 1271]
[1267, 1269, 1270, 1374, 1379]
[1268, 1270, 1272, 1273, 1379]
[1267, 1268, 1269, 1271, 1272]
[1160, 1161, 1266, 1267, 1270]
[1166, 1269, 1270, 1273, 1277]
[1269, 1272, 1274, 1276, 1277]
[1273, 1275, 1276, 1380, 1385]
[1274, 1276, 1278, 1279, 1385]
[1273, 1274, 1275, 1277, 1278]
[1166, 1167, 1272, 1273, 1276]
[1172, 1275, 1276, 1279, 1283]
[1275, 1278, 1280, 1282, 1283]
[1279, 1281, 1282, 1386, 1391]
[1280, 1282, 1284, 1285, 1391]
[1279, 1280, 1281, 1283, 1284]
[1172, 1173, 1278, 1279, 1282]
[1178, 1281, 1282, 1285, 1289]
[1281, 1284, 1286, 1288, 1289]
[1285, 1287, 1288, 1392, 1397]
[1286, 1288, 1290, 1291, 1397]
[1285, 1286, 1287, 1289, 1290]
[1178, 1179, 1284, 1285, 1288]
[1184, 1287, 1288, 1291, 1295]
[1287, 1290, 1292, 1294, 1295]
[1291, 1293, 1294, 1398, 1403]
[1188, 1189, 1292, 1294, 1403]
[1188, 1291, 1292, 1293, 1295]
[1184, 1185, 1290, 1291, 1294]
[1190, 1297, 1301, 1401, 1402]
[1296, 1298, 1300, 1301, 1401]
[1297, 1299, 1300, 1404, 1409]
[1298, 1300, 1302, 1303, 1409]
[1297, 1298, 1299, 1301, 1302]
[1190, 1191, 1296, 1297, 1300]
[1196, 1299, 1300, 1303, 1307]
[1299, 1302, 1304, 1306, 1307]
[1303, 1305, 1306, 1410, 1415]
[1304, 1306, 1308, 1309, 1415]
[1303, 1304, 1305, 1307, 1308]
[1196, 1197, 1302, 1303, 1306]
[1202, 1305, 1306, 1309, 1313]
[1305, 1308, 1310, 1312, 1313]
[1309, 1311, 1312, 1416, 1421]
[1310, 1312, 1314, 1315, 1421]
[1309, 1310, 1311, 1313, 1314]
[1202, 1203, 1308, 1309, 1312]
[1208, 1311, 1312, 1315, 1319]
[1311, 1314, 1316, 1318, 1319]
[1315, 1317, 1318, 1422, 1427]
[1316, 1318, 1320, 1321, 1427]
[1315, 1316, 1317, 1319, 1320]
[1208, 1209, 1314, 1315, 1318]
[1214, 1317, 1318, 1321, 1325]
[1317, 1320, 1322, 1324, 1325]
[1321, 1323, 1324, 1428, 1433]
[1322, 1324, 1326, 1327, 1433]
[1321, 1322, 1323, 1325, 1326]
[1214, 1215, 1320, 1321, 1324]
[1220, 1323, 1324, 1327, 1331]
[1323, 1326, 1328, 1330, 1331]
[1327, 1329, 1330, 1434, 1439]
[1328, 1330, 1332, 1333, 1439]
[1327, 1328, 1329, 1331, 1332]
[1220, 1221, 1326, 1327, 1330]
[1226, 1329, 1330, 1333, 1337]
[1329, 1332, 1334, 1336, 1337]
[1333, 1335, 1336, 1440, 1445]
[1334, 1336, 1338, 1339, 1445]
[1333, 1334, 1335, 1337, 1338]
[1226, 1227, 1332, 1333, 1336]
[1232, 1335, 1336, 1339, 1343]
[1335, 1338, 1340, 1342, 1343]
[1339, 1341, 1342, 1446, 1451]
[1340, 1342, 1344, 1345, 1451]
[1339, 1340, 1341, 1343, 1344]
[1232, 1233, 1338, 1339, 1342]
[1238, 1341, 1342, 1345, 1349]
[1341, 1344, 1346, 1348, 1349]
[1345, 1347, 1348, 1452, 1457]
[1346, 1348, 1350, 1351, 1457]
[1345, 1346, 1347, 1349, 1350]
[1238, 1239, 1344, 1345, 1348]
[1244, 1347, 1348, 1351, 1355]
[1347, 1350, 1352, 1354, 1355]
[1351, 1353, 1354, 1458, 1463]
[1352, 1354, 1356, 1357, 1463]
[1351, 1352, 1353, 1355, 1356]
[1244, 1245, 1350, 1351, 1354]
[1250, 1353, 1354, 1357, 1361]
[1353, 1356, 1358, 1360, 1361]
[1357, 1359, 1360, 1464, 1469]
[1358, 1360, 1362, 1363, 1469]
[1357, 1358, 1359, 1361, 1362]
[1250, 1251, 1356, 1357, 1360]
[1256, 1359, 1360, 1363, 1367]
[1359, 1362, 1364, 1366, 1367]
[1363, 1365, 1366, 1470, 1475]
[1364, 1366, 1368, 1369, 1475]
[1363, 1364, 1365, 1367, 1368]
[1256, 1257, 1362, 1363, 1366]
[1262, 1365, 1366, 1369, 1373]
[1365, 1368, 1370, 1372, 1373]
[1369, 1371, 1372, 1476, 1481]
[1370, 1372, 1374, 1375, 1481]
[1369, 1370, 1371, 1373, 1374]
[1262, 1263, 1368, 1369, 1372]
[1268, 1371, 1372, 1375, 1379]
[1371, 1374, 1376, 1378, 1379]
[1375, 1377, 1378, 1482, 1487]
[1376, 1378, 1380, 1381, 1487]
[1375, 1376, 1377, 1379, 1380]
[1268, 1269, 1374, 1375, 1378]
[1274, 1377, 1378, 1381, 1385]
[1377, 1380, 1382, 1384, 1385]
[1381, 1383, 1384, 1488, 1493]
[1382, 1384, 1386, 1387, 1493]
[1381, 1382, 1383, 1385, 1386]
[1274, 1275, 1380, 1381, 1384]
[1280, 1383, 1384, 1387, 1391]
[1383, 1386, 1388, 1390, 1391]
[1387, 1389, 1390, 1494, 1499]
[1388, 1390, 1392, 1393, 1499]
[1387, 1388, 1389, 1391, 1392]
[1280, 1281, 1386, 1387, 1390]
[1286, 1389, 1390, 1393, 1397]
[1389, 1392, 1394, 1396, 1397]
[1393, 1395, 1396, 1500, 1505]
[1394, 1396, 1398, 1399, 1505]
[1393, 1394, 1395, 1397, 1398]
[1286, 1287, 1392, 1393, 1396]
[1292, 1395, 1396, 1399, 1403]
[1395, 1398, 1400, 1402, 1403]
[1399, 1401, 1402, 1506, 1511]
[1296, 1297, 1400, 1402, 1511]
[1296, 1399, 1400, 1401, 1403]
[1292, 1293, 1398, 1399, 1402]
[1298, 1405, 1409, 1509, 1510]
[1404, 1406, 1408, 1409, 1509]
[1405, 1407, 1408, 1512, 1517]
[1406, 1408, 1410, 1411, 1517]
[1405, 1406, 1407, 1409, 1410]
[1298, 1299, 1404, 1405, 1408]
[1304, 1407, 1408, 1411, 1415]
[1407, 1410, 1412, 1414, 1415]
[1411, 1413, 1414, 1518, 1523]
[1412, 1414, 1416, 1417, 1523]
[1411, 1412, 1413, 1415, 1416]
[1304, 1305, 1410, 1411, 1414]
[1310, 1413, 1414, 1417, 1421]
[1413, 1416, 1418, 1420, 1421]
[1417, 1419, 1420, 1524, 1529]
[1418, 1420, 1422, 1423, 1529]
[1417, 1418, 1419, 1421, 1422]
[1310, 1311, 1416, 1417, 1420]
[1316, 1419, 1420, 1423, 1427]
[1419, 1422, 1424, 1426, 1427]
[1423, 1425, 1426, 1530, 1535]
[1424, 1426, 1428, 1429, 1535]
[1423, 1424, 1425, 1427, 1428]
[1316, 1317, 1422, 1423, 1426]
[1322, 1425, 1426, 1429, 1433]
[1425, 1428, 1430, 1432, 1433]
[1429, 1431, 1432, 1536, 1541]
[1430, 1432, 1434, 1435, 1541]
[1429, 1430, 1431, 1433, 1434]
[1322, 1323, 1428, 1429, 1432]
[1328, 1431, 1432, 1435, 1439]
[1431, 1434, 1436, 1438, 1439]
[1435, 1437, 1438, 1542, 1547]
[1436, 1438, 1440, 1441, 1547]
[1435, 1436, 1437, 1439, 1440]
[1328, 1329, 1434, 1435, 1438]
[1334, 1437, 1438, 1441, 1445]
[1437, 1440, 1442, 1444, 1445]
[1441, 1443, 1444, 1548, 1553]
[1442, 1444, 1446, 1447, 1553]
[1441, 1442, 1443, 1445, 1446]
[1334, 1335, 1440, 1441, 1444]
[1340, 1443, 1444, 1447, 1451]
[1443, 1446, 1448, 1450, 1451]
[1447, 1449, 1450, 1554, 1559]
[1448, 1450, 1452, 1453, 1559]
[1447, 1448, 1449, 1451, 1452]
[1340, 1341, 1446, 1447, 1450]
[1346, 1449, 1450, 1453, 1457]
[1449, 1452, 1454, 1456, 1457]
[1453, 1455, 1456, 1560, 1565]
[1454, 1456, 1458, 1459, 1565]
[1453, 1454, 1455, 1457, 1458]
[1346, 1347, 1452, 1453, 1456]
[1352, 1455, 1456, 1459, 1463]
[1455, 1458, 1460, 1462, 1463]
[1459, 1461, 1462, 1566, 1571]
[1460, 1462, 1464, 1465, 1571]
[1459, 1460, 1461, 1463, 1464]
[1352, 1353, 1458, 1459, 1462]
[1358, 1461, 1462, 1465, 1469]
[1461, 1464, 1466, 1468, 1469]
[1465, 1467, 1468, 1572, 1577]
[1466, 1468, 1470, 1471, 1577]
[1465, 1466, 1467, 1469, 1470]
[1358, 1359, 1464, 1465, 1468]
[1364, 1467, 1468, 1471, 1475]
[1467, 1470, 1472, 1474, 1475]
[1471, 1473, 1474, 1578, 1583]
[1472, 1474, 1476, 1477, 1583]
[1471, 1472, 1473, 1475, 1476]
[1364, 1365, 1470, 1471, 1474]
[1370, 1473, 1474, 1477, 1481]
[1473, 1476, 1478, 1480, 1481]
[1477, 1479, 1480, 1584, 1589]
[1478, 1480, 1482, 1483, 1589]
[1477, 1478, 1479, 1481, 1482]
[1370, 1371, 1476, 1477, 1480]
[1376, 1479, 1480, 1483, 1487]
[1479, 1482, 1484, 1486, 1487]
[1483, 1485, 1486, 1590, 1595]
[1484, 1486, 1488, 1489, 1595]
[1483, 1484, 1485, 1487, 1488]
[1376, 1377, 1482, 1483, 1486]
[1382, 1485, 1486, 1489, 1493]
[1485, 1488, 1490, 1492, 1493]
[1489, 1491, 1492, 1596, 1601]
[1490, 1492, 1494, 1495, 1601]
[1489, 1490, 1491, 1493, 1494]
[1382, 1383, 1488, 1489, 1492]
[1388, 1491, 1492, 1495, 1499]
[1491, 1494, 1496, 1498, 1499]
[1495, 1497, 1498, 1602, 1607]
[1496, 1498, 1500, 1501, 1607]
[1495, 1496, 1497, 1499, 1500]
[1388, 1389, 1494, 1495, 1498]
[1394, 1497, 1498, 1501, 1505]
[1497, 1500, 1502, 1504, 1505]
[1501, 1503, 1504, 1608, 1613]
[1502, 1504, 1506, 1507, 1613]
[1501, 1502, 1503, 1505, 1506]
[1394, 1395, 1500, 1501, 1504]
[1400, 1503, 1504, 1507, 1511]
[1503, 1506, 1508, 1510, 1511]
[1507, 1509, 1510, 1614, 1619]
[1404, 1405, 1508, 1510, 1619]
[1404, 1507, 1508, 1509, 1511]
[1400, 1401, 1506, 1507, 1510]
[1406, 1513, 1517, 1617, 1618]
[1512, 1514, 1516, 1517, 1617]
[1513, 1515, 1516, 1620, 1625]
[1514, 1516, 1518, 1519, 1625]
[1513, 1514, 1515, 1517, 1518]
[1406, 1407, 1512, 1513, 1516]
[1412, 1515, 1516, 1519, 1523]
[1515, 1518, 1520, 1522, 1523]
[1519, 1521, 1522, 1626, 1631]
[1520, 1522, 1524, 1525, 1631]
[1519, 1520, 1521, 1523, 1524]
[1412, 1413, 1518, 1519, 1522]
[1418, 1521, 1522, 1525, 1529]
[1521, 1524, 1526, 1528, 1529]
[1525, 1527, 1528, 1632, 1637]
[1526, 1528, 1530, 1531, 1637]
[1525, 1526, 1527, 1529, 1530]
[1418, 1419, 1524, 1525, 1528]
[1424, 1527, 1528, 1531, 1535]
[1527, 1530, 1532, 1534, 1535]
[1531, 1533, 1534, 1638, 1643]
[1532, 1534, 1536, 1537, 1643]
[1531, 1532, 1533, 1535, 1536]
[1424, 1425, 1530, 1531, 1534]
[1430, 1533, 1534, 1537, 1541]
[1533, 1536, 1538, 1540, 1541]
[1537, 1539, 1540, 1644, 1649]
[1538, 1540, 1542, 1543, 1649]
[1537, 1538, 1539, 1541, 1542]
[1430, 1431, 1536, 1537, 1540]
[1436, 1539, 1540, 1543, 1547]
[1539, 1542, 1544, 1546, 1547]
[1543, 1545, 1546, 1650, 1655]
[1544, 1546, 1548, 1549, 1655]
[1543, 1544, 1545, 1547, 1548]
[1436, 1437, 1542, 1543, 1546]
[1442, 1545, 1546, 1549, 1553]
[1545, 1548, 1550, 1552, 1553]
[1549, 1551, 1552, 1656, 1661]
[1550, 1552, 1554, 1555, 1661]
[1549, 1550, 1551, 1553, 1554]
[1442, 1443, 1548, 1549, 1552]
[1448, 1551, 1552, 1555, 1559]
[1551, 1554, 1556, 1558, 1559]
[1555, 1557, 1558, 1662, 1667]
[1556, 1558, 1560, 1561, 1667]
[1555, 1556, 1557, 1559, 1560]
[1448, 1449, 1554, 1555, 1558]
[1454, 1557, 1558, 1561, 1565]
[1557, 1560, 1562, 1564, 1565]
[1561, 1563, 1564, 1668, 1673]
[1562, 1564, 1566, 1567, 1673]
[1561, 1562, 1563, 1565, 1566]
[1454, 1455, 1560, 1561, 1564]
[1460, 1563, 1564, 1567, 1571]
[1563, 1566, 1568, 1570, 1571]
[1567, 1569, 1570, 1674, 1679]
[1568, 1570, 1572, 1573, 1679]
[1567, 1568, 1569, 1571, 1572]
[1460, 1461, 1566, 1567, 1570]
[1466, 1569, 1570, 1573, 1577]
[1569, 1572, 1574, 1576, 1577]
[1573, 1575, 1576, 1680, 1685]
[1574, 1576, 1578, 1579, 1685]
[1573, 1574, 1575, 1577, 1578]
[1466, 1467, 1572, 1573, 1576]
[1472, 1575, 1576, 1579, 1583]
[1575, 1578, 1580, 1582, 1583]
[1579, 1581, 1582, 1686, 1691]
[1580, 1582, 1584, 1585, 1691]
[1579, 1580, 1581, 1583, 1584]
[1472, 1473, 1578, 1579, 1582]
[1478, 1581, 1582, 1585, 1589]
[1581, 1584, 1586, 1588, 1589]
[1585, 1587, 1588, 1692, 1697]
[1586, 1588, 1590, 1591, 1697]
[1585, 1586, 1587, 1589, 1590]
[1478, 1479, 1584, 1585, 1588]
[1484, 1587, 1588, 1591, 1595]
[1587, 1590, 1592, 1594, 1595]
[1591, 1593, 1594, 1698, 1703]
[1592, 1594, 1596, 1597, 1703]
[1591, 1592, 1593, 1595, 1596]
[1484, 1485, 1590, 1591, 1594]
[1490, 1593, 1594, 1597, 1601]
[1593, 1596, 1598, 1600, 1601]
[1597, 1599, 1600, 1704, 1709]
[1598, 1600, 1602, 1603, 1709]
[1597, 1598, 1599, 1601, 1602]
[1490, 1491, 1596, 1597, 1600]
[1496, 1599, 1600, 1603, 1607]
[1599, 1602, 1604, 1606, 1607]
[1603, 1605, 1606, 1710, 1715]
[1604, 1606, 1608, 1609, 1715]
[1603, 1604, 1605, 1607, 1608]
[1496, 1497, 1602, 1603, 1606]
[1502, 1605, 1606, 1609, 1613]
[1605, 1608, 1610, 1612, 1613]
[1609, 1611, 1612, 1716, 1721]
[1610, 1612, 1614, 1615, 1721]
[1609, 1610, 1611, 1613, 1614]
[1502, 1503, 1608, 1609, 1612]
[1508, 1611, 1612, 1615, 1619]
[1611, 1614, 1616, 1618, 1619]
[1615, 1617, 1618, 1722, 1727]
[1512, 1513, 1616, 1618, 1727]
[1512, 1615, 1616, 1617, 1619]
[1508, 1509, 1614, 1615, 1618]
[1514, 1621, 1625, 1725, 1726]
[1620, 1622, 1624, 1625, 1725]
[1621, 1623, 1624, 1728, 1733]
[1622, 1624, 1626, 1627, 1733]
[1621, 1622, 1623, 1625, 1626]
[1514, 1515, 1620, 1621, 1624]
[1520, 1623, 1624, 1627, 1631]
[1623, 1626, 1628, 1630, 1631]
[1627, 1629, 1630, 1734, 1739]
[1628, 1630, 1632, 1633, 1739]
[1627, 1628, 1629, 1631, 1632]
[1520, 1521, 1626, 1627, 1630]
[1526, 1629, 1630, 1633, 1637]
[1629, 1632, 1634, 1636, 1637]
[1633, 1635, 1636, 1740, 1745]
[1634, 1636, 1638, 1639, 1745]
[1633, 1634, 1635, 1637, 1638]
[1526, 1527, 1632, 1633, 1636]
[1532, 1635, 1636, 1639, 1643]
[1635, 1638, 1640, 1642, 1643]
[1639, 1641, 1642, 1746, 1751]
[1640, 1642, 1644, 1645, 1751]
[1639, 1640, 1641, 1643, 1644]
[1532, 1533, 1638, 1639, 1642]
[1538, 1641, 1642, 1645, 1649]
[1641, 1644, 1646, 1648, 1649]
[1645, 1647, 1648, 1752, 1757]
[1646, 1648, 1650, 1651, 1757]
[1645, 1646, 1647, 1649, 1650]
[1538, 1539, 1644, 1645, 1648]
[1544, 1647, 1648, 1651, 1655]
[1647, 1650, 1652, 1654, 1655]
[1651, 1653, 1654, 1758, 1763]
[1652, 1654, 1656, 1657, 1763]
[1651, 1652, 1653, 1655, 1656]
[1544, 1545, 1650, 1651, 1654]
[1550, 1653, 1654, 1657, 1661]
[1653, 1656, 1658, 1660, 1661]
[1657, 1659, 1660, 1764, 1769]
[1658, 1660, 1662, 1663, 1769]
[1657, 1658, 1659, 1661, 1662]
[1550, 1551, 1656, 1657, 1660]
[1556, 1659, 1660, 1663, 1667]
[1659, 1662, 1664, 1666, 1667]
[1663, 1665, 1666, 1770, 1775]
[1664, 1666, 1668, 1669, 1775]
[1663, 1664, 1665, 1667, 1668]
[1556, 1557, 1662, 1663, 1666]
[1562, 1665, 1666, 1669, 1673]
[1665, 1668, 1670, 1672, 1673]
[1669, 1671, 1672, 1776, 1781]
[1670, 1672, 1674, 1675, 1781]
[1669, 1670, 1671, 1673, 1674]
[1562, 1563, 1668, 1669, 1672]
[1568, 1671, 1672, 1675, 1679]
[1671, 1674, 1676, 1678, 1679]
[1675, 1677, 1678, 1782, 1787]
[1676, 1678, 1680, 1681, 1787]
[1675, 1676, 1677, 1679, 1680]
[1568, 1569, 1674, 1675, 1678]
[1574, 1677, 1678, 1681, 1685]
[1677, 1680, 1682, 1684, 1685]
[1681, 1683, 1684, 1788, 1793]
[1682, 1684, 1686, 1687, 1793]
[1681, 1682, 1683, 1685, 1686]
[1574, 1575, 1680, 1681, 1684]
[1580, 1683, 1684, 1687, 1691]
[1683, 1686, 1688, 1690, 1691]
[1687, 1689, 1690, 1794, 1799]
[1688, 1690, 1692, 1693, 1799]
[1687, 1688, 1689, 1691, 1692]
[1580, 1581, 1686, 1687, 1690]
[1586, 1689, 1690, 1693, 1697]
[1689, 1692, 1694, 1696, 1697]
[1693, 1695, 1696, 1800, 1805]
[1694, 1696, 1698, 1699, 1805]
[1693, 1694, 1695, 1697, 1698]
[1586, 1587, 1692, 1693, 1696]
[1592, 1695, 1696, 1699, 1703]
[1695, 1698, 1700, 1702, 1703]
[1699, 1701, 1702, 1806, 1811]
[1700, 1702, 1704, 1705, 1811]
[1699, 1700, 1701, 1703, 1704]
[1592, 1593, 1698, 1699, 1702]
[1598, 1701, 1702, 1705, 1709]
[1701, 1704, 1706, 1708, 1709]
[1705, 1707, 1708, 1812, 1817]
[1706, 1708, 1710, 1711, 1817]
[1705, 1706, 1707, 1709, 1710]
[1598, 1599, 1704, 1705, 1708]
[1604, 1707, 1708, 1711, 1715]
[1707, 1710, 1712, 1714, 1715]
[1711, 1713, 1714, 1818, 1823]
[1712, 1714, 1716, 1717, 1823]
[1711, 1712, 1713, 1715, 1716]
[1604, 1605, 1710, 1711, 1714]
[1610, 1713, 1714, 1717, 1721]
[1713, 1716, 1718, 1720, 1721]
[1717, 1719, 1720, 1824, 1829]
[1718, 1720, 1722, 1723, 1829]
[1717, 1718, 1719, 1721, 1722]
[1610, 1611, 1716, 1717, 1720]
[1616, 1719, 1720, 1723, 1727]
[1719, 1722, 1724, 1726, 1727]
[1723, 1725, 1726, 1830, 1835]
[1620, 1621, 1724, 1726, 1835]
[1620, 1723, 1724, 1725, 1727]
[1616, 1617, 1722, 1723, 1726]
[1622, 1729, 1733, 1833, 1834]
[1728, 1730, 1732, 1733, 1833]
[1729, 1731, 1732, 1836, 1841]
[1730, 1732, 1734, 1735, 1841]
[1729, 1730, 1731, 1733, 1734]
[1622, 1623, 1728, 1729, 1732]
[1628, 1731, 1732, 1735, 1739]
[1731, 1734, 1736, 1738, 1739]
[1735, 1737, 1738, 1842, 1847]
[1736, 1738, 1740, 1741, 1847]
[1735, 1736, 1737, 1739, 1740]
[1628, 1629, 1734, 1735, 1738]
[1634, 1737, 1738, 1741, 1745]
[1737, 1740, 1742, 1744, 1745]
[1741, 1743, 1744, 1848, 1853]
[1742, 1744, 1746, 1747, 1853]
[1741, 1742, 1743, 1745, 1746]
[1634, 1635, 1740, 1741, 1744]
[1640, 1743, 1744, 1747, 1751]
[1743, 1746, 1748, 1750, 1751]
[1747, 1749, 1750, 1854, 1859]
[1748, 1750, 1752, 1753, 1859]
[1747, 1748, 1749, 1751, 1752]
[1640, 1641, 1746, 1747, 1750]
[1646, 1749, 1750, 1753, 1757]
[1749, 1752, 1754, 1756, 1757]
[1753, 1755, 1756, 1860, 1865]
[1754, 1756, 1758, 1759, 1865]
[1753, 1754, 1755, 1757, 1758]
[1646, 1647, 1752, 1753, 1756]
[1652, 1755, 1756, 1759, 1763]
[1755, 1758, 1760, 1762, 1763]
[1759, 1761, 1762, 1866, 1871]
[1760, 1762, 1764, 1765, 1871]
[1759, 1760, 1761, 1763, 1764]
[1652, 1653, 1758, 1759, 1762]
[1658, 1761, 1762, 1765, 1769]
[1761, 1764, 1766, 1768, 1769]
[1765, 1767, 1768, 1872, 1877]
[1766, 1768, 1770, 1771, 1877]
[1765, 1766, 1767, 1769, 1770]
[1658, 1659, 1764, 1765, 1768]
[1664, 1767, 1768, 1771, 1775]
[1767, 1770, 1772, 1774, 1775]
[1771, 1773, 1774, 1878, 1883]
[1772, 1774, 1776, 1777, 1883]
[1771, 1772, 1773, 1775, 1776]
[1664, 1665, 1770, 1771, 1774]
[1670, 1773, 1774, 1777, 1781]
[1773, 1776, 1778, 1780, 1781]
[1777, 1779, 1780, 1884, 1889]
[1778, 1780, 1782, 1783, 1889]
[1777, 1778, 1779, 1781, 1782]
[1670, 1671, 1776, 1777, 1780]
[1676, 1779, 1780, 1783, 1787]
[1779, 1782, 1784, 1786, 1787]
[1783, 1785, 1786, 1890, 1895]
[1784, 1786, 1788, 1789, 1895]
[1783, 1784, 1785, 1787, 1788]
[1676, 1677, 1782, 1783, 1786]
[1682, 1785, 1786, 1789, 1793]
[1785, 1788, 1790, 1792, 1793]
[1789, 1791, 1792, 1896, 1901]
[1790, 1792, 1794, 1795, 1901]
[1789, 1790, 1791, 1793, 1794]
[1682, 1683, 1788, 1789, 1792]
[1688, 1791, 1792, 1795, 1799]
[1791, 1794, 1796, 1798, 1799]
[1795, 1797, 1798, 1902, 1907]
[1796, 1798, 1800, 1801, 1907]
[1795, 1796, 1797, 1799, 1800]
[1688, 1689, 1794, 1795, 1798]
[1694, 1797, 1798, 1801, 1805]
[1797, 1800, 1802, 1804, 1805]
[1801, 1803, 1804, 1908, 1913]
[1802, 1804, 1806, 1807, 1913]
[1801, 1802, 1803, 1805, 1806]
[1694, 1695, 1800, 1801, 1804]
[1700, 1803, 1804, 1807, 1811]
[1803, 1806, 1808, 1810, 1811]
[1807, 1809, 1810, 1914, 1919]
[1808, 1810, 1812, 1813, 1919]
[1807, 1808, 1809, 1811, 1812]
[1700, 1701, 1806, 1807, 1810]
[1706, 1809, 1810, 1813, 1817]
[1809, 1812, 1814, 1816, 1817]
[1813, 1815, 1816, 1920, 1925]
[1814, 1816, 1818, 1819, 1925]
[1813, 1814, 1815, 1817, 1818]
[1706, 1707, 1812, 1813, 1816]
[1712, 1815, 1816, 1819, 1823]
[1815, 1818, 1820, 1822, 1823]
[1819, 1821, 1822, 1926, 1931]
[1820, 1822, 1824, 1825, 1931]
[1819, 1820, 1821, 1823, 1824]
[1712, 1713, 1818, 1819, 1822]
[1718, 1821, 1822, 1825, 1829]
[1821, 1824, 1826, 1828, 1829]
[1825, 1827, 1828, 1932, 1937]
[1826, 1828, 1830, 1831, 1937]
[1825, 1826, 1827, 1829, 1830]
[1718, 1719, 1824, 1825, 1828]
[1724, 1827, 1828, 1831, 1835]
[1827, 1830, 1832, 1834, 1835]
[1831, 1833, 1834, 1938, 1943]
[1728, 1729, 1832, 1834, 1943]
[1728, 1831, 1832, 1833, 1835]
[1724, 1725, 1830, 1831, 1834]
[1730, 1837, 1841, 1941, 1942]
[1836, 1838, 1840, 1841, 1941]
[0, 5, 1837, 1839, 1840]
[5, 1838, 1840, 1842, 1843]
[1837, 1838, 1839, 1841, 1842]
[1730, 1731, 1836, 1837, 1840]
[1736, 1839, 1840, 1843, 1847]
[1839, 1842, 1844, 1846, 1847]
[6, 11, 1843, 1845, 1846]
[11, 1844, 1846, 1848, 1849]
[1843, 1844, 1845, 1847, 1848]
[1736, 1737, 1842, 1843, 1846]
[1742, 1845, 1846, 1849, 1853]
[1845, 1848, 1850, 1852, 1853]
[12, 17, 1849, 1851, 1852]
[17, 1850, 1852, 1854, 1855]
[1849, 1850, 1851, 1853, 1854]
[1742, 1743, 1848, 1849, 1852]
[1748, 1851, 1852, 1855, 1859]
[1851, 1854, 1856, 1858, 1859]
[18, 23, 1855, 1857, 1858]
[23, 1856, 1858, 1860, 1861]
[1855, 1856, 1857, 1859, 1860]
[1748, 1749, 1854, 1855, 1858]
[1754, 1857, 1858, 1861, 1865]
[1857, 1860, 1862, 1864, 1865]
[24, 29, 1861, 1863, 1864]
[29, 1862, 1864, 1866, 1867]
[1861, 1862, 1863, 1865, 1866]
[1754, 1755, 1860, 1861, 1864]
[1760, 1863, 1864, 1867, 1871]
[1863, 1866, 1868, 1870, 1871]
[30, 35, 1867, 1869, 1870]
[35, 1868, 1870, 1872, 1873]
[1867, 1868, 1869, 1871, 1872]
[1760, 1761, 1866, 1867, 1870]
[1766, 1869, 1870, 1873, 1877]
[1869, 1872, 1874, 1876, 1877]
[36, 41, 1873, 1875, 1876]
[41, 1874, 1876, 1878, 1879]
[1873, 1874, 1875, 1877, 1878]
[1766, 1767, 1872, 1873, 1876]
[1772, 1875, 1876, 1879, 1883]
[1875, 1878, 1880, 1882, 1883]
[42, 47, 1879, 1881, 1882]
[47, 1880, 1882, 1884, 1885]
[1879, 1880, 1881, 1883, 1884]
[1772, 1773, 1878, 1879, 1882]
[1778, 1881, 1882, 1885, 1889]
[1881, 1884, 1886, 1888, 1889]
[48, 53, 1885, 1887, 1888]
[53, 1886, 1888, 1890, 1891]
[1885, 1886, 1887, 1889, 1890]
[1778, 1779, 1884, 1885, 1888]
[1784, 1887, 1888, 1891, 1895]
[1887, 1890, 1892, 1894, 1895]
[54, 59, 1891, 1893, 1894]
[59, 1892, 1894, 1896, 1897]
[1891, 1892, 1893, 1895, 1896]
[1784, 1785, 1890, 1891, 1894]
[1790, 1893, 1894, 1897, 1901]
[1893, 1896, 1898, 1900, 1901]
[60, 65, 1897, 1899, 1900]
[65, 1898, 1900, 1902, 1903]
[1897, 1898, 1899, 1901, 1902]
[1790, 1791, 1896, 1897, 1900]
[1796, 1899, 1900, 1903, 1907]
[1899, 1902, 1904, 1906, 1907]
[66, 71, 1903, 1905, 1906]
[71, 1904, 1906, 1908, 1909]
[1903, 1904, 1905, 1907, 1908]
[1796, 1797, 1902, 1903, 1906]
[1802, 1905, 1906, 1909, 1913]
[1905, 1908, 1910, 1912, 1913]
[72, 77, 1909, 1911, 1912]
[77, 1910, 1912, 1914, 1915]
[1909, 1910, 1911, 1913, 1914]
[1802, 1803, 1908, 1909, 1912]
[1808, 1911, 1912, 1915, 1919]
[1911, 1914, 1916, 1918, 1919]
[78, 83, 1915, 1917, 1918]
[83, 1916, 1918, 1920, 1921]
[1915, 1916, 1917, 1919, 1920]
[1808, 1809, 1914, 1915, 1918]
[1814, 1917, 1918, 1921, 1925]
[1917, 1920, 1922, 1924, 1925]
[84, 89, 1921, 1923, 1924]
[89, 1922, 1924, 1926, 1927]
[1921, 1922, 1923, 1925, 1926]
[1814, 1815, 1920, 1921, 1924]
[1820, 1923, 1924, 1927, 1931]
[1923, 1926, 1928, 1930, 1931]
[90, 95, 1927, 1929, 1930]
[95, 1928, 1930, 1932, 1933]
[1927, 1928, 1929, 1931, 1932]
[1820, 1821, 1926, 1927, 1930]
[1826, 1929, 1930, 1933, 1937]
[1929, 1932, 1934, 1936, 1937]
[96, 101, 1933, 1935, 1936]
[101, 1934, 1936, 1938, 1939]
[1933, 1934, 1935, 1937, 1938]
[1826, 1827, 1932, 1933, 1936]
[1832, 1935, 1936, 1939, 1943]
[1935, 1938, 1940, 1942, 1943]
[102, 107, 1939, 1941, 1942]
[107, 1836, 1837, 1940, 1942]
[1836, 1939, 1940, 1941, 1943]
[1832, 1833, 1938, 1939, 1942]
