[1, 63, 64, 4032]
[0, 2, 65, 4033]
[1, 3, 66, 4034]
[2, 4, 67, 4035]
[3, 5, 68, 4036]
[4, 6, 69, 4037]
[5, 7, 70, 4038]
[6, 8, 71, 4039]
[7, 9, 72, 4040]
[8, 10, 73, 4041]
[9, 11, 74, 4042]
[10, 12, 75, 4043]
[11, 13, 76, 4044]
[12, 14, 77, 4045]
[13, 15, 78, 4046]
[14, 16, 79, 4047]
[15, 17, 80, 4048]
[16, 18, 81, 4049]
[17, 19, 82, 4050]
[18, 20, 83, 4051]
[19, 21, 84, 4052]
[20, 22, 85, 4053]
[21, 23, 86, 4054]
[22, 24, 87, 4055]
[23, 25, 88, 4056]
[24, 26, 89, 4057]
[25, 27, 90, 4058]
[26, 28, 91, 4059]
[27, 29, 92, 4060]
[28, 30, 93, 4061]
[29, 31, 94, 4062]
[30, 32, 95, 4063]
[31, 33, 96, 4064]
[32, 34, 97, 4065]
[33, 35, 98, 4066]
[34, 36, 99, 4067]
[35, 37, 100, 4068]
[36, 38, 101, 4069]
[37, 39, 102, 4070]
[38, 40, 103, 4071]
[39, 41, 104, 4072]
[40, 42, 105, 4073]
[41, 43, 106, 4074]
[42, 44, 107, 4075]
[43, 45, 108, 4076]
[44, 46, 109, 4077]
[45, 47, 110, 4078]
[46, 48, 111, 4079]
[47, 49, 112, 4080]
[48, 50, 113, 4081]
[49, 51, 114, 4082]
[50, 52, 115, 4083]
[51, 53, 116, 4084]
[52, 54, 117, 4085]
[53, 55, 118, 4086]
[54, 56, 119, 4087]
[55, 57, 120, 4088]
[56, 58, 121, 4089]
[57, 59, 122, 4090]
[58, 60, 123, 4091]
[59, 61, 124, 4092]
[60, 62, 125, 4093]
[61, 63, 126, 4094]
[0, 62, 127, 4095]
[0, 65, 127, 128]
[1, 64, 66, 129]
[2, 65, 67, 130]
[3, 66, 68, 131]
[4, 67, 69, 132]
[5, 68, 70, 133]
[6, 69, 71, 134]
[7, 70, 72, 135]
[8, 71, 73, 136]
[9, 72, 74, 137]
[10, 73, 75, 138]
[11, 74, 76, 139]
[12, 75, 77, 140]
[13, 76, 78, 141]
[14, 77, 79, 142]
[15, 78, 80, 143]
[16, 79, 81, 144]
[17, 80, 82, 145]
[18, 81, 83, 146]
[19, 82, 84, 147]
[20, 83, 85, 148]
[21, 84, 86, 149]
[22, 85, 87, 150]
[23, 86, 88, 151]
[24, 87, 89, 152]
[25, 88, 90, 153]
[26, 89, 91, 154]
[27, 90, 92, 155]
[28, 91, 93, 156]
[29, 92, 94, 157]
[30, 93, 95, 158]
[31, 94, 96, 159]
[32, 95, 97, 160]
[33, 96, 98, 161]
[34, 97, 99, 162]
[35, 98, 100, 163]
[36, 99, 101, 164]
[37, 100, 102, 165]
[38, 101, 103, 166]
[39, 102, 104, 167]
[40, 103, 105, 168]
[41, 104, 106, 169]
[42, 105, 107, 170]
[43, 106, 108, 171]
[44, 107, 109, 172]
[45, 108, 110, 173]
[46, 109, 111, 174]
[47, 110, 112, 175]
[48, 111, 113, 176]
[49, 112, 114, 177]
[50, 113, 115, 178]
[51, 114, 116, 179]
[52, 115, 117, 180]
[53, 116, 118, 181]
[54, 117, 119, 182]
[55, 118, 120, 183]
[56, 119, 121, 184]
[57, 120, 122, 185]
[58, 121, 123, 186]
[59, 122, 124, 187]
[60, 123, 125, 188]
[61, 124, 126, 189]
[62, 125, 127, 190]
[63, 64, 126, 191]
[64, 129, 191, 192]
[65, 128, 130, 193]
[66, 129, 131, 194]
[67, 130, 132, 195]
[68, 131, 133, 196]
[69, 132, 134, 197]
[70, 133, 135, 198]
[71, 134, 136, 199]
[72, 135, 137, 200]
[73, 136, 138, 201]
[74, 137, 139, 202]
[75, 138, 140, 203]
[76, 139, 141, 204]
[77, 140, 142, 205]
[78, 141, 143, 206]
[79, 142, 144, 207]
[80, 143, 145, 208]
[81, 144, 146, 209]
[82, 145, 147, 210]
[83, 146, 148, 211]
[84, 147, 149, 212]
[85, 148, 150, 213]
[86, 149, 151, 214]
[87, 150, 152, 215]
[88, 151, 153, 216]
[89, 152, 154, 217]
[90, 153, 155, 218]
[91, 154, 156, 219]
[92, 155, 157, 220]
[93, 156, 158, 221]
[94, 157, 159, 222]
[95, 158, 160, 223]
[96, 159, 161, 224]
[97, 160, 162, 225]
[98, 161, 163, 226]
[99, 162, 164, 227]
[100, 163, 165, 228]
[101, 164, 166, 229]
[102, 165, 167, 230]
[103, 166, 168, 231]
[104, 167, 169, 232]
[105, 168, 170, 233]
[106, 169, 171, 234]
[107, 170, 172, 235]
[108, 171, 173, 236]
[109, 172, 174, 237]
[110, 173, 175, 238]
[111, 174, 176, 239]
[112, 175, 177, 240]
[113, 176, 178, 241]
[114, 177, 179, 242]
[115, 178, 180, 243]
[116, 179, 181, 244]
[117, 180, 182, 245]
[118, 181, 183, 246]
[119, 182, 184, 247]
[120, 183, 185, 248]
[121, 184, 186, 249]
[122, 185, 187, 250]
[123, 186, 188, 251]
[124, 187, 189, 252]
[125, 188, 190, 253]
[126, 189, 191, 254]
[127, 128, 190, 255]
[128, 193, 255, 256]
[129, 192, 194, 257]
[130, 193, 195, 258]
[131, 194, 196, 259]
[132, 195, 197, 260]
[133, 196, 198, 261]
[134, 197, 199, 262]
[135, 198, 200, 263]
[136, 199, 201, 264]
[137, 200, 202, 265]
[138, 201, 203, 266]
[139, 202, 204, 267]
[140, 203, 205, 268]
[141, 204, 206, 269]
[142, 205, 207, 270]
[143, 206, 208, 271]
[144, 207, 209, 272]
[145, 208, 210, 273]
[146, 209, 211, 274]
[147, 210, 212, 275]
[148, 211, 213, 276]
[149, 212, 214, 277]
[150, 213, 215, 278]
[151, 214, 216, 279]
[152, 215, 217, 280]
[153, 216, 218, 281]
[154, 217, 219, 282]
[155, 218, 220, 283]
[156, 219, 221, 284]
[157, 220, 222, 285]
[158, 221, 223, 286]
[159, 222, 224, 287]
[160, 223, 225, 288]
[161, 224, 226, 289]
[162, 225, 227, 290]
[163, 226, 228, 291]
[164, 227, 229, 292]
[165, 228, 230, 293]
[166, 229, 231, 294]
[167, 230, 232, 295]
[168, 231, 233, 296]
[169, 232, 234, 297]
[170, 233, 235, 298]
[171, 234, 236, 299]
[172, 235, 237, 300]
[173, 236, 238, 301]
[174, 237, 239, 302]
[175, 238, 240, 303]
[176, 239, 241, 304]
[177, 240, 242, 305]
[178, 241, 243, 306]
[179, 242, 244, 307]
[180, 243, 245, 308]
[181, 244, 246, 309]
[182, 245, 247, 310]
[183, 246, 248, 311]
[184, 247, 249, 312]
[185, 248, 250, 313]
[186, 249, 251, 314]
[187, 250, 252, 315]
[188, 251, 253, 316]
[189, 252, 254, 317]
[190, 253, 255, 318]
[191, 192, 254, 319]
[192, 257, 319, 320]
[193, 256, 258, 321]
[194, 257, 259, 322]
[195, 258, 260, 323]
[196, 259, 261, 324]
[197, 260, 262, 325]
[198, 261, 263, 326]
[199, 262, 264, 327]
[200, 263, 265, 328]
[201, 264, 266, 329]
[202, 265, 267, 330]
[203, 266, 268, 331]
[204, 267, 269, 332]
[205, 268, 270, 333]
[206, 269, 271, 334]
[207, 270, 272, 335]
[208, 271, 273, 336]
[209, 272, 274, 337]
[210, 273, 275, 338]
[211, 274, 276, 339]
[212, 275, 277, 340]
[213, 276, 278, 341]
[214, 277, 279, 342]
[215, 278, 280, 343]
[216, 279, 281, 344]
[217, 280, 282, 345]
[218, 281, 283, 346]
[219, 282, 284, 347]
[220, 283, 285, 348]
[221, 284, 286, 349]
[222, 285, 287, 350]
[223, 286, 288, 351]
[224, 287, 289, 352]
[225, 288, 290, 353]
[226, 289, 291, 354]
[227, 290, 292, 355]
[228, 291, 293, 356]
[229, 292, 294, 357]
[230, 293, 295, 358]
[231, 294, 296, 359]
[232, 295, 297, 360]
[233, 296, 298, 361]
[234, 297, 299, 362]
[235, 298, 300, 363]
[236, 299, 301, 364]
[237, 300, 302, 365]
[238, 301, 303, 366]
[239, 302, 304, 367]
[240, 303, 305, 368]
[241, 304, 306, 369]
[242, 305, 307, 370]
[243, 306, 308, 371]
[244, 307, 309, 372]
[245, 308, 310, 373]
[246, 309, 311, 374]
[247, 310, 312, 375]
[248, 311, 313, 376]
[249, 312, 314, 377]
[250, 313, 315, 378]
[251, 314, 316, 379]
[252, 315, 317, 380]
[253, 316, 318, 381]
[254, 317, 319, 382]
[255, 256, 318, 383]
[256, 321, 383, 384]
[257, 320, 322, 385]
[258, 321, 323, 386]
[259, 322, 324, 387]
[260, 323, 325, 388]
[261, 324, 326, 389]
[262, 325, 327, 390]
[263, 326, 328, 391]
[264, 327, 329, 392]
[265, 328, 330, 393]
[266, 329, 331, 394]
[267, 330, 332, 395]
[268, 331, 333, 396]
[269, 332, 334, 397]
[270, 333, 335, 398]
[271, 334, 336, 399]
[272, 335, 337, 400]
[273, 336, 338, 401]
[274, 337, 339, 402]
[275, 338, 340, 403]
[276, 339, 341, 404]
[277, 340, 342, 405]
[278, 341, 343, 406]
[279, 342, 344, 407]
[280, 343, 345, 408]
[281, 344, 346, 409]
[282, 345, 347, 410]
[283, 346, 348, 411]
[284, 347, 349, 412]
[285, 348, 350, 413]
[286, 349, 351, 414]
[287, 350, 352, 415]
[288, 351, 353, 416]
[289, 352, 354, 417]
[290, 353, 355, 418]
[291, 354, 356, 419]
[292, 355, 357, 420]
[293, 356, 358, 421]
[294, 357, 359, 422]
[295, 358, 360, 423]
[296, 359, 361, 424]
[297, 360, 362, 425]
[298, 361, 363, 426]
[299, 362, 364, 427]
[300, 363, 365, 428]
[301, 364, 366, 429]
[302, 365, 367, 430]
[303, 366, 368, 431]
[304, 367, 369, 432]
[305, 368, 370, 433]
[306, 369, 371, 434]
[307, 370, 372, 435]
[308, 371, 373, 436]
[309, 372, 374, 437]
[310, 373, 375, 438]
[311, 374, 376, 439]
[312, 375, 377, 440]
[313, 376, 378, 441]
[314, 377, 379, 442]
[315, 378, 380, 443]
[316, 379, 381, 444]
[317, 380, 382, 445]
[318, 381, 383, 446]
[319, 320, 382, 447]
[320, 385, 447, 448]
[321, 384, 386, 449]
[322, 385, 387, 450]
[323, 386, 388, 451]
[324, 387, 389, 452]
[325, 388, 390, 453]
[326, 389, 391, 454]
[327, 390, 392, 455]
[328, 391, 393, 456]
[329, 392, 394, 457]
[330, 393, 395, 458]
[331, 394, 396, 459]
[332, 395, 397, 460]
[333, 396, 398, 461]
[334, 397, 399, 462]
[335, 398, 400, 463]
[336, 399, 401, 464]
[337, 400, 402, 465]
[338, 401, 403, 466]
[339, 402, 404, 467]
[340, 403, 405, 468]
[341, 404, 406, 469]
[342, 405, 407, 470]
[343, 406, 408, 471]
[344, 407, 409, 472]
[345, 408, 410, 473]
[346, 409, 411, 474]
[347, 410, 412, 475]
[348, 411, 413, 476]
[349, 412, 414, 477]
[350, 413, 415, 478]
[351, 414, 416, 479]
[352, 415, 417, 480]
[353, 416, 418, 481]
[354, 417, 419, 482]
[355, 418, 420, 483]
[356, 419, 421, 484]
[357, 420, 422, 485]
[358, 421, 423, 486]
[359, 422, 424, 487]
[360, 423, 425, 488]
[361, 424, 426, 489]
[362, 425, 427, 490]
[363, 426, 428, 491]
[364, 427, 429, 492]
[365, 428, 430, 493]
[366, 429, 431, 494]
[367, 430, 432, 495]
[368, 431, 433, 496]
[369, 432, 434, 497]
[370, 433, 435, 498]
[371, 434, 436, 499]
[372, 435, 437, 500]
[373, 436, 438, 501]
[374, 437, 439, 502]
[375, 438, 440, 503]
[376, 439, 441, 504]
[377, 440, 442, 505]
[378, 441, 443, 506]
[379, 442, 444, 507]
[380, 443, 445, 508]
[381, 444, 446, 509]
[382, 445, 447, 510]
[383, 384, 446, 511]
[384, 449, 511, 512]
[385, 448, 450, 513]
[386, 449, 451, 514]
[387, 450, 452, 515]
[388, 451, 453, 516]
[389, 452, 454, 517]
[390, 453, 455, 518]
[391, 454, 456, 519]
[392, 455, 457, 520]
[393, 456, 458, 521]
[394, 457, 459, 522]
[395, 458, 460, 523]
[396, 459, 461, 524]
[397, 460, 462, 525]
[398, 461, 463, 526]
[399, 462, 464, 527]
[400, 463, 465, 528]
[401, 464, 466, 529]
[402, 465, 467, 530]
[403, 466, 468, 531]
[404, 467, 469, 532]
[405, 468, 470, 533]
[406, 469, 471, 534]
[407, 470, 472, 535]
[408, 471, 473, 536]
[409, 472, 474, 537]
[410, 473, 475, 538]
[411, 474, 476, 539]
[412, 475, 477, 540]
[413, 476, 478, 541]
[414, 477, 479, 542]
[415, 478, 480, 543]
[416, 479, 481, 544]
[417, 480, 482, 545]
[418, 481, 483, 546]
[419, 482, 484, 547]
[420, 483, 485, 548]
[421, 484, 486, 549]
[422, 485, 487, 550]
[423, 486, 488, 551]
[424, 487, 489, 552]
[425, 488, 490, 553]
[426, 489, 491, 554]
[427, 490, 492, 555]
[428, 491, 493, 556]
[429, 492, 494, 557]
[430, 493, 495, 558]
[431, 494, 496, 559]
[432, 495, 497, 560]
[433, 496, 498, 561]
[434, 497, 499, 562]
[435, 498, 500, 563]
[436, 499, 501, 564]
[437, 500, 502, 565]
[438, 501, 503, 566]
[439, 502, 504, 567]
[440, 503, 505, 568]
[441, 504, 506, 569]
[442, 505, 507, 570]
[443, 506, 508, 571]
[444, 507, 509, 572]
[445, 508, 510, 573]
[446, 509, 511, 574]
[447, 448, 510, 575]
[448, 513, 575, 576]
[449, 512, 514, 577]
[450, 513, 515, 578]
[451, 514, 516, 579]
[452, 515, 517, 580]
[453, 516, 518, 581]
[454, 517, 519, 582]
[455, 518, 520, 583]
[456, 519, 521, 584]
[457, 520, 522, 585]
[458, 521, 523, 586]
[459, 522, 524, 587]
[460, 523, 525, 588]
[461, 524, 526, 589]
[462, 525, 527, 590]
[463, 526, 528, 591]
[464, 527, 529, 592]
[465, 528, 530, 593]
[466, 529, 531, 594]
[467, 530, 532, 595]
[468, 531, 533, 596]
[469, 532, 534, 597]
[470, 533, 535, 598]
[471, 534, 536, 599]
[472, 535, 537, 600]
[473, 536, 538, 601]
[474, 537, 539, 602]
[475, 538, 540, 603]
[476, 539, 541, 604]
[477, 540, 542, 605]
[478, 541, 543, 606]
[479, 542, 544, 607]
[480, 543, 545, 608]
[481, 544, 546, 609]
[482, 545, 547, 610]
[483, 546, 548, 611]
[484, 547, 549, 612]
[485, 548, 550, 613]
[486, 549, 551, 614]
[487, 550, 552, 615]
[488, 551, 553, 616]
[489, 552, 554, 617]
[490, 553, 555, 618]
[491, 554, 556, 619]
[492, 555, 557, 620]
[493, 556, 558, 621]
[494, 557, 559, 622]
[495, 558, 560, 623]
[496, 559, 561, 624]
[497, 560, 562, 625]
[498, 561, 563, 626]
[499, 562, 564, 627]
[500, 563, 565, 628]
[501, 564, 566, 629]
[502, 565, 567, 630]
[503, 566, 568, 631]
[504, 567, 569, 632]
[505, 568, 570, 633]
[506, 569, 571, 634]
[507, 570, 572, 635]
[508, 571, 573, 636]
[509, 572, 574, 637]
[510, 573, 575, 638]
[511, 512, 574, 639]
[512, 577, 639, 640]
[513, 576, 578, 641]
[514, 577, 579, 642]
[515, 578, 580, 643]
[516, 579, 581, 644]
[517, 580, 582, 645]
[518, 581, 583, 646]
[519, 582, 584, 647]
[520, 583, 585, 648]
[521, 584, 586, 649]
[522, 585, 587, 650]
[523, 586, 588, 651]
[524, 587, 589, 652]
[525, 588, 590, 653]
[526, 589, 591, 654]
[527, 590, 592, 655]
[528, 591, 593, 656]
[529, 592, 594, 657]
[530, 593, 595, 658]
[531, 594, 596, 659]
[532, 595, 597, 660]
[533, 596, 598, 661]
[534, 597, 599, 662]
[535, 598, 600, 663]
[536, 599, 601, 664]
[537, 600, 602, 665]
[538, 601, 603, 666]
[539, 602, 604, 667]
[540, 603, 605, 668]
[541, 604, 606, 669]
[542, 605, 607, 670]
[543, 606, 608, 671]
[544, 607, 609, 672]
[545, 608, 610, 673]
[546, 609, 611, 674]
[547, 610, 612, 675]
[548, 611, 613, 676]
[549, 612, 614, 677]
[550, 613, 615, 678]
[551, 614, 616, 679]
[552, 615, 617, 680]
[553, 616, 618, 681]
[554, 617, 619, 682]
[555, 618, 620, 683]
[556, 619, 621, 684]
[557, 620, 622, 685]
[558, 621, 623, 686]
[559, 622, 624, 687]
[560, 623, 625, 688]
[561, 624, 626, 689]
[562, 625, 627, 690]
[563, 626, 628, 691]
[564, 627, 629, 692]
[565, 628, 630, 693]
[566, 629, 631, 694]
[567, 630, 632, 695]
[568, 631, 633, 696]
[569, 632, 634, 697]
[570, 633, 635, 698]
[571, 634, 636, 699]
[572, 635, 637, 700]
[573, 636, 638, 701]
[574, 637, 639, 702]
[575, 576, 638, 703]
[576, 641, 703, 704]
[577, 640, 642, 705]
[578, 641, 643, 706]
[579, 642, 644, 707]
[580, 643, 645, 708]
[581, 644, 646, 709]
[582, 645, 647, 710]
[583, 646, 648, 711]
[584, 647, 649, 712]
[585, 648, 650, 713]
[586, 649, 651, 714]
[587, 650, 652, 715]
[588, 651, 653, 716]
[589, 652, 654, 717]
[590, 653, 655, 718]
[591, 654, 656, 719]
[592, 655, 657, 720]
[593, 656, 658, 721]
[594, 657, 659, 722]
[595, 658, 660, 723]
[596, 659, 661, 724]
[597, 660, 662, 725]
[598, 661, 663, 726]
[599, 662, 664, 727]
[600, 663, 665, 728]
[601, 664, 666, 729]
[602, 665, 667, 730]
[603, 666, 668, 731]
[604, 667, 669, 732]
[605, 668, 670, 733]
[606, 669, 671, 734]
[607, 670, 672, 735]
[608, 671, 673, 736]
[609, 672, 674, 737]
[610, 673, 675, 738]
[611, 674, 676, 739]
[612, 675, 677, 740]
[613, 676, 678, 741]
[614, 677, 679, 742]
[615, 678, 680, 743]
[616, 679, 681, 744]
[617, 680, 682, 745]
[618, 681, 683, 746]
[619, 682, 684, 747]
[620, 683, 685, 748]
[621, 684, 686, 749]
[622, 685, 687, 750]
[623, 686, 688, 751]
[624, 687, 689, 752]
[625, 688, 690, 753]
[626, 689, 691, 754]
[627, 690, 692, 755]
[628, 691, 693, 756]
[629, 692, 694, 757]
[630, 693, 695, 758]
[631, 694, 696, 759]
[632, 695, 697, 760]
[633, 696, 698, 761]
[634, 697, 699, 762]
[635, 698, 700, 763]
[636, 699, 701, 764]
[637, 700, 702, 765]
[638, 701, 703, 766]
[639, 640, 702, 767]
[640, 705, 767, 768]
[641, 704, 706, 769]
[642, 705, 707, 770]
[643, 706, 708, 771]
[644, 707, 709, 772]
[645, 708, 710, 773]
[646, 709, 711, 774]
[647, 710, 712, 775]
[648, 711, 713, 776]
[649, 712, 714, 777]
[650, 713, 715, 778]
[651, 714, 716, 779]
[652, 715, 717, 780]
[653, 716, 718, 781]
[654, 717, 719, 782]
[655, 718, 720, 783]
[656, 719, 721, 784]
[657, 720, 722, 785]
[658, 721, 723, 786]
[659, 722, 724, 787]
[660, 723, 725, 788]
[661, 724, 726, 789]
[662, 725, 727, 790]
[663, 726, 728, 791]
[664, 727, 729, 792]
[665, 728, 730, 793]
[666, 729, 731, 794]
[667, 730, 732, 795]
[668, 731, 733, 796]
[669, 732, 734, 797]
[670, 733, 735, 798]
[671, 734, 736, 799]
[672, 735, 737, 800]
[673, 736, 738, 801]
[674, 737, 739, 802]
[675, 738, 740, 803]
[676, 739, 741, 804]
[677, 740, 742, 805]
[678, 741, 743, 806]
[679, 742, 744, 807]
[680, 743, 745, 808]
[681, 744, 746, 809]
[682, 745, 747, 810]
[683, 746, 748, 811]
[684, 747, 749, 812]
[685, 748, 750, 813]
[686, 749, 751, 814]
[687, 750, 752, 815]
[688, 751, 753, 816]
[689, 752, 754, 817]
[690, 753, 755, 818]
[691, 754, 756, 819]
[692, 755, 757, 820]
[693, 756, 758, 821]
[694, 757, 759, 822]
[695, 758, 760, 823]
[696, 759, 761, 824]
[697, 760, 762, 825]
[698, 761, 763, 826]
[699, 762, 764, 827]
[700, 763, 765, 828]
[701, 764, 766, 829]
[702, 765, 767, 830]
[703, 704, 766, 831]
[704, 769, 831, 832]
[705, 768, 770, 833]
[706, 769, 771, 834]
[707, 770, 772, 835]
[708, 771, 773, 836]
[709, 772, 774, 837]
[710, 773, 775, 838]
[711, 774, 776, 839]
[712, 775, 777, 840]
[713, 776, 778, 841]
[714, 777, 779, 842]
[715, 778, 780, 843]
[716, 779, 781, 844]
[717, 780, 782, 845]
[718, 781, 783, 846]
[719, 782, 784, 847]
[720, 783, 785, 848]
[721, 784, 786, 849]
[722, 785, 787, 850]
[723, 786, 788, 851]
[724, 787, 789, 852]
[725, 788, 790, 853]
[726, 789, 791, 854]
[727, 790, 792, 855]
[728, 791, 793, 856]
[729, 792, 794, 857]
[730, 793, 795, 858]
[731, 794, 796, 859]
[732, 795, 797, 860]
[733, 796, 798, 861]
[734, 797, 799, 862]
[735, 798, 800, 863]
[736, 799, 801, 864]
[737, 800, 802, 865]
[738, 801, 803, 866]
[739, 802, 804, 867]
[740, 803, 805, 868]
[741, 804, 806, 869]
[742, 805, 807, 870]
[743, 806, 808, 871]
[744, 807, 809, 872]
[745, 808, 810, 873]
[746, 809, 811, 874]
[747, 810, 812, 875]
[748, 811, 813, 876]
[749, 812, 814, 877]
[750, 813, 815, 878]
[751, 814, 816, 879]
[752, 815, 817, 880]
[753, 816, 818, 881]
[754, 817, 819, 882]
[755, 818, 820, 883]
[756, 819, 821, 884]
[757, 820, 822, 885]
[758, 821, 823, 886]
[759, 822, 824, 887]
[760, 823, 825, 888]
[761, 824, 826, 889]
[762, 825, 827, 890]
[763, 826, 828, 891]
[764, 827, 829, 892]
[765, 828, 830, 893]
[766, 829, 831, 894]
[767, 768, 830, 895]
[768, 833, 895, 896]
[769, 832, 834, 897]
[770, 833, 835, 898]
[771, 834, 836, 899]
[772, 835, 837, 900]
[773, 836, 838, 901]
[774, 837, 839, 902]
[775, 838, 840, 903]
[776, 839, 841, 904]
[777, 840, 842, 905]
[778, 841, 843, 906]
[779, 842, 844, 907]
[780, 843, 845, 908]
[781, 844, 846, 909]
[782, 845, 847, 910]
[783, 846, 848, 911]
[784, 847, 849, 912]
[785, 848, 850, 913]
[786, 849, 851, 914]
[787, 850, 852, 915]
[788, 851, 853, 916]
[789, 852, 854, 917]
[790, 853, 855, 918]
[791, 854, 856, 919]
[792, 855, 857, 920]
[793, 856, 858, 921]
[794, 857, 859, 922]
[795, 858, 860, 923]
[796, 859, 861, 924]
[797, 860, 862, 925]
[798, 861, 863, 926]
[799, 862, 864, 927]
[800, 863, 865, 928]
[801, 864, 866, 929]
[802, 865, 867, 930]
[803, 866, 868, 931]
[804, 867, 869, 932]
[805, 868, 870, 933]
[806, 869, 871, 934]
[807, 870, 872, 935]
[808, 871, 873, 936]
[809, 872, 874, 937]
[810, 873, 875, 938]
[811, 874, 876, 939]
[812, 875, 877, 940]
[813, 876, 878, 941]
[814, 877, 879, 942]
[815, 878, 880, 943]
[816, 879, 881, 944]
[817, 880, 882, 945]
[818, 881, 883, 946]
[819, 882, 884, 947]
[820, 883, 885, 948]
[821, 884, 886, 949]
[822, 885, 887, 950]
[823, 886, 888, 951]
[824, 887, 889, 952]
[825, 888, 890, 953]
[826, 889, 891, 954]
[827, 890, 892, 955]
[828, 891, 893, 956]
[829, 892, 894, 957]
[830, 893, 895, 958]
[831, 832, 894, 959]
[832, 897, 959, 960]
[833, 896, 898, 961]
[834, 897, 899, 962]
[835, 898, 900, 963]
[836, 899, 901, 964]
[837, 900, 902, 965]
[838, 901, 903, 966]
[839, 902, 904, 967]
[840, 903, 905, 968]
[841, 904, 906, 969]
[842, 905, 907, 970]
[843, 906, 908, 971]
[844, 907, 909, 972]
[845, 908, 910, 973]
[846, 909, 911, 974]
[847, 910, 912, 975]
[848, 911, 913, 976]
[849, 912, 914, 977]
[850, 913, 915, 978]
[851, 914, 916, 979]
[852, 915, 917, 980]
[853, 916, 918, 981]
[854, 917, 919, 982]
[855, 918, 920, 983]
[856, 919, 921, 984]
[857, 920, 922, 985]
[858, 921, 923, 986]
[859, 922, 924, 987]
[860, 923, 925, 988]
[861, 924, 926, 989]
[862, 925, 927, 990]
[863, 926, 928, 991]
[864, 927, 929, 992]
[865, 928, 930, 993]
[866, 929, 931, 994]
[867, 930, 932, 995]
[868, 931, 933, 996]
[869, 932, 934, 997]
[870, 933, 935, 998]
[871, 934, 936, 999]
[872, 935, 937, 1000]
[873, 936, 938, 1001]
[874, 937, 939, 1002]
[875, 938, 940, 1003]
[876, 939, 941, 1004]
[877, 940, 942, 1005]
[878, 941, 943, 1006]
[879, 942, 944, 1007]
[880, 943, 945, 1008]
[881, 944, 946, 1009]
[882, 945, 947, 1010]
[883, 946, 948, 1011]
[884, 947, 949, 1012]
[885, 948, 950, 1013]
[886, 949, 951, 1014]
[887, 950, 952, 1015]
[888, 951, 953, 1016]
[889, 952, 954, 1017]
[890, 953, 955, 1018]
[891, 954, 956, 1019]
[892, 955, 957, 1020]
[893, 956, 958, 1021]
[894, 957, 959, 1022]
[895, 896, 958, 1023]
[896, 961, 1023, 1024]
[897, 960, 962, 1025]
[898, 961, 963, 1026]
[899, 962, 964, 1027]
[900, 963, 965, 1028]
[901, 964, 966, 1029]
[902, 965, 967, 1030]
[903, 966, 968, 1031]
[904, 967, 969, 1032]
[905, 968, 970, 1033]
[906, 969, 971, 1034]
[907, 970, 972, 1035]
[908, 971, 973, 1036]
[909, 972, 974, 1037]
[910, 973, 975, 1038]
[911, 974, 976, 1039]
[912, 975, 977, 1040]
[913, 976, 978, 1041]
[914, 977, 979, 1042]
[915, 978, 980, 1043]
[916, 979, 981, 1044]
[917, 980, 982, 1045]
[918, 981, 983, 1046]
[919, 982, 984, 1047]
[920, 983, 985, 1048]
[921, 984, 986, 1049]
[922, 985, 987, 1050]
[923, 986, 988, 1051]
[924, 987, 989, 1052]
[925, 988, 990, 1053]
[926, 989, 991, 1054]
[927, 990, 992, 1055]
[928, 991, 993, 1056]
[929, 992, 994, 1057]
[930, 993, 995, 1058]
[931, 994, 996, 1059]
[932, 995, 997, 1060]
[933, 996, 998, 1061]
[934, 997, 999, 1062]
[935, 998, 1000, 1063]
[936, 999, 1001, 1064]
[937, 1000, 1002, 1065]
[938, 1001, 1003, 1066]
[939, 1002, 1004, 1067]
[940, 1003, 1005, 1068]
[941, 1004, 1006, 1069]
[942, 1005, 1007, 1070]
[943, 1006, 1008, 1071]
[944, 1007, 1009, 1072]
[945, 1008, 1010, 1073]
[946, 1009, 1011, 1074]
[947, 1010, 1012, 1075]
[948, 1011, 1013, 1076]
[949, 1012, 1014, 1077]
[950, 1013, 1015, 1078]
[951, 1014, 1016, 1079]
[952, 1015, 1017, 1080]
[953, 1016, 1018, 1081]
[954, 1017, 1019, 1082]
[955, 1018, 1020, 1083]
[956, 1019, 1021, 1084]
[957, 1020, 1022, 1085]
[958, 1021, 1023, 1086]
[959, 960, 1022, 1087]
[960, 1025, 1087, 1088]
[961, 1024, 1026, 1089]
[962, 1025, 1027, 1090]
[963, 1026, 1028, 1091]
[964, 1027, 1029, 1092]
[965, 1028, 1030, 1093]
[966, 1029, 1031, 1094]
[967, 1030, 1032, 1095]
[968, 1031, 1033, 1096]
[969, 1032, 1034, 1097]
[970, 1033, 1035, 1098]
[971, 1034, 1036, 1099]
[972, 1035, 1037, 1100]
[973, 1036, 1038, 1101]
[974, 1037, 1039, 1102]
[975, 1038, 1040, 1103]
[976, 1039, 1041, 1104]
[977, 1040, 1042, 1105]
[978, 1041, 1043, 1106]
[979, 1042, 1044, 1107]
[980, 1043, 1045, 1108]
[981, 1044, 1046, 1109]
[982, 1045, 1047, 1110]
[983, 1046, 1048, 1111]
[984, 1047, 1049, 1112]
[985, 1048, 1050, 1113]
[986, 1049, 1051, 1114]
[987, 1050, 1052, 1115]
[988, 1051, 1053, 1116]
[989, 1052, 1054, 1117]
[990, 1053, 1055, 1118]
[991, 1054, 1056, 1119]
[992, 1055, 1057, 1120]
[993, 1056, 1058, 1121]
[994, 1057, 1059, 1122]
[995, 1058, 1060, 1123]
[996, 1059, 1061, 1124]
[997, 1060, 1062, 1125]
[998, 1061, 1063, 1126]
[999, 1062, 1064, 1127]
[1000, 1063, 1065, 1128]
[1001, 1064, 1066, 1129]
[1002, 1065, 1067, 1130]
[1003, 1066, 1068, 1131]
[1004, 1067, 1069, 1132]
[1005, 1068, 1070, 1133]
[1006, 1069, 1071, 1134]
[1007, 1070, 1072, 1135]
[1008, 1071, 1073, 1136]
[1009, 1072, 1074, 1137]
[1010, 1073, 1075, 1138]
[1011, 1074, 1076, 1139]
[1012, 1075, 1077, 1140]
[1013, 1076, 1078, 1141]
[1014, 1077, 1079, 1142]
[1015, 1078, 1080, 1143]
[1016, 1079, 1081, 1144]
[1017, 1080, 1082, 1145]
[1018, 1081, 1083, 1146]
[1019, 1082, 1084, 1147]
[1020, 1083, 1085, 1148]
[1021, 1084, 1086, 1149]
[1022, 1085, 1087, 1150]
[1023, 1024, 1086, 1151]
[1024, 1089, 1151, 1152]
[1025, 1088, 1090, 1153]
[1026, 1089, 1091, 1154]
[1027, 1090, 1092, 1155]
[1028, 1091, 1093, 1156]
[1029, 1092, 1094, 1157]
[1030, 1093, 1095, 1158]
[1031, 1094, 1096, 1159]
[1032, 1095, 1097, 1160]
[1033, 1096, 1098, 1161]
[1034, 1097, 1099, 1162]
[1035, 1098, 1100, 1163]
[1036, 1099, 1101, 1164]
[1037, 1100, 1102, 1165]
[1038, 1101, 1103, 1166]
[1039, 1102, 1104, 1167]
[1040, 1103, 1105, 1168]
[1041, 1104, 1106, 1169]
[1042, 1105, 1107, 1170]
[1043, 1106, 1108, 1171]
[1044, 1107, 1109, 1172]
[1045, 1108, 1110, 1173]
[1046, 1109, 1111, 1174]
[1047, 1110, 1112, 1175]
[1048, 1111, 1113, 1176]
[1049, 1112, 1114, 1177]
[1050, 1113, 1115, 1178]
[1051, 1114, 1116, 1179]
[1052, 1115, 1117, 1180]
[1053, 1116, 1118, 1181]
[1054, 1117, 1119, 1182]
[1055, 1118, 1120, 1183]
[1056, 1119, 1121, 1184]
[1057, 1120, 1122, 1185]
[1058, 1121, 1123, 1186]
[1059, 1122, 1124, 1187]
[1060, 1123, 1125, 1188]
[1061, 1124, 1126, 1189]
[1062, 1125, 1127, 1190]
[1063, 1126, 1128, 1191]
[1064, 1127, 1129, 1192]
[1065, 1128, 1130, 1193]
[1066, 1129, 1131, 1194]
[1067, 1130, 1132, 1195]
[1068, 1131, 1133, 1196]
[1069, 1132, 1134, 1197]
[1070, 1133, 1135, 1198]
[1071, 1134, 1136, 1199]
[1072, 1135, 1137, 1200]
[1073, 1136, 1138, 1201]
[1074, 1137, 1139, 1202]
[1075, 1138, 1140, 1203]
[1076, 1139, 1141, 1204]
[1077, 1140, 1142, 1205]
[1078, 1141, 1143, 1206]
[1079, 1142, 1144, 1207]
[1080, 1143, 1145, 1208]
[1081, 1144, 1146, 1209]
[1082, 1145, 1147, 1210]
[1083, 1146, 1148, 1211]
[1084, 1147, 1149, 1212]
[1085, 1148, 1150, 1213]
[1086, 1149, 1151, 1214]
[1087, 1088, 1150, 1215]
[1088, 1153, 1215, 1216]
[1089, 1152, 1154, 1217]
[1090, 1153, 1155, 1218]
[1091, 1154, 1156, 1219]
[1092, 1155, 1157, 1220]
[1093, 1156, 1158, 1221]
[1094, 1157, 1159, 1222]
[1095, 1158, 1160, 1223]
[1096, 1159, 1161, 1224]
[1097, 1160, 1162, 1225]
[1098, 1161, 1163, 1226]
[1099, 1162, 1164, 1227]
[1100, 1163, 1165, 1228]
[1101, 1164, 1166, 1229]
[1102, 1165, 1167, 1230]
[1103, 1166, 1168, 1231]
[1104, 1167, 1169, 1232]
[1105, 1168, 1170, 1233]
[1106, 1169, 1171, 1234]
[1107, 1170, 1172, 1235]
[1108, 1171, 1173, 1236]
[1109, 1172, 1174, 1237]
[1110, 1173, 1175, 1238]
[1111, 1174, 1176, 1239]
[1112, 1175, 1177, 1240]
[1113, 1176, 1178, 1241]
[1114, 1177, 1179, 1242]
[1115, 1178, 1180, 1243]
[1116, 1179, 1181, 1244]
[1117, 1180, 1182, 1245]
[1118, 1181, 1183, 1246]
[1119, 1182, 1184, 1247]
[1120, 1183, 1185, 1248]
[1121, 1184, 1186, 1249]
[1122, 1185, 1187, 1250]
[1123, 1186, 1188, 1251]
[1124, 1187, 1189, 1252]
[1125, 1188, 1190, 1253]
[1126, 1189, 1191, 1254]
[1127, 1190, 1192, 1255]
[1128, 1191, 1193, 1256]
[1129, 1192, 1194, 1257]
[1130, 1193, 1195, 1258]
[1131, 1194, 1196, 1259]
[1132, 1195, 1197, 1260]
[1133, 1196, 1198, 1261]
[1134, 1197, 1199, 1262]
[1135, 1198, 1200, 1263]
[1136, 1199, 1201, 1264]
[1137, 1200, 1202, 1265]
[1138, 1201, 1203, 1266]
[1139, 1202, 1204, 1267]
[1140, 1203, 1205, 1268]
[1141, 1204, 1206, 1269]
[1142, 1205, 1207, 1270]
[1143, 1206, 1208, 1271]
[1144, 1207, 1209, 1272]
[1145, 1208, 1210, 1273]
[1146, 1209, 1211, 1274]
[1147, 1210, 1212, 1275]
[1148, 1211, 1213, 1276]
[1149, 1212, 1214, 1277]
[1150, 1213, 1215, 1278]
[1151, 1152, 1214, 1279]
[1152, 1217, 1279, 1280]
[1153, 1216, 1218, 1281]
[1154, 1217, 1219, 1282]
[1155, 1218, 1220, 1283]
[1156, 1219, 1221, 1284]
[1157, 1220, 1222, 1285]
[1158, 1221, 1223, 1286]
[1159, 1222, 1224, 1287]
[1160, 1223, 1225, 1288]
[1161, 1224, 1226, 1289]
[1162, 1225, 1227, 1290]
[1163, 1226, 1228, 1291]
[1164, 1227, 1229, 1292]
[1165, 1228, 1230, 1293]
[1166, 1229, 1231, 1294]
[1167, 1230, 1232, 1295]
[1168, 1231, 1233, 1296]
[1169, 1232, 1234, 1297]
[1170, 1233, 1235, 1298]
[1171, 1234, 1236, 1299]
[1172, 1235, 1237, 1300]
[1173, 1236, 1238, 1301]
[1174, 1237, 1239, 1302]
[1175, 1238, 1240, 1303]
[1176, 1239, 1241, 1304]
[1177, 1240, 1242, 1305]
[1178, 1241, 1243, 1306]
[1179, 1242, 1244, 1307]
[1180, 1243, 1245, 1308]
[1181, 1244, 1246, 1309]
[1182, 1245, 1247, 1310]
[1183, 1246, 1248, 1311]
[1184, 1247, 1249, 1312]
[1185, 1248, 1250, 1313]
[1186, 1249, 1251, 1314]
[1187, 1250, 1252, 1315]
[1188, 1251, 1253, 1316]
[1189, 1252, 1254, 1317]
[1190, 1253, 1255, 1318]
[1191, 1254, 1256, 1319]
[1192, 1255, 1257, 1320]
[1193, 1256, 1258, 1321]
[1194, 1257, 1259, 1322]
[1195, 1258, 1260, 1323]
[1196, 1259, 1261, 1324]
[1197, 1260, 1262, 1325]
[1198, 1261, 1263, 1326]
[1199, 1262, 1264, 1327]
[1200, 1263, 1265, 1328]
[1201, 1264, 1266, 1329]
[1202, 1265, 1267, 1330]
[1203, 1266, 1268, 1331]
[1204, 1267, 1269, 1332]
[1205, 1268, 1270, 1333]
[1206, 1269, 1271, 1334]
[1207, 1270, 1272, 1335]
[1208, 1271, 1273, 1336]
[1209, 1272, 1274, 1337]
[1210, 1273, 1275, 1338]
[1211, 1274, 1276, 1339]
[1212, 1275, 1277, 1340]
[1213, 1276, 1278, 1341]
[1214, 1277, 1279, 1342]
[1215, 1216, 1278, 1343]
[1216, 1281, 1343, 1344]
[1217, 1280, 1282, 1345]
[1218, 1281, 1283, 1346]
[1219, 1282, 1284, 1347]
[1220, 1283, 1285, 1348]
[1221, 1284, 1286, 1349]
[1222, 1285, 1287, 1350]
[1223, 1286, 1288, 1351]
[1224, 1287, 1289, 1352]
[1225, 1288, 1290, 1353]
[1226, 1289, 1291, 1354]
[1227, 1290, 1292, 1355]
[1228, 1291, 1293, 1356]
[1229, 1292, 1294, 1357]
[1230, 1293, 1295, 1358]
[1231, 1294, 1296, 1359]
[1232, 1295, 1297, 1360]
[1233, 1296, 1298, 1361]
[1234, 1297, 1299, 1362]
[1235, 1298, 1300, 1363]
[1236, 1299, 1301, 1364]
[1237, 1300, 1302, 1365]
[1238, 1301, 1303, 1366]
[1239, 1302, 1304, 1367]
[1240, 1303, 1305, 1368]
[1241, 1304, 1306, 1369]
[1242, 1305, 1307, 1370]
[1243, 1306, 1308, 1371]
[1244, 1307, 1309, 1372]
[1245, 1308, 1310, 1373]
[1246, 1309, 1311, 1374]
[1247, 1310, 1312, 1375]
[1248, 1311, 1313, 1376]
[1249, 1312, 1314, 1377]
[1250, 1313, 1315, 1378]
[1251, 1314, 1316, 1379]
[1252, 1315, 1317, 1380]
[1253, 1316, 1318, 1381]
[1254, 1317, 1319, 1382]
[1255, 1318, 1320, 1383]
[1256, 1319, 1321, 1384]
[1257, 1320, 1322, 1385]
[1258, 1321, 1323, 1386]
[1259, 1322, 1324, 1387]
[1260, 1323, 1325, 1388]
[1261, 1324, 1326, 1389]
[1262, 1325, 1327, 1390]
[1263, 1326, 1328, 1391]
[1264, 1327, 1329, 1392]
[1265, 1328, 1330, 1393]
[1266, 1329, 1331, 1394]
[1267, 1330, 1332, 1395]
[1268, 1331, 1333, 1396]
[1269, 1332, 1334, 1397]
[1270, 1333, 1335, 1398]
[1271, 1334, 1336, 1399]
[1272, 1335, 1337, 1400]
[1273, 1336, 1338, 1401]
[1274, 1337, 1339, 1402]
[1275, 1338, 1340, 1403]
[1276, 1339, 1341, 1404]
[1277, 1340, 1342, 1405]
[1278, 1341, 1343, 1406]
[1279, 1280, 1342, 1407]
[1280, 1345, 1407, 1408]
[1281, 1344, 1346, 1409]
[1282, 1345, 1347, 1410]
[1283, 1346, 1348, 1411]
[1284, 1347, 1349, 1412]
[1285, 1348, 1350, 1413]
[1286, 1349, 1351, 1414]
[1287, 1350, 1352, 1415]
[1288, 1351, 1353, 1416]
[1289, 1352, 1354, 1417]
[1290, 1353, 1355, 1418]
[1291, 1354, 1356, 1419]
[1292, 1355, 1357, 1420]
[1293, 1356, 1358, 1421]
[1294, 1357, 1359, 1422]
[1295, 1358, 1360, 1423]
[1296, 1359, 1361, 1424]
[1297, 1360, 1362, 1425]
[1298, 1361, 1363, 1426]
[1299, 1362, 1364, 1427]
[1300, 1363, 1365, 1428]
[1301, 1364, 1366, 1429]
[1302, 1365, 1367, 1430]
[1303, 1366, 1368, 1431]
[1304, 1367, 1369, 1432]
[1305, 1368, 1370, 1433]
[1306, 1369, 1371, 1434]
[1307, 1370, 1372, 1435]
[1308, 1371, 1373, 1436]
[1309, 1372, 1374, 1437]
[1310, 1373, 1375, 1438]
[1311, 1374, 1376, 1439]
[1312, 1375, 1377, 1440]
[1313, 1376, 1378, 1441]
[1314, 1377, 1379, 1442]
[1315, 1378, 1380, 1443]
[1316, 1379, 1381, 1444]
[1317, 1380, 1382, 1445]
[1318, 1381, 1383, 1446]
[1319, 1382, 1384, 1447]
[1320, 1383, 1385, 1448]
[1321, 1384, 1386, 1449]
[1322, 1385, 1387, 1450]
[1323, 1386, 1388, 1451]
[1324, 1387, 1389, 1452]
[1325, 1388, 1390, 1453]
[1326, 1389, 1391, 1454]
[1327, 1390, 1392, 1455]
[1328, 1391, 1393, 1456]
[1329, 1392, 1394, 1457]
[1330, 1393, 1395, 1458]
[1331, 1394, 1396, 1459]
[1332, 1395, 1397, 1460]
[1333, 1396, 1398, 1461]
[1334, 1397, 1399, 1462]
[1335, 1398, 1400, 1463]
[1336, 1399, 1401, 1464]
[1337, 1400, 1402, 1465]
[1338, 1401, 1403, 1466]
[1339, 1402, 1404, 1467]
[1340, 1403, 1405, 1468]
[1341, 1404, 1406, 1469]
[1342, 1405, 1407, 1470]
[1343, 1344, 1406, 1471]
[1344, 1409, 1471, 1472]
[1345, 1408, 1410, 1473]
[1346, 1409, 1411, 1474]
[1347, 1410, 1412, 1475]
[1348, 1411, 1413, 1476]
[1349, 1412, 1414, 1477]
[1350, 1413, 1415, 1478]
[1351, 1414, 1416, 1479]
[1352, 1415, 1417, 1480]
[1353, 1416, 1418, 1481]
[1354, 1417, 1419, 1482]
[1355, 1418, 1420, 1483]
[1356, 1419, 1421, 1484]
[1357, 1420, 1422, 1485]
[1358, 1421, 1423, 1486]
[1359, 1422, 1424, 1487]
[1360, 1423, 1425, 1488]
[1361, 1424, 1426, 1489]
[1362, 1425, 1427, 1490]
[1363, 1426, 1428, 1491]
[1364, 1427, 1429, 1492]
[1365, 1428, 1430, 1493]
[1366, 1429, 1431, 1494]
[1367, 1430, 1432, 1495]
[1368, 1431, 1433, 1496]
[1369, 1432, 1434, 1497]
[1370, 1433, 1435, 1498]
[1371, 1434, 1436, 1499]
[1372, 1435, 1437, 1500]
[1373, 1436, 1438, 1501]
[1374, 1437, 1439, 1502]
[1375, 1438, 1440, 1503]
[1376, 1439, 1441, 1504]
[1377, 1440, 1442, 1505]
[1378, 1441, 1443, 1506]
[1379, 1442, 1444, 1507]
[1380, 1443, 1445, 1508]
[1381, 1444, 1446, 1509]
[1382, 1445, 1447, 1510]
[1383, 1446, 1448, 1511]
[1384, 1447, 1449, 1512]
[1385, 1448, 1450, 1513]
[1386, 1449, 1451, 1514]
[1387, 1450, 1452, 1515]
[1388, 1451, 1453, 1516]
[1389, 1452, 1454, 1517]
[1390, 1453, 1455, 1518]
[1391, 1454, 1456, 1519]
[1392, 1455, 1457, 1520]
[1393, 1456, 1458, 1521]
[1394, 1457, 1459, 1522]
[1395, 1458, 1460, 1523]
[1396, 1459, 1461, 1524]
[1397, 1460, 1462, 1525]
[1398, 1461, 1463, 1526]
[1399, 1462, 1464, 1527]
[1400, 1463, 1465, 1528]
[1401, 1464, 1466, 1529]
[1402, 1465, 1467, 1530]
[1403, 1466, 1468, 1531]
[1404, 1467, 1469, 1532]
[1405, 1468, 1470, 1533]
[1406, 1469, 1471, 1534]
[1407, 1408, 1470, 1535]
[1408, 1473, 1535, 1536]
[1409, 1472, 1474, 1537]
[1410, 1473, 1475, 1538]
[1411, 1474, 1476, 1539]
[1412, 1475, 1477, 1540]
[1413, 1476, 1478, 1541]
[1414, 1477, 1479, 1542]
[1415, 1478, 1480, 1543]
[1416, 1479, 1481, 1544]
[1417, 1480, 1482, 1545]
[1418, 1481, 1483, 1546]
[1419, 1482, 1484, 1547]
[1420, 1483, 1485, 1548]
[1421, 1484, 1486, 1549]
[1422, 1485, 1487, 1550]
[1423, 1486, 1488, 1551]
[1424, 1487, 1489, 1552]
[1425, 1488, 1490, 1553]
[1426, 1489, 1491, 1554]
[1427, 1490, 1492, 1555]
[1428, 1491, 1493, 1556]
[1429, 1492, 1494, 1557]
[1430, 1493, 1495, 1558]
[1431, 1494, 1496, 1559]
[1432, 1495, 1497, 1560]
[1433, 1496, 1498, 1561]
[1434, 1497, 1499, 1562]
[1435, 1498, 1500, 1563]
[1436, 1499, 1501, 1564]
[1437, 1500, 1502, 1565]
[1438, 1501, 1503, 1566]
[1439, 1502, 1504, 1567]
[1440, 1503, 1505, 1568]
[1441, 1504, 1506, 1569]
[1442, 1505, 1507, 1570]
[1443, 1506, 1508, 1571]
[1444, 1507, 1509, 1572]
[1445, 1508, 1510, 1573]
[1446, 1509, 1511, 1574]
[1447, 1510, 1512, 1575]
[1448, 1511, 1513, 1576]
[1449, 1512, 1514, 1577]
[1450, 1513, 1515, 1578]
[1451, 1514, 1516, 1579]
[1452, 1515, 1517, 1580]
[1453, 1516, 1518, 1581]
[1454, 1517, 1519, 1582]
[1455, 1518, 1520, 1583]
[1456, 1519, 1521, 1584]
[1457, 1520, 1522, 1585]
[1458, 1521, 1523, 1586]
[1459, 1522, 1524, 1587]
[1460, 1523, 1525, 1588]
[1461, 1524, 1526, 1589]
[1462, 1525, 1527, 1590]
[1463, 1526, 1528, 1591]
[1464, 1527, 1529, 1592]
[1465, 1528, 1530, 1593]
[1466, 1529, 1531, 1594]
[1467, 1530, 1532, 1595]
[1468, 1531, 1533, 1596]
[1469, 1532, 1534, 1597]
[1470, 1533, 1535, 1598]
[1471, 1472, 1534, 1599]
[1472, 1537, 1599, 1600]
[1473, 1536, 1538, 1601]
[1474, 1537, 1539, 1602]
[1475, 1538, 1540, 1603]
[1476, 1539, 1541, 1604]
[1477, 1540, 1542, 1605]
[1478, 1541, 1543, 1606]
[1479, 1542, 1544, 1607]
[1480, 1543, 1545, 1608]
[1481, 1544, 1546, 1609]
[1482, 1545, 1547, 1610]
[1483, 1546, 1548, 1611]
[1484, 1547, 1549, 1612]
[1485, 1548, 1550, 1613]
[1486, 1549, 1551, 1614]
[1487, 1550, 1552, 1615]
[1488, 1551, 1553, 1616]
[1489, 1552, 1554, 1617]
[1490, 1553, 1555, 1618]
[1491, 1554, 1556, 1619]
[1492, 1555, 1557, 1620]
[1493, 1556, 1558, 1621]
[1494, 1557, 1559, 1622]
[1495, 1558, 1560, 1623]
[1496, 1559, 1561, 1624]
[1497, 1560, 1562, 1625]
[1498, 1561, 1563, 1626]
[1499, 1562, 1564, 1627]
[1500, 1563, 1565, 1628]
[1501, 1564, 1566, 1629]
[1502, 1565, 1567, 1630]
[1503, 1566, 1568, 1631]
[1504, 1567, 1569, 1632]
[1505, 1568, 1570, 1633]
[1506, 1569, 1571, 1634]
[1507, 1570, 1572, 1635]
[1508, 1571, 1573, 1636]
[1509, 1572, 1574, 1637]
[1510, 1573, 1575, 1638]
[1511, 1574, 1576, 1639]
[1512, 1575, 1577, 1640]
[1513, 1576, 1578, 1641]
[1514, 1577, 1579, 1642]
[1515, 1578, 1580, 1643]
[1516, 1579, 1581, 1644]
[1517, 1580, 1582, 1645]
[1518, 1581, 1583, 1646]
[1519, 1582, 1584, 1647]
[1520, 1583, 1585, 1648]
[1521, 1584, 1586, 1649]
[1522, 1585, 1587, 1650]
[1523, 1586, 1588, 1651]
[1524, 1587, 1589, 1652]
[1525, 1588, 1590, 1653]
[1526, 1589, 1591, 1654]
[1527, 1590, 1592, 1655]
[1528, 1591, 1593, 1656]
[1529, 1592, 1594, 1657]
[1530, 1593, 1595, 1658]
[1531, 1594, 1596, 1659]
[1532, 1595, 1597, 1660]
[1533, 1596, 1598, 1661]
[1534, 1597, 1599, 1662]
[1535, 1536, 1598, 1663]
[1536, 1601, 1663, 1664]
[1537, 1600, 1602, 1665]
[1538, 1601, 1603, 1666]
[1539, 1602, 1604, 1667]
[1540, 1603, 1605, 1668]
[1541, 1604, 1606, 1669]
[1542, 1605, 1607, 1670]
[1543, 1606, 1608, 1671]
[1544, 1607, 1609, 1672]
[1545, 1608, 1610, 1673]
[1546, 1609, 1611, 1674]
[1547, 1610, 1612, 1675]
[1548, 1611, 1613, 1676]
[1549, 1612, 1614, 1677]
[1550, 1613, 1615, 1678]
[1551, 1614, 1616, 1679]
[1552, 1615, 1617, 1680]
[1553, 1616, 1618, 1681]
[1554, 1617, 1619, 1682]
[1555, 1618, 1620, 1683]
[1556, 1619, 1621, 1684]
[1557, 1620, 1622, 1685]
[1558, 1621, 1623, 1686]
[1559, 1622, 1624, 1687]
[1560, 1623, 1625, 1688]
[1561, 1624, 1626, 1689]
[1562, 1625, 1627, 1690]
[1563, 1626, 1628, 1691]
[1564, 1627, 1629, 1692]
[1565, 1628, 1630, 1693]
[1566, 1629, 1631, 1694]
[1567, 1630, 1632, 1695]
[1568, 1631, 1633, 1696]
[1569, 1632, 1634, 1697]
[1570, 1633, 1635, 1698]
[1571, 1634, 1636, 1699]
[1572, 1635, 1637, 1700]
[1573, 1636, 1638, 1701]
[1574, 1637, 1639, 1702]
[1575, 1638, 1640, 1703]
[1576, 1639, 1641, 1704]
[1577, 1640, 1642, 1705]
[1578, 1641, 1643, 1706]
[1579, 1642, 1644, 1707]
[1580, 1643, 1645, 1708]
[1581, 1644, 1646, 1709]
[1582, 1645, 1647, 1710]
[1583, 1646, 1648, 1711]
[1584, 1647, 1649, 1712]
[1585, 1648, 1650, 1713]
[1586, 1649, 1651, 1714]
[1587, 1650, 1652, 1715]
[1588, 1651, 1653, 1716]
[1589, 1652, 1654, 1717]
[1590, 1653, 1655, 1718]
[1591, 1654, 1656, 1719]
[1592, 1655, 1657, 1720]
[1593, 1656, 1658, 1721]
[1594, 1657, 1659, 1722]
[1595, 1658, 1660, 1723]
[1596, 1659, 1661, 1724]
[1597, 1660, 1662, 1725]
[1598, 1661, 1663, 1726]
[1599, 1600, 1662, 1727]
[1600, 1665, 1727, 1728]
[1601, 1664, 1666, 1729]
[1602, 1665, 1667, 1730]
[1603, 1666, 1668, 1731]
[1604, 1667, 1669, 1732]
[1605, 1668, 1670, 1733]
[1606, 1669, 1671, 1734]
[1607, 1670, 1672, 1735]
[1608, 1671, 1673, 1736]
[1609, 1672, 1674, 1737]
[1610, 1673, 1675, 1738]
[1611, 1674, 1676, 1739]
[1612, 1675, 1677, 1740]
[1613, 1676, 1678, 1741]
[1614, 1677, 1679, 1742]
[1615, 1678, 1680, 1743]
[1616, 1679, 1681, 1744]
[1617, 1680, 1682, 1745]
[1618, 1681, 1683, 1746]
[1619, 1682, 1684, 1747]
[1620, 1683, 1685, 1748]
[1621, 1684, 1686, 1749]
[1622, 1685, 1687, 1750]
[1623, 1686, 1688, 1751]
[1624, 1687, 1689, 1752]
[1625, 1688, 1690, 1753]
[1626, 1689, 1691, 1754]
[1627, 1690, 1692, 1755]
[1628, 1691, 1693, 1756]
[1629, 1692, 1694, 1757]
[1630, 1693, 1695, 1758]
[1631, 1694, 1696, 1759]
[1632, 1695, 1697, 1760]
[1633, 1696, 1698, 1761]
[1634, 1697, 1699, 1762]
[1635, 1698, 1700, 1763]
[1636, 1699, 1701, 1764]
[1637, 1700, 1702, 1765]
[1638, 1701, 1703, 1766]
[1639, 1702, 1704, 1767]
[1640, 1703, 1705, 1768]
[1641, 1704, 1706, 1769]
[1642, 1705, 1707, 1770]
[1643, 1706, 1708, 1771]
[1644, 1707, 1709, 1772]
[1645, 1708, 1710, 1773]
[1646, 1709, 1711, 1774]
[1647, 1710, 1712, 1775]
[1648, 1711, 1713, 1776]
[1649, 1712, 1714, 1777]
[1650, 1713, 1715, 1778]
[1651, 1714, 1716, 1779]
[1652, 1715, 1717, 1780]
[1653, 1716, 1718, 1781]
[1654, 1717, 1719, 1782]
[1655, 1718, 1720, 1783]
[1656, 1719, 1721, 1784]
[1657, 1720, 1722, 1785]
[1658, 1721, 1723, 1786]
[1659, 1722, 1724, 1787]
[1660, 1723, 1725, 1788]
[1661, 1724, 1726, 1789]
[1662, 1725, 1727, 1790]
[1663, 1664, 1726, 1791]
[1664, 1729, 1791, 1792]
[1665, 1728, 1730, 1793]
[1666, 1729, 1731, 1794]
[1667, 1730, 1732, 1795]
[1668, 1731, 1733, 1796]
[1669, 1732, 1734, 1797]
[1670, 1733, 1735, 1798]
[1671, 1734, 1736, 1799]
[1672, 1735, 1737, 1800]
[1673, 1736, 1738, 1801]
[1674, 1737, 1739, 1802]
[1675, 1738, 1740, 1803]
[1676, 1739, 1741, 1804]
[1677, 1740, 1742, 1805]
[1678, 1741, 1743, 1806]
[1679, 1742, 1744, 1807]
[1680, 1743, 1745, 1808]
[1681, 1744, 1746, 1809]
[1682, 1745, 1747, 1810]
[1683, 1746, 1748, 1811]
[1684, 1747, 1749, 1812]
[1685, 1748, 1750, 1813]
[1686, 1749, 1751, 1814]
[1687, 1750, 1752, 1815]
[1688, 1751, 1753, 1816]
[1689, 1752, 1754, 1817]
[1690, 1753, 1755, 1818]
[1691, 1754, 1756, 1819]
[1692, 1755, 1757, 1820]
[1693, 1756, 1758, 1821]
[1694, 1757, 1759, 1822]
[1695, 1758, 1760, 1823]
[1696, 1759, 1761, 1824]
[1697, 1760, 1762, 1825]
[1698, 1761, 1763, 1826]
[1699, 1762, 1764, 1827]
[1700, 1763, 1765, 1828]
[1701, 1764, 1766, 1829]
[1702, 1765, 1767, 1830]
[1703, 1766, 1768, 1831]
[1704, 1767, 1769, 1832]
[1705, 1768, 1770, 1833]
[1706, 1769, 1771, 1834]
[1707, 1770, 1772, 1835]
[1708, 1771, 1773, 1836]
[1709, 1772, 1774, 1837]
[1710, 1773, 1775, 1838]
[1711, 1774, 1776, 1839]
[1712, 1775, 1777, 1840]
[1713, 1776, 1778, 1841]
[1714, 1777, 1779, 1842]
[1715, 1778, 1780, 1843]
[1716, 1779, 1781, 1844]
[1717, 1780, 1782, 1845]
[1718, 1781, 1783, 1846]
[1719, 1782, 1784, 1847]
[1720, 1783, 1785, 1848]
[1721, 1784, 1786, 1849]
[1722, 1785, 1787, 1850]
[1723, 1786, 1788, 1851]
[1724, 1787, 1789, 1852]
[1725, 1788, 1790, 1853]
[1726, 1789, 1791, 1854]
[1727, 1728, 1790, 1855]
[1728, 1793, 1855, 1856]
[1729, 1792, 1794, 1857]
[1730, 1793, 1795, 1858]
[1731, 1794, 1796, 1859]
[1732, 1795, 1797, 1860]
[1733, 1796, 1798, 1861]
[1734, 1797, 1799, 1862]
[1735, 1798, 1800, 1863]
[1736, 1799, 1801, 1864]
[1737, 1800, 1802, 1865]
[1738, 1801, 1803, 1866]
[1739, 1802, 1804, 1867]
[1740, 1803, 1805, 1868]
[1741, 1804, 1806, 1869]
[1742, 1805, 1807, 1870]
[1743, 1806, 1808, 1871]
[1744, 1807, 1809, 1872]
[1745, 1808, 1810, 1873]
[1746, 1809, 1811, 1874]
[1747, 1810, 1812, 1875]
[1748, 1811, 1813, 1876]
[1749, 1812, 1814, 1877]
[1750, 1813, 1815, 1878]
[1751, 1814, 1816, 1879]
[1752, 1815, 1817, 1880]
[1753, 1816, 1818, 1881]
[1754, 1817, 1819, 1882]
[1755, 1818, 1820, 1883]
[1756, 1819, 1821, 1884]
[1757, 1820, 1822, 1885]
[1758, 1821, 1823, 1886]
[1759, 1822, 1824, 1887]
[1760, 1823, 1825, 1888]
[1761, 1824, 1826, 1889]
[1762, 1825, 1827, 1890]
[1763, 1826, 1828, 1891]
[1764, 1827, 1829, 1892]
[1765, 1828, 1830, 1893]
[1766, 1829, 1831, 1894]
[1767, 1830, 1832, 1895]
[1768, 1831, 1833, 1896]
[1769, 1832, 1834, 1897]
[1770, 1833, 1835, 1898]
[1771, 1834, 1836, 1899]
[1772, 1835, 1837, 1900]
[1773, 1836, 1838, 1901]
[1774, 1837, 1839, 1902]
[1775, 1838, 1840, 1903]
[1776, 1839, 1841, 1904]
[1777, 1840, 1842, 1905]
[1778, 1841, 1843, 1906]
[1779, 1842, 1844, 1907]
[1780, 1843, 1845, 1908]
[1781, 1844, 1846, 1909]
[1782, 1845, 1847, 1910]
[1783, 1846, 1848, 1911]
[1784, 1847, 1849, 1912]
[1785, 1848, 1850, 1913]
[1786, 1849, 1851, 1914]
[1787, 1850, 1852, 1915]
[1788, 1851, 1853, 1916]
[1789, 1852, 1854, 1917]
[1790, 1853, 1855, 1918]
[1791, 1792, 1854, 1919]
[1792, 1857, 1919, 1920]
[1793, 1856, 1858, 1921]
[1794, 1857, 1859, 1922]
[1795, 1858, 1860, 1923]
[1796, 1859, 1861, 1924]
[1797, 1860, 1862, 1925]
[1798, 1861, 1863, 1926]
[1799, 1862, 1864, 1927]
[1800, 1863, 1865, 1928]
[1801, 1864, 1866, 1929]
[1802, 1865, 1867, 1930]
[1803, 1866, 1868, 1931]
[1804, 1867, 1869, 1932]
[1805, 1868, 1870, 1933]
[1806, 1869, 1871, 1934]
[1807, 1870, 1872, 1935]
[1808, 1871, 1873, 1936]
[1809, 1872, 1874, 1937]
[1810, 1873, 1875, 1938]
[1811, 1874, 1876, 1939]
[1812, 1875, 1877, 1940]
[1813, 1876, 1878, 1941]
[1814, 1877, 1879, 1942]
[1815, 1878, 1880, 1943]
[1816, 1879, 1881, 1944]
[1817, 1880, 1882, 1945]
[1818, 1881, 1883, 1946]
[1819, 1882, 1884, 1947]
[1820, 1883, 1885, 1948]
[1821, 1884, 1886, 1949]
[1822, 1885, 1887, 1950]
[1823, 1886, 1888, 1951]
[1824, 1887, 1889, 1952]
[1825, 1888, 1890, 1953]
[1826, 1889, 1891, 1954]
[1827, 1890, 1892, 1955]
[1828, 1891, 1893, 1956]
[1829, 1892, 1894, 1957]
[1830, 1893, 1895, 1958]
[1831, 1894, 1896, 1959]
[1832, 1895, 1897, 1960]
[1833, 1896, 1898, 1961]
[1834, 1897, 1899, 1962]
[1835, 1898, 1900, 1963]
[1836, 1899, 1901, 1964]
[1837, 1900, 1902, 1965]
[1838, 1901, 1903, 1966]
[1839, 1902, 1904, 1967]
[1840, 1903, 1905, 1968]
[1841, 1904, 1906, 1969]
[1842, 1905, 1907, 1970]
[1843, 1906, 1908, 1971]
[1844, 1907, 1909, 1972]
[1845, 1908, 1910, 1973]
[1846, 1909, 1911, 1974]
[1847, 1910, 1912, 1975]
[1848, 1911, 1913, 1976]
[1849, 1912, 1914, 1977]
[1850, 1913, 1915, 1978]
[1851, 1914, 1916, 1979]
[1852, 1915, 1917, 1980]
[1853, 1916, 1918, 1981]
[1854, 1917, 1919, 1982]
[1855, 1856, 1918, 1983]
[1856, 1921, 1983, 1984]
[1857, 1920, 1922, 1985]
[1858, 1921, 1923, 1986]
[1859, 1922, 1924, 1987]
[1860, 1923, 1925, 1988]
[1861, 1924, 1926, 1989]
[1862, 1925, 1927, 1990]
[1863, 1926, 1928, 1991]
[1864, 1927, 1929, 1992]
[1865, 1928, 1930, 1993]
[1866, 1929, 1931, 1994]
[1867, 1930, 1932, 1995]
[1868, 1931, 1933, 1996]
[1869, 1932, 1934, 1997]
[1870, 1933, 1935, 1998]
[1871, 1934, 1936, 1999]
[1872, 1935, 1937, 2000]
[1873, 1936, 1938, 2001]
[1874, 1937, 1939, 2002]
[1875, 1938, 1940, 2003]
[1876, 1939, 1941, 2004]
[1877, 1940, 1942, 2005]
[1878, 1941, 1943, 2006]
[1879, 1942, 1944, 2007]
[1880, 1943, 1945, 2008]
[1881, 1944, 1946, 2009]
[1882, 1945, 1947, 2010]
[1883, 1946, 1948, 2011]
[1884, 1947, 1949, 2012]
[1885, 1948, 1950, 2013]
[1886, 1949, 1951, 2014]
[1887, 1950, 1952, 2015]
[1888, 1951, 1953, 2016]
[1889, 1952, 1954, 2017]
[1890, 1953, 1955, 2018]
[1891, 1954, 1956, 2019]
[1892, 1955, 1957, 2020]
[1893, 1956, 1958, 2021]
[1894, 1957, 1959, 2022]
[1895, 1958, 1960, 2023]
[1896, 1959, 1961, 2024]
[1897, 1960, 1962, 2025]
[1898, 1961, 1963, 2026]
[1899, 1962, 1964, 2027]
[1900, 1963, 1965, 2028]
[1901, 1964, 1966, 2029]
[1902, 1965, 1967, 2030]
[1903, 1966, 1968, 2031]
[1904, 1967, 1969, 2032]
[1905, 1968, 1970, 2033]
[1906, 1969, 1971, 2034]
[1907, 1970, 1972, 2035]
[1908, 1971, 1973, 2036]
[1909, 1972, 1974, 2037]
[1910, 1973, 1975, 2038]
[1911, 1974, 1976, 2039]
[1912, 1975, 1977, 2040]
[1913, 1976, 1978, 2041]
[1914, 1977, 1979, 2042]
[1915, 1978, 1980, 2043]
[1916, 1979, 1981, 2044]
[1917, 1980, 1982, 2045]
[1918, 1981, 1983, 2046]
[1919, 1920, 1982, 2047]
[1920, 1985, 2047, 2048]
[1921, 1984, 1986, 2049]
[1922, 1985, 1987, 2050]
[1923, 1986, 1988, 2051]
[1924, 1987, 1989, 2052]
[1925, 1988, 1990, 2053]
[1926, 1989, 1991, 2054]
[1927, 1990, 1992, 2055]
[1928, 1991, 1993, 2056]
[1929, 1992, 1994, 2057]
[1930, 1993, 1995, 2058]
[1931, 1994, 1996, 2059]
[1932, 1995, 1997, 2060]
[1933, 1996, 1998, 2061]
[1934, 1997, 1999, 2062]
[1935, 1998, 2000, 2063]
[1936, 1999, 2001, 2064]
[1937, 2000, 2002, 2065]
[1938, 2001, 2003, 2066]
[1939, 2002, 2004, 2067]
[1940, 2003, 2005, 2068]
[1941, 2004, 2006, 2069]
[1942, 2005, 2007, 2070]
[1943, 2006, 2008, 2071]
[1944, 2007, 2009, 2072]
[1945, 2008, 2010, 2073]
[1946, 2009, 2011, 2074]
[1947, 2010, 2012, 2075]
[1948, 2011, 2013, 2076]
[1949, 2012, 2014, 2077]
[1950, 2013, 2015, 2078]
[1951, 2014, 2016, 2079]
[1952, 2015, 2017, 2080]
[1953, 2016, 2018, 2081]
[1954, 2017, 2019, 2082]
[1955, 2018, 2020, 2083]
[1956, 2019, 2021, 2084]
[1957, 2020, 2022, 2085]
[1958, 2021, 2023, 2086]
[1959, 2022, 2024, 2087]
[1960, 2023, 2025, 2088]
[1961, 2024, 2026, 2089]
[1962, 2025, 2027, 2090]
[1963, 2026, 2028, 2091]
[1964, 2027, 2029, 2092]
[1965, 2028, 2030, 2093]
[1966, 2029, 2031, 2094]
[1967, 2030, 2032, 2095]
[1968, 2031, 2033, 2096]
[1969, 2032, 2034, 2097]
[1970, 2033, 2035, 2098]
[1971, 2034, 2036, 2099]
[1972, 2035, 2037, 2100]
[1973, 2036, 2038, 2101]
[1974, 2037, 2039, 2102]
[1975, 2038, 2040, 2103]
[1976, 2039, 2041, 2104]
[1977, 2040, 2042, 2105]
[1978, 2041, 2043, 2106]
[1979, 2042, 2044, 2107]
[1980, 2043, 2045, 2108]
[1981, 2044, 2046, 2109]
[1982, 2045, 2047, 2110]
[1983, 1984, 2046, 2111]
[1984, 2049, 2111, 2112]
[1985, 2048, 2050, 2113]
[1986, 2049, 2051, 2114]
[1987, 2050, 2052, 2115]
[1988, 2051, 2053, 2116]
[1989, 2052, 2054, 2117]
[1990, 2053, 2055, 2118]
[1991, 2054, 2056, 2119]
[1992, 2055, 2057, 2120]
[1993, 2056, 2058, 2121]
[1994, 2057, 2059, 2122]
[1995, 2058, 2060, 2123]
[1996, 2059, 2061, 2124]
[1997, 2060, 2062, 2125]
[1998, 2061, 2063, 2126]
[1999, 2062, 2064, 2127]
[2000, 2063, 2065, 2128]
[2001, 2064, 2066, 2129]
[2002, 2065, 2067, 2130]
[2003, 2066, 2068, 2131]
[2004, 2067, 2069, 2132]
[2005, 2068, 2070, 2133]
[2006, 2069, 2071, 2134]
[2007, 2070, 2072, 2135]
[2008, 2071, 2073, 2136]
[2009, 2072, 2074, 2137]
[2010, 2073, 2075, 2138]
[2011, 2074, 2076, 2139]
[2012, 2075, 2077, 2140]
[2013, 2076, 2078, 2141]
[2014, 2077, 2079, 2142]
[2015, 2078, 2080, 2143]
[2016, 2079, 2081, 2144]
[2017, 2080, 2082, 2145]
[2018, 2081, 2083, 2146]
[2019, 2082, 2084, 2147]
[2020, 2083, 2085, 2148]
[2021, 2084, 2086, 2149]
[2022, 2085, 2087, 2150]
[2023, 2086, 2088, 2151]
[2024, 2087, 2089, 2152]
[2025, 2088, 2090, 2153]
[2026, 2089, 2091, 2154]
[2027, 2090, 2092, 2155]
[2028, 2091, 2093, 2156]
[2029, 2092, 2094, 2157]
[2030, 2093, 2095, 2158]
[2031, 2094, 2096, 2159]
[2032, 2095, 2097, 2160]
[2033, 2096, 2098, 2161]
[2034, 2097, 2099, 2162]
[2035, 2098, 2100, 2163]
[2036, 2099, 2101, 2164]
[2037, 2100, 2102, 2165]
[2038, 2101, 2103, 2166]
[2039, 2102, 2104, 2167]
[2040, 2103, 2105, 2168]
[2041, 2104, 2106, 2169]
[2042, 2105, 2107, 2170]
[2043, 2106, 2108, 2171]
[2044, 2107, 2109, 2172]
[2045, 2108, 2110, 2173]
[2046, 2109, 2111, 2174]
[2047, 2048, 2110, 2175]
[2048, 2113, 2175, 2176]
[2049, 2112, 2114, 2177]
[2050, 2113, 2115, 2178]
[2051, 2114, 2116, 2179]
[2052, 2115, 2117, 2180]
[2053, 2116, 2118, 2181]
[2054, 2117, 2119, 2182]
[2055, 2118, 2120, 2183]
[2056, 2119, 2121, 2184]
[2057, 2120, 2122, 2185]
[2058, 2121, 2123, 2186]
[2059, 2122, 2124, 2187]
[2060, 2123, 2125, 2188]
[2061, 2124, 2126, 2189]
[2062, 2125, 2127, 2190]
[2063, 2126, 2128, 2191]
[2064, 2127, 2129, 2192]
[2065, 2128, 2130, 2193]
[2066, 2129, 2131, 2194]
[2067, 2130, 2132, 2195]
[2068, 2131, 2133, 2196]
[2069, 2132, 2134, 2197]
[2070, 2133, 2135, 2198]
[2071, 2134, 2136, 2199]
[2072, 2135, 2137, 2200]
[2073, 2136, 2138, 2201]
[2074, 2137, 2139, 2202]
[2075, 2138, 2140, 2203]
[2076, 2139, 2141, 2204]
[2077, 2140, 2142, 2205]
[2078, 2141, 2143, 2206]
[2079, 2142, 2144, 2207]
[2080, 2143, 2145, 2208]
[2081, 2144, 2146, 2209]
[2082, 2145, 2147, 2210]
[2083, 2146, 2148, 2211]
[2084, 2147, 2149, 2212]
[2085, 2148, 2150, 2213]
[2086, 2149, 2151, 2214]
[2087, 2150, 2152, 2215]
[2088, 2151, 2153, 2216]
[2089, 2152, 2154, 2217]
[2090, 2153, 2155, 2218]
[2091, 2154, 2156, 2219]
[2092, 2155, 2157, 2220]
[2093, 2156, 2158, 2221]
[2094, 2157, 2159, 2222]
[2095, 2158, 2160, 2223]
[2096, 2159, 2161, 2224]
[2097, 2160, 2162, 2225]
[2098, 2161, 2163, 2226]
[2099, 2162, 2164, 2227]
[2100, 2163, 2165, 2228]
[2101, 2164, 2166, 2229]
[2102, 2165, 2167, 2230]
[2103, 2166, 2168, 2231]
[2104, 2167, 2169, 2232]
[2105, 2168, 2170, 2233]
[2106, 2169, 2171, 2234]
[2107, 2170, 2172, 2235]
[2108, 2171, 2173, 2236]
[2109, 2172, 2174, 2237]
[2110, 2173, 2175, 2238]
[2111, 2112, 2174, 2239]
[2112, 2177, 2239, 2240]
[2113, 2176, 2178, 2241]
[2114, 2177, 2179, 2242]
[2115, 2178, 2180, 2243]
[2116, 2179, 2181, 2244]
[2117, 2180, 2182, 2245]
[2118, 2181, 2183, 2246]
[2119, 2182, 2184, 2247]
[2120, 2183, 2185, 2248]
[2121, 2184, 2186, 2249]
[2122, 2185, 2187, 2250]
[2123, 2186, 2188, 2251]
[2124, 2187, 2189, 2252]
[2125, 2188, 2190, 2253]
[2126, 2189, 2191, 2254]
[2127, 2190, 2192, 2255]
[2128, 2191, 2193, 2256]
[2129, 2192, 2194, 2257]
[2130, 2193, 2195, 2258]
[2131, 2194, 2196, 2259]
[2132, 2195, 2197, 2260]
[2133, 2196, 2198, 2261]
[2134, 2197, 2199, 2262]
[2135, 2198, 2200, 2263]
[2136, 2199, 2201, 2264]
[2137, 2200, 2202, 2265]
[2138, 2201, 2203, 2266]
[2139, 2202, 2204, 2267]
[2140, 2203, 2205, 2268]
[2141, 2204, 2206, 2269]
[2142, 2205, 2207, 2270]
[2143, 2206, 2208, 2271]
[2144, 2207, 2209, 2272]
[2145, 2208, 2210, 2273]
[2146, 2209, 2211, 2274]
[2147, 2210, 2212, 2275]
[2148, 2211, 2213, 2276]
[2149, 2212, 2214, 2277]
[2150, 2213, 2215, 2278]
[2151, 2214, 2216, 2279]
[2152, 2215, 2217, 2280]
[2153, 2216, 2218, 2281]
[2154, 2217, 2219, 2282]
[2155, 2218, 2220, 2283]
[2156, 2219, 2221, 2284]
[2157, 2220, 2222, 2285]
[2158, 2221, 2223, 2286]
[2159, 2222, 2224, 2287]
[2160, 2223, 2225, 2288]
[2161, 2224, 2226, 2289]
[2162, 2225, 2227, 2290]
[2163, 2226, 2228, 2291]
[2164, 2227, 2229, 2292]
[2165, 2228, 2230, 2293]
[2166, 2229, 2231, 2294]
[2167, 2230, 2232, 2295]
[2168, 2231, 2233, 2296]
[2169, 2232, 2234, 2297]
[2170, 2233, 2235, 2298]
[2171, 2234, 2236, 2299]
[2172, 2235, 2237, 2300]
[2173, 2236, 2238, 2301]
[2174, 2237, 2239, 2302]
[2175, 2176, 2238, 2303]
[2176, 2241, 2303, 2304]
[2177, 2240, 2242, 2305]
[2178, 2241, 2243, 2306]
[2179, 2242, 2244, 2307]
[2180, 2243, 2245, 2308]
[2181, 2244, 2246, 2309]
[2182, 2245, 2247, 2310]
[2183, 2246, 2248, 2311]
[2184, 2247, 2249, 2312]
[2185, 2248, 2250, 2313]
[2186, 2249, 2251, 2314]
[2187, 2250, 2252, 2315]
[2188, 2251, 2253, 2316]
[2189, 2252, 2254, 2317]
[2190, 2253, 2255, 2318]
[2191, 2254, 2256, 2319]
[2192, 2255, 2257, 2320]
[2193, 2256, 2258, 2321]
[2194, 2257, 2259, 2322]
[2195, 2258, 2260, 2323]
[2196, 2259, 2261, 2324]
[2197, 2260, 2262, 2325]
[2198, 2261, 2263, 2326]
[2199, 2262, 2264, 2327]
[2200, 2263, 2265, 2328]
[2201, 2264, 2266, 2329]
[2202, 2265, 2267, 2330]
[2203, 2266, 2268, 2331]
[2204, 2267, 2269, 2332]
[2205, 2268, 2270, 2333]
[2206, 2269, 2271, 2334]
[2207, 2270, 2272, 2335]
[2208, 2271, 2273, 2336]
[2209, 2272, 2274, 2337]
[2210, 2273, 2275, 2338]
[2211, 2274, 2276, 2339]
[2212, 2275, 2277, 2340]
[2213, 2276, 2278, 2341]
[2214, 2277, 2279, 2342]
[2215, 2278, 2280, 2343]
[2216, 2279, 2281, 2344]
[2217, 2280, 2282, 2345]
[2218, 2281, 2283, 2346]
[2219, 2282, 2284, 2347]
[2220, 2283, 2285, 2348]
[2221, 2284, 2286, 2349]
[2222, 2285, 2287, 2350]
[2223, 2286, 2288, 2351]
[2224, 2287, 2289, 2352]
[2225, 2288, 2290, 2353]
[2226, 2289, 2291, 2354]
[2227, 2290, 2292, 2355]
[2228, 2291, 2293, 2356]
[2229, 2292, 2294, 2357]
[2230, 2293, 2295, 2358]
[2231, 2294, 2296, 2359]
[2232, 2295, 2297, 2360]
[2233, 2296, 2298, 2361]
[2234, 2297, 2299, 2362]
[2235, 2298, 2300, 2363]
[2236, 2299, 2301, 2364]
[2237, 2300, 2302, 2365]
[2238, 2301, 2303, 2366]
[2239, 2240, 2302, 2367]
[2240, 2305, 2367, 2368]
[2241, 2304, 2306, 2369]
[2242, 2305, 2307, 2370]
[2243, 2306, 2308, 2371]
[2244, 2307, 2309, 2372]
[2245, 2308, 2310, 2373]
[2246, 2309, 2311, 2374]
[2247, 2310, 2312, 2375]
[2248, 2311, 2313, 2376]
[2249, 2312, 2314, 2377]
[2250, 2313, 2315, 2378]
[2251, 2314, 2316, 2379]
[2252, 2315, 2317, 2380]
[2253, 2316, 2318, 2381]
[2254, 2317, 2319, 2382]
[2255, 2318, 2320, 2383]
[2256, 2319, 2321, 2384]
[2257, 2320, 2322, 2385]
[2258, 2321, 2323, 2386]
[2259, 2322, 2324, 2387]
[2260, 2323, 2325, 2388]
[2261, 2324, 2326, 2389]
[2262, 2325, 2327, 2390]
[2263, 2326, 2328, 2391]
[2264, 2327, 2329, 2392]
[2265, 2328, 2330, 2393]
[2266, 2329, 2331, 2394]
[2267, 2330, 2332, 2395]
[2268, 2331, 2333, 2396]
[2269, 2332, 2334, 2397]
[2270, 2333, 2335, 2398]
[2271, 2334, 2336, 2399]
[2272, 2335, 2337, 2400]
[2273, 2336, 2338, 2401]
[2274, 2337, 2339, 2402]
[2275, 2338, 2340, 2403]
[2276, 2339, 2341, 2404]
[2277, 2340, 2342, 2405]
[2278, 2341, 2343, 2406]
[2279, 2342, 2344, 2407]
[2280, 2343, 2345, 2408]
[2281, 2344, 2346, 2409]
[2282, 2345, 2347, 2410]
[2283, 2346, 2348, 2411]
[2284, 2347, 2349, 2412]
[2285, 2348, 2350, 2413]
[2286, 2349, 2351, 2414]
[2287, 2350, 2352, 2415]
[2288, 2351, 2353, 2416]
[2289, 2352, 2354, 2417]
[2290, 2353, 2355, 2418]
[2291, 2354, 2356, 2419]
[2292, 2355, 2357, 2420]
[2293, 2356, 2358, 2421]
[2294, 2357, 2359, 2422]
[2295, 2358, 2360, 2423]
[2296, 2359, 2361, 2424]
[2297, 2360, 2362, 2425]
[2298, 2361, 2363, 2426]
[2299, 2362, 2364, 2427]
[2300, 2363, 2365, 2428]
[2301, 2364, 2366, 2429]
[2302, 2365, 2367, 2430]
[2303, 2304, 2366, 2431]
[2304, 2369, 2431, 2432]
[2305, 2368, 2370, 2433]
[2306, 2369, 2371, 2434]
[2307, 2370, 2372, 2435]
[2308, 2371, 2373, 2436]
[2309, 2372, 2374, 2437]
[2310, 2373, 2375, 2438]
[2311, 2374, 2376, 2439]
[2312, 2375, 2377, 2440]
[2313, 2376, 2378, 2441]
[2314, 2377, 2379, 2442]
[2315, 2378, 2380, 2443]
[2316, 2379, 2381, 2444]
[2317, 2380, 2382, 2445]
[2318, 2381, 2383, 2446]
[2319, 2382, 2384, 2447]
[2320, 2383, 2385, 2448]
[2321, 2384, 2386, 2449]
[2322, 2385, 2387, 2450]
[2323, 2386, 2388, 2451]
[2324, 2387, 2389, 2452]
[2325, 2388, 2390, 2453]
[2326, 2389, 2391, 2454]
[2327, 2390, 2392, 2455]
[2328, 2391, 2393, 2456]
[2329, 2392, 2394, 2457]
[2330, 2393, 2395, 2458]
[2331, 2394, 2396, 2459]
[2332, 2395, 2397, 2460]
[2333, 2396, 2398, 2461]
[2334, 2397, 2399, 2462]
[2335, 2398, 2400, 2463]
[2336, 2399, 2401, 2464]
[2337, 2400, 2402, 2465]
[2338, 2401, 2403, 2466]
[2339, 2402, 2404, 2467]
[2340, 2403, 2405, 2468]
[2341, 2404, 2406, 2469]
[2342, 2405, 2407, 2470]
[2343, 2406, 2408, 2471]
[2344, 2407, 2409, 2472]
[2345, 2408, 2410, 2473]
[2346, 2409, 2411, 2474]
[2347, 2410, 2412, 2475]
[2348, 2411, 2413, 2476]
[2349, 2412, 2414, 2477]
[2350, 2413, 2415, 2478]
[2351, 2414, 2416, 2479]
[2352, 2415, 2417, 2480]
[2353, 2416, 2418, 2481]
[2354, 2417, 2419, 2482]
[2355, 2418, 2420, 2483]
[2356, 2419, 2421, 2484]
[2357, 2420, 2422, 2485]
[2358, 2421, 2423, 2486]
[2359, 2422, 2424, 2487]
[2360, 2423, 2425, 2488]
[2361, 2424, 2426, 2489]
[2362, 2425, 2427, 2490]
[2363, 2426, 2428, 2491]
[2364, 2427, 2429, 2492]
[2365, 2428, 2430, 2493]
[2366, 2429, 2431, 2494]
[2367, 2368, 2430, 2495]
[2368, 2433, 2495, 2496]
[2369, 2432, 2434, 2497]
[2370, 2433, 2435, 2498]
[2371, 2434, 2436, 2499]
[2372, 2435, 2437, 2500]
[2373, 2436, 2438, 2501]
[2374, 2437, 2439, 2502]
[2375, 2438, 2440, 2503]
[2376, 2439, 2441, 2504]
[2377, 2440, 2442, 2505]
[2378, 2441, 2443, 2506]
[2379, 2442, 2444, 2507]
[2380, 2443, 2445, 2508]
[2381, 2444, 2446, 2509]
[2382, 2445, 2447, 2510]
[2383, 2446, 2448, 2511]
[2384, 2447, 2449, 2512]
[2385, 2448, 2450, 2513]
[2386, 2449, 2451, 2514]
[2387, 2450, 2452, 2515]
[2388, 2451, 2453, 2516]
[2389, 2452, 2454, 2517]
[2390, 2453, 2455, 2518]
[2391, 2454, 2456, 2519]
[2392, 2455, 2457, 2520]
[2393, 2456, 2458, 2521]
[2394, 2457, 2459, 2522]
[2395, 2458, 2460, 2523]
[2396, 2459, 2461, 2524]
[2397, 2460, 2462, 2525]
[2398, 2461, 2463, 2526]
[2399, 2462, 2464, 2527]
[2400, 2463, 2465, 2528]
[2401, 2464, 2466, 2529]
[2402, 2465, 2467, 2530]
[2403, 2466, 2468, 2531]
[2404, 2467, 2469, 2532]
[2405, 2468, 2470, 2533]
[2406, 2469, 2471, 2534]
[2407, 2470, 2472, 2535]
[2408, 2471, 2473, 2536]
[2409, 2472, 2474, 2537]
[2410, 2473, 2475, 2538]
[2411, 2474, 2476, 2539]
[2412, 2475, 2477, 2540]
[2413, 2476, 2478, 2541]
[2414, 2477, 2479, 2542]
[2415, 2478, 2480, 2543]
[2416, 2479, 2481, 2544]
[2417, 2480, 2482, 2545]
[2418, 2481, 2483, 2546]
[2419, 2482, 2484, 2547]
[2420, 2483, 2485, 2548]
[2421, 2484, 2486, 2549]
[2422, 2485, 2487, 2550]
[2423, 2486, 2488, 2551]
[2424, 2487, 2489, 2552]
[2425, 2488, 2490, 2553]
[2426, 2489, 2491, 2554]
[2427, 2490, 2492, 2555]
[2428, 2491, 2493, 2556]
[2429, 2492, 2494, 2557]
[2430, 2493, 2495, 2558]
[2431, 2432, 2494, 2559]
[2432, 2497, 2559, 2560]
[2433, 2496, 2498, 2561]
[2434, 2497, 2499, 2562]
[2435, 2498, 2500, 2563]
[2436, 2499, 2501, 2564]
[2437, 2500, 2502, 2565]
[2438, 2501, 2503, 2566]
[2439, 2502, 2504, 2567]
[2440, 2503, 2505, 2568]
[2441, 2504, 2506, 2569]
[2442, 2505, 2507, 2570]
[2443, 2506, 2508, 2571]
[2444, 2507, 2509, 2572]
[2445, 2508, 2510, 2573]
[2446, 2509, 2511, 2574]
[2447, 2510, 2512, 2575]
[2448, 2511, 2513, 2576]
[2449, 2512, 2514, 2577]
[2450, 2513, 2515, 2578]
[2451, 2514, 2516, 2579]
[2452, 2515, 2517, 2580]
[2453, 2516, 2518, 2581]
[2454, 2517, 2519, 2582]
[2455, 2518, 2520, 2583]
[2456, 2519, 2521, 2584]
[2457, 2520, 2522, 2585]
[2458, 2521, 2523, 2586]
[2459, 2522, 2524, 2587]
[2460, 2523, 2525, 2588]
[2461, 2524, 2526, 2589]
[2462, 2525, 2527, 2590]
[2463, 2526, 2528, 2591]
[2464, 2527, 2529, 2592]
[2465, 2528, 2530, 2593]
[2466, 2529, 2531, 2594]
[2467, 2530, 2532, 2595]
[2468, 2531, 2533, 2596]
[2469, 2532, 2534, 2597]
[2470, 2533, 2535, 2598]
[2471, 2534, 2536, 2599]
[2472, 2535, 2537, 2600]
[2473, 2536, 2538, 2601]
[2474, 2537, 2539, 2602]
[2475, 2538, 2540, 2603]
[2476, 2539, 2541, 2604]
[2477, 2540, 2542, 2605]
[2478, 2541, 2543, 2606]
[2479, 2542, 2544, 2607]
[2480, 2543, 2545, 2608]
[2481, 2544, 2546, 2609]
[2482, 2545, 2547, 2610]
[2483, 2546, 2548, 2611]
[2484, 2547, 2549, 2612]
[2485, 2548, 2550, 2613]
[2486, 2549, 2551, 2614]
[2487, 2550, 2552, 2615]
[2488, 2551, 2553, 2616]
[2489, 2552, 2554, 2617]
[2490, 2553, 2555, 2618]
[2491, 2554, 2556, 2619]
[2492, 2555, 2557, 2620]
[2493, 2556, 2558, 2621]
[2494, 2557, 2559, 2622]
[2495, 2496, 2558, 2623]
[2496, 2561, 2623, 2624]
[2497, 2560, 2562, 2625]
[2498, 2561, 2563, 2626]
[2499, 2562, 2564, 2627]
[2500, 2563, 2565, 2628]
[2501, 2564, 2566, 2629]
[2502, 2565, 2567, 2630]
[2503, 2566, 2568, 2631]
[2504, 2567, 2569, 2632]
[2505, 2568, 2570, 2633]
[2506, 2569, 2571, 2634]
[2507, 2570, 2572, 2635]
[2508, 2571, 2573, 2636]
[2509, 2572, 2574, 2637]
[2510, 2573, 2575, 2638]
[2511, 2574, 2576, 2639]
[2512, 2575, 2577, 2640]
[2513, 2576, 2578, 2641]
[2514, 2577, 2579, 2642]
[2515, 2578, 2580, 2643]
[2516, 2579, 2581, 2644]
[2517, 2580, 2582, 2645]
[2518, 2581, 2583, 2646]
[2519, 2582, 2584, 2647]
[2520, 2583, 2585, 2648]
[2521, 2584, 2586, 2649]
[2522, 2585, 2587, 2650]
[2523, 2586, 2588, 2651]
[2524, 2587, 2589, 2652]
[2525, 2588, 2590, 2653]
[2526, 2589, 2591, 2654]
[2527, 2590, 2592, 2655]
[2528, 2591, 2593, 2656]
[2529, 2592, 2594, 2657]
[2530, 2593, 2595, 2658]
[2531, 2594, 2596, 2659]
[2532, 2595, 2597, 2660]
[2533, 2596, 2598, 2661]
[2534, 2597, 2599, 2662]
[2535, 2598, 2600, 2663]
[2536, 2599, 2601, 2664]
[2537, 2600, 2602, 2665]
[2538, 2601, 2603, 2666]
[2539, 2602, 2604, 2667]
[2540, 2603, 2605, 2668]
[2541, 2604, 2606, 2669]
[2542, 2605, 2607, 2670]
[2543, 2606, 2608, 2671]
[2544, 2607, 2609, 2672]
[2545, 2608, 2610, 2673]
[2546, 2609, 2611, 2674]
[2547, 2610, 2612, 2675]
[2548, 2611, 2613, 2676]
[2549, 2612, 2614, 2677]
[2550, 2613, 2615, 2678]
[2551, 2614, 2616, 2679]
[2552, 2615, 2617, 2680]
[2553, 2616, 2618, 2681]
[2554, 2617, 2619, 2682]
[2555, 2618, 2620, 2683]
[2556, 2619, 2621, 2684]
[2557, 2620, 2622, 2685]
[2558, 2621, 2623, 2686]
[2559, 2560, 2622, 2687]
[2560, 2625, 2687, 2688]
[2561, 2624, 2626, 2689]
[2562, 2625, 2627, 2690]
[2563, 2626, 2628, 2691]
[2564, 2627, 2629, 2692]
[2565, 2628, 2630, 2693]
[2566, 2629, 2631, 2694]
[2567, 2630, 2632, 2695]
[2568, 2631, 2633, 2696]
[2569, 2632, 2634, 2697]
[2570, 2633, 2635, 2698]
[2571, 2634, 2636, 2699]
[2572, 2635, 2637, 2700]
[2573, 2636, 2638, 2701]
[2574, 2637, 2639, 2702]
[2575, 2638, 2640, 2703]
[2576, 2639, 2641, 2704]
[2577, 2640, 2642, 2705]
[2578, 2641, 2643, 2706]
[2579, 2642, 2644, 2707]
[2580, 2643, 2645, 2708]
[2581, 2644, 2646, 2709]
[2582, 2645, 2647, 2710]
[2583, 2646, 2648, 2711]
[2584, 2647, 2649, 2712]
[2585, 2648, 2650, 2713]
[2586, 2649, 2651, 2714]
[2587, 2650, 2652, 2715]
[2588, 2651, 2653, 2716]
[2589, 2652, 2654, 2717]
[2590, 2653, 2655, 2718]
[2591, 2654, 2656, 2719]
[2592, 2655, 2657, 2720]
[2593, 2656, 2658, 2721]
[2594, 2657, 2659, 2722]
[2595, 2658, 2660, 2723]
[2596, 2659, 2661, 2724]
[2597, 2660, 2662, 2725]
[2598, 2661, 2663, 2726]
[2599, 2662, 2664, 2727]
[2600, 2663, 2665, 2728]
[2601, 2664, 2666, 2729]
[2602, 2665, 2667, 2730]
[2603, 2666, 2668, 2731]
[2604, 2667, 2669, 2732]
[2605, 2668, 2670, 2733]
[2606, 2669, 2671, 2734]
[2607, 2670, 2672, 2735]
[2608, 2671, 2673, 2736]
[2609, 2672, 2674, 2737]
[2610, 2673, 2675, 2738]
[2611, 2674, 2676, 2739]
[2612, 2675, 2677, 2740]
[2613, 2676, 2678, 2741]
[2614, 2677, 2679, 2742]
[2615, 2678, 2680, 2743]
[2616, 2679, 2681, 2744]
[2617, 2680, 2682, 2745]
[2618, 2681, 2683, 2746]
[2619, 2682, 2684, 2747]
[2620, 2683, 2685, 2748]
[2621, 2684, 2686, 2749]
[2622, 2685, 2687, 2750]
[2623, 2624, 2686, 2751]
[2624, 2689, 2751, 2752]
[2625, 2688, 2690, 2753]
[2626, 2689, 2691, 2754]
[2627, 2690, 2692, 2755]
[2628, 2691, 2693, 2756]
[2629, 2692, 2694, 2757]
[2630, 2693, 2695, 2758]
[2631, 2694, 2696, 2759]
[2632, 2695, 2697, 2760]
[2633, 2696, 2698, 2761]
[2634, 2697, 2699, 2762]
[2635, 2698, 2700, 2763]
[2636, 2699, 2701, 2764]
[2637, 2700, 2702, 2765]
[2638, 2701, 2703, 2766]
[2639, 2702, 2704, 2767]
[2640, 2703, 2705, 2768]
[2641, 2704, 2706, 2769]
[2642, 2705, 2707, 2770]
[2643, 2706, 2708, 2771]
[2644, 2707, 2709, 2772]
[2645, 2708, 2710, 2773]
[2646, 2709, 2711, 2774]
[2647, 2710, 2712, 2775]
[2648, 2711, 2713, 2776]
[2649, 2712, 2714, 2777]
[2650, 2713, 2715, 2778]
[2651, 2714, 2716, 2779]
[2652, 2715, 2717, 2780]
[2653, 2716, 2718, 2781]
[2654, 2717, 2719, 2782]
[2655, 2718, 2720, 2783]
[2656, 2719, 2721, 2784]
[2657, 2720, 2722, 2785]
[2658, 2721, 2723, 2786]
[2659, 2722, 2724, 2787]
[2660, 2723, 2725, 2788]
[2661, 2724, 2726, 2789]
[2662, 2725, 2727, 2790]
[2663, 2726, 2728, 2791]
[2664, 2727, 2729, 2792]
[2665, 2728, 2730, 2793]
[2666, 2729, 2731, 2794]
[2667, 2730, 2732, 2795]
[2668, 2731, 2733, 2796]
[2669, 2732, 2734, 2797]
[2670, 2733, 2735, 2798]
[2671, 2734, 2736, 2799]
[2672, 2735, 2737, 2800]
[2673, 2736, 2738, 2801]
[2674, 2737, 2739, 2802]
[2675, 2738, 2740, 2803]
[2676, 2739, 2741, 2804]
[2677, 2740, 2742, 2805]
[2678, 2741, 2743, 2806]
[2679, 2742, 2744, 2807]
[2680, 2743, 2745, 2808]
[2681, 2744, 2746, 2809]
[2682, 2745, 2747, 2810]
[2683, 2746, 2748, 2811]
[2684, 2747, 2749, 2812]
[2685, 2748, 2750, 2813]
[2686, 2749, 2751, 2814]
[2687, 2688, 2750, 2815]
[2688, 2753, 2815, 2816]
[2689, 2752, 2754, 2817]
[2690, 2753, 2755, 2818]
[2691, 2754, 2756, 2819]
[2692, 2755, 2757, 2820]
[2693, 2756, 2758, 2821]
[2694, 2757, 2759, 2822]
[2695, 2758, 2760, 2823]
[2696, 2759, 2761, 2824]
[2697, 2760, 2762, 2825]
[2698, 2761, 2763, 2826]
[2699, 2762, 2764, 2827]
[2700, 2763, 2765, 2828]
[2701, 2764, 2766, 2829]
[2702, 2765, 2767, 2830]
[2703, 2766, 2768, 2831]
[2704, 2767, 2769, 2832]
[2705, 2768, 2770, 2833]
[2706, 2769, 2771, 2834]
[2707, 2770, 2772, 2835]
[2708, 2771, 2773, 2836]
[2709, 2772, 2774, 2837]
[2710, 2773, 2775, 2838]
[2711, 2774, 2776, 2839]
[2712, 2775, 2777, 2840]
[2713, 2776, 2778, 2841]
[2714, 2777, 2779, 2842]
[2715, 2778, 2780, 2843]
[2716, 2779, 2781, 2844]
[2717, 2780, 2782, 2845]
[2718, 2781, 2783, 2846]
[2719, 2782, 2784, 2847]
[2720, 2783, 2785, 2848]
[2721, 2784, 2786, 2849]
[2722, 2785, 2787, 2850]
[2723, 2786, 2788, 2851]
[2724, 2787, 2789, 2852]
[2725, 2788, 2790, 2853]
[2726, 2789, 2791, 2854]
[2727, 2790, 2792, 2855]
[2728, 2791, 2793, 2856]
[2729, 2792, 2794, 2857]
[2730, 2793, 2795, 2858]
[2731, 2794, 2796, 2859]
[2732, 2795, 2797, 2860]
[2733, 2796, 2798, 2861]
[2734, 2797, 2799, 2862]
[2735, 2798, 2800, 2863]
[2736, 2799, 2801, 2864]
[2737, 2800, 2802, 2865]
[2738, 2801, 2803, 2866]
[2739, 2802, 2804, 2867]
[2740, 2803, 2805, 2868]
[2741, 2804, 2806, 2869]
[2742, 2805, 2807, 2870]
[2743, 2806, 2808, 2871]
[2744, 2807, 2809, 2872]
[2745, 2808, 2810, 2873]
[2746, 2809, 2811, 2874]
[2747, 2810, 2812, 2875]
[2748, 2811, 2813, 2876]
[2749, 2812, 2814, 2877]
[2750, 2813, 2815, 2878]
[2751, 2752, 2814, 2879]
[2752, 2817, 2879, 2880]
[2753, 2816, 2818, 2881]
[2754, 2817, 2819, 2882]
[2755, 2818, 2820, 2883]
[2756, 2819, 2821, 2884]
[2757, 2820, 2822, 2885]
[2758, 2821, 2823, 2886]
[2759, 2822, 2824, 2887]
[2760, 2823, 2825, 2888]
[2761, 2824, 2826, 2889]
[2762, 2825, 2827, 2890]
[2763, 2826, 2828, 2891]
[2764, 2827, 2829, 2892]
[2765, 2828, 2830, 2893]
[2766, 2829, 2831, 2894]
[2767, 2830, 2832, 2895]
[2768, 2831, 2833, 2896]
[2769, 2832, 2834, 2897]
[2770, 2833, 2835, 2898]
[2771, 2834, 2836, 2899]
[2772, 2835, 2837, 2900]
[2773, 2836, 2838, 2901]
[2774, 2837, 2839, 2902]
[2775, 2838, 2840, 2903]
[2776, 2839, 2841, 2904]
[2777, 2840, 2842, 2905]
[2778, 2841, 2843, 2906]
[2779, 2842, 2844, 2907]
[2780, 2843, 2845, 2908]
[2781, 2844, 2846, 2909]
[2782, 2845, 2847, 2910]
[2783, 2846, 2848, 2911]
[2784, 2847, 2849, 2912]
[2785, 2848, 2850, 2913]
[2786, 2849, 2851, 2914]
[2787, 2850, 2852, 2915]
[2788, 2851, 2853, 2916]
[2789, 2852, 2854, 2917]
[2790, 2853, 2855, 2918]
[2791, 2854, 2856, 2919]
[2792, 2855, 2857, 2920]
[2793, 2856, 2858, 2921]
[2794, 2857, 2859, 2922]
[2795, 2858, 2860, 2923]
[2796, 2859, 2861, 2924]
[2797, 2860, 2862, 2925]
[2798, 2861, 2863, 2926]
[2799, 2862, 2864, 2927]
[2800, 2863, 2865, 2928]
[2801, 2864, 2866, 2929]
[2802, 2865, 2867, 2930]
[2803, 2866, 2868, 2931]
[2804, 2867, 2869, 2932]
[2805, 2868, 2870, 2933]
[2806, 2869, 2871, 2934]
[2807, 2870, 2872, 2935]
[2808, 2871, 2873, 2936]
[2809, 2872, 2874, 2937]
[2810, 2873, 2875, 2938]
[2811, 2874, 2876, 2939]
[2812, 2875, 2877, 2940]
[2813, 2876, 2878, 2941]
[2814, 2877, 2879, 2942]
[2815, 2816, 2878, 2943]
[2816, 2881, 2943, 2944]
[2817, 2880, 2882, 2945]
[2818, 2881, 2883, 2946]
[2819, 2882, 2884, 2947]
[2820, 2883, 2885, 2948]
[2821, 2884, 2886, 2949]
[2822, 2885, 2887, 2950]
[2823, 2886, 2888, 2951]
[2824, 2887, 2889, 2952]
[2825, 2888, 2890, 2953]
[2826, 2889, 2891, 2954]
[2827, 2890, 2892, 2955]
[2828, 2891, 2893, 2956]
[2829, 2892, 2894, 2957]
[2830, 2893, 2895, 2958]
[2831, 2894, 2896, 2959]
[2832, 2895, 2897, 2960]
[2833, 2896, 2898, 2961]
[2834, 2897, 2899, 2962]
[2835, 2898, 2900, 2963]
[2836, 2899, 2901, 2964]
[2837, 2900, 2902, 2965]
[2838, 2901, 2903, 2966]
[2839, 2902, 2904, 2967]
[2840, 2903, 2905, 2968]
[2841, 2904, 2906, 2969]
[2842, 2905, 2907, 2970]
[2843, 2906, 2908, 2971]
[2844, 2907, 2909, 2972]
[2845, 2908, 2910, 2973]
[2846, 2909, 2911, 2974]
[2847, 2910, 2912, 2975]
[2848, 2911, 2913, 2976]
[2849, 2912, 2914, 2977]
[2850, 2913, 2915, 2978]
[2851, 2914, 2916, 2979]
[2852, 2915, 2917, 2980]
[2853, 2916, 2918, 2981]
[2854, 2917, 2919, 2982]
[2855, 2918, 2920, 2983]
[2856, 2919, 2921, 2984]
[2857, 2920, 2922, 2985]
[2858, 2921, 2923, 2986]
[2859, 2922, 2924, 2987]
[2860, 2923, 2925, 2988]
[2861, 2924, 2926, 2989]
[2862, 2925, 2927, 2990]
[2863, 2926, 2928, 2991]
[2864, 2927, 2929, 2992]
[2865, 2928, 2930, 2993]
[2866, 2929, 2931, 2994]
[2867, 2930, 2932, 2995]
[2868, 2931, 2933, 2996]
[2869, 2932, 2934, 2997]
[2870, 2933, 2935, 2998]
[2871, 2934, 2936, 2999]
[2872, 2935, 2937, 3000]
[2873, 2936, 2938, 3001]
[2874, 2937, 2939, 3002]
[2875, 2938, 2940, 3003]
[2876, 2939, 2941, 3004]
[2877, 2940, 2942, 3005]
[2878, 2941, 2943, 3006]
[2879, 2880, 2942, 3007]
[2880, 2945, 3007, 3008]
[2881, 2944, 2946, 3009]
[2882, 2945, 2947, 3010]
[2883, 2946, 2948, 3011]
[2884, 2947, 2949, 3012]
[2885, 2948, 2950, 3013]
[2886, 2949, 2951, 3014]
[2887, 2950, 2952, 3015]
[2888, 2951, 2953, 3016]
[2889, 2952, 2954, 3017]
[2890, 2953, 2955, 3018]
[2891, 2954, 2956, 3019]
[2892, 2955, 2957, 3020]
[2893, 2956, 2958, 3021]
[2894, 2957, 2959, 3022]
[2895, 2958, 2960, 3023]
[2896, 2959, 2961, 3024]
[2897, 2960, 2962, 3025]
[2898, 2961, 2963, 3026]
[2899, 2962, 2964, 3027]
[2900, 2963, 2965, 3028]
[2901, 2964, 2966, 3029]
[2902, 2965, 2967, 3030]
[2903, 2966, 2968, 3031]
[2904, 2967, 2969, 3032]
[2905, 2968, 2970, 3033]
[2906, 2969, 2971, 3034]
[2907, 2970, 2972, 3035]
[2908, 2971, 2973, 3036]
[2909, 2972, 2974, 3037]
[2910, 2973, 2975, 3038]
[2911, 2974, 2976, 3039]
[2912, 2975, 2977, 3040]
[2913, 2976, 2978, 3041]
[2914, 2977, 2979, 3042]
[2915, 2978, 2980, 3043]
[2916, 2979, 2981, 3044]
[2917, 2980, 2982, 3045]
[2918, 2981, 2983, 3046]
[2919, 2982, 2984, 3047]
[2920, 2983, 2985, 3048]
[2921, 2984, 2986, 3049]
[2922, 2985, 2987, 3050]
[2923, 2986, 2988, 3051]
[2924, 2987, 2989, 3052]
[2925, 2988, 2990, 3053]
[2926, 2989, 2991, 3054]
[2927, 2990, 2992, 3055]
[2928, 2991, 2993, 3056]
[2929, 2992, 2994, 3057]
[2930, 2993, 2995, 3058]
[2931, 2994, 2996, 3059]
[2932, 2995, 2997, 3060]
[2933, 2996, 2998, 3061]
[2934, 2997, 2999, 3062]
[2935, 2998, 3000, 3063]
[2936, 2999, 3001, 3064]
[2937, 3000, 3002, 3065]
[2938, 3001, 3003, 3066]
[2939, 3002, 3004, 3067]
[2940, 3003, 3005, 3068]
[2941, 3004, 3006, 3069]
[2942, 3005, 3007, 3070]
[2943, 2944, 3006, 3071]
[2944, 3009, 3071, 3072]
[2945, 3008, 3010, 3073]
[2946, 3009, 3011, 3074]
[2947, 3010, 3012, 3075]
[2948, 3011, 3013, 3076]
[2949, 3012, 3014, 3077]
[2950, 3013, 3015, 3078]
[2951, 3014, 3016, 3079]
[2952, 3015, 3017, 3080]
[2953, 3016, 3018, 3081]
[2954, 3017, 3019, 3082]
[2955, 3018, 3020, 3083]
[2956, 3019, 3021, 3084]
[2957, 3020, 3022, 3085]
[2958, 3021, 3023, 3086]
[2959, 3022, 3024, 3087]
[2960, 3023, 3025, 3088]
[2961, 3024, 3026, 3089]
[2962, 3025, 3027, 3090]
[2963, 3026, 3028, 3091]
[2964, 3027, 3029, 3092]
[2965, 3028, 3030, 3093]
[2966, 3029, 3031, 3094]
[2967, 3030, 3032, 3095]
[2968, 3031, 3033, 3096]
[2969, 3032, 3034, 3097]
[2970, 3033, 3035, 3098]
[2971, 3034, 3036, 3099]
[2972, 3035, 3037, 3100]
[2973, 3036, 3038, 3101]
[2974, 3037, 3039, 3102]
[2975, 3038, 3040, 3103]
[2976, 3039, 3041, 3104]
[2977, 3040, 3042, 3105]
[2978, 3041, 3043, 3106]
[2979, 3042, 3044, 3107]
[2980, 3043, 3045, 3108]
[2981, 3044, 3046, 3109]
[2982, 3045, 3047, 3110]
[2983, 3046, 3048, 3111]
[2984, 3047, 3049, 3112]
[2985, 3048, 3050, 3113]
[2986, 3049, 3051, 3114]
[2987, 3050, 3052, 3115]
[2988, 3051, 3053, 3116]
[2989, 3052, 3054, 3117]
[2990, 3053, 3055, 3118]
[2991, 3054, 3056, 3119]
[2992, 3055, 3057, 3120]
[2993, 3056, 3058, 3121]
[2994, 3057, 3059, 3122]
[2995, 3058, 3060, 3123]
[2996, 3059, 3061, 3124]
[2997, 3060, 3062, 3125]
[2998, 3061, 3063, 3126]
[2999, 3062, 3064, 3127]
[3000, 3063, 3065, 3128]
[3001, 3064, 3066, 3129]
[3002, 3065, 3067, 3130]
[3003, 3066, 3068, 3131]
[3004, 3067, 3069, 3132]
[3005, 3068, 3070, 3133]
[3006, 3069, 3071, 3134]
[3007, 3008, 3070, 3135]
[3008, 3073, 3135, 3136]
[3009, 3072, 3074, 3137]
[3010, 3073, 3075, 3138]
[3011, 3074, 3076, 3139]
[3012, 3075, 3077, 3140]
[3013, 3076, 3078, 3141]
[3014, 3077, 3079, 3142]
[3015, 3078, 3080, 3143]
[3016, 3079, 3081, 3144]
[3017, 3080, 3082, 3145]
[3018, 3081, 3083, 3146]
[3019, 3082, 3084, 3147]
[3020, 3083, 3085, 3148]
[3021, 3084, 3086, 3149]
[3022, 3085, 3087, 3150]
[3023, 3086, 3088, 3151]
[3024, 3087, 3089, 3152]
[3025, 3088, 3090, 3153]
[3026, 3089, 3091, 3154]
[3027, 3090, 3092, 3155]
[3028, 3091, 3093, 3156]
[3029, 3092, 3094, 3157]
[3030, 3093, 3095, 3158]
[3031, 3094, 3096, 3159]
[3032, 3095, 3097, 3160]
[3033, 3096, 3098, 3161]
[3034, 3097, 3099, 3162]
[3035, 3098, 3100, 3163]
[3036, 3099, 3101, 3164]
[3037, 3100, 3102, 3165]
[3038, 3101, 3103, 3166]
[3039, 3102, 3104, 3167]
[3040, 3103, 3105, 3168]
[3041, 3104, 3106, 3169]
[3042, 3105, 3107, 3170]
[3043, 3106, 3108, 3171]
[3044, 3107, 3109, 3172]
[3045, 3108, 3110, 3173]
[3046, 3109, 3111, 3174]
[3047, 3110, 3112, 3175]
[3048, 3111, 3113, 3176]
[3049, 3112, 3114, 3177]
[3050, 3113, 3115, 3178]
[3051, 3114, 3116, 3179]
[3052, 3115, 3117, 3180]
[3053, 3116, 3118, 3181]
[3054, 3117, 3119, 3182]
[3055, 3118, 3120, 3183]
[3056, 3119, 3121, 3184]
[3057, 3120, 3122, 3185]
[3058, 3121, 3123, 3186]
[3059, 3122, 3124, 3187]
[3060, 3123, 3125, 3188]
[3061, 3124, 3126, 3189]
[3062, 3125, 3127, 3190]
[3063, 3126, 3128, 3191]
[3064, 3127, 3129, 3192]
[3065, 3128, 3130, 3193]
[3066, 3129, 3131, 3194]
[3067, 3130, 3132, 3195]
[3068, 3131, 3133, 3196]
[3069, 3132, 3134, 3197]
[3070, 3133, 3135, 3198]
[3071, 3072, 3134, 3199]
[3072, 3137, 3199, 3200]
[3073, 3136, 3138, 3201]
[3074, 3137, 3139, 3202]
[3075, 3138, 3140, 3203]
[3076, 3139, 3141, 3204]
[3077, 3140, 3142, 3205]
[3078, 3141, 3143, 3206]
[3079, 3142, 3144, 3207]
[3080, 3143, 3145, 3208]
[3081, 3144, 3146, 3209]
[3082, 3145, 3147, 3210]
[3083, 3146, 3148, 3211]
[3084, 3147, 3149, 3212]
[3085, 3148, 3150, 3213]
[3086, 3149, 3151, 3214]
[3087, 3150, 3152, 3215]
[3088, 3151, 3153, 3216]
[3089, 3152, 3154, 3217]
[3090, 3153, 3155, 3218]
[3091, 3154, 3156, 3219]
[3092, 3155, 3157, 3220]
[3093, 3156, 3158, 3221]
[3094, 3157, 3159, 3222]
[3095, 3158, 3160, 3223]
[3096, 3159, 3161, 3224]
[3097, 3160, 3162, 3225]
[3098, 3161, 3163, 3226]
[3099, 3162, 3164, 3227]
[3100, 3163, 3165, 3228]
[3101, 3164, 3166, 3229]
[3102, 3165, 3167, 3230]
[3103, 3166, 3168, 3231]
[3104, 3167, 3169, 3232]
[3105, 3168, 3170, 3233]
[3106, 3169, 3171, 3234]
[3107, 3170, 3172, 3235]
[3108, 3171, 3173, 3236]
[3109, 3172, 3174, 3237]
[3110, 3173, 3175, 3238]
[3111, 3174, 3176, 3239]
[3112, 3175, 3177, 3240]
[3113, 3176, 3178, 3241]
[3114, 3177, 3179, 3242]
[3115, 3178, 3180, 3243]
[3116, 3179, 3181, 3244]
[3117, 3180, 3182, 3245]
[3118, 3181, 3183, 3246]
[3119, 3182, 3184, 3247]
[3120, 3183, 3185, 3248]
[3121, 3184, 3186, 3249]
[3122, 3185, 3187, 3250]
[3123, 3186, 3188, 3251]
[3124, 3187, 3189, 3252]
[3125, 3188, 3190, 3253]
[3126, 3189, 3191, 3254]
[3127, 3190, 3192, 3255]
[3128, 3191, 3193, 3256]
[3129, 3192, 3194, 3257]
[3130, 3193, 3195, 3258]
[3131, 3194, 3196, 3259]
[3132, 3195, 3197, 3260]
[3133, 3196, 3198, 3261]
[3134, 3197, 3199, 3262]
[3135, 3136, 3198, 3263]
[3136, 3201, 3263, 3264]
[3137, 3200, 3202, 3265]
[3138, 3201, 3203, 3266]
[3139, 3202, 3204, 3267]
[3140, 3203, 3205, 3268]
[3141, 3204, 3206, 3269]
[3142, 3205, 3207, 3270]
[3143, 3206, 3208, 3271]
[3144, 3207, 3209, 3272]
[3145, 3208, 3210, 3273]
[3146, 3209, 3211, 3274]
[3147, 3210, 3212, 3275]
[3148, 3211, 3213, 3276]
[3149, 3212, 3214, 3277]
[3150, 3213, 3215, 3278]
[3151, 3214, 3216, 3279]
[3152, 3215, 3217, 3280]
[3153, 3216, 3218, 3281]
[3154, 3217, 3219, 3282]
[3155, 3218, 3220, 3283]
[3156, 3219, 3221, 3284]
[3157, 3220, 3222, 3285]
[3158, 3221, 3223, 3286]
[3159, 3222, 3224, 3287]
[3160, 3223, 3225, 3288]
[3161, 3224, 3226, 3289]
[3162, 3225, 3227, 3290]
[3163, 3226, 3228, 3291]
[3164, 3227, 3229, 3292]
[3165, 3228, 3230, 3293]
[3166, 3229, 3231, 3294]
[3167, 3230, 3232, 3295]
[3168, 3231, 3233, 3296]
[3169, 3232, 3234, 3297]
[3170, 3233, 3235, 3298]
[3171, 3234, 3236, 3299]
[3172, 3235, 3237, 3300]
[3173, 3236, 3238, 3301]
[3174, 3237, 3239, 3302]
[3175, 3238, 3240, 3303]
[3176, 3239, 3241, 3304]
[3177, 3240, 3242, 3305]
[3178, 3241, 3243, 3306]
[3179, 3242, 3244, 3307]
[3180, 3243, 3245, 3308]
[3181, 3244, 3246, 3309]
[3182, 3245, 3247, 3310]
[3183, 3246, 3248, 3311]
[3184, 3247, 3249, 3312]
[3185, 3248, 3250, 3313]
[3186, 3249, 3251, 3314]
[3187, 3250, 3252, 3315]
[3188, 3251, 3253, 3316]
[3189, 3252, 3254, 3317]
[3190, 3253, 3255, 3318]
[3191, 3254, 3256, 3319]
[3192, 3255, 3257, 3320]
[3193, 3256, 3258, 3321]
[3194, 3257, 3259, 3322]
[3195, 3258, 3260, 3323]
[3196, 3259, 3261, 3324]
[3197, 3260, 3262, 3325]
[3198, 3261, 3263, 3326]
[3199, 3200, 3262, 3327]
[3200, 3265, 3327, 3328]
[3201, 3264, 3266, 3329]
[3202, 3265, 3267, 3330]
[3203, 3266, 3268, 3331]
[3204, 3267, 3269, 3332]
[3205, 3268, 3270, 3333]
[3206, 3269, 3271, 3334]
[3207, 3270, 3272, 3335]
[3208, 3271, 3273, 3336]
[3209, 3272, 3274, 3337]
[3210, 3273, 3275, 3338]
[3211, 3274, 3276, 3339]
[3212, 3275, 3277, 3340]
[3213, 3276, 3278, 3341]
[3214, 3277, 3279, 3342]
[3215, 3278, 3280, 3343]
[3216, 3279, 3281, 3344]
[3217, 3280, 3282, 3345]
[3218, 3281, 3283, 3346]
[3219, 3282, 3284, 3347]
[3220, 3283, 3285, 3348]
[3221, 3284, 3286, 3349]
[3222, 3285, 3287, 3350]
[3223, 3286, 3288, 3351]
[3224, 3287, 3289, 3352]
[3225, 3288, 3290, 3353]
[3226, 3289, 3291, 3354]
[3227, 3290, 3292, 3355]
[3228, 3291, 3293, 3356]
[3229, 3292, 3294, 3357]
[3230, 3293, 3295, 3358]
[3231, 3294, 3296, 3359]
[3232, 3295, 3297, 3360]
[3233, 3296, 3298, 3361]
[3234, 3297, 3299, 3362]
[3235, 3298, 3300, 3363]
[3236, 3299, 3301, 3364]
[3237, 3300, 3302, 3365]
[3238, 3301, 3303, 3366]
[3239, 3302, 3304, 3367]
[3240, 3303, 3305, 3368]
[3241, 3304, 3306, 3369]
[3242, 3305, 3307, 3370]
[3243, 3306, 3308, 3371]
[3244, 3307, 3309, 3372]
[3245, 3308, 3310, 3373]
[3246, 3309, 3311, 3374]
[3247, 3310, 3312, 3375]
[3248, 3311, 3313, 3376]
[3249, 3312, 3314, 3377]
[3250, 3313, 3315, 3378]
[3251, 3314, 3316, 3379]
[3252, 3315, 3317, 3380]
[3253, 3316, 3318, 3381]
[3254, 3317, 3319, 3382]
[3255, 3318, 3320, 3383]
[3256, 3319, 3321, 3384]
[3257, 3320, 3322, 3385]
[3258, 3321, 3323, 3386]
[3259, 3322, 3324, 3387]
[3260, 3323, 3325, 3388]
[3261, 3324, 3326, 3389]
[3262, 3325, 3327, 3390]
[3263, 3264, 3326, 3391]
[3264, 3329, 3391, 3392]
[3265, 3328, 3330, 3393]
[3266, 3329, 3331, 3394]
[3267, 3330, 3332, 3395]
[3268, 3331, 3333, 3396]
[3269, 3332, 3334, 3397]
[3270, 3333, 3335, 3398]
[3271, 3334, 3336, 3399]
[3272, 3335, 3337, 3400]
[3273, 3336, 3338, 3401]
[3274, 3337, 3339, 3402]
[3275, 3338, 3340, 3403]
[3276, 3339, 3341, 3404]
[3277, 3340, 3342, 3405]
[3278, 3341, 3343, 3406]
[3279, 3342, 3344, 3407]
[3280, 3343, 3345, 3408]
[3281, 3344, 3346, 3409]
[3282, 3345, 3347, 3410]
[3283, 3346, 3348, 3411]
[3284, 3347, 3349, 3412]
[3285, 3348, 3350, 3413]
[3286, 3349, 3351, 3414]
[3287, 3350, 3352, 3415]
[3288, 3351, 3353, 3416]
[3289, 3352, 3354, 3417]
[3290, 3353, 3355, 3418]
[3291, 3354, 3356, 3419]
[3292, 3355, 3357, 3420]
[3293, 3356, 3358, 3421]
[3294, 3357, 3359, 3422]
[3295, 3358, 3360, 3423]
[3296, 3359, 3361, 3424]
[3297, 3360, 3362, 3425]
[3298, 3361, 3363, 3426]
[3299, 3362, 3364, 3427]
[3300, 3363, 3365, 3428]
[3301, 3364, 3366, 3429]
[3302, 3365, 3367, 3430]
[3303, 3366, 3368, 3431]
[3304, 3367, 3369, 3432]
[3305, 3368, 3370, 3433]
[3306, 3369, 3371, 3434]
[3307, 3370, 3372, 3435]
[3308, 3371, 3373, 3436]
[3309, 3372, 3374, 3437]
[3310, 3373, 3375, 3438]
[3311, 3374, 3376, 3439]
[3312, 3375, 3377, 3440]
[3313, 3376, 3378, 3441]
[3314, 3377, 3379, 3442]
[3315, 3378, 3380, 3443]
[3316, 3379, 3381, 3444]
[3317, 3380, 3382, 3445]
[3318, 3381, 3383, 3446]
[3319, 3382, 3384, 3447]
[3320, 3383, 3385, 3448]
[3321, 3384, 3386, 3449]
[3322, 3385, 3387, 3450]
[3323, 3386, 3388, 3451]
[3324, 3387, 3389, 3452]
[3325, 3388, 3390, 3453]
[3326, 3389, 3391, 3454]
[3327, 3328, 3390, 3455]
[3328, 3393, 3455, 3456]
[3329, 3392, 3394, 3457]
[3330, 3393, 3395, 3458]
[3331, 3394, 3396, 3459]
[3332, 3395, 3397, 3460]
[3333, 3396, 3398, 3461]
[3334, 3397, 3399, 3462]
[3335, 3398, 3400, 3463]
[3336, 3399, 3401, 3464]
[3337, 3400, 3402, 3465]
[3338, 3401, 3403, 3466]
[3339, 3402, 3404, 3467]
[3340, 3403, 3405, 3468]
[3341, 3404, 3406, 3469]
[3342, 3405, 3407, 3470]
[3343, 3406, 3408, 3471]
[3344, 3407, 3409, 3472]
[3345, 3408, 3410, 3473]
[3346, 3409, 3411, 3474]
[3347, 3410, 3412, 3475]
[3348, 3411, 3413, 3476]
[3349, 3412, 3414, 3477]
[3350, 3413, 3415, 3478]
[3351, 3414, 3416, 3479]
[3352, 3415, 3417, 3480]
[3353, 3416, 3418, 3481]
[3354, 3417, 3419, 3482]
[3355, 3418, 3420, 3483]
[3356, 3419, 3421, 3484]
[3357, 3420, 3422, 3485]
[3358, 3421, 3423, 3486]
[3359, 3422, 3424, 3487]
[3360, 3423, 3425, 3488]
[3361, 3424, 3426, 3489]
[3362, 3425, 3427, 3490]
[3363, 3426, 3428, 3491]
[3364, 3427, 3429, 3492]
[3365, 3428, 3430, 3493]
[3366, 3429, 3431, 3494]
[3367, 3430, 3432, 3495]
[3368, 3431, 3433, 3496]
[3369, 3432, 3434, 3497]
[3370, 3433, 3435, 3498]
[3371, 3434, 3436, 3499]
[3372, 3435, 3437, 3500]
[3373, 3436, 3438, 3501]
[3374, 3437, 3439, 3502]
[3375, 3438, 3440, 3503]
[3376, 3439, 3441, 3504]
[3377, 3440, 3442, 3505]
[3378, 3441, 3443, 3506]
[3379, 3442, 3444, 3507]
[3380, 3443, 3445, 3508]
[3381, 3444, 3446, 3509]
[3382, 3445, 3447, 3510]
[3383, 3446, 3448, 3511]
[3384, 3447, 3449, 3512]
[3385, 3448, 3450, 3513]
[3386, 3449, 3451, 3514]
[3387, 3450, 3452, 3515]
[3388, 3451, 3453, 3516]
[3389, 3452, 3454, 3517]
[3390, 3453, 3455, 3518]
[3391, 3392, 3454, 3519]
[3392, 3457, 3519, 3520]
[3393, 3456, 3458, 3521]
[3394, 3457, 3459, 3522]
[3395, 3458, 3460, 3523]
[3396, 3459, 3461, 3524]
[3397, 3460, 3462, 3525]
[3398, 3461, 3463, 3526]
[3399, 3462, 3464, 3527]
[3400, 3463, 3465, 3528]
[3401, 3464, 3466, 3529]
[3402, 3465, 3467, 3530]
[3403, 3466, 3468, 3531]
[3404, 3467, 3469, 3532]
[3405, 3468, 3470, 3533]
[3406, 3469, 3471, 3534]
[3407, 3470, 3472, 3535]
[3408, 3471, 3473, 3536]
[3409, 3472, 3474, 3537]
[3410, 3473, 3475, 3538]
[3411, 3474, 3476, 3539]
[3412, 3475, 3477, 3540]
[3413, 3476, 3478, 3541]
[3414, 3477, 3479, 3542]
[3415, 3478, 3480, 3543]
[3416, 3479, 3481, 3544]
[3417, 3480, 3482, 3545]
[3418, 3481, 3483, 3546]
[3419, 3482, 3484, 3547]
[3420, 3483, 3485, 3548]
[3421, 3484, 3486, 3549]
[3422, 3485, 3487, 3550]
[3423, 3486, 3488, 3551]
[3424, 3487, 3489, 3552]
[3425, 3488, 3490, 3553]
[3426, 3489, 3491, 3554]
[3427, 3490, 3492, 3555]
[3428, 3491, 3493, 3556]
[3429, 3492, 3494, 3557]
[3430, 3493, 3495, 3558]
[3431, 3494, 3496, 3559]
[3432, 3495, 3497, 3560]
[3433, 3496, 3498, 3561]
[3434, 3497, 3499, 3562]
[3435, 3498, 3500, 3563]
[3436, 3499, 3501, 3564]
[3437, 3500, 3502, 3565]
[3438, 3501, 3503, 3566]
[3439, 3502, 3504, 3567]
[3440, 3503, 3505, 3568]
[3441, 3504, 3506, 3569]
[3442, 3505, 3507, 3570]
[3443, 3506, 3508, 3571]
[3444, 3507, 3509, 3572]
[3445, 3508, 3510, 3573]
[3446, 3509, 3511, 3574]
[3447, 3510, 3512, 3575]
[3448, 3511, 3513, 3576]
[3449, 3512, 3514, 3577]
[3450, 3513, 3515, 3578]
[3451, 3514, 3516, 3579]
[3452, 3515, 3517, 3580]
[3453, 3516, 3518, 3581]
[3454, 3517, 3519, 3582]
[3455, 3456, 3518, 3583]
[3456, 3521, 3583, 3584]
[3457, 3520, 3522, 3585]
[3458, 3521, 3523, 3586]
[3459, 3522, 3524, 3587]
[3460, 3523, 3525, 3588]
[3461, 3524, 3526, 3589]
[3462, 3525, 3527, 3590]
[3463, 3526, 3528, 3591]
[3464, 3527, 3529, 3592]
[3465, 3528, 3530, 3593]
[3466, 3529, 3531, 3594]
[3467, 3530, 3532, 3595]
[3468, 3531, 3533, 3596]
[3469, 3532, 3534, 3597]
[3470, 3533, 3535, 3598]
[3471, 3534, 3536, 3599]
[3472, 3535, 3537, 3600]
[3473, 3536, 3538, 3601]
[3474, 3537, 3539, 3602]
[3475, 3538, 3540, 3603]
[3476, 3539, 3541, 3604]
[3477, 3540, 3542, 3605]
[3478, 3541, 3543, 3606]
[3479, 3542, 3544, 3607]
[3480, 3543, 3545, 3608]
[3481, 3544, 3546, 3609]
[3482, 3545, 3547, 3610]
[3483, 3546, 3548, 3611]
[3484, 3547, 3549, 3612]
[3485, 3548, 3550, 3613]
[3486, 3549, 3551, 3614]
[3487, 3550, 3552, 3615]
[3488, 3551, 3553, 3616]
[3489, 3552, 3554, 3617]
[3490, 3553, 3555, 3618]
[3491, 3554, 3556, 3619]
[3492, 3555, 3557, 3620]
[3493, 3556, 3558, 3621]
[3494, 3557, 3559, 3622]
[3495, 3558, 3560, 3623]
[3496, 3559, 3561, 3624]
[3497, 3560, 3562, 3625]
[3498, 3561, 3563, 3626]
[3499, 3562, 3564, 3627]
[3500, 3563, 3565, 3628]
[3501, 3564, 3566, 3629]
[3502, 3565, 3567, 3630]
[3503, 3566, 3568, 3631]
[3504, 3567, 3569, 3632]
[3505, 3568, 3570, 3633]
[3506, 3569, 3571, 3634]
[3507, 3570, 3572, 3635]
[3508, 3571, 3573, 3636]
[3509, 3572, 3574, 3637]
[3510, 3573, 3575, 3638]
[3511, 3574, 3576, 3639]
[3512, 3575, 3577, 3640]
[3513, 3576, 3578, 3641]
[3514, 3577, 3579, 3642]
[3515, 3578, 3580, 3643]
[3516, 3579, 3581, 3644]
[3517, 3580, 3582, 3645]
[3518, 3581, 3583, 3646]
[3519, 3520, 3582, 3647]
[3520, 3585, 3647, 3648]
[3521, 3584, 3586, 3649]
[3522, 3585, 3587, 3650]
[3523, 3586, 3588, 3651]
[3524, 3587, 3589, 3652]
[3525, 3588, 3590, 3653]
[3526, 3589, 3591, 3654]
[3527, 3590, 3592, 3655]
[3528, 3591, 3593, 3656]
[3529, 3592, 3594, 3657]
[3530, 3593, 3595, 3658]
[3531, 3594, 3596, 3659]
[3532, 3595, 3597, 3660]
[3533, 3596, 3598, 3661]
[3534, 3597, 3599, 3662]
[3535, 3598, 3600, 3663]
[3536, 3599, 3601, 3664]
[3537, 3600, 3602, 3665]
[3538, 3601, 3603, 3666]
[3539, 3602, 3604, 3667]
[3540, 3603, 3605, 3668]
[3541, 3604, 3606, 3669]
[3542, 3605, 3607, 3670]
[3543, 3606, 3608, 3671]
[3544, 3607, 3609, 3672]
[3545, 3608, 3610, 3673]
[3546, 3609, 3611, 3674]
[3547, 3610, 3612, 3675]
[3548, 3611, 3613, 3676]
[3549, 3612, 3614, 3677]
[3550, 3613, 3615, 3678]
[3551, 3614, 3616, 3679]
[3552, 3615, 3617, 3680]
[3553, 3616, 3618, 3681]
[3554, 3617, 3619, 3682]
[3555, 3618, 3620, 3683]
[3556, 3619, 3621, 3684]
[3557, 3620, 3622, 3685]
[3558, 3621, 3623, 3686]
[3559, 3622, 3624, 3687]
[3560, 3623, 3625, 3688]
[3561, 3624, 3626, 3689]
[3562, 3625, 3627, 3690]
[3563, 3626, 3628, 3691]
[3564, 3627, 3629, 3692]
[3565, 3628, 3630, 3693]
[3566, 3629, 3631, 3694]
[3567, 3630, 3632, 3695]
[3568, 3631, 3633, 3696]
[3569, 3632, 3634, 3697]
[3570, 3633, 3635, 3698]
[3571, 3634, 3636, 3699]
[3572, 3635, 3637, 3700]
[3573, 3636, 3638, 3701]
[3574, 3637, 3639, 3702]
[3575, 3638, 3640, 3703]
[3576, 3639, 3641, 3704]
[3577, 3640, 3642, 3705]
[3578, 3641, 3643, 3706]
[3579, 3642, 3644, 3707]
[3580, 3643, 3645, 3708]
[3581, 3644, 3646, 3709]
[3582, 3645, 3647, 3710]
[3583, 3584, 3646, 3711]
[3584, 3649, 3711, 3712]
[3585, 3648, 3650, 3713]
[3586, 3649, 3651, 3714]
[3587, 3650, 3652, 3715]
[3588, 3651, 3653, 3716]
[3589, 3652, 3654, 3717]
[3590, 3653, 3655, 3718]
[3591, 3654, 3656, 3719]
[3592, 3655, 3657, 3720]
[3593, 3656, 3658, 3721]
[3594, 3657, 3659, 3722]
[3595, 3658, 3660, 3723]
[3596, 3659, 3661, 3724]
[3597, 3660, 3662, 3725]
[3598, 3661, 3663, 3726]
[3599, 3662, 3664, 3727]
[3600, 3663, 3665, 3728]
[3601, 3664, 3666, 3729]
[3602, 3665, 3667, 3730]
[3603, 3666, 3668, 3731]
[3604, 3667, 3669, 3732]
[3605, 3668, 3670, 3733]
[3606, 3669, 3671, 3734]
[3607, 3670, 3672, 3735]
[3608, 3671, 3673, 3736]
[3609, 3672, 3674, 3737]
[3610, 3673, 3675, 3738]
[3611, 3674, 3676, 3739]
[3612, 3675, 3677, 3740]
[3613, 3676, 3678, 3741]
[3614, 3677, 3679, 3742]
[3615, 3678, 3680, 3743]
[3616, 3679, 3681, 3744]
[3617, 3680, 3682, 3745]
[3618, 3681, 3683, 3746]
[3619, 3682, 3684, 3747]
[3620, 3683, 3685, 3748]
[3621, 3684, 3686, 3749]
[3622, 3685, 3687, 3750]
[3623, 3686, 3688, 3751]
[3624, 3687, 3689, 3752]
[3625, 3688, 3690, 3753]
[3626, 3689, 3691, 3754]
[3627, 3690, 3692, 3755]
[3628, 3691, 3693, 3756]
[3629, 3692, 3694, 3757]
[3630, 3693, 3695, 3758]
[3631, 3694, 3696, 3759]
[3632, 3695, 3697, 3760]
[3633, 3696, 3698, 3761]
[3634, 3697, 3699, 3762]
[3635, 3698, 3700, 3763]
[3636, 3699, 3701, 3764]
[3637, 3700, 3702, 3765]
[3638, 3701, 3703, 3766]
[3639, 3702, 3704, 3767]
[3640, 3703, 3705, 3768]
[3641, 3704, 3706, 3769]
[3642, 3705, 3707, 3770]
[3643, 3706, 3708, 3771]
[3644, 3707, 3709, 3772]
[3645, 3708, 3710, 3773]
[3646, 3709, 3711, 3774]
[3647, 3648, 3710, 3775]
[3648, 3713, 3775, 3776]
[3649, 3712, 3714, 3777]
[3650, 3713, 3715, 3778]
[3651, 3714, 3716, 3779]
[3652, 3715, 3717, 3780]
[3653, 3716, 3718, 3781]
[3654, 3717, 3719, 3782]
[3655, 3718, 3720, 3783]
[3656, 3719, 3721, 3784]
[3657, 3720, 3722, 3785]
[3658, 3721, 3723, 3786]
[3659, 3722, 3724, 3787]
[3660, 3723, 3725, 3788]
[3661, 3724, 3726, 3789]
[3662, 3725, 3727, 3790]
[3663, 3726, 3728, 3791]
[3664, 3727, 3729, 3792]
[3665, 3728, 3730, 3793]
[3666, 3729, 3731, 3794]
[3667, 3730, 3732, 3795]
[3668, 3731, 3733, 3796]
[3669, 3732, 3734, 3797]
[3670, 3733, 3735, 3798]
[3671, 3734, 3736, 3799]
[3672, 3735, 3737, 3800]
[3673, 3736, 3738, 3801]
[3674, 3737, 3739, 3802]
[3675, 3738, 3740, 3803]
[3676, 3739, 3741, 3804]
[3677, 3740, 3742, 3805]
[3678, 3741, 3743, 3806]
[3679, 3742, 3744, 3807]
[3680, 3743, 3745, 3808]
[3681, 3744, 3746, 3809]
[3682, 3745, 3747, 3810]
[3683, 3746, 3748, 3811]
[3684, 3747, 3749, 3812]
[3685, 3748, 3750, 3813]
[3686, 3749, 3751, 3814]
[3687, 3750, 3752, 3815]
[3688, 3751, 3753, 3816]
[3689, 3752, 3754, 3817]
[3690, 3753, 3755, 3818]
[3691, 3754, 3756, 3819]
[3692, 3755, 3757, 3820]
[3693, 3756, 3758, 3821]
[3694, 3757, 3759, 3822]
[3695, 3758, 3760, 3823]
[3696, 3759, 3761, 3824]
[3697, 3760, 3762, 3825]
[3698, 3761, 3763, 3826]
[3699, 3762, 3764, 3827]
[3700, 3763, 3765, 3828]
[3701, 3764, 3766, 3829]
[3702, 3765, 3767, 3830]
[3703, 3766, 3768, 3831]
[3704, 3767, 3769, 3832]
[3705, 3768, 3770, 3833]
[3706, 3769, 3771, 3834]
[3707, 3770, 3772, 3835]
[3708, 3771, 3773, 3836]
[3709, 3772, 3774, 3837]
[3710, 3773, 3775, 3838]
[3711, 3712, 3774, 3839]
[3712, 3777, 3839, 3840]
[3713, 3776, 3778, 3841]
[3714, 3777, 3779, 3842]
[3715, 3778, 3780, 3843]
[3716, 3779, 3781, 3844]
[3717, 3780, 3782, 3845]
[3718, 3781, 3783, 3846]
[3719, 3782, 3784, 3847]
[3720, 3783, 3785, 3848]
[3721, 3784, 3786, 3849]
[3722, 3785, 3787, 3850]
[3723, 3786, 3788, 3851]
[3724, 3787, 3789, 3852]
[3725, 3788, 3790, 3853]
[3726, 3789, 3791, 3854]
[3727, 3790, 3792, 3855]
[3728, 3791, 3793, 3856]
[3729, 3792, 3794, 3857]
[3730, 3793, 3795, 3858]
[3731, 3794, 3796, 3859]
[3732, 3795, 3797, 3860]
[3733, 3796, 3798, 3861]
[3734, 3797, 3799, 3862]
[3735, 3798, 3800, 3863]
[3736, 3799, 3801, 3864]
[3737, 3800, 3802, 3865]
[3738, 3801, 3803, 3866]
[3739, 3802, 3804, 3867]
[3740, 3803, 3805, 3868]
[3741, 3804, 3806, 3869]
[3742, 3805, 3807, 3870]
[3743, 3806, 3808, 3871]
[3744, 3807, 3809, 3872]
[3745, 3808, 3810, 3873]
[3746, 3809, 3811, 3874]
[3747, 3810, 3812, 3875]
[3748, 3811, 3813, 3876]
[3749, 3812, 3814, 3877]
[3750, 3813, 3815, 3878]
[3751, 3814, 3816, 3879]
[3752, 3815, 3817, 3880]
[3753, 3816, 3818, 3881]
[3754, 3817, 3819, 3882]
[3755, 3818, 3820, 3883]
[3756, 3819, 3821, 3884]
[3757, 3820, 3822, 3885]
[3758, 3821, 3823, 3886]
[3759, 3822, 3824, 3887]
[3760, 3823, 3825, 3888]
[3761, 3824, 3826, 3889]
[3762, 3825, 3827, 3890]
[3763, 3826, 3828, 3891]
[3764, 3827, 3829, 3892]
[3765, 3828, 3830, 3893]
[3766, 3829, 3831, 3894]
[3767, 3830, 3832, 3895]
[3768, 3831, 3833, 3896]
[3769, 3832, 3834, 3897]
[3770, 3833, 3835, 3898]
[3771, 3834, 3836, 3899]
[3772, 3835, 3837, 3900]
[3773, 3836, 3838, 3901]
[3774, 3837, 3839, 3902]
[3775, 3776, 3838, 3903]
[3776, 3841, 3903, 3904]
[3777, 3840, 3842, 3905]
[3778, 3841, 3843, 3906]
[3779, 3842, 3844, 3907]
[3780, 3843, 3845, 3908]
[3781, 3844, 3846, 3909]
[3782, 3845, 3847, 3910]
[3783, 3846, 3848, 3911]
[3784, 3847, 3849, 3912]
[3785, 3848, 3850, 3913]
[3786, 3849, 3851, 3914]
[3787, 3850, 3852, 3915]
[3788, 3851, 3853, 3916]
[3789, 3852, 3854, 3917]
[3790, 3853, 3855, 3918]
[3791, 3854, 3856, 3919]
[3792, 3855, 3857, 3920]
[3793, 3856, 3858, 3921]
[3794, 3857, 3859, 3922]
[3795, 3858, 3860, 3923]
[3796, 3859, 3861, 3924]
[3797, 3860, 3862, 3925]
[3798, 3861, 3863, 3926]
[3799, 3862, 3864, 3927]
[3800, 3863, 3865, 3928]
[3801, 3864, 3866, 3929]
[3802, 3865, 3867, 3930]
[3803, 3866, 3868, 3931]
[3804, 3867, 3869, 3932]
[3805, 3868, 3870, 3933]
[3806, 3869, 3871, 3934]
[3807, 3870, 3872, 3935]
[3808, 3871, 3873, 3936]
[3809, 3872, 3874, 3937]
[3810, 3873, 3875, 3938]
[3811, 3874, 3876, 3939]
[3812, 3875, 3877, 3940]
[3813, 3876, 3878, 3941]
[3814, 3877, 3879, 3942]
[3815, 3878, 3880, 3943]
[3816, 3879, 3881, 3944]
[3817, 3880, 3882, 3945]
[3818, 3881, 3883, 3946]
[3819, 3882, 3884, 3947]
[3820, 3883, 3885, 3948]
[3821, 3884, 3886, 3949]
[3822, 3885, 3887, 3950]
[3823, 3886, 3888, 3951]
[3824, 3887, 3889, 3952]
[3825, 3888, 3890, 3953]
[3826, 3889, 3891, 3954]
[3827, 3890, 3892, 3955]
[3828, 3891, 3893, 3956]
[3829, 3892, 3894, 3957]
[3830, 3893, 3895, 3958]
[3831, 3894, 3896, 3959]
[3832, 3895, 3897, 3960]
[3833, 3896, 3898, 3961]
[3834, 3897, 3899, 3962]
[3835, 3898, 3900, 3963]
[3836, 3899, 3901, 3964]
[3837, 3900, 3902, 3965]
[3838, 3901, 3903, 3966]
[3839, 3840, 3902, 3967]
[3840, 3905, 3967, 3968]
[3841, 3904, 3906, 3969]
[3842, 3905, 3907, 3970]
[3843, 3906, 3908, 3971]
[3844, 3907, 3909, 3972]
[3845, 3908, 3910, 3973]
[3846, 3909, 3911, 3974]
[3847, 3910, 3912, 3975]
[3848, 3911, 3913, 3976]
[3849, 3912, 3914, 3977]
[3850, 3913, 3915, 3978]
[3851, 3914, 3916, 3979]
[3852, 3915, 3917, 3980]
[3853, 3916, 3918, 3981]
[3854, 3917, 3919, 3982]
[3855, 3918, 3920, 3983]
[3856, 3919, 3921, 3984]
[3857, 3920, 3922, 3985]
[3858, 3921, 3923, 3986]
[3859, 3922, 3924, 3987]
[3860, 3923, 3925, 3988]
[3861, 3924, 3926, 3989]
[3862, 3925, 3927, 3990]
[3863, 3926, 3928, 3991]
[3864, 3927, 3929, 3992]
[3865, 3928, 3930, 3993]
[3866, 3929, 3931, 3994]
[3867, 3930, 3932, 3995]
[3868, 3931, 3933, 3996]
[3869, 3932, 3934, 3997]
[3870, 3933, 3935, 3998]
[3871, 3934, 3936, 3999]
[3872, 3935, 3937, 4000]
[3873, 3936, 3938, 4001]
[3874, 3937, 3939, 4002]
[3875, 3938, 3940, 4003]
[3876, 3939, 3941, 4004]
[3877, 3940, 3942, 4005]
[3878, 3941, 3943, 4006]
[3879, 3942, 3944, 4007]
[3880, 3943, 3945, 4008]
[3881, 3944, 3946, 4009]
[3882, 3945, 3947, 4010]
[3883, 3946, 3948, 4011]
[3884, 3947, 3949, 4012]
[3885, 3948, 3950, 4013]
[3886, 3949, 3951, 4014]
[3887, 3950, 3952, 4015]
[3888, 3951, 3953, 4016]
[3889, 3952, 3954, 4017]
[3890, 3953, 3955, 4018]
[3891, 3954, 3956, 4019]
[3892, 3955, 3957, 4020]
[3893, 3956, 3958, 4021]
[3894, 3957, 3959, 4022]
[3895, 3958, 3960, 4023]
[3896, 3959, 3961, 4024]
[3897, 3960, 3962, 4025]
[3898, 3961, 3963, 4026]
[3899, 3962, 3964, 4027]
[3900, 3963, 3965, 4028]
[3901, 3964, 3966, 4029]
[3902, 3965, 3967, 4030]
[3903, 3904, 3966, 4031]
[3904, 3969, 4031, 4032]
[3905, 3968, 3970, 4033]
[3906, 3969, 3971, 4034]
[3907, 3970, 3972, 4035]
[3908, 3971, 3973, 4036]
[3909, 3972, 3974, 4037]
[3910, 3973, 3975, 4038]
[3911, 3974, 3976, 4039]
[3912, 3975, 3977, 4040]
[3913, 3976, 3978, 4041]
[3914, 3977, 3979, 4042]
[3915, 3978, 3980, 4043]
[3916, 3979, 3981, 4044]
[3917, 3980, 3982, 4045]
[3918, 3981, 3983, 4046]
[3919, 3982, 3984, 4047]
[3920, 3983, 3985, 4048]
[3921, 3984, 3986, 4049]
[3922, 3985, 3987, 4050]
[3923, 3986, 3988, 4051]
[3924, 3987, 3989, 4052]
[3925, 3988, 3990, 4053]
[3926, 3989, 3991, 4054]
[3927, 3990, 3992, 4055]
[3928, 3991, 3993, 4056]
[3929, 3992, 3994, 4057]
[3930, 3993, 3995, 4058]
[3931, 3994, 3996, 4059]
[3932, 3995, 3997, 4060]
[3933, 3996, 3998, 4061]
[3934, 3997, 3999, 4062]
[3935, 3998, 4000, 4063]
[3936, 3999, 4001, 4064]
[3937, 4000, 4002, 4065]
[3938, 4001, 4003, 4066]
[3939, 4002, 4004, 4067]
[3940, 4003, 4005, 4068]
[3941, 4004, 4006, 4069]
[3942, 4005, 4007, 4070]
[3943, 4006, 4008, 4071]
[3944, 4007, 4009, 4072]
[3945, 4008, 4010, 4073]
[3946, 4009, 4011, 4074]
[3947, 4010, 4012, 4075]
[3948, 4011, 4013, 4076]
[3949, 4012, 4014, 4077]
[3950, 4013, 4015, 4078]
[3951, 4014, 4016, 4079]
[3952, 4015, 4017, 4080]
[3953, 4016, 4018, 4081]
[3954, 4017, 4019, 4082]
[3955, 4018, 4020, 4083]
[3956, 4019, 4021, 4084]
[3957, 4020, 4022, 4085]
[3958, 4021, 4023, 4086]
[3959, 4022, 4024, 4087]
[3960, 4023, 4025, 4088]
[3961, 4024, 4026, 4089]
[3962, 4025, 4027, 4090]
[3963, 4026, 4028, 4091]
[3964, 4027, 4029, 4092]
[3965, 4028, 4030, 4093]
[3966, 4029, 4031, 4094]
[3967, 3968, 4030, 4095]
[0, 3968, 4033, 4095]
[1, 3969, 4032, 4034]
[2, 3970, 4033, 4035]
[3, 3971, 4034, 4036]
[4, 3972, 4035, 4037]
[5, 3973, 4036, 4038]
[6, 3974, 4037, 4039]
[7, 3975, 4038, 4040]
[8, 3976, 4039, 4041]
[9, 3977, 4040, 4042]
[10, 3978, 4041, 4043]
[11, 3979, 4042, 4044]
[12, 3980, 4043, 4045]
[13, 3981, 4044, 4046]
[14, 3982, 4045, 4047]
[15, 3983, 4046, 4048]
[16, 3984, 4047, 4049]
[17, 3985, 4048, 4050]
[18, 3986, 4049, 4051]
[19, 3987, 4050, 4052]
[20, 3988, 4051, 4053]
[21, 3989, 4052, 4054]
[22, 3990, 4053, 4055]
[23, 3991, 4054, 4056]
[24, 3992, 4055, 4057]
[25, 3993, 4056, 4058]
[26, 3994, 4057, 4059]
[27, 3995, 4058, 4060]
[28, 3996, 4059, 4061]
[29, 3997, 4060, 4062]
[30, 3998, 4061, 4063]
[31, 3999, 4062, 4064]
[32, 4000, 4063, 4065]
[33, 4001, 4064, 4066]
[34, 4002, 4065, 4067]
[35, 4003, 4066, 4068]
[36, 4004, 4067, 4069]
[37, 4005, 4068, 4070]
[38, 4006, 4069, 4071]
[39, 4007, 4070, 4072]
[40, 4008, 4071, 4073]
[41, 4009, 4072, 4074]
[42, 4010, 4073, 4075]
[43, 4011, 4074, 4076]
[44, 4012, 4075, 4077]
[45, 4013, 4076, 4078]
[46, 4014, 4077, 4079]
[47, 4015, 4078, 4080]
[48, 4016, 4079, 4081]
[49, 4017, 4080, 4082]
[50, 4018, 4081, 4083]
[51, 4019, 4082, 4084]
[52, 4020, 4083, 4085]
[53, 4021, 4084, 4086]
[54, 4022, 4085, 4087]
[55, 4023, 4086, 4088]
[56, 4024, 4087, 4089]
[57, 4025, 4088, 4090]
[58, 4026, 4089, 4091]
[59, 4027, 4090, 4092]
[60, 4028, 4091, 4093]
[61, 4029, 4092, 4094]
[62, 4030, 4093, 4095]
[63, 4031, 4032, 4094]
