[1, 5, 87, 88, 1262]
[0, 2, 4, 5, 87]
[1, 3, 4, 90, 95]
[2, 4, 6, 7, 95]
[1, 2, 3, 5, 6]
[0, 1, 4, 1262, 1263]
[3, 4, 7, 11, 1268]
[3, 6, 8, 10, 11]
[7, 9, 10, 96, 101]
[8, 10, 12, 13, 101]
[7, 8, 9, 11, 12]
[6, 7, 10, 1268, 1269]
[9, 10, 13, 17, 1274]
[9, 12, 14, 16, 17]
[13, 15, 16, 102, 107]
[14, 16, 18, 19, 107]
[13, 14, 15, 17, 18]
[12, 13, 16, 1274, 1275]
[15, 16, 19, 23, 1280]
[15, 18, 20, 22, 23]
[19, 21, 22, 108, 113]
[20, 22, 24, 25, 113]
[19, 20, 21, 23, 24]
[18, 19, 22, 1280, 1281]
[21, 22, 25, 29, 1286]
[21, 24, 26, 28, 29]
[25, 27, 28, 114, 119]
[26, 28, 30, 31, 119]
[25, 26, 27, 29, 30]
[24, 25, 28, 1286, 1287]
[27, 28, 31, 35, 1292]
[27, 30, 32, 34, 35]
[31, 33, 34, 120, 125]
[32, 34, 36, 37, 125]
[31, 32, 33, 35, 36]
[30, 31, 34, 1292, 1293]
[33, 34, 37, 41, 1298]
[33, 36, 38, 40, 41]
[37, 39, 40, 126, 131]
[38, 40, 42, 43, 131]
[37, 38, 39, 41, 42]
[36, 37, 40, 1298, 1299]
[39, 40, 43, 47, 1304]
[39, 42, 44, 46, 47]
[43, 45, 46, 132, 137]
[44, 46, 48, 49, 137]
[43, 44, 45, 47, 48]
[42, 43, 46, 1304, 1305]
[45, 46, 49, 53, 1310]
[45, 48, 50, 52, 53]
[49, 51, 52, 138, 143]
[50, 52, 54, 55, 143]
[49, 50, 51, 53, 54]
[48, 49, 52, 1310, 1311]
[51, 52, 55, 59, 1316]
[51, 54, 56, 58, 59]
[55, 57, 58, 144, 149]
[56, 58, 60, 61, 149]
[55, 56, 57, 59, 60]
[54, 55, 58, 1316, 1317]
[57, 58, 61, 65, 1322]
[57, 60, 62, 64, 65]
[61, 63, 64, 150, 155]
[62, 64, 66, 67, 155]
[61, 62, 63, 65, 66]
[60, 61, 64, 1322, 1323]
[63, 64, 67, 71, 1328]
[63, 66, 68, 70, 71]
[67, 69, 70, 156, 161]
[68, 70, 72, 73, 161]
[67, 68, 69, 71, 72]
[66, 67, 70, 1328, 1329]
[69, 70, 73, 77, 1334]
[69, 72, 74, 76, 77]
[73, 75, 76, 162, 167]
[74, 76, 78, 79, 167]
[73, 74, 75, 77, 78]
[72, 73, 76, 1334, 1335]
[75, 76, 79, 83, 1340]
[75, 78, 80, 82, 83]
[79, 81, 82, 168, 173]
[80, 82, 84, 85, 173]
[79, 80, 81, 83, 84]
[78, 79, 82, 1340, 1341]
[81, 82, 85, 89, 1346]
[81, 84, 86, 88, 89]
[85, 87, 88, 174, 179]
[0, 1, 86, 88, 179]
[0, 85, 86, 87, 89]
[84, 85, 88, 1346, 1347]
[2, 91, 95, 177, 178]
[90, 92, 94, 95, 177]
[91, 93, 94, 180, 185]
[92, 94, 96, 97, 185]
[91, 92, 93, 95, 96]
[2, 3, 90, 91, 94]
[8, 93, 94, 97, 101]
[93, 96, 98, 100, 101]
[97, 99, 100, 186, 191]
[98, 100, 102, 103, 191]
[97, 98, 99, 101, 102]
[8, 9, 96, 97, 100]
[14, 99, 100, 103, 107]
[99, 102, 104, 106, 107]
[103, 105, 106, 192, 197]
[104, 106, 108, 109, 197]
[103, 104, 105, 107, 108]
[14, 15, 102, 103, 106]
[20, 105, 106, 109, 113]
[105, 108, 110, 112, 113]
[109, 111, 112, 198, 203]
[110, 112, 114, 115, 203]
[109, 110, 111, 113, 114]
[20, 21, 108, 109, 112]
[26, 111, 112, 115, 119]
[111, 114, 116, 118, 119]
[115, 117, 118, 204, 209]
[116, 118, 120, 121, 209]
[115, 116, 117, 119, 120]
[26, 27, 114, 115, 118]
[32, 117, 118, 121, 125]
[117, 120, 122, 124, 125]
[121, 123, 124, 210, 215]
[122, 124, 126, 127, 215]
[121, 122, 123, 125, 126]
[32, 33, 120, 121, 124]
[38, 123, 124, 127, 131]
[123, 126, 128, 130, 131]
[127, 129, 130, 216, 221]
[128, 130, 132, 133, 221]
[127, 128, 129, 131, 132]
[38, 39, 126, 127, 130]
[44, 129, 130, 133, 137]
[129, 132, 134, 136, 137]
[133, 135, 136, 222, 227]
[134, 136, 138, 139, 227]
[133, 134, 135, 137, 138]
[44, 45, 132, 133, 136]
[50, 135, 136, 139, 143]
[135, 138, 140, 142, 143]
[139, 141, 142, 228, 233]
[140, 142, 144, 145, 233]
[139, 140, 141, 143, 144]
[50, 51, 138, 139, 142]
[56, 141, 142, 145, 149]
[141, 144, 146, 148, 149]
[145, 147, 148, 234, 239]
[146, 148, 150, 151, 239]
[145, 146, 147, 149, 150]
[56, 57, 144, 145, 148]
[62, 147, 148, 151, 155]
[147, 150, 152, 154, 155]
[151, 153, 154, 240, 245]
[152, 154, 156, 157, 245]
[151, 152, 153, 155, 156]
[62, 63, 150, 151, 154]
[68, 153, 154, 157, 161]
[153, 156, 158, 160, 161]
[157, 159, 160, 246, 251]
[158, 160, 162, 163, 251]
[157, 158, 159, 161, 162]
[68, 69, 156, 157, 160]
[74, 159, 160, 163, 167]
[159, 162, 164, 166, 167]
[163, 165, 166, 252, 257]
[164, 166, 168, 169, 257]
[163, 164, 165, 167, 168]
[74, 75, 162, 163, 166]
[80, 165, 166, 169, 173]
[165, 168, 170, 172, 173]
[169, 171, 172, 258, 263]
[170, 172, 174, 175, 263]
[169, 170, 171, 173, 174]
[80, 81, 168, 169, 172]
[86, 171, 172, 175, 179]
[171, 174, 176, 178, 179]
[175, 177, 178, 264, 269]
[90, 91, 176, 178, 269]
[90, 175, 176, 177, 179]
[86, 87, 174, 175, 178]
[92, 181, 185, 267, 268]
[180, 182, 184, 185, 267]
[181, 183, 184, 270, 275]
[182, 184, 186, 187, 275]
[181, 182, 183, 185, 186]
[92, 93, 180, 181, 184]
[98, 183, 184, 187, 191]
[183, 186, 188, 190, 191]
[187, 189, 190, 276, 281]
[188, 190, 192, 193, 281]
[187, 188, 189, 191, 192]
[98, 99, 186, 187, 190]
[104, 189, 190, 193, 197]
[189, 192, 194, 196, 197]
[193, 195, 196, 282, 287]
[194, 196, 198, 199, 287]
[193, 194, 195, 197, 198]
[104, 105, 192, 193, 196]
[110, 195, 196, 199, 203]
[195, 198, 200, 202, 203]
[199, 201, 202, 288, 293]
[200, 202, 204, 205, 293]
[199, 200, 201, 203, 204]
[110, 111, 198, 199, 202]
[116, 201, 202, 205, 209]
[201, 204, 206, 208, 209]
[205, 207, 208, 294, 299]
[206, 208, 210, 211, 299]
[205, 206, 207, 209, 210]
[116, 117, 204, 205, 208]
[122, 207, 208, 211, 215]
[207, 210, 212, 214, 215]
[211, 213, 214, 300, 305]
[212, 214, 216, 217, 305]
[211, 212, 213, 215, 216]
[122, 123, 210, 211, 214]
[128, 213, 214, 217, 221]
[213, 216, 218, 220, 221]
[217, 219, 220, 306, 311]
[218, 220, 222, 223, 311]
[217, 218, 219, 221, 222]
[128, 129, 216, 217, 220]
[134, 219, 220, 223, 227]
[219, 222, 224, 226, 227]
[223, 225, 226, 312, 317]
[224, 226, 228, 229, 317]
[223, 224, 225, 227, 228]
[134, 135, 222, 223, 226]
[140, 225, 226, 229, 233]
[225, 228, 230, 232, 233]
[229, 231, 232, 318, 323]
[230, 232, 234, 235, 323]
[229, 230, 231, 233, 234]
[140, 141, 228, 229, 232]
[146, 231, 232, 235, 239]
[231, 234, 236, 238, 239]
[235, 237, 238, 324, 329]
[236, 238, 240, 241, 329]
[235, 236, 237, 239, 240]
[146, 147, 234, 235, 238]
[152, 237, 238, 241, 245]
[237, 240, 242, 244, 245]
[241, 243, 244, 330, 335]
[242, 244, 246, 247, 335]
[241, 242, 243, 245, 246]
[152, 153, 240, 241, 244]
[158, 243, 244, 247, 251]
[243, 246, 248, 250, 251]
[247, 249, 250, 336, 341]
[248, 250, 252, 253, 341]
[247, 248, 249, 251, 252]
[158, 159, 246, 247, 250]
[164, 249, 250, 253, 257]
[249, 252, 254, 256, 257]
[253, 255, 256, 342, 347]
[254, 256, 258, 259, 347]
[253, 254, 255, 257, 258]
[164, 165, 252, 253, 256]
[170, 255, 256, 259, 263]
[255, 258, 260, 262, 263]
[259, 261, 262, 348, 353]
[260, 262, 264, 265, 353]
[259, 260, 261, 263, 264]
[170, 171, 258, 259, 262]
[176, 261, 262, 265, 269]
[261, 264, 266, 268, 269]
[265, 267, 268, 354, 359]
[180, 181, 266, 268, 359]
[180, 265, 266, 267, 269]
[176, 177, 264, 265, 268]
[182, 271, 275, 357, 358]
[270, 272, 274, 275, 357]
[271, 273, 274, 360, 365]
[272, 274, 276, 277, 365]
[271, 272, 273, 275, 276]
[182, 183, 270, 271, 274]
[188, 273, 274, 277, 281]
[273, 276, 278, 280, 281]
[277, 279, 280, 366, 371]
[278, 280, 282, 283, 371]
[277, 278, 279, 281, 282]
[188, 189, 276, 277, 280]
[194, 279, 280, 283, 287]
[279, 282, 284, 286, 287]
[283, 285, 286, 372, 377]
[284, 286, 288, 289, 377]
[283, 284, 285, 287, 288]
[194, 195, 282, 283, 286]
[200, 285, 286, 289, 293]
[285, 288, 290, 292, 293]
[289, 291, 292, 378, 383]
[290, 292, 294, 295, 383]
[289, 290, 291, 293, 294]
[200, 201, 288, 289, 292]
[206, 291, 292, 295, 299]
[291, 294, 296, 298, 299]
[295, 297, 298, 384, 389]
[296, 298, 300, 301, 389]
[295, 296, 297, 299, 300]
[206, 207, 294, 295, 298]
[212, 297, 298, 301, 305]
[297, 300, 302, 304, 305]
[301, 303, 304, 390, 395]
[302, 304, 306, 307, 395]
[301, 302, 303, 305, 306]
[212, 213, 300, 301, 304]
[218, 303, 304, 307, 311]
[303, 306, 308, 310, 311]
[307, 309, 310, 396, 401]
[308, 310, 312, 313, 401]
[307, 308, 309, 311, 312]
[218, 219, 306, 307, 310]
[224, 309, 310, 313, 317]
[309, 312, 314, 316, 317]
[313, 315, 316, 402, 407]
[314, 316, 318, 319, 407]
[313, 314, 315, 317, 318]
[224, 225, 312, 313, 316]
[230, 315, 316, 319, 323]
[315, 318, 320, 322, 323]
[319, 321, 322, 408, 413]
[320, 322, 324, 325, 413]
[319, 320, 321, 323, 324]
[230, 231, 318, 319, 322]
[236, 321, 322, 325, 329]
[321, 324, 326, 328, 329]
[325, 327, 328, 414, 419]
[326, 328, 330, 331, 419]
[325, 326, 327, 329, 330]
[236, 237, 324, 325, 328]
[242, 327, 328, 331, 335]
[327, 330, 332, 334, 335]
[331, 333, 334, 420, 425]
[332, 334, 336, 337, 425]
[331, 332, 333, 335, 336]
[242, 243, 330, 331, 334]
[248, 333, 334, 337, 341]
[333, 336, 338, 340, 341]
[337, 339, 340, 426, 431]
[338, 340, 342, 343, 431]
[337, 338, 339, 341, 342]
[248, 249, 336, 337, 340]
[254, 339, 340, 343, 347]
[339, 342, 344, 346, 347]
[343, 345, 346, 432, 437]
[344, 346, 348, 349, 437]
[343, 344, 345, 347, 348]
[254, 255, 342, 343, 346]
[260, 345, 346, 349, 353]
[345, 348, 350, 352, 353]
[349, 351, 352, 438, 443]
[350, 352, 354, 355, 443]
[349, 350, 351, 353, 354]
[260, 261, 348, 349, 352]
[266, 351, 352, 355, 359]
[351, 354, 356, 358, 359]
[355, 357, 358, 444, 449]
[270, 271, 356, 358, 449]
[270, 355, 356, 357, 359]
[266, 267, 354, 355, 358]
[272, 361, 365, 447, 448]
[360, 362, 364, 365, 447]
[361, 363, 364, 450, 455]
[362, 364, 366, 367, 455]
[361, 362, 363, 365, 366]
[272, 273, 360, 361, 364]
[278, 363, 364, 367, 371]
[363, 366, 368, 370, 371]
[367, 369, 370, 456, 461]
[368, 370, 372, 373, 461]
[367, 368, 369, 371, 372]
[278, 279, 366, 367, 370]
[284, 369, 370, 373, 377]
[369, 372, 374, 376, 377]
[373, 375, 376, 462, 467]
[374, 376, 378, 379, 467]
[373, 374, 375, 377, 378]
[284, 285, 372, 373, 376]
[290, 375, 376, 379, 383]
[375, 378, 380, 382, 383]
[379, 381, 382, 468, 473]
[380, 382, 384, 385, 473]
[379, 380, 381, 383, 384]
[290, 291, 378, 379, 382]
[296, 381, 382, 385, 389]
[381, 384, 386, 388, 389]
[385, 387, 388, 474, 479]
[386, 388, 390, 391, 479]
[385, 386, 387, 389, 390]
[296, 297, 384, 385, 388]
[302, 387, 388, 391, 395]
[387, 390, 392, 394, 395]
[391, 393, 394, 480, 485]
[392, 394, 396, 397, 485]
[391, 392, 393, 395, 396]
[302, 303, 390, 391, 394]
[308, 393, 394, 397, 401]
[393, 396, 398, 400, 401]
[397, 399, 400, 486, 491]
[398, 400, 402, 403, 491]
[397, 398, 399, 401, 402]
[308, 309, 396, 397, 400]
[314, 399, 400, 403, 407]
[399, 402, 404, 406, 407]
[403, 405, 406, 492, 497]
[404, 406, 408, 409, 497]
[403, 404, 405, 407, 408]
[314, 315, 402, 403, 406]
[320, 405, 406, 409, 413]
[405, 408, 410, 412, 413]
[409, 411, 412, 498, 503]
[410, 412, 414, 415, 503]
[409, 410, 411, 413, 414]
[320, 321, 408, 409, 412]
[326, 411, 412, 415, 419]
[411, 414, 416, 418, 419]
[415, 417, 418, 504, 509]
[416, 418, 420, 421, 509]
[415, 416, 417, 419, 420]
[326, 327, 414, 415, 418]
[332, 417, 418, 421, 425]
[417, 420, 422, 424, 425]
[421, 423, 424, 510, 515]
[422, 424, 426, 427, 515]
[421, 422, 423, 425, 426]
[332, 333, 420, 421, 424]
[338, 423, 424, 427, 431]
[423, 426, 428, 430, 431]
[427, 429, 430, 516, 521]
[428, 430, 432, 433, 521]
[427, 428, 429, 431, 432]
[338, 339, 426, 427, 430]
[344, 429, 430, 433, 437]
[429, 432, 434, 436, 437]
[433, 435, 436, 522, 527]
[434, 436, 438, 439, 527]
[433, 434, 435, 437, 438]
[344, 345, 432, 433, 436]
[350, 435, 436, 439, 443]
[435, 438, 440, 442, 443]
[439, 441, 442, 528, 533]
[440, 442, 444, 445, 533]
[439, 440, 441, 443, 444]
[350, 351, 438, 439, 442]
[356, 441, 442, 445, 449]
[441, 444, 446, 448, 449]
[445, 447, 448, 534, 539]
[360, 361, 446, 448, 539]
[360, 445, 446, 447, 449]
[356, 357, 444, 445, 448]
[362, 451, 455, 537, 538]
[450, 452, 454, 455, 537]
[451, 453, 454, 540, 545]
[452, 454, 456, 457, 545]
[451, 452, 453, 455, 456]
[362, 363, 450, 451, 454]
[368, 453, 454, 457, 461]
[453, 456, 458, 460, 461]
[457, 459, 460, 546, 551]
[458, 460, 462, 463, 551]
[457, 458, 459, 461, 462]
[368, 369, 456, 457, 460]
[374, 459, 460, 463, 467]
[459, 462, 464, 466, 467]
[463, 465, 466, 552, 557]
[464, 466, 468, 469, 557]
[463, 464, 465, 467, 468]
[374, 375, 462, 463, 466]
[380, 465, 466, 469, 473]
[465, 468, 470, 472, 473]
[469, 471, 472, 558, 563]
[470, 472, 474, 475, 563]
[469, 470, 471, 473, 474]
[380, 381, 468, 469, 472]
[386, 471, 472, 475, 479]
[471, 474, 476, 478, 479]
[475, 477, 478, 564, 569]
[476, 478, 480, 481, 569]
[475, 476, 477, 479, 480]
[386, 387, 474, 475, 478]
[392, 477, 478, 481, 485]
[477, 480, 482, 484, 485]
[481, 483, 484, 570, 575]
[482, 484, 486, 487, 575]
[481, 482, 483, 485, 486]
[392, 393, 480, 481, 484]
[398, 483, 484, 487, 491]
[483, 486, 488, 490, 491]
[487, 489, 490, 576, 581]
[488, 490, 492, 493, 581]
[487, 488, 489, 491, 492]
[398, 399, 486, 487, 490]
[404, 489, 490, 493, 497]
[489, 492, 494, 496, 497]
[493, 495, 496, 582, 587]
[494, 496, 498, 499, 587]
[493, 494, 495, 497, 498]
[404, 405, 492, 493, 496]
[410, 495, 496, 499, 503]
[495, 498, 500, 502, 503]
[499, 501, 502, 588, 593]
[500, 502, 504, 505, 593]
[499, 500, 501, 503, 504]
[410, 411, 498, 499, 502]
[416, 501, 502, 505, 509]
[501, 504, 506, 508, 509]
[505, 507, 508, 594, 599]
[506, 508, 510, 511, 599]
[505, 506, 507, 509, 510]
[416, 417, 504, 505, 508]
[422, 507, 508, 511, 515]
[507, 510, 512, 514, 515]
[511, 513, 514, 600, 605]
[512, 514, 516, 517, 605]
[511, 512, 513, 515, 516]
[422, 423, 510, 511, 514]
[428, 513, 514, 517, 521]
[513, 516, 518, 520, 521]
[517, 519, 520, 606, 611]
[518, 520, 522, 523, 611]
[517, 518, 519, 521, 522]
[428, 429, 516, 517, 520]
[434, 519, 520, 523, 527]
[519, 522, 524, 526, 527]
[523, 525, 526, 612, 617]
[524, 526, 528, 529, 617]
[523, 524, 525, 527, 528]
[434, 435, 522, 523, 526]
[440, 525, 526, 529, 533]
[525, 528, 530, 532, 533]
[529, 531, 532, 618, 623]
[530, 532, 534, 535, 623]
[529, 530, 531, 533, 534]
[440, 441, 528, 529, 532]
[446, 531, 532, 535, 539]
[531, 534, 536, 538, 539]
[535, 537, 538, 624, 629]
[450, 451, 536, 538, 629]
[450, 535, 536, 537, 539]
[446, 447, 534, 535, 538]
[452, 541, 545, 627, 628]
[540, 542, 544, 545, 627]
[541, 543, 544, 630, 635]
[542, 544, 546, 547, 635]
[541, 542, 543, 545, 546]
[452, 453, 540, 541, 544]
[458, 543, 544, 547, 551]
[543, 546, 548, 550, 551]
[547, 549, 550, 636, 641]
[548, 550, 552, 553, 641]
[547, 548, 549, 551, 552]
[458, 459, 546, 547, 550]
[464, 549, 550, 553, 557]
[549, 552, 554, 556, 557]
[553, 555, 556, 642, 647]
[554, 556, 558, 559, 647]
[553, 554, 555, 557, 558]
[464, 465, 552, 553, 556]
[470, 555, 556, 559, 563]
[555, 558, 560, 562, 563]
[559, 561, 562, 648, 653]
[560, 562, 564, 565, 653]
[559, 560, 561, 563, 564]
[470, 471, 558, 559, 562]
[476, 561, 562, 565, 569]
[561, 564, 566, 568, 569]
[565, 567, 568, 654, 659]
[566, 568, 570, 571, 659]
[565, 566, 567, 569, 570]
[476, 477, 564, 565, 568]
[482, 567, 568, 571, 575]
[567, 570, 572, 574, 575]
[571, 573, 574, 660, 665]
[572, 574, 576, 577, 665]
[571, 572, 573, 575, 576]
[482, 483, 570, 571, 574]
[488, 573, 574, 577, 581]
[573, 576, 578, 580, 581]
[577, 579, 580, 666, 671]
[578, 580, 582, 583, 671]
[577, 578, 579, 581, 582]
[488, 489, 576, 577, 580]
[494, 579, 580, 583, 587]
[579, 582, 584, 586, 587]
[583, 585, 586, 672, 677]
[584, 586, 588, 589, 677]
[583, 584, 585, 587, 588]
[494, 495, 582, 583, 586]
[500, 585, 586, 589, 593]
[585, 588, 590, 592, 593]
[589, 591, 592, 678, 683]
[590, 592, 594, 595, 683]
[589, 590, 591, 593, 594]
[500, 501, 588, 589, 592]
[506, 591, 592, 595, 599]
[591, 594, 596, 598, 599]
[595, 597, 598, 684, 689]
[596, 598, 600, 601, 689]
[595, 596, 597, 599, 600]
[506, 507, 594, 595, 598]
[512, 597, 598, 601, 605]
[597, 600, 602, 604, 605]
[601, 603, 604, 690, 695]
[602, 604, 606, 607, 695]
[601, 602, 603, 605, 606]
[512, 513, 600, 601, 604]
[518, 603, 604, 607, 611]
[603, 606, 608, 610, 611]
[607, 609, 610, 696, 701]
[608, 610, 612, 613, 701]
[607, 608, 609, 611, 612]
[518, 519, 606, 607, 610]
[524, 609, 610, 613, 617]
[609, 612, 614, 616, 617]
[613, 615, 616, 702, 707]
[614, 616, 618, 619, 707]
[613, 614, 615, 617, 618]
[524, 525, 612, 613, 616]
[530, 615, 616, 619, 623]
[615, 618, 620, 622, 623]
[619, 621, 622, 708, 713]
[620, 622, 624, 625, 713]
[619, 620, 621, 623, 624]
[530, 531, 618, 619, 622]
[536, 621, 622, 625, 629]
[621, 624, 626, 628, 629]
[625, 627, 628, 714, 719]
[540, 541, 626, 628, 719]
[540, 625, 626, 627, 629]
[536, 537, 624, 625, 628]
[542, 631, 635, 717, 718]
[630, 632, 634, 635, 717]
[631, 633, 634, 720, 725]
[632, 634, 636, 637, 725]
[631, 632, 633, 635, 636]
[542, 543, 630, 631, 634]
[548, 633, 634, 637, 641]
[633, 636, 638, 640, 641]
[637, 639, 640, 726, 731]
[638, 640, 642, 643, 731]
[637, 638, 639, 641, 642]
[548, 549, 636, 637, 640]
[554, 639, 640, 643, 647]
[639, 642, 644, 646, 647]
[643, 645, 646, 732, 737]
[644, 646, 648, 649, 737]
[643, 644, 645, 647, 648]
[554, 555, 642, 643, 646]
[560, 645, 646, 649, 653]
[645, 648, 650, 652, 653]
[649, 651, 652, 738, 743]
[650, 652, 654, 655, 743]
[649, 650, 651, 653, 654]
[560, 561, 648, 649, 652]
[566, 651, 652, 655, 659]
[651, 654, 656, 658, 659]
[655, 657, 658, 744, 749]
[656, 658, 660, 661, 749]
[655, 656, 657, 659, 660]
[566, 567, 654, 655, 658]
[572, 657, 658, 661, 665]
[657, 660, 662, 664, 665]
[661, 663, 664, 750, 755]
[662, 664, 666, 667, 755]
[661, 662, 663, 665, 666]
[572, 573, 660, 661, 664]
[578, 663, 664, 667, 671]
[663, 666, 668, 670, 671]
[667, 669, 670, 756, 761]
[668, 670, 672, 673, 761]
[667, 668, 669, 671, 672]
[578, 579, 666, 667, 670]
[584, 669, 670, 673, 677]
[669, 672, 674, 676, 677]
[673, 675, 676, 762, 767]
[674, 676, 678, 679, 767]
[673, 674, 675, 677, 678]
[584, 585, 672, 673, 676]
[590, 675, 676, 679, 683]
[675, 678, 680, 682, 683]
[679, 681, 682, 768, 773]
[680, 682, 684, 685, 773]
[679, 680, 681, 683, 684]
[590, 591, 678, 679, 682]
[596, 681, 682, 685, 689]
[681, 684, 686, 688, 689]
[685, 687, 688, 774, 779]
[686, 688, 690, 691, 779]
[685, 686, 687, 689, 690]
[596, 597, 684, 685, 688]
[602, 687, 688, 691, 695]
[687, 690, 692, 694, 695]
[691, 693, 694, 780, 785]
[692, 694, 696, 697, 785]
[691, 692, 693, 695, 696]
[602, 603, 690, 691, 694]
[608, 693, 694, 697, 701]
[693, 696, 698, 700, 701]
[697, 699, 700, 786, 791]
[698, 700, 702, 703, 791]
[697, 698, 699, 701, 702]
[608, 609, 696, 697, 700]
[614, 699, 700, 703, 707]
[699, 702, 704, 706, 707]
[703, 705, 706, 792, 797]
[704, 706, 708, 709, 797]
[703, 704, 705, 707, 708]
[614, 615, 702, 703, 706]
[620, 705, 706, 709, 713]
[705, 708, 710, 712, 713]
[709, 711, 712, 798, 803]
[710, 712, 714, 715, 803]
[709, 710, 711, 713, 714]
[620, 621, 708, 709, 712]
[626, 711, 712, 715, 719]
[711, 714, 716, 718, 719]
[715, 717, 718, 804, 809]
[630, 631, 716, 718, 809]
[630, 715, 716, 717, 719]
[626, 627, 714, 715, 718]
[632, 721, 725, 807, 808]
[720, 722, 724, 725, 807]
[721, 723, 724, 810, 815]
[722, 724, 726, 727, 815]
[721, 722, 723, 725, 726]
[632, 633, 720, 721, 724]
[638, 723, 724, 727, 731]
[723, 726, 728, 730, 731]
[727, 729, 730, 816, 821]
[728, 730, 732, 733, 821]
[727, 728, 729, 731, 732]
[638, 639, 726, 727, 730]
[644, 729, 730, 733, 737]
[729, 732, 734, 736, 737]
[733, 735, 736, 822, 827]
[734, 736, 738, 739, 827]
[733, 734, 735, 737, 738]
[644, 645, 732, 733, 736]
[650, 735, 736, 739, 743]
[735, 738, 740, 742, 743]
[739, 741, 742, 828, 833]
[740, 742, 744, 745, 833]
[739, 740, 741, 743, 744]
[650, 651, 738, 739, 742]
[656, 741, 742, 745, 749]
[741, 744, 746, 748, 749]
[745, 747, 748, 834, 839]
[746, 748, 750, 751, 839]
[745, 746, 747, 749, 750]
[656, 657, 744, 745, 748]
[662, 747, 748, 751, 755]
[747, 750, 752, 754, 755]
[751, 753, 754, 840, 845]
[752, 754, 756, 757, 845]
[751, 752, 753, 755, 756]
[662, 663, 750, 751, 754]
[668, 753, 754, 757, 761]
[753, 756, 758, 760, 761]
[757, 759, 760, 846, 851]
[758, 760, 762, 763, 851]
[757, 758, 759, 761, 762]
[668, 669, 756, 757, 760]
[674, 759, 760, 763, 767]
[759, 762, 764, 766, 767]
[763, 765, 766, 852, 857]
[764, 766, 768, 769, 857]
[763, 764, 765, 767, 768]
[674, 675, 762, 763, 766]
[680, 765, 766, 769, 773]
[765, 768, 770, 772, 773]
[769, 771, 772, 858, 863]
[770, 772, 774, 775, 863]
[769, 770, 771, 773, 774]
[680, 681, 768, 769, 772]
[686, 771, 772, 775, 779]
[771, 774, 776, 778, 779]
[775, 777, 778, 864, 869]
[776, 778, 780, 781, 869]
[775, 776, 777, 779, 780]
[686, 687, 774, 775, 778]
[692, 777, 778, 781, 785]
[777, 780, 782, 784, 785]
[781, 783, 784, 870, 875]
[782, 784, 786, 787, 875]
[781, 782, 783, 785, 786]
[692, 693, 780, 781, 784]
[698, 783, 784, 787, 791]
[783, 786, 788, 790, 791]
[787, 789, 790, 876, 881]
[788, 790, 792, 793, 881]
[787, 788, 789, 791, 792]
[698, 699, 786, 787, 790]
[704, 789, 790, 793, 797]
[789, 792, 794, 796, 797]
[793, 795, 796, 882, 887]
[794, 796, 798, 799, 887]
[793, 794, 795, 797, 798]
[704, 705, 792, 793, 796]
[710, 795, 796, 799, 803]
[795, 798, 800, 802, 803]
[799, 801, 802, 888, 893]
[800, 802, 804, 805, 893]
[799, 800, 801, 803, 804]
[710, 711, 798, 799, 802]
[716, 801, 802, 805, 809]
[801, 804, 806, 808, 809]
[805, 807, 808, 894, 899]
[720, 721, 806, 808, 899]
[720, 805, 806, 807, 809]
[716, 717, 804, 805, 808]
[722, 811, 815, 897, 898]
[810, 812, 814, 815, 897]
[811, 813, 814, 900, 905]
[812, 814, 816, 817, 905]
[811, 812, 813, 815, 816]
[722, 723, 810, 811, 814]
[728, 813, 814, 817, 821]
[813, 816, 818, 820, 821]
[817, 819, 820, 906, 911]
[818, 820, 822, 823, 911]
[817, 818, 819, 821, 822]
[728, 729, 816, 817, 820]
[734, 819, 820, 823, 827]
[819, 822, 824, 826, 827]
[823, 825, 826, 912, 917]
[824, 826, 828, 829, 917]
[823, 824, 825, 827, 828]
[734, 735, 822, 823, 826]
[740, 825, 826, 829, 833]
[825, 828, 830, 832, 833]
[829, 831, 832, 918, 923]
[830, 832, 834, 835, 923]
[829, 830, 831, 833, 834]
[740, 741, 828, 829, 832]
[746, 831, 832, 835, 839]
[831, 834, 836, 838, 839]
[835, 837, 838, 924, 929]
[836, 838, 840, 841, 929]
[835, 836, 837, 839, 840]
[746, 747, 834, 835, 838]
[752, 837, 838, 841, 845]
[837, 840, 842, 844, 845]
[841, 843, 844, 930, 935]
[842, 844, 846, 847, 935]
[841, 842, 843, 845, 846]
[752, 753, 840, 841, 844]
[758, 843, 844, 847, 851]
[843, 846, 848, 850, 851]
[847, 849, 850, 936, 941]
[848, 850, 852, 853, 941]
[847, 848, 849, 851, 852]
[758, 759, 846, 847, 850]
[764, 849, 850, 853, 857]
[849, 852, 854, 856, 857]
[853, 855, 856, 942, 947]
[854, 856, 858, 859, 947]
[853, 854, 855, 857, 858]
[764, 765, 852, 853, 856]
[770, 855, 856, 859, 863]
[855, 858, 860, 862, 863]
[859, 861, 862, 948, 953]
[860, 862, 864, 865, 953]
[859, 860, 861, 863, 864]
[770, 771, 858, 859, 862]
[776, 861, 862, 865, 869]
[861, 864, 866, 868, 869]
[865, 867, 868, 954, 959]
[866, 868, 870, 871, 959]
[865, 866, 867, 869, 870]
[776, 777, 864, 865, 868]
[782, 867, 868, 871, 875]
[867, 870, 872, 874, 875]
[871, 873, 874, 960, 965]
[872, 874, 876, 877, 965]
[871, 872, 873, 875, 876]
[782, 783, 870, 871, 874]
[788, 873, 874, 877, 881]
[873, 876, 878, 880, 881]
[877, 879, 880, 966, 971]
[878, 880, 882, 883, 971]
[877, 878, 879, 881, 882]
[788, 789, 876, 877, 880]
[794, 879, 880, 883, 887]
[879, 882, 884, 886, 887]
[883, 885, 886, 972, 977]
[884, 886, 888, 889, 977]
[883, 884, 885, 887, 888]
[794, 795, 882, 883, 886]
[800, 885, 886, 889, 893]
[885, 888, 890, 892, 893]
[889, 891, 892, 978, 983]
[890, 892, 894, 895, 983]
[889, 890, 891, 893, 894]
[800, 801, 888, 889, 892]
[806, 891, 892, 895, 899]
[891, 894, 896, 898, 899]
[895, 897, 898, 984, 989]
[810, 811, 896, 898, 989]
[810, 895, 896, 897, 899]
[806, 807, 894, 895, 898]
[812, 901, 905, 987, 988]
[900, 902, 904, 905, 987]
[901, 903, 904, 990, 995]
[902, 904, 906, 907, 995]
[901, 902, 903, 905, 906]
[812, 813, 900, 901, 904]
[818, 903, 904, 907, 911]
[903, 906, 908, 910, 911]
[907, 909, 910, 996, 1001]
[908, 910, 912, 913, 1001]
[907, 908, 909, 911, 912]
[818, 819, 906, 907, 910]
[824, 909, 910, 913, 917]
[909, 912, 914, 916, 917]
[913, 915, 916, 1002, 1007]
[914, 916, 918, 919, 1007]
[913, 914, 915, 917, 918]
[824, 825, 912, 913, 916]
[830, 915, 916, 919, 923]
[915, 918, 920, 922, 923]
[919, 921, 922, 1008, 1013]
[920, 922, 924, 925, 1013]
[919, 920, 921, 923, 924]
[830, 831, 918, 919, 922]
[836, 921, 922, 925, 929]
[921, 924, 926, 928, 929]
[925, 927, 928, 1014, 1019]
[926, 928, 930, 931, 1019]
[925, 926, 927, 929, 930]
[836, 837, 924, 925, 928]
[842, 927, 928, 931, 935]
[927, 930, 932, 934, 935]
[931, 933, 934, 1020, 1025]
[932, 934, 936, 937, 1025]
[931, 932, 933, 935, 936]
[842, 843, 930, 931, 934]
[848, 933, 934, 937, 941]
[933, 936, 938, 940, 941]
[937, 939, 940, 1026, 1031]
[938, 940, 942, 943, 1031]
[937, 938, 939, 941, 942]
[848, 849, 936, 937, 940]
[854, 939, 940, 943, 947]
[939, 942, 944, 946, 947]
[943, 945, 946, 1032, 1037]
[944, 946, 948, 949, 1037]
[943, 944, 945, 947, 948]
[854, 855, 942, 943, 946]
[860, 945, 946, 949, 953]
[945, 948, 950, 952, 953]
[949, 951, 952, 1038, 1043]
[950, 952, 954, 955, 1043]
[949, 950, 951, 953, 954]
[860, 861, 948, 949, 952]
[866, 951, 952, 955, 959]
[951, 954, 956, 958, 959]
[955, 957, 958, 1044, 1049]
[956, 958, 960, 961, 1049]
[955, 956, 957, 959, 960]
[866, 867, 954, 955, 958]
[872, 957, 958, 961, 965]
[957, 960, 962, 964, 965]
[961, 963, 964, 1050, 1055]
[962, 964, 966, 967, 1055]
[961, 962, 963, 965, 966]
[872, 873, 960, 961, 964]
[878, 963, 964, 967, 971]
[963, 966, 968, 970, 971]
[967, 969, 970, 1056, 1061]
[968, 970, 972, 973, 1061]
[967, 968, 969, 971, 972]
[878, 879, 966, 967, 970]
[884, 969, 970, 973, 977]
[969, 972, 974, 976, 977]
[973, 975, 976, 1062, 1067]
[974, 976, 978, 979, 1067]
[973, 974, 975, 977, 978]
[884, 885, 972, 973, 976]
[890, 975, 976, 979, 983]
[975, 978, 980, 982, 983]
[979, 981, 982, 1068, 1073]
[980, 982, 984, 985, 1073]
[979, 980, 981, 983, 984]
[890, 891, 978, 979, 982]
[896, 981, 982, 985, 989]
[981, 984, 986, 988, 989]
[985, 987, 988, 1074, 1079]
[900, 901, 986, 988, 1079]
[900, 985, 986, 987, 989]
[896, 897, 984, 985, 988]
[902, 991, 995, 1077, 1078]
[990, 992, 994, 995, 1077]
[991, 993, 994, 1080, 1085]
[992, 994, 996, 997, 1085]
[991, 992, 993, 995, 996]
[902, 903, 990, 991, 994]
[908, 993, 994, 997, 1001]
[993, 996, 998, 1000, 1001]
[997, 999, 1000, 1086, 1091]
[998, 1000, 1002, 1003, 1091]
[997, 998, 999, 1001, 1002]
[908, 909, 996, 997, 1000]
[914, 999, 1000, 1003, 1007]
[999, 1002, 1004, 1006, 1007]
[1003, 1005, 1006, 1092, 1097]
[1004, 1006, 1008, 1009, 1097]
[1003, 1004, 1005, 1007, 1008]
[914, 915, 1002, 1003, 1006]
[920, 1005, 1006, 1009, 1013]
[1005, 1008, 1010, 1012, 1013]
[1009, 1011, 1012, 1098, 1103]
[1010, 1012, 1014, 1015, 1103]
[1009, 1010, 1011, 1013, 1014]
[920, 921, 1008, 1009, 1012]
[926, 1011, 1012, 1015, 1019]
[1011, 1014, 1016, 1018, 1019]
[1015, 1017, 1018, 1104, 1109]
[1016, 1018, 1020, 1021, 1109]
[1015, 1016, 1017, 1019, 1020]
[926, 927, 1014, 1015, 1018]
[932, 1017, 1018, 1021, 1025]
[1017, 1020, 1022, 1024, 1025]
[1021, 1023, 1024, 1110, 1115]
[1022, 1024, 1026, 1027, 1115]
[1021, 1022, 1023, 1025, 1026]
[932, 933, 1020, 1021, 1024]
[938, 1023, 1024, 1027, 1031]
[1023, 1026, 1028, 1030, 1031]
[1027, 1029, 1030, 1116, 1121]
[1028, 1030, 1032, 1033, 1121]
[1027, 1028, 1029, 1031, 1032]
[938, 939, 1026, 1027, 1030]
[944, 1029, 1030, 1033, 1037]
[1029, 1032, 1034, 1036, 1037]
[1033, 1035, 1036, 1122, 1127]
[1034, 1036, 1038, 1039, 1127]
[1033, 1034, 1035, 1037, 1038]
[944, 945, 1032, 1033, 1036]
[950, 1035, 1036, 1039, 1043]
[1035, 1038, 1040, 1042, 1043]
[1039, 1041, 1042, 1128, 1133]
[1040, 1042, 1044, 1045, 1133]
[1039, 1040, 1041, 1043, 1044]
[950, 951, 1038, 1039, 1042]
[956, 1041, 1042, 1045, 1049]
[1041, 1044, 1046, 1048, 1049]
[1045, 1047, 1048, 1134, 1139]
[1046, 1048, 1050, 1051, 1139]
[1045, 1046, 1047, 1049, 1050]
[956, 957, 1044, 1045, 1048]
[962, 1047, 1048, 1051, 1055]
[1047, 1050, 1052, 1054, 1055]
[1051, 1053, 1054, 1140, 1145]
[1052, 1054, 1056, 1057, 1145]
[1051, 1052, 1053, 1055, 1056]
[962, 963, 1050, 1051, 1054]
[968, 1053, 1054, 1057, 1061]
[1053, 1056, 1058, 1060, 1061]
[1057, 1059, 1060, 1146, 1151]
[1058, 1060, 1062, 1063, 1151]
[1057, 1058, 1059, 1061, 1062]
[968, 969, 1056, 1057, 1060]
[974, 1059, 1060, 1063, 1067]
[1059, 1062, 1064, 1066, 1067]
[1063, 1065, 1066, 1152, 1157]
[1064, 1066, 1068, 1069, 1157]
[1063, 1064, 1065, 1067, 1068]
[974, 975, 1062, 1063, 1066]
[980, 1065, 1066, 1069, 1073]
[1065, 1068, 1070, 1072, 1073]
[1069, 1071, 1072, 1158, 1163]
[1070, 1072, 1074, 1075, 1163]
[1069, 1070, 1071, 1073, 1074]
[980, 981, 1068, 1069, 1072]
[986, 1071, 1072, 1075, 1079]
[1071, 1074, 1076, 1078, 1079]
[1075, 1077, 1078, 1164, 1169]
[990, 991, 1076, 1078, 1169]
[990, 1075, 1076, 1077, 1079]
[986, 987, 1074, 1075, 1078]
[992, 1081, 1085, 1167, 1168]
[1080, 1082, 1084, 1085, 1167]
[1081, 1083, 1084, 1170, 1175]
[1082, 1084, 1086, 1087, 1175]
[1081, 1082, 1083, 1085, 1086]
[992, 993, 1080, 1081, 1084]
[998, 1083, 1084, 1087, 1091]
[1083, 1086, 1088, 1090, 1091]
[1087, 1089, 1090, 1176, 1181]
[1088, 1090, 1092, 1093, 1181]
[1087, 1088, 1089, 1091, 1092]
[998, 999, 1086, 1087, 1090]
[1004, 1089, 1090, 1093, 1097]
[1089, 1092, 1094, 1096, 1097]
[1093, 1095, 1096, 1182, 1187]
[1094, 1096, 1098, 1099, 1187]
[1093, 1094, 1095, 1097, 1098]
[1004, 1005, 1092, 1093, 1096]
[1010, 1095, 1096, 1099, 1103]
[1095, 1098, 1100, 1102, 1103]
[1099, 1101, 1102, 1188, 1193]
[1100, 1102, 1104, 1105, 1193]
[1099, 1100, 1101, 1103, 1104]
[1010, 1011, 1098, 1099, 1102]
[1016, 1101, 1102, 1105, 1109]
[1101, 1104, 1106, 1108, 1109]
[1105, 1107, 1108, 1194, 1199]
[1106, 1108, 1110, 1111, 1199]
[1105, 1106, 1107, 1109, 1110]
[1016, 1017, 1104, 1105, 1108]
[1022, 1107, 1108, 1111, 1115]
[1107, 1110, 1112, 1114, 1115]
[1111, 1113, 1114, 1200, 1205]
[1112, 1114, 1116, 1117, 1205]
[1111, 1112, 1113, 1115, 1116]
[1022, 1023, 1110, 1111, 1114]
[1028, 1113, 1114, 1117, 1121]
[1113, 1116, 1118, 1120, 1121]
[1117, 1119, 1120, 1206, 1211]
[1118, 1120, 1122, 1123, 1211]
[1117, 1118, 1119, 1121, 1122]
[1028, 1029, 1116, 1117, 1120]
[1034, 1119, 1120, 1123, 1127]
[1119, 1122, 1124, 1126, 1127]
[1123, 1125, 1126, 1212, 1217]
[1124, 1126, 1128, 1129, 1217]
[1123, 1124, 1125, 1127, 1128]
[1034, 1035, 1122, 1123, 1126]
[1040, 1125, 1126, 1129, 1133]
[1125, 1128, 1130, 1132, 1133]
[1129, 1131, 1132, 1218, 1223]
[1130, 1132, 1134, 1135, 1223]
[1129, 1130, 1131, 1133, 1134]
[1040, 1041, 1128, 1129, 1132]
[1046, 1131, 1132, 1135, 1139]
[1131, 1134, 1136, 1138, 1139]
[1135, 1137, 1138, 1224, 1229]
[1136, 1138, 1140, 1141, 1229]
[1135, 1136, 1137, 1139, 1140]
[1046, 1047, 1134, 1135, 1138]
[1052, 1137, 1138, 1141, 1145]
[1137, 1140, 1142, 1144, 1145]
[1141, 1143, 1144, 1230, 1235]
[1142, 1144, 1146, 1147, 1235]
[1141, 1142, 1143, 1145, 1146]
[1052, 1053, 1140, 1141, 1144]
[1058, 1143, 1144, 1147, 1151]
[1143, 1146, 1148, 1150, 1151]
[1147, 1149, 1150, 1236, 1241]
[1148, 1150, 1152, 1153, 1241]
[1147, 1148, 1149, 1151, 1152]
[1058, 1059, 1146, 1147, 1150]
[1064, 1149, 1150, 1153, 1157]
[1149, 1152, 1154, 1156, 1157]
[1153, 1155, 1156, 1242, 1247]
[1154, 1156, 1158, 1159, 1247]
[1153, 1154, 1155, 1157, 1158]
[1064, 1065, 1152, 1153, 1156]
[1070, 1155, 1156, 1159, 1163]
[1155, 1158, 1160, 1162, 1163]
[1159, 1161, 1162, 1248, 1253]
[1160, 1162, 1164, 1165, 1253]
[1159, 1160, 1161, 1163, 1164]
[1070, 1071, 1158, 1159, 1162]
[1076, 1161, 1162, 1165, 1169]
[1161, 1164, 1166, 1168, 1169]
[1165, 1167, 1168, 1254, 1259]
[1080, 1081, 1166, 1168, 1259]
[1080, 1165, 1166, 1167, 1169]
[1076, 1077, 1164, 1165, 1168]
[1082, 1171, 1175, 1257, 1258]
[1170, 1172, 1174, 1175, 1257]
[1171, 1173, 1174, 1260, 1265]
[1172, 1174, 1176, 1177, 1265]
[1171, 1172, 1173, 1175, 1176]
[1082, 1083, 1170, 1171, 1174]
[1088, 1173, 1174, 1177, 1181]
[1173, 1176, 1178, 1180, 1181]
[1177, 1179, 1180, 1266, 1271]
[1178, 1180, 1182, 1183, 1271]
[1177, 1178, 1179, 1181, 1182]
[1088, 1089, 1176, 1177, 1180]
[1094, 1179, 1180, 1183, 1187]
[1179, 1182, 1184, 1186, 1187]
[1183, 1185, 1186, 1272, 1277]
[1184, 1186, 1188, 1189, 1277]
[1183, 1184, 1185, 1187, 1188]
[1094, 1095, 1182, 1183, 1186]
[1100, 1185, 1186, 1189, 1193]
[1185, 1188, 1190, 1192, 1193]
[1189, 1191, 1192, 1278, 1283]
[1190, 1192, 1194, 1195, 1283]
[1189, 1190, 1191, 1193, 1194]
[1100, 1101, 1188, 1189, 1192]
[1106, 1191, 1192, 1195, 1199]
[1191, 1194, 1196, 1198, 1199]
[1195, 1197, 1198, 1284, 1289]
[1196, 1198, 1200, 1201, 1289]
[1195, 1196, 1197, 1199, 1200]
[1106, 1107, 1194, 1195, 1198]
[1112, 1197, 1198, 1201, 1205]
[1197, 1200, 1202, 1204, 1205]
[1201, 1203, 1204, 1290, 1295]
[1202, 1204, 1206, 1207, 1295]
[1201, 1202, 1203, 1205, 1206]
[1112, 1113, 1200, 1201, 1204]
[1118, 1203, 1204, 1207, 1211]
[1203, 1206, 1208, 1210, 1211]
[1207, 1209, 1210, 1296, 1301]
[1208, 1210, 1212, 1213, 1301]
[1207, 1208, 1209, 1211, 1212]
[1118, 1119, 1206, 1207, 1210]
[1124, 1209, 1210, 1213, 1217]
[1209, 1212, 1214, 1216, 1217]
[1213, 1215, 1216, 1302, 1307]
[1214, 1216, 1218, 1219, 1307]
[1213, 1214, 1215, 1217, 1218]
[1124, 1125, 1212, 1213, 1216]
[1130, 1215, 1216, 1219, 1223]
[1215, 1218, 1220, 1222, 1223]
[1219, 1221, 1222, 1308, 1313]
[1220, 1222, 1224, 1225, 1313]
[1219, 1220, 1221, 1223, 1224]
[1130, 1131, 1218, 1219, 1222]
[1136, 1221, 1222, 1225, 1229]
[1221, 1224, 1226, 1228, 1229]
[1225, 1227, 1228, 1314, 1319]
[1226, 1228, 1230, 1231, 1319]
[1225, 1226, 1227, 1229, 1230]
[1136, 1137, 1224, 1225, 1228]
[1142, 1227, 1228, 1231, 1235]
[1227, 1230, 1232, 1234, 1235]
[1231, 1233, 1234, 1320, 1325]
[1232, 1234, 1236, 1237, 1325]
[1231, 1232, 1233, 1235, 1236]
[1142, 1143, 1230, 1231, 1234]
[1148, 1233, 1234, 1237, 1241]
[1233, 1236, 1238, 1240, 1241]
[1237, 1239, 1240, 1326, 1331]
[1238, 1240, 1242, 1243, 1331]
[1237, 1238, 1239, 1241, 1242]
[1148, 1149, 1236, 1237, 1240]
[1154, 1239, 1240, 1243, 1247]
[1239, 1242, 1244, 1246, 1247]
[1243, 1245, 1246, 1332, 1337]
[1244, 1246, 1248, 1249, 1337]
[1243, 1244, 1245, 1247, 1248]
[1154, 1155, 1242, 1243, 1246]
[1160, 1245, 1246, 1249, 1253]
[1245, 1248, 1250, 1252, 1253]
[1249, 1251, 1252, 1338, 1343]
[1250, 1252, 1254, 1255, 1343]
[1249, 1250, 1251, 1253, 1254]
[1160, 1161, 1248, 1249, 1252]
[1166, 1251, 1252, 1255, 1259]
[1251, 1254, 1256, 1258, 1259]
[1255, 1257, 1258, 1344, 1349]
[1170, 1171, 1256, 1258, 1349]
[1170, 1255, 1256, 1257, 1259]
[1166, 1167, 1254, 1255, 1258]
[1172, 1261, 1265, 1347, 1348]
[1260, 1262, 1264, 1265, 1347]
[0, 5, 1261, 1263, 1264]
[5, 1262, 1264, 1266, 1267]
[1261, 1262, 1263, 1265, 1266]
[1172, 1173, 1260, 1261, 1264]
[1178, 1263, 1264, 1267, 1271]
[1263, 1266, 1268, 1270, 1271]
[6, 11, 1267, 1269, 1270]
[11, 1268, 1270, 1272, 1273]
[1267, 1268, 1269, 1271, 1272]
[1178, 1179, 1266, 1267, 1270]
[1184, 1269, 1270, 1273, 1277]
[1269, 1272, 1274, 1276, 1277]
[12, 17, 1273, 1275, 1276]
[17, 1274, 1276, 1278, 1279]
[1273, 1274, 1275, 1277, 1278]
[1184, 1185, 1272, 1273, 1276]
[1190, 1275, 1276, 1279, 1283]
[1275, 1278, 1280, 1282, 1283]
[18, 23, 1279, 1281, 1282]
[23, 1280, 1282, 1284, 1285]
[1279, 1280, 1281, 1283, 1284]
[1190, 1191, 1278, 1279, 1282]
[1196, 1281, 1282, 1285, 1289]
[1281, 1284, 1286, 1288, 1289]
[24, 29, 1285, 1287, 1288]
[29, 1286, 1288, 1290, 1291]
[1285, 1286, 1287, 1289, 1290]
[1196, 1197, 1284, 1285, 1288]
[1202, 1287, 1288, 1291, 1295]
[1287, 1290, 1292, 1294, 1295]
[30, 35, 1291, 1293, 1294]
[35, 1292, 1294, 1296, 1297]
[1291, 1292, 1293, 1295, 1296]
[1202, 1203, 1290, 1291, 1294]
[1208, 1293, 1294, 1297, 1301]
[1293, 1296, 1298, 1300, 1301]
[36, 41, 1297, 1299, 1300]
[41, 1298, 1300, 1302, 1303]
[1297, 1298, 1299, 1301, 1302]
[1208, 1209, 1296, 1297, 1300]
[1214, 1299, 1300, 1303, 1307]
[1299, 1302, 1304, 1306, 1307]
[42, 47, 1303, 1305, 1306]
[47, 1304, 1306, 1308, 1309]
[1303, 1304, 1305, 1307, 1308]
[1214, 1215, 1302, 1303, 1306]
[1220, 1305, 1306, 1309, 1313]
[1305, 1308, 1310, 1312, 1313]
[48, 53, 1309, 1311, 1312]
[53, 1310, 1312, 1314, 1315]
[1309, 1310, 1311, 1313, 1314]
[1220, 1221, 1308, 1309, 1312]
[1226, 1311, 1312, 1315, 1319]
[1311, 1314, 1316, 1318, 1319]
[54, 59, 1315, 1317, 1318]
[59, 1316, 1318, 1320, 1321]
[1315, 1316, 1317, 1319, 1320]
[1226, 1227, 1314, 1315, 1318]
[1232, 1317, 1318, 1321, 1325]
[1317, 1320, 1322, 1324, 1325]
[60, 65, 1321, 1323, 1324]
[65, 1322, 1324, 1326, 1327]
[1321, 1322, 1323, 1325, 1326]
[1232, 1233, 1320, 1321, 1324]
[1238, 1323, 1324, 1327, 1331]
[1323, 1326, 1328, 1330, 1331]
[66, 71, 1327, 1329, 1330]
[71, 1328, 1330, 1332, 1333]
[1327, 1328, 1329, 1331, 1332]
[1238, 1239, 1326, 1327, 1330]
[1244, 1329, 1330, 1333, 1337]
[1329, 1332, 1334, 1336, 1337]
[72, 77, 1333, 1335, 1336]
[77, 1334, 1336, 1338, 1339]
[1333, 1334, 1335, 1337, 1338]
[1244, 1245, 1332, 1333, 1336]
[1250, 1335, 1336, 1339, 1343]
[1335, 1338, 1340, 1342, 1343]
[78, 83, 1339, 1341, 1342]
[83, 1340, 1342, 1344, 1345]
[1339, 1340, 1341, 1343, 1344]
[1250, 1251, 1338, 1339, 1342]
[1256, 1341, 1342, 1345, 1349]
[1341, 1344, 1346, 1348, 1349]
[84, 89, 1345, 1347, 1348]
[89, 1260, 1261, 1346, 1348]
[1260, 1345, 1346, 1347, 1349]
[1256, 1257, 1344, 1345, 1348]
