[1, 39, 40, 1560]
[0, 2, 41, 1561]
[1, 3, 42, 1562]
[2, 4, 43, 1563]
[3, 5, 44, 1564]
[4, 6, 45, 1565]
[5, 7, 46, 1566]
[6, 8, 47, 1567]
[7, 9, 48, 1568]
[8, 10, 49, 1569]
[9, 11, 50, 1570]
[10, 12, 51, 1571]
[11, 13, 52, 1572]
[12, 14, 53, 1573]
[13, 15, 54, 1574]
[14, 16, 55, 1575]
[15, 17, 56, 1576]
[16, 18, 57, 1577]
[17, 19, 58, 1578]
[18, 20, 59, 1579]
[19, 21, 60, 1580]
[20, 22, 61, 1581]
[21, 23, 62, 1582]
[22, 24, 63, 1583]
[23, 25, 64, 1584]
[24, 26, 65, 1585]
[25, 27, 66, 1586]
[26, 28, 67, 1587]
[27, 29, 68, 1588]
[28, 30, 69, 1589]
[29, 31, 70, 1590]
[30, 32, 71, 1591]
[31, 33, 72, 1592]
[32, 34, 73, 1593]
[33, 35, 74, 1594]
[34, 36, 75, 1595]
[35, 37, 76, 1596]
[36, 38, 77, 1597]
[37, 39, 78, 1598]
[0, 38, 79, 1599]
[0, 41, 79, 80]
[1, 40, 42, 81]
[2, 41, 43, 82]
[3, 42, 44, 83]
[4, 43, 45, 84]
[5, 44, 46, 85]
[6, 45, 47, 86]
[7, 46, 48, 87]
[8, 47, 49, 88]
[9, 48, 50, 89]
[10, 49, 51, 90]
[11, 50, 52, 91]
[12, 51, 53, 92]
[13, 52, 54, 93]
[14, 53, 55, 94]
[15, 54, 56, 95]
[16, 55, 57, 96]
[17, 56, 58, 97]
[18, 57, 59, 98]
[19, 58, 60, 99]
[20, 59, 61, 100]
[21, 60, 62, 101]
[22, 61, 63, 102]
[23, 62, 64, 103]
[24, 63, 65, 104]
[25, 64, 66, 105]
[26, 65, 67, 106]
[27, 66, 68, 107]
[28, 67, 69, 108]
[29, 68, 70, 109]
[30, 69, 71, 110]
[31, 70, 72, 111]
[32, 71, 73, 112]
[33, 72, 74, 113]
[34, 73, 75, 114]
[35, 74, 76, 115]
[36, 75, 77, 116]
[37, 76, 78, 117]
[38, 77, 79, 118]
[39, 40, 78, 119]
[40, 81, 119, 120]
[41, 80, 82, 121]
[42, 81, 83, 122]
[43, 82, 84, 123]
[44, 83, 85, 124]
[45, 84, 86, 125]
[46, 85, 87, 126]
[47, 86, 88, 127]
[48, 87, 89, 128]
[49, 88, 90, 129]
[50, 89, 91, 130]
[51, 90, 92, 131]
[52, 91, 93, 132]
[53, 92, 94, 133]
[54, 93, 95, 134]
[55, 94, 96, 135]
[56, 95, 97, 136]
[57, 96, 98, 137]
[58, 97, 99, 138]
[59, 98, 100, 139]
[60, 99, 101, 140]
[61, 100, 102, 141]
[62, 101, 103, 142]
[63, 102, 104, 143]
[64, 103, 105, 144]
[65, 104, 106, 145]
[66, 105, 107, 146]
[67, 106, 108, 147]
[68, 107, 109, 148]
[69, 108, 110, 149]
[70, 109, 111, 150]
[71, 110, 112, 151]
[72, 111, 113, 152]
[73, 112, 114, 153]
[74, 113, 115, 154]
[75, 114, 116, 155]
[76, 115, 117, 156]
[77, 116, 118, 157]
[78, 117, 119, 158]
[79, 80, 118, 159]
[80, 121, 159, 160]
[81, 120, 122, 161]
[82, 121, 123, 162]
[83, 122, 124, 163]
[84, 123, 125, 164]
[85, 124, 126, 165]
[86, 125, 127, 166]
[87, 126, 128, 167]
[88, 127, 129, 168]
[89, 128, 130, 169]
[90, 129, 131, 170]
[91, 130, 132, 171]
[92, 131, 133, 172]
[93, 132, 134, 173]
[94, 133, 135, 174]
[95, 134, 136, 175]
[96, 135, 137, 176]
[97, 136, 138, 177]
[98, 137, 139, 178]
[99, 138, 140, 179]
[100, 139, 141, 180]
[101, 140, 142, 181]
[102, 141, 143, 182]
[103, 142, 144, 183]
[104, 143, 145, 184]
[105, 144, 146, 185]
[106, 145, 147, 186]
[107, 146, 148, 187]
[108, 147, 149, 188]
[109, 148, 150, 189]
[110, 149, 151, 190]
[111, 150, 152, 191]
[112, 151, 153, 192]
[113, 152, 154, 193]
[114, 153, 155, 194]
[115, 154, 156, 195]
[116, 155, 157, 196]
[117, 156, 158, 197]
[118, 157, 159, 198]
[119, 120, 158, 199]
[120, 161, 199, 200]
[121, 160, 162, 201]
[122, 161, 163, 202]
[123, 162, 164, 203]
[124, 163, 165, 204]
[125, 164, 166, 205]
[126, 165, 167, 206]
[127, 166, 168, 207]
[128, 167, 169, 208]
[129, 168, 170, 209]
[130, 169, 171, 210]
[131, 170, 172, 211]
[132, 171, 173, 212]
[133, 172, 174, 213]
[134, 173, 175, 214]
[135, 174, 176, 215]
[136, 175, 177, 216]
[137, 176, 178, 217]
[138, 177, 179, 218]
[139, 178, 180, 219]
[140, 179, 181, 220]
[141, 180, 182, 221]
[142, 181, 183, 222]
[143, 182, 184, 223]
[144, 183, 185, 224]
[145, 184, 186, 225]
[146, 185, 187, 226]
[147, 186, 188, 227]
[148, 187, 189, 228]
[149, 188, 190, 229]
[150, 189, 191, 230]
[151, 190, 192, 231]
[152, 191, 193, 232]
[153, 192, 194, 233]
[154, 193, 195, 234]
[155, 194, 196, 235]
[156, 195, 197, 236]
[157, 196, 198, 237]
[158, 197, 199, 238]
[159, 160, 198, 239]
[160, 201, 239, 240]
[161, 200, 202, 241]
[162, 201, 203, 242]
[163, 202, 204, 243]
[164, 203, 205, 244]
[165, 204, 206, 245]
[166, 205, 207, 246]
[167, 206, 208, 247]
[168, 207, 209, 248]
[169, 208, 210, 249]
[170, 209, 211, 250]
[171, 210, 212, 251]
[172, 211, 213, 252]
[173, 212, 214, 253]
[174, 213, 215, 254]
[175, 214, 216, 255]
[176, 215, 217, 256]
[177, 216, 218, 257]
[178, 217, 219, 258]
[179, 218, 220, 259]
[180, 219, 221, 260]
[181, 220, 222, 261]
[182, 221, 223, 262]
[183, 222, 224, 263]
[184, 223, 225, 264]
[185, 224, 226, 265]
[186, 225, 227, 266]
[187, 226, 228, 267]
[188, 227, 229, 268]
[189, 228, 230, 269]
[190, 229, 231, 270]
[191, 230, 232, 271]
[192, 231, 233, 272]
[193, 232, 234, 273]
[194, 233, 235, 274]
[195, 234, 236, 275]
[196, 235, 237, 276]
[197, 236, 238, 277]
[198, 237, 239, 278]
[199, 200, 238, 279]
[200, 241, 279, 280]
[201, 240, 242, 281]
[202, 241, 243, 282]
[203, 242, 244, 283]
[204, 243, 245, 284]
[205, 244, 246, 285]
[206, 245, 247, 286]
[207, 246, 248, 287]
[208, 247, 249, 288]
[209, 248, 250, 289]
[210, 249, 251, 290]
[211, 250, 252, 291]
[212, 251, 253, 292]
[213, 252, 254, 293]
[214, 253, 255, 294]
[215, 254, 256, 295]
[216, 255, 257, 296]
[217, 256, 258, 297]
[218, 257, 259, 298]
[219, 258, 260, 299]
[220, 259, 261, 300]
[221, 260, 262, 301]
[222, 261, 263, 302]
[223, 262, 264, 303]
[224, 263, 265, 304]
[225, 264, 266, 305]
[226, 265, 267, 306]
[227, 266, 268, 307]
[228, 267, 269, 308]
[229, 268, 270, 309]
[230, 269, 271, 310]
[231, 270, 272, 311]
[232, 271, 273, 312]
[233, 272, 274, 313]
[234, 273, 275, 314]
[235, 274, 276, 315]
[236, 275, 277, 316]
[237, 276, 278, 317]
[238, 277, 279, 318]
[239, 240, 278, 319]
[240, 281, 319, 320]
[241, 280, 282, 321]
[242, 281, 283, 322]
[243, 282, 284, 323]
[244, 283, 285, 324]
[245, 284, 286, 325]
[246, 285, 287, 326]
[247, 286, 288, 327]
[248, 287, 289, 328]
[249, 288, 290, 329]
[250, 289, 291, 330]
[251, 290, 292, 331]
[252, 291, 293, 332]
[253, 292, 294, 333]
[254, 293, 295, 334]
[255, 294, 296, 335]
[256, 295, 297, 336]
[257, 296, 298, 337]
[258, 297, 299, 338]
[259, 298, 300, 339]
[260, 299, 301, 340]
[261, 300, 302, 341]
[262, 301, 303, 342]
[263, 302, 304, 343]
[264, 303, 305, 344]
[265, 304, 306, 345]
[266, 305, 307, 346]
[267, 306, 308, 347]
[268, 307, 309, 348]
[269, 308, 310, 349]
[270, 309, 311, 350]
[271, 310, 312, 351]
[272, 311, 313, 352]
[273, 312, 314, 353]
[274, 313, 315, 354]
[275, 314, 316, 355]
[276, 315, 317, 356]
[277, 316, 318, 357]
[278, 317, 319, 358]
[279, 280, 318, 359]
[280, 321, 359, 360]
[281, 320, 322, 361]
[282, 321, 323, 362]
[283, 322, 324, 363]
[284, 323, 325, 364]
[285, 324, 326, 365]
[286, 325, 327, 366]
[287, 326, 328, 367]
[288, 327, 329, 368]
[289, 328, 330, 369]
[290, 329, 331, 370]
[291, 330, 332, 371]
[292, 331, 333, 372]
[293, 332, 334, 373]
[294, 333, 335, 374]
[295, 334, 336, 375]
[296, 335, 337, 376]
[297, 336, 338, 377]
[298, 337, 339, 378]
[299, 338, 340, 379]
[300, 339, 341, 380]
[301, 340, 342, 381]
[302, 341, 343, 382]
[303, 342, 344, 383]
[304, 343, 345, 384]
[305, 344, 346, 385]
[306, 345, 347, 386]
[307, 346, 348, 387]
[308, 347, 349, 388]
[309, 348, 350, 389]
[310, 349, 351, 390]
[311, 350, 352, 391]
[312, 351, 353, 392]
[313, 352, 354, 393]
[314, 353, 355, 394]
[315, 354, 356, 395]
[316, 355, 357, 396]
[317, 356, 358, 397]
[318, 357, 359, 398]
[319, 320, 358, 399]
[320, 361, 399, 400]
[321, 360, 362, 401]
[322, 361, 363, 402]
[323, 362, 364, 403]
[324, 363, 365, 404]
[325, 364, 366, 405]
[326, 365, 367, 406]
[327, 366, 368, 407]
[328, 367, 369, 408]
[329, 368, 370, 409]
[330, 369, 371, 410]
[331, 370, 372, 411]
[332, 371, 373, 412]
[333, 372, 374, 413]
[334, 373, 375, 414]
[335, 374, 376, 415]
[336, 375, 377, 416]
[337, 376, 378, 417]
[338, 377, 379, 418]
[339, 378, 380, 419]
[340, 379, 381, 420]
[341, 380, 382, 421]
[342, 381, 383, 422]
[343, 382, 384, 423]
[344, 383, 385, 424]
[345, 384, 386, 425]
[346, 385, 387, 426]
[347, 386, 388, 427]
[348, 387, 389, 428]
[349, 388, 390, 429]
[350, 389, 391, 430]
[351, 390, 392, 431]
[352, 391, 393, 432]
[353, 392, 394, 433]
[354, 393, 395, 434]
[355, 394, 396, 435]
[356, 395, 397, 436]
[357, 396, 398, 437]
[358, 397, 399, 438]
[359, 360, 398, 439]
[360, 401, 439, 440]
[361, 400, 402, 441]
[362, 401, 403, 442]
[363, 402, 404, 443]
[364, 403, 405, 444]
[365, 404, 406, 445]
[366, 405, 407, 446]
[367, 406, 408, 447]
[368, 407, 409, 448]
[369, 408, 410, 449]
[370, 409, 411, 450]
[371, 410, 412, 451]
[372, 411, 413, 452]
[373, 412, 414, 453]
[374, 413, 415, 454]
[375, 414, 416, 455]
[376, 415, 417, 456]
[377, 416, 418, 457]
[378, 417, 419, 458]
[379, 418, 420, 459]
[380, 419, 421, 460]
[381, 420, 422, 461]
[382, 421, 423, 462]
[383, 422, 424, 463]
[384, 423, 425, 464]
[385, 424, 426, 465]
[386, 425, 427, 466]
[387, 426, 428, 467]
[388, 427, 429, 468]
[389, 428, 430, 469]
[390, 429, 431, 470]
[391, 430, 432, 471]
[392, 431, 433, 472]
[393, 432, 434, 473]
[394, 433, 435, 474]
[395, 434, 436, 475]
[396, 435, 437, 476]
[397, 436, 438, 477]
[398, 437, 439, 478]
[399, 400, 438, 479]
[400, 441, 479, 480]
[401, 440, 442, 481]
[402, 441, 443, 482]
[403, 442, 444, 483]
[404, 443, 445, 484]
[405, 444, 446, 485]
[406, 445, 447, 486]
[407, 446, 448, 487]
[408, 447, 449, 488]
[409, 448, 450, 489]
[410, 449, 451, 490]
[411, 450, 452, 491]
[412, 451, 453, 492]
[413, 452, 454, 493]
[414, 453, 455, 494]
[415, 454, 456, 495]
[416, 455, 457, 496]
[417, 456, 458, 497]
[418, 457, 459, 498]
[419, 458, 460, 499]
[420, 459, 461, 500]
[421, 460, 462, 501]
[422, 461, 463, 502]
[423, 462, 464, 503]
[424, 463, 465, 504]
[425, 464, 466, 505]
[426, 465, 467, 506]
[427, 466, 468, 507]
[428, 467, 469, 508]
[429, 468, 470, 509]
[430, 469, 471, 510]
[431, 470, 472, 511]
[432, 471, 473, 512]
[433, 472, 474, 513]
[434, 473, 475, 514]
[435, 474, 476, 515]
[436, 475, 477, 516]
[437, 476, 478, 517]
[438, 477, 479, 518]
[439, 440, 478, 519]
[440, 481, 519, 520]
[441, 480, 482, 521]
[442, 481, 483, 522]
[443, 482, 484, 523]
[444, 483, 485, 524]
[445, 484, 486, 525]
[446, 485, 487, 526]
[447, 486, 488, 527]
[448, 487, 489, 528]
[449, 488, 490, 529]
[450, 489, 491, 530]
[451, 490, 492, 531]
[452, 491, 493, 532]
[453, 492, 494, 533]
[454, 493, 495, 534]
[455, 494, 496, 535]
[456, 495, 497, 536]
[457, 496, 498, 537]
[458, 497, 499, 538]
[459, 498, 500, 539]
[460, 499, 501, 540]
[461, 500, 502, 541]
[462, 501, 503, 542]
[463, 502, 504, 543]
[464, 503, 505, 544]
[465, 504, 506, 545]
[466, 505, 507, 546]
[467, 506, 508, 547]
[468, 507, 509, 548]
[469, 508, 510, 549]
[470, 509, 511, 550]
[471, 510, 512, 551]
[472, 511, 513, 552]
[473, 512, 514, 553]
[474, 513, 515, 554]
[475, 514, 516, 555]
[476, 515, 517, 556]
[477, 516, 518, 557]
[478, 517, 519, 558]
[479, 480, 518, 559]
[480, 521, 559, 560]
[481, 520, 522, 561]
[482, 521, 523, 562]
[483, 522, 524, 563]
[484, 523, 525, 564]
[485, 524, 526, 565]
[486, 525, 527, 566]
[487, 526, 528, 567]
[488, 527, 529, 568]
[489, 528, 530, 569]
[490, 529, 531, 570]
[491, 530, 532, 571]
[492, 531, 533, 572]
[493, 532, 534, 573]
[494, 533, 535, 574]
[495, 534, 536, 575]
[496, 535, 537, 576]
[497, 536, 538, 577]
[498, 537, 539, 578]
[499, 538, 540, 579]
[500, 539, 541, 580]
[501, 540, 542, 581]
[502, 541, 543, 582]
[503, 542, 544, 583]
[504, 543, 545, 584]
[505, 544, 546, 585]
[506, 545, 547, 586]
[507, 546, 548, 587]
[508, 547, 549, 588]
[509, 548, 550, 589]
[510, 549, 551, 590]
[511, 550, 552, 591]
[512, 551, 553, 592]
[513, 552, 554, 593]
[514, 553, 555, 594]
[515, 554, 556, 595]
[516, 555, 557, 596]
[517, 556, 558, 597]
[518, 557, 559, 598]
[519, 520, 558, 599]
[520, 561, 599, 600]
[521, 560, 562, 601]
[522, 561, 563, 602]
[523, 562, 564, 603]
[524, 563, 565, 604]
[525, 564, 566, 605]
[526, 565, 567, 606]
[527, 566, 568, 607]
[528, 567, 569, 608]
[529, 568, 570, 609]
[530, 569, 571, 610]
[531, 570, 572, 611]
[532, 571, 573, 612]
[533, 572, 574, 613]
[534, 573, 575, 614]
[535, 574, 576, 615]
[536, 575, 577, 616]
[537, 576, 578, 617]
[538, 577, 579, 618]
[539, 578, 580, 619]
[540, 579, 581, 620]
[541, 580, 582, 621]
[542, 581, 583, 622]
[543, 582, 584, 623]
[544, 583, 585, 624]
[545, 584, 586, 625]
[546, 585, 587, 626]
[547, 586, 588, 627]
[548, 587, 589, 628]
[549, 588, 590, 629]
[550, 589, 591, 630]
[551, 590, 592, 631]
[552, 591, 593, 632]
[553, 592, 594, 633]
[554, 593, 595, 634]
[555, 594, 596, 635]
[556, 595, 597, 636]
[557, 596, 598, 637]
[558, 597, 599, 638]
[559, 560, 598, 639]
[560, 601, 639, 640]
[561, 600, 602, 641]
[562, 601, 603, 642]
[563, 602, 604, 643]
[564, 603, 605, 644]
[565, 604, 606, 645]
[566, 605, 607, 646]
[567, 606, 608, 647]
[568, 607, 609, 648]
[569, 608, 610, 649]
[570, 609, 611, 650]
[571, 610, 612, 651]
[572, 611, 613, 652]
[573, 612, 614, 653]
[574, 613, 615, 654]
[575, 614, 616, 655]
[576, 615, 617, 656]
[577, 616, 618, 657]
[578, 617, 619, 658]
[579, 618, 620, 659]
[580, 619, 621, 660]
[581, 620, 622, 661]
[582, 621, 623, 662]
[583, 622, 624, 663]
[584, 623, 625, 664]
[585, 624, 626, 665]
[586, 625, 627, 666]
[587, 626, 628, 667]
[588, 627, 629, 668]
[589, 628, 630, 669]
[590, 629, 631, 670]
[591, 630, 632, 671]
[592, 631, 633, 672]
[593, 632, 634, 673]
[594, 633, 635, 674]
[595, 634, 636, 675]
[596, 635, 637, 676]
[597, 636, 638, 677]
[598, 637, 639, 678]
[599, 600, 638, 679]
[600, 641, 679, 680]
[601, 640, 642, 681]
[602, 641, 643, 682]
[603, 642, 644, 683]
[604, 643, 645, 684]
[605, 644, 646, 685]
[606, 645, 647, 686]
[607, 646, 648, 687]
[608, 647, 649, 688]
[609, 648, 650, 689]
[610, 649, 651, 690]
[611, 650, 652, 691]
[612, 651, 653, 692]
[613, 652, 654, 693]
[614, 653, 655, 694]
[615, 654, 656, 695]
[616, 655, 657, 696]
[617, 656, 658, 697]
[618, 657, 659, 698]
[619, 658, 660, 699]
[620, 659, 661, 700]
[621, 660, 662, 701]
[622, 661, 663, 702]
[623, 662, 664, 703]
[624, 663, 665, 704]
[625, 664, 666, 705]
[626, 665, 667, 706]
[627, 666, 668, 707]
[628, 667, 669, 708]
[629, 668, 670, 709]
[630, 669, 671, 710]
[631, 670, 672, 711]
[632, 671, 673, 712]
[633, 672, 674, 713]
[634, 673, 675, 714]
[635, 674, 676, 715]
[636, 675, 677, 716]
[637, 676, 678, 717]
[638, 677, 679, 718]
[639, 640, 678, 719]
[640, 681, 719, 720]
[641, 680, 682, 721]
[642, 681, 683, 722]
[643, 682, 684, 723]
[644, 683, 685, 724]
[645, 684, 686, 725]
[646, 685, 687, 726]
[647, 686, 688, 727]
[648, 687, 689, 728]
[649, 688, 690, 729]
[650, 689, 691, 730]
[651, 690, 692, 731]
[652, 691, 693, 732]
[653, 692, 694, 733]
[654, 693, 695, 734]
[655, 694, 696, 735]
[656, 695, 697, 736]
[657, 696, 698, 737]
[658, 697, 699, 738]
[659, 698, 700, 739]
[660, 699, 701, 740]
[661, 700, 702, 741]
[662, 701, 703, 742]
[663, 702, 704, 743]
[664, 703, 705, 744]
[665, 704, 706, 745]
[666, 705, 707, 746]
[667, 706, 708, 747]
[668, 707, 709, 748]
[669, 708, 710, 749]
[670, 709, 711, 750]
[671, 710, 712, 751]
[672, 711, 713, 752]
[673, 712, 714, 753]
[674, 713, 715, 754]
[675, 714, 716, 755]
[676, 715, 717, 756]
[677, 716, 718, 757]
[678, 717, 719, 758]
[679, 680, 718, 759]
[680, 721, 759, 760]
[681, 720, 722, 761]
[682, 721, 723, 762]
[683, 722, 724, 763]
[684, 723, 725, 764]
[685, 724, 726, 765]
[686, 725, 727, 766]
[687, 726, 728, 767]
[688, 727, 729, 768]
[689, 728, 730, 769]
[690, 729, 731, 770]
[691, 730, 732, 771]
[692, 731, 733, 772]
[693, 732, 734, 773]
[694, 733, 735, 774]
[695, 734, 736, 775]
[696, 735, 737, 776]
[697, 736, 738, 777]
[698, 737, 739, 778]
[699, 738, 740, 779]
[700, 739, 741, 780]
[701, 740, 742, 781]
[702, 741, 743, 782]
[703, 742, 744, 783]
[704, 743, 745, 784]
[705, 744, 746, 785]
[706, 745, 747, 786]
[707, 746, 748, 787]
[708, 747, 749, 788]
[709, 748, 750, 789]
[710, 749, 751, 790]
[711, 750, 752, 791]
[712, 751, 753, 792]
[713, 752, 754, 793]
[714, 753, 755, 794]
[715, 754, 756, 795]
[716, 755, 757, 796]
[717, 756, 758, 797]
[718, 757, 759, 798]
[719, 720, 758, 799]
[720, 761, 799, 800]
[721, 760, 762, 801]
[722, 761, 763, 802]
[723, 762, 764, 803]
[724, 763, 765, 804]
[725, 764, 766, 805]
[726, 765, 767, 806]
[727, 766, 768, 807]
[728, 767, 769, 808]
[729, 768, 770, 809]
[730, 769, 771, 810]
[731, 770, 772, 811]
[732, 771, 773, 812]
[733, 772, 774, 813]
[734, 773, 775, 814]
[735, 774, 776, 815]
[736, 775, 777, 816]
[737, 776, 778, 817]
[738, 777, 779, 818]
[739, 778, 780, 819]
[740, 779, 781, 820]
[741, 780, 782, 821]
[742, 781, 783, 822]
[743, 782, 784, 823]
[744, 783, 785, 824]
[745, 784, 786, 825]
[746, 785, 787, 826]
[747, 786, 788, 827]
[748, 787, 789, 828]
[749, 788, 790, 829]
[750, 789, 791, 830]
[751, 790, 792, 831]
[752, 791, 793, 832]
[753, 792, 794, 833]
[754, 793, 795, 834]
[755, 794, 796, 835]
[756, 795, 797, 836]
[757, 796, 798, 837]
[758, 797, 799, 838]
[759, 760, 798, 839]
[760, 801, 839, 840]
[761, 800, 802, 841]
[762, 801, 803, 842]
[763, 802, 804, 843]
[764, 803, 805, 844]
[765, 804, 806, 845]
[766, 805, 807, 846]
[767, 806, 808, 847]
[768, 807, 809, 848]
[769, 808, 810, 849]
[770, 809, 811, 850]
[771, 810, 812, 851]
[772, 811, 813, 852]
[773, 812, 814, 853]
[774, 813, 815, 854]
[775, 814, 816, 855]
[776, 815, 817, 856]
[777, 816, 818, 857]
[778, 817, 819, 858]
[779, 818, 820, 859]
[780, 819, 821, 860]
[781, 820, 822, 861]
[782, 821, 823, 862]
[783, 822, 824, 863]
[784, 823, 825, 864]
[785, 824, 826, 865]
[786, 825, 827, 866]
[787, 826, 828, 867]
[788, 827, 829, 868]
[789, 828, 830, 869]
[790, 829, 831, 870]
[791, 830, 832, 871]
[792, 831, 833, 872]
[793, 832, 834, 873]
[794, 833, 835, 874]
[795, 834, 836, 875]
[796, 835, 837, 876]
[797, 836, 838, 877]
[798, 837, 839, 878]
[799, 800, 838, 879]
[800, 841, 879, 880]
[801, 840, 842, 881]
[802, 841, 843, 882]
[803, 842, 844, 883]
[804, 843, 845, 884]
[805, 844, 846, 885]
[806, 845, 847, 886]
[807, 846, 848, 887]
[808, 847, 849, 888]
[809, 848, 850, 889]
[810, 849, 851, 890]
[811, 850, 852, 891]
[812, 851, 853, 892]
[813, 852, 854, 893]
[814, 853, 855, 894]
[815, 854, 856, 895]
[816, 855, 857, 896]
[817, 856, 858, 897]
[818, 857, 859, 898]
[819, 858, 860, 899]
[820, 859, 861, 900]
[821, 860, 862, 901]
[822, 861, 863, 902]
[823, 862, 864, 903]
[824, 863, 865, 904]
[825, 864, 866, 905]
[826, 865, 867, 906]
[827, 866, 868, 907]
[828, 867, 869, 908]
[829, 868, 870, 909]
[830, 869, 871, 910]
[831, 870, 872, 911]
[832, 871, 873, 912]
[833, 872, 874, 913]
[834, 873, 875, 914]
[835, 874, 876, 915]
[836, 875, 877, 916]
[837, 876, 878, 917]
[838, 877, 879, 918]
[839, 840, 878, 919]
[840, 881, 919, 920]
[841, 880, 882, 921]
[842, 881, 883, 922]
[843, 882, 884, 923]
[844, 883, 885, 924]
[845, 884, 886, 925]
[846, 885, 887, 926]
[847, 886, 888, 927]
[848, 887, 889, 928]
[849, 888, 890, 929]
[850, 889, 891, 930]
[851, 890, 892, 931]
[852, 891, 893, 932]
[853, 892, 894, 933]
[854, 893, 895, 934]
[855, 894, 896, 935]
[856, 895, 897, 936]
[857, 896, 898, 937]
[858, 897, 899, 938]
[859, 898, 900, 939]
[860, 899, 901, 940]
[861, 900, 902, 941]
[862, 901, 903, 942]
[863, 902, 904, 943]
[864, 903, 905, 944]
[865, 904, 906, 945]
[866, 905, 907, 946]
[867, 906, 908, 947]
[868, 907, 909, 948]
[869, 908, 910, 949]
[870, 909, 911, 950]
[871, 910, 912, 951]
[872, 911, 913, 952]
[873, 912, 914, 953]
[874, 913, 915, 954]
[875, 914, 916, 955]
[876, 915, 917, 956]
[877, 916, 918, 957]
[878, 917, 919, 958]
[879, 880, 918, 959]
[880, 921, 959, 960]
[881, 920, 922, 961]
[882, 921, 923, 962]
[883, 922, 924, 963]
[884, 923, 925, 964]
[885, 924, 926, 965]
[886, 925, 927, 966]
[887, 926, 928, 967]
[888, 927, 929, 968]
[889, 928, 930, 969]
[890, 929, 931, 970]
[891, 930, 932, 971]
[892, 931, 933, 972]
[893, 932, 934, 973]
[894, 933, 935, 974]
[895, 934, 936, 975]
[896, 935, 937, 976]
[897, 936, 938, 977]
[898, 937, 939, 978]
[899, 938, 940, 979]
[900, 939, 941, 980]
[901, 940, 942, 981]
[902, 941, 943, 982]
[903, 942, 944, 983]
[904, 943, 945, 984]
[905, 944, 946, 985]
[906, 945, 947, 986]
[907, 946, 948, 987]
[908, 947, 949, 988]
[909, 948, 950, 989]
[910, 949, 951, 990]
[911, 950, 952, 991]
[912, 951, 953, 992]
[913, 952, 954, 993]
[914, 953, 955, 994]
[915, 954, 956, 995]
[916, 955, 957, 996]
[917, 956, 958, 997]
[918, 957, 959, 998]
[919, 920, 958, 999]
[920, 961, 999, 1000]
[921, 960, 962, 1001]
[922, 961, 963, 1002]
[923, 962, 964, 1003]
[924, 963, 965, 1004]
[925, 964, 966, 1005]
[926, 965, 967, 1006]
[927, 966, 968, 1007]
[928, 967, 969, 1008]
[929, 968, 970, 1009]
[930, 969, 971, 1010]
[931, 970, 972, 1011]
[932, 971, 973, 1012]
[933, 972, 974, 1013]
[934, 973, 975, 1014]
[935, 974, 976, 1015]
[936, 975, 977, 1016]
[937, 976, 978, 1017]
[938, 977, 979, 1018]
[939, 978, 980, 1019]
[940, 979, 981, 1020]
[941, 980, 982, 1021]
[942, 981, 983, 1022]
[943, 982, 984, 1023]
[944, 983, 985, 1024]
[945, 984, 986, 1025]
[946, 985, 987, 1026]
[947, 986, 988, 1027]
[948, 987, 989, 1028]
[949, 988, 990, 1029]
[950, 989, 991, 1030]
[951, 990, 992, 1031]
[952, 991, 993, 1032]
[953, 992, 994, 1033]
[954, 993, 995, 1034]
[955, 994, 996, 1035]
[956, 995, 997, 1036]
[957, 996, 998, 1037]
[958, 997, 999, 1038]
[959, 960, 998, 1039]
[960, 1001, 1039, 1040]
[961, 1000, 1002, 1041]
[962, 1001, 1003, 1042]
[963, 1002, 1004, 1043]
[964, 1003, 1005, 1044]
[965, 1004, 1006, 1045]
[966, 1005, 1007, 1046]
[967, 1006, 1008, 1047]
[968, 1007, 1009, 1048]
[969, 1008, 1010, 1049]
[970, 1009, 1011, 1050]
[971, 1010, 1012, 1051]
[972, 1011, 1013, 1052]
[973, 1012, 1014, 1053]
[974, 1013, 1015, 1054]
[975, 1014, 1016, 1055]
[976, 1015, 1017, 1056]
[977, 1016, 1018, 1057]
[978, 1017, 1019, 1058]
[979, 1018, 1020, 1059]
[980, 1019, 1021, 1060]
[981, 1020, 1022, 1061]
[982, 1021, 1023, 1062]
[983, 1022, 1024, 1063]
[984, 1023, 1025, 1064]
[985, 1024, 1026, 1065]
[986, 1025, 1027, 1066]
[987, 1026, 1028, 1067]
[988, 1027, 1029, 1068]
[989, 1028, 1030, 1069]
[990, 1029, 1031, 1070]
[991, 1030, 1032, 1071]
[992, 1031, 1033, 1072]
[993, 1032, 1034, 1073]
[994, 1033, 1035, 1074]
[995, 1034, 1036, 1075]
[996, 1035, 1037, 1076]
[997, 1036, 1038, 1077]
[998, 1037, 1039, 1078]
[999, 1000, 1038, 1079]
[1000, 1041, 1079, 1080]
[1001, 1040, 1042, 1081]
[1002, 1041, 1043, 1082]
[1003, 1042, 1044, 1083]
[1004, 1043, 1045, 1084]
[1005, 1044, 1046, 1085]
[1006, 1045, 1047, 1086]
[1007, 1046, 1048, 1087]
[1008, 1047, 1049, 1088]
[1009, 1048, 1050, 1089]
[1010, 1049, 1051, 1090]
[1011, 1050, 1052, 1091]
[1012, 1051, 1053, 1092]
[1013, 1052, 1054, 1093]
[1014, 1053, 1055, 1094]
[1015, 1054, 1056, 1095]
[1016, 1055, 1057, 1096]
[1017, 1056, 1058, 1097]
[1018, 1057, 1059, 1098]
[1019, 1058, 1060, 1099]
[1020, 1059, 1061, 1100]
[1021, 1060, 1062, 1101]
[1022, 1061, 1063, 1102]
[1023, 1062, 1064, 1103]
[1024, 1063, 1065, 1104]
[1025, 1064, 1066, 1105]
[1026, 1065, 1067, 1106]
[1027, 1066, 1068, 1107]
[1028, 1067, 1069, 1108]
[1029, 1068, 1070, 1109]
[1030, 1069, 1071, 1110]
[1031, 1070, 1072, 1111]
[1032, 1071, 1073, 1112]
[1033, 1072, 1074, 1113]
[1034, 1073, 1075, 1114]
[1035, 1074, 1076, 1115]
[1036, 1075, 1077, 1116]
[1037, 1076, 1078, 1117]
[1038, 1077, 1079, 1118]
[1039, 1040, 1078, 1119]
[1040, 1081, 1119, 1120]
[1041, 1080, 1082, 1121]
[1042, 1081, 1083, 1122]
[1043, 1082, 1084, 1123]
[1044, 1083, 1085, 1124]
[1045, 1084, 1086, 1125]
[1046, 1085, 1087, 1126]
[1047, 1086, 1088, 1127]
[1048, 1087, 1089, 1128]
[1049, 1088, 1090, 1129]
[1050, 1089, 1091, 1130]
[1051, 1090, 1092, 1131]
[1052, 1091, 1093, 1132]
[1053, 1092, 1094, 1133]
[1054, 1093, 1095, 1134]
[1055, 1094, 1096, 1135]
[1056, 1095, 1097, 1136]
[1057, 1096, 1098, 1137]
[1058, 1097, 1099, 1138]
[1059, 1098, 1100, 1139]
[1060, 1099, 1101, 1140]
[1061, 1100, 1102, 1141]
[1062, 1101, 1103, 1142]
[1063, 1102, 1104, 1143]
[1064, 1103, 1105, 1144]
[1065, 1104, 1106, 1145]
[1066, 1105, 1107, 1146]
[1067, 1106, 1108, 1147]
[1068, 1107, 1109, 1148]
[1069, 1108, 1110, 1149]
[1070, 1109, 1111, 1150]
[1071, 1110, 1112, 1151]
[1072, 1111, 1113, 1152]
[1073, 1112, 1114, 1153]
[1074, 1113, 1115, 1154]
[1075, 1114, 1116, 1155]
[1076, 1115, 1117, 1156]
[1077, 1116, 1118, 1157]
[1078, 1117, 1119, 1158]
[1079, 1080, 1118, 1159]
[1080, 1121, 1159, 1160]
[1081, 1120, 1122, 1161]
[1082, 1121, 1123, 1162]
[1083, 1122, 1124, 1163]
[1084, 1123, 1125, 1164]
[1085, 1124, 1126, 1165]
[1086, 1125, 1127, 1166]
[1087, 1126, 1128, 1167]
[1088, 1127, 1129, 1168]
[1089, 1128, 1130, 1169]
[1090, 1129, 1131, 1170]
[1091, 1130, 1132, 1171]
[1092, 1131, 1133, 1172]
[1093, 1132, 1134, 1173]
[1094, 1133, 1135, 1174]
[1095, 1134, 1136, 1175]
[1096, 1135, 1137, 1176]
[1097, 1136, 1138, 1177]
[1098, 1137, 1139, 1178]
[1099, 1138, 1140, 1179]
[1100, 1139, 1141, 1180]
[1101, 1140, 1142, 1181]
[1102, 1141, 1143, 1182]
[1103, 1142, 1144, 1183]
[1104, 1143, 1145, 1184]
[1105, 1144, 1146, 1185]
[1106, 1145, 1147, 1186]
[1107, 1146, 1148, 1187]
[1108, 1147, 1149, 1188]
[1109, 1148, 1150, 1189]
[1110, 1149, 1151, 1190]
[1111, 1150, 1152, 1191]
[1112, 1151, 1153, 1192]
[1113, 1152, 1154, 1193]
[1114, 1153, 1155, 1194]
[1115, 1154, 1156, 1195]
[1116, 1155, 1157, 1196]
[1117, 1156, 1158, 1197]
[1118, 1157, 1159, 1198]
[1119, 1120, 1158, 1199]
[1120, 1161, 1199, 1200]
[1121, 1160, 1162, 1201]
[1122, 1161, 1163, 1202]
[1123, 1162, 1164, 1203]
[1124, 1163, 1165, 1204]
[1125, 1164, 1166, 1205]
[1126, 1165, 1167, 1206]
[1127, 1166, 1168, 1207]
[1128, 1167, 1169, 1208]
[1129, 1168, 1170, 1209]
[1130, 1169, 1171, 1210]
[1131, 1170, 1172, 1211]
[1132, 1171, 1173, 1212]
[1133, 1172, 1174, 1213]
[1134, 1173, 1175, 1214]
[1135, 1174, 1176, 1215]
[1136, 1175, 1177, 1216]
[1137, 1176, 1178, 1217]
[1138, 1177, 1179, 1218]
[1139, 1178, 1180, 1219]
[1140, 1179, 1181, 1220]
[1141, 1180, 1182, 1221]
[1142, 1181, 1183, 1222]
[1143, 1182, 1184, 1223]
[1144, 1183, 1185, 1224]
[1145, 1184, 1186, 1225]
[1146, 1185, 1187, 1226]
[1147, 1186, 1188, 1227]
[1148, 1187, 1189, 1228]
[1149, 1188, 1190, 1229]
[1150, 1189, 1191, 1230]
[1151, 1190, 1192, 1231]
[1152, 1191, 1193, 1232]
[1153, 1192, 1194, 1233]
[1154, 1193, 1195, 1234]
[1155, 1194, 1196, 1235]
[1156, 1195, 1197, 1236]
[1157, 1196, 1198, 1237]
[1158, 1197, 1199, 1238]
[1159, 1160, 1198, 1239]
[1160, 1201, 1239, 1240]
[1161, 1200, 1202, 1241]
[1162, 1201, 1203, 1242]
[1163, 1202, 1204, 1243]
[1164, 1203, 1205, 1244]
[1165, 1204, 1206, 1245]
[1166, 1205, 1207, 1246]
[1167, 1206, 1208, 1247]
[1168, 1207, 1209, 1248]
[1169, 1208, 1210, 1249]
[1170, 1209, 1211, 1250]
[1171, 1210, 1212, 1251]
[1172, 1211, 1213, 1252]
[1173, 1212, 1214, 1253]
[1174, 1213, 1215, 1254]
[1175, 1214, 1216, 1255]
[1176, 1215, 1217, 1256]
[1177, 1216, 1218, 1257]
[1178, 1217, 1219, 1258]
[1179, 1218, 1220, 1259]
[1180, 1219, 1221, 1260]
[1181, 1220, 1222, 1261]
[1182, 1221, 1223, 1262]
[1183, 1222, 1224, 1263]
[1184, 1223, 1225, 1264]
[1185, 1224, 1226, 1265]
[1186, 1225, 1227, 1266]
[1187, 1226, 1228, 1267]
[1188, 1227, 1229, 1268]
[1189, 1228, 1230, 1269]
[1190, 1229, 1231, 1270]
[1191, 1230, 1232, 1271]
[1192, 1231, 1233, 1272]
[1193, 1232, 1234, 1273]
[1194, 1233, 1235, 1274]
[1195, 1234, 1236, 1275]
[1196, 1235, 1237, 1276]
[1197, 1236, 1238, 1277]
[1198, 1237, 1239, 1278]
[1199, 1200, 1238, 1279]
[1200, 1241, 1279, 1280]
[1201, 1240, 1242, 1281]
[1202, 1241, 1243, 1282]
[1203, 1242, 1244, 1283]
[1204, 1243, 1245, 1284]
[1205, 1244, 1246, 1285]
[1206, 1245, 1247, 1286]
[1207, 1246, 1248, 1287]
[1208, 1247, 1249, 1288]
[1209, 1248, 1250, 1289]
[1210, 1249, 1251, 1290]
[1211, 1250, 1252, 1291]
[1212, 1251, 1253, 1292]
[1213, 1252, 1254, 1293]
[1214, 1253, 1255, 1294]
[1215, 1254, 1256, 1295]
[1216, 1255, 1257, 1296]
[1217, 1256, 1258, 1297]
[1218, 1257, 1259, 1298]
[1219, 1258, 1260, 1299]
[1220, 1259, 1261, 1300]
[1221, 1260, 1262, 1301]
[1222, 1261, 1263, 1302]
[1223, 1262, 1264, 1303]
[1224, 1263, 1265, 1304]
[1225, 1264, 1266, 1305]
[1226, 1265, 1267, 1306]
[1227, 1266, 1268, 1307]
[1228, 1267, 1269, 1308]
[1229, 1268, 1270, 1309]
[1230, 1269, 1271, 1310]
[1231, 1270, 1272, 1311]
[1232, 1271, 1273, 1312]
[1233, 1272, 1274, 1313]
[1234, 1273, 1275, 1314]
[1235, 1274, 1276, 1315]
[1236, 1275, 1277, 1316]
[1237, 1276, 1278, 1317]
[1238, 1277, 1279, 1318]
[1239, 1240, 1278, 1319]
[1240, 1281, 1319, 1320]
[1241, 1280, 1282, 1321]
[1242, 1281, 1283, 1322]
[1243, 1282, 1284, 1323]
[1244, 1283, 1285, 1324]
[1245, 1284, 1286, 1325]
[1246, 1285, 1287, 1326]
[1247, 1286, 1288, 1327]
[1248, 1287, 1289, 1328]
[1249, 1288, 1290, 1329]
[1250, 1289, 1291, 1330]
[1251, 1290, 1292, 1331]
[1252, 1291, 1293, 1332]
[1253, 1292, 1294, 1333]
[1254, 1293, 1295, 1334]
[1255, 1294, 1296, 1335]
[1256, 1295, 1297, 1336]
[1257, 1296, 1298, 1337]
[1258, 1297, 1299, 1338]
[1259, 1298, 1300, 1339]
[1260, 1299, 1301, 1340]
[1261, 1300, 1302, 1341]
[1262, 1301, 1303, 1342]
[1263, 1302, 1304, 1343]
[1264, 1303, 1305, 1344]
[1265, 1304, 1306, 1345]
[1266, 1305, 1307, 1346]
[1267, 1306, 1308, 1347]
[1268, 1307, 1309, 1348]
[1269, 1308, 1310, 1349]
[1270, 1309, 1311, 1350]
[1271, 1310, 1312, 1351]
[1272, 1311, 1313, 1352]
[1273, 1312, 1314, 1353]
[1274, 1313, 1315, 1354]
[1275, 1314, 1316, 1355]
[1276, 1315, 1317, 1356]
[1277, 1316, 1318, 1357]
[1278, 1317, 1319, 1358]
[1279, 1280, 1318, 1359]
[1280, 1321, 1359, 1360]
[1281, 1320, 1322, 1361]
[1282, 1321, 1323, 1362]
[1283, 1322, 1324, 1363]
[1284, 1323, 1325, 1364]
[1285, 1324, 1326, 1365]
[1286, 1325, 1327, 1366]
[1287, 1326, 1328, 1367]
[1288, 1327, 1329, 1368]
[1289, 1328, 1330, 1369]
[1290, 1329, 1331, 1370]
[1291, 1330, 1332, 1371]
[1292, 1331, 1333, 1372]
[1293, 1332, 1334, 1373]
[1294, 1333, 1335, 1374]
[1295, 1334, 1336, 1375]
[1296, 1335, 1337, 1376]
[1297, 1336, 1338, 1377]
[1298, 1337, 1339, 1378]
[1299, 1338, 1340, 1379]
[1300, 1339, 1341, 1380]
[1301, 1340, 1342, 1381]
[1302, 1341, 1343, 1382]
[1303, 1342, 1344, 1383]
[1304, 1343, 1345, 1384]
[1305, 1344, 1346, 1385]
[1306, 1345, 1347, 1386]
[1307, 1346, 1348, 1387]
[1308, 1347, 1349, 1388]
[1309, 1348, 1350, 1389]
[1310, 1349, 1351, 1390]
[1311, 1350, 1352, 1391]
[1312, 1351, 1353, 1392]
[1313, 1352, 1354, 1393]
[1314, 1353, 1355, 1394]
[1315, 1354, 1356, 1395]
[1316, 1355, 1357, 1396]
[1317, 1356, 1358, 1397]
[1318, 1357, 1359, 1398]
[1319, 1320, 1358, 1399]
[1320, 1361, 1399, 1400]
[1321, 1360, 1362, 1401]
[1322, 1361, 1363, 1402]
[1323, 1362, 1364, 1403]
[1324, 1363, 1365, 1404]
[1325, 1364, 1366, 1405]
[1326, 1365, 1367, 1406]
[1327, 1366, 1368, 1407]
[1328, 1367, 1369, 1408]
[1329, 1368, 1370, 1409]
[1330, 1369, 1371, 1410]
[1331, 1370, 1372, 1411]
[1332, 1371, 1373, 1412]
[1333, 1372, 1374, 1413]
[1334, 1373, 1375, 1414]
[1335, 1374, 1376, 1415]
[1336, 1375, 1377, 1416]
[1337, 1376, 1378, 1417]
[1338, 1377, 1379, 1418]
[1339, 1378, 1380, 1419]
[1340, 1379, 1381, 1420]
[1341, 1380, 1382, 1421]
[1342, 1381, 1383, 1422]
[1343, 1382, 1384, 1423]
[1344, 1383, 1385, 1424]
[1345, 1384, 1386, 1425]
[1346, 1385, 1387, 1426]
[1347, 1386, 1388, 1427]
[1348, 1387, 1389, 1428]
[1349, 1388, 1390, 1429]
[1350, 1389, 1391, 1430]
[1351, 1390, 1392, 1431]
[1352, 1391, 1393, 1432]
[1353, 1392, 1394, 1433]
[1354, 1393, 1395, 1434]
[1355, 1394, 1396, 1435]
[1356, 1395, 1397, 1436]
[1357, 1396, 1398, 1437]
[1358, 1397, 1399, 1438]
[1359, 1360, 1398, 1439]
[1360, 1401, 1439, 1440]
[1361, 1400, 1402, 1441]
[1362, 1401, 1403, 1442]
[1363, 1402, 1404, 1443]
[1364, 1403, 1405, 1444]
[1365, 1404, 1406, 1445]
[1366, 1405, 1407, 1446]
[1367, 1406, 1408, 1447]
[1368, 1407, 1409, 1448]
[1369, 1408, 1410, 1449]
[1370, 1409, 1411, 1450]
[1371, 1410, 1412, 1451]
[1372, 1411, 1413, 1452]
[1373, 1412, 1414, 1453]
[1374, 1413, 1415, 1454]
[1375, 1414, 1416, 1455]
[1376, 1415, 1417, 1456]
[1377, 1416, 1418, 1457]
[1378, 1417, 1419, 1458]
[1379, 1418, 1420, 1459]
[1380, 1419, 1421, 1460]
[1381, 1420, 1422, 1461]
[1382, 1421, 1423, 1462]
[1383, 1422, 1424, 1463]
[1384, 1423, 1425, 1464]
[1385, 1424, 1426, 1465]
[1386, 1425, 1427, 1466]
[1387, 1426, 1428, 1467]
[1388, 1427, 1429, 1468]
[1389, 1428, 1430, 1469]
[1390, 1429, 1431, 1470]
[1391, 1430, 1432, 1471]
[1392, 1431, 1433, 1472]
[1393, 1432, 1434, 1473]
[1394, 1433, 1435, 1474]
[1395, 1434, 1436, 1475]
[1396, 1435, 1437, 1476]
[1397, 1436, 1438, 1477]
[1398, 1437, 1439, 1478]
[1399, 1400, 1438, 1479]
[1400, 1441, 1479, 1480]
[1401, 1440, 1442, 1481]
[1402, 1441, 1443, 1482]
[1403, 1442, 1444, 1483]
[1404, 1443, 1445, 1484]
[1405, 1444, 1446, 1485]
[1406, 1445, 1447, 1486]
[1407, 1446, 1448, 1487]
[1408, 1447, 1449, 1488]
[1409, 1448, 1450, 1489]
[1410, 1449, 1451, 1490]
[1411, 1450, 1452, 1491]
[1412, 1451, 1453, 1492]
[1413, 1452, 1454, 1493]
[1414, 1453, 1455, 1494]
[1415, 1454, 1456, 1495]
[1416, 1455, 1457, 1496]
[1417, 1456, 1458, 1497]
[1418, 1457, 1459, 1498]
[1419, 1458, 1460, 1499]
[1420, 1459, 1461, 1500]
[1421, 1460, 1462, 1501]
[1422, 1461, 1463, 1502]
[1423, 1462, 1464, 1503]
[1424, 1463, 1465, 1504]
[1425, 1464, 1466, 1505]
[1426, 1465, 1467, 1506]
[1427, 1466, 1468, 1507]
[1428, 1467, 1469, 1508]
[1429, 1468, 1470, 1509]
[1430, 1469, 1471, 1510]
[1431, 1470, 1472, 1511]
[1432, 1471, 1473, 1512]
[1433, 1472, 1474, 1513]
[1434, 1473, 1475, 1514]
[1435, 1474, 1476, 1515]
[1436, 1475, 1477, 1516]
[1437, 1476, 1478, 1517]
[1438, 1477, 1479, 1518]
[1439, 1440, 1478, 1519]
[1440, 1481, 1519, 1520]
[1441, 1480, 1482, 1521]
[1442, 1481, 1483, 1522]
[1443, 1482, 1484, 1523]
[1444, 1483, 1485, 1524]
[1445, 1484, 1486, 1525]
[1446, 1485, 1487, 1526]
[1447, 1486, 1488, 1527]
[1448, 1487, 1489, 1528]
[1449, 1488, 1490, 1529]
[1450, 1489, 1491, 1530]
[1451, 1490, 1492, 1531]
[1452, 1491, 1493, 1532]
[1453, 1492, 1494, 1533]
[1454, 1493, 1495, 1534]
[1455, 1494, 1496, 1535]
[1456, 1495, 1497, 1536]
[1457, 1496, 1498, 1537]
[1458, 1497, 1499, 1538]
[1459, 1498, 1500, 1539]
[1460, 1499, 1501, 1540]
[1461, 1500, 1502, 1541]
[1462, 1501, 1503, 1542]
[1463, 1502, 1504, 1543]
[1464, 1503, 1505, 1544]
[1465, 1504, 1506, 1545]
[1466, 1505, 1507, 1546]
[1467, 1506, 1508, 1547]
[1468, 1507, 1509, 1548]
[1469, 1508, 1510, 1549]
[1470, 1509, 1511, 1550]
[1471, 1510, 1512, 1551]
[1472, 1511, 1513, 1552]
[1473, 1512, 1514, 1553]
[1474, 1513, 1515, 1554]
[1475, 1514, 1516, 1555]
[1476, 1515, 1517, 1556]
[1477, 1516, 1518, 1557]
[1478, 1517, 1519, 1558]
[1479, 1480, 1518, 1559]
[1480, 1521, 1559, 1560]
[1481, 1520, 1522, 1561]
[1482, 1521, 1523, 1562]
[1483, 1522, 1524, 1563]
[1484, 1523, 1525, 1564]
[1485, 1524, 1526, 1565]
[1486, 1525, 1527, 1566]
[1487, 1526, 1528, 1567]
[1488, 1527, 1529, 1568]
[1489, 1528, 1530, 1569]
[1490, 1529, 1531, 1570]
[1491, 1530, 1532, 1571]
[1492, 1531, 1533, 1572]
[1493, 1532, 1534, 1573]
[1494, 1533, 1535, 1574]
[1495, 1534, 1536, 1575]
[1496, 1535, 1537, 1576]
[1497, 1536, 1538, 1577]
[1498, 1537, 1539, 1578]
[1499, 1538, 1540, 1579]
[1500, 1539, 1541, 1580]
[1501, 1540, 1542, 1581]
[1502, 1541, 1543, 1582]
[1503, 1542, 1544, 1583]
[1504, 1543, 1545, 1584]
[1505, 1544, 1546, 1585]
[1506, 1545, 1547, 1586]
[1507, 1546, 1548, 1587]
[1508, 1547, 1549, 1588]
[1509, 1548, 1550, 1589]
[1510, 1549, 1551, 1590]
[1511, 1550, 1552, 1591]
[1512, 1551, 1553, 1592]
[1513, 1552, 1554, 1593]
[1514, 1553, 1555, 1594]
[1515, 1554, 1556, 1595]
[1516, 1555, 1557, 1596]
[1517, 1556, 1558, 1597]
[1518, 1557, 1559, 1598]
[1519, 1520, 1558, 1599]
[0, 1520, 1561, 1599]
[1, 1521, 1560, 1562]
[2, 1522, 1561, 1563]
[3, 1523, 1562, 1564]
[4, 1524, 1563, 1565]
[5, 1525, 1564, 1566]
[6, 1526, 1565, 1567]
[7, 1527, 1566, 1568]
[8, 1528, 1567, 1569]
[9, 1529, 1568, 1570]
[10, 1530, 1569, 1571]
[11, 1531, 1570, 1572]
[12, 1532, 1571, 1573]
[13, 1533, 1572, 1574]
[14, 1534, 1573, 1575]
[15, 1535, 1574, 1576]
[16, 1536, 1575, 1577]
[17, 1537, 1576, 1578]
[18, 1538, 1577, 1579]
[19, 1539, 1578, 1580]
[20, 1540, 1579, 1581]
[21, 1541, 1580, 1582]
[22, 1542, 1581, 1583]
[23, 1543, 1582, 1584]
[24, 1544, 1583, 1585]
[25, 1545, 1584, 1586]
[26, 1546, 1585, 1587]
[27, 1547, 1586, 1588]
[28, 1548, 1587, 1589]
[29, 1549, 1588, 1590]
[30, 1550, 1589, 1591]
[31, 1551, 1590, 1592]
[32, 1552, 1591, 1593]
[33, 1553, 1592, 1594]
[34, 1554, 1593, 1595]
[35, 1555, 1594, 1596]
[36, 1556, 1595, 1597]
[37, 1557, 1596, 1598]
[38, 1558, 1597, 1599]
[39, 1559, 1560, 1598]
