[1, 38, 39, 77, 1482, 1483]
[0, 2, 39, 40, 1483, 1484]
[1, 3, 40, 41, 1484, 1485]
[2, 4, 41, 42, 1485, 1486]
[3, 5, 42, 43, 1486, 1487]
[4, 6, 43, 44, 1487, 1488]
[5, 7, 44, 45, 1488, 1489]
[6, 8, 45, 46, 1489, 1490]
[7, 9, 46, 47, 1490, 1491]
[8, 10, 47, 48, 1491, 1492]
[9, 11, 48, 49, 1492, 1493]
[10, 12, 49, 50, 1493, 1494]
[11, 13, 50, 51, 1494, 1495]
[12, 14, 51, 52, 1495, 1496]
[13, 15, 52, 53, 1496, 1497]
[14, 16, 53, 54, 1497, 1498]
[15, 17, 54, 55, 1498, 1499]
[16, 18, 55, 56, 1499, 1500]
[17, 19, 56, 57, 1500, 1501]
[18, 20, 57, 58, 1501, 1502]
[19, 21, 58, 59, 1502, 1503]
[20, 22, 59, 60, 1503, 1504]
[21, 23, 60, 61, 1504, 1505]
[22, 24, 61, 62, 1505, 1506]
[23, 25, 62, 63, 1506, 1507]
[24, 26, 63, 64, 1507, 1508]
[25, 27, 64, 65, 1508, 1509]
[26, 28, 65, 66, 1509, 1510]
[27, 29, 66, 67, 1510, 1511]
[28, 30, 67, 68, 1511, 1512]
[29, 31, 68, 69, 1512, 1513]
[30, 32, 69, 70, 1513, 1514]
[31, 33, 70, 71, 1514, 1515]
[32, 34, 71, 72, 1515, 1516]
[33, 35, 72, 73, 1516, 1517]
[34, 36, 73, 74, 1517, 1518]
[35, 37, 74, 75, 1518, 1519]
[36, 38, 75, 76, 1519, 1520]
[0, 37, 76, 77, 1482, 1520]
[0, 1, 40, 77, 78, 116]
[1, 2, 39, 41, 78, 79]
[2, 3, 40, 42, 79, 80]
[3, 4, 41, 43, 80, 81]
[4, 5, 42, 44, 81, 82]
[5, 6, 43, 45, 82, 83]
[6, 7, 44, 46, 83, 84]
[7, 8, 45, 47, 84, 85]
[8, 9, 46, 48, 85, 86]
[9, 10, 47, 49, 86, 87]
[10, 11, 48, 50, 87, 88]
[11, 12, 49, 51, 88, 89]
[12, 13, 50, 52, 89, 90]
[13, 14, 51, 53, 90, 91]
[14, 15, 52, 54, 91, 92]
[15, 16, 53, 55, 92, 93]
[16, 17, 54, 56, 93, 94]
[17, 18, 55, 57, 94, 95]
[18, 19, 56, 58, 95, 96]
[19, 20, 57, 59, 96, 97]
[20, 21, 58, 60, 97, 98]
[21, 22, 59, 61, 98, 99]
[22, 23, 60, 62, 99, 100]
[23, 24, 61, 63, 100, 101]
[24, 25, 62, 64, 101, 102]
[25, 26, 63, 65, 102, 103]
[26, 27, 64, 66, 103, 104]
[27, 28, 65, 67, 104, 105]
[28, 29, 66, 68, 105, 106]
[29, 30, 67, 69, 106, 107]
[30, 31, 68, 70, 107, 108]
[31, 32, 69, 71, 108, 109]
[32, 33, 70, 72, 109, 110]
[33, 34, 71, 73, 110, 111]
[34, 35, 72, 74, 111, 112]
[35, 36, 73, 75, 112, 113]
[36, 37, 74, 76, 113, 114]
[37, 38, 75, 77, 114, 115]
[0, 38, 39, 76, 115, 116]
[39, 40, 79, 116, 117, 155]
[40, 41, 78, 80, 117, 118]
[41, 42, 79, 81, 118, 119]
[42, 43, 80, 82, 119, 120]
[43, 44, 81, 83, 120, 121]
[44, 45, 82, 84, 121, 122]
[45, 46, 83, 85, 122, 123]
[46, 47, 84, 86, 123, 124]
[47, 48, 85, 87, 124, 125]
[48, 49, 86, 88, 125, 126]
[49, 50, 87, 89, 126, 127]
[50, 51, 88, 90, 127, 128]
[51, 52, 89, 91, 128, 129]
[52, 53, 90, 92, 129, 130]
[53, 54, 91, 93, 130, 131]
[54, 55, 92, 94, 131, 132]
[55, 56, 93, 95, 132, 133]
[56, 57, 94, 96, 133, 134]
[57, 58, 95, 97, 134, 135]
[58, 59, 96, 98, 135, 136]
[59, 60, 97, 99, 136, 137]
[60, 61, 98, 100, 137, 138]
[61, 62, 99, 101, 138, 139]
[62, 63, 100, 102, 139, 140]
[63, 64, 101, 103, 140, 141]
[64, 65, 102, 104, 141, 142]
[65, 66, 103, 105, 142, 143]
[66, 67, 104, 106, 143, 144]
[67, 68, 105, 107, 144, 145]
[68, 69, 106, 108, 145, 146]
[69, 70, 107, 109, 146, 147]
[70, 71, 108, 110, 147, 148]
[71, 72, 109, 111, 148, 149]
[72, 73, 110, 112, 149, 150]
[73, 74, 111, 113, 150, 151]
[74, 75, 112, 114, 151, 152]
[75, 76, 113, 115, 152, 153]
[76, 77, 114, 116, 153, 154]
[39, 77, 78, 115, 154, 155]
[78, 79, 118, 155, 156, 194]
[79, 80, 117, 119, 156, 157]
[80, 81, 118, 120, 157, 158]
[81, 82, 119, 121, 158, 159]
[82, 83, 120, 122, 159, 160]
[83, 84, 121, 123, 160, 161]
[84, 85, 122, 124, 161, 162]
[85, 86, 123, 125, 162, 163]
[86, 87, 124, 126, 163, 164]
[87, 88, 125, 127, 164, 165]
[88, 89, 126, 128, 165, 166]
[89, 90, 127, 129, 166, 167]
[90, 91, 128, 130, 167, 168]
[91, 92, 129, 131, 168, 169]
[92, 93, 130, 132, 169, 170]
[93, 94, 131, 133, 170, 171]
[94, 95, 132, 134, 171, 172]
[95, 96, 133, 135, 172, 173]
[96, 97, 134, 136, 173, 174]
[97, 98, 135, 137, 174, 175]
[98, 99, 136, 138, 175, 176]
[99, 100, 137, 139, 176, 177]
[100, 101, 138, 140, 177, 178]
[101, 102, 139, 141, 178, 179]
[102, 103, 140, 142, 179, 180]
[103, 104, 141, 143, 180, 181]
[104, 105, 142, 144, 181, 182]
[105, 106, 143, 145, 182, 183]
[106, 107, 144, 146, 183, 184]
[107, 108, 145, 147, 184, 185]
[108, 109, 146, 148, 185, 186]
[109, 110, 147, 149, 186, 187]
[110, 111, 148, 150, 187, 188]
[111, 112, 149, 151, 188, 189]
[112, 113, 150, 152, 189, 190]
[113, 114, 151, 153, 190, 191]
[114, 115, 152, 154, 191, 192]
[115, 116, 153, 155, 192, 193]
[78, 116, 117, 154, 193, 194]
[117, 118, 157, 194, 195, 233]
[118, 119, 156, 158, 195, 196]
[119, 120, 157, 159, 196, 197]
[120, 121, 158, 160, 197, 198]
[121, 122, 159, 161, 198, 199]
[122, 123, 160, 162, 199, 200]
[123, 124, 161, 163, 200, 201]
[124, 125, 162, 164, 201, 202]
[125, 126, 163, 165, 202, 203]
[126, 127, 164, 166, 203, 204]
[127, 128, 165, 167, 204, 205]
[128, 129, 166, 168, 205, 206]
[129, 130, 167, 169, 206, 207]
[130, 131, 168, 170, 207, 208]
[131, 132, 169, 171, 208, 209]
[132, 133, 170, 172, 209, 210]
[133, 134, 171, 173, 210, 211]
[134, 135, 172, 174, 211, 212]
[135, 136, 173, 175, 212, 213]
[136, 137, 174, 176, 213, 214]
[137, 138, 175, 177, 214, 215]
[138, 139, 176, 178, 215, 216]
[139, 140, 177, 179, 216, 217]
[140, 141, 178, 180, 217, 218]
[141, 142, 179, 181, 218, 219]
[142, 143, 180, 182, 219, 220]
[143, 144, 181, 183, 220, 221]
[144, 145, 182, 184, 221, 222]
[145, 146, 183, 185, 222, 223]
[146, 147, 184, 186, 223, 224]
[147, 148, 185, 187, 224, 225]
[148, 149, 186, 188, 225, 226]
[149, 150, 187, 189, 226, 227]
[150, 151, 188, 190, 227, 228]
[151, 152, 189, 191, 228, 229]
[152, 153, 190, 192, 229, 230]
[153, 154, 191, 193, 230, 231]
[154, 155, 192, 194, 231, 232]
[117, 155, 156, 193, 232, 233]
[156, 157, 196, 233, 234, 272]
[157, 158, 195, 197, 234, 235]
[158, 159, 196, 198, 235, 236]
[159, 160, 197, 199, 236, 237]
[160, 161, 198, 200, 237, 238]
[161, 162, 199, 201, 238, 239]
[162, 163, 200, 202, 239, 240]
[163, 164, 201, 203, 240, 241]
[164, 165, 202, 204, 241, 242]
[165, 166, 203, 205, 242, 243]
[166, 167, 204, 206, 243, 244]
[167, 168, 205, 207, 244, 245]
[168, 169, 206, 208, 245, 246]
[169, 170, 207, 209, 246, 247]
[170, 171, 208, 210, 247, 248]
[171, 172, 209, 211, 248, 249]
[172, 173, 210, 212, 249, 250]
[173, 174, 211, 213, 250, 251]
[174, 175, 212, 214, 251, 252]
[175, 176, 213, 215, 252, 253]
[176, 177, 214, 216, 253, 254]
[177, 178, 215, 217, 254, 255]
[178, 179, 216, 218, 255, 256]
[179, 180, 217, 219, 256, 257]
[180, 181, 218, 220, 257, 258]
[181, 182, 219, 221, 258, 259]
[182, 183, 220, 222, 259, 260]
[183, 184, 221, 223, 260, 261]
[184, 185, 222, 224, 261, 262]
[185, 186, 223, 225, 262, 263]
[186, 187, 224, 226, 263, 264]
[187, 188, 225, 227, 264, 265]
[188, 189, 226, 228, 265, 266]
[189, 190, 227, 229, 266, 267]
[190, 191, 228, 230, 267, 268]
[191, 192, 229, 231, 268, 269]
[192, 193, 230, 232, 269, 270]
[193, 194, 231, 233, 270, 271]
[156, 194, 195, 232, 271, 272]
[195, 196, 235, 272, 273, 311]
[196, 197, 234, 236, 273, 274]
[197, 198, 235, 237, 274, 275]
[198, 199, 236, 238, 275, 276]
[199, 200, 237, 239, 276, 277]
[200, 201, 238, 240, 277, 278]
[201, 202, 239, 241, 278, 279]
[202, 203, 240, 242, 279, 280]
[203, 204, 241, 243, 280, 281]
[204, 205, 242, 244, 281, 282]
[205, 206, 243, 245, 282, 283]
[206, 207, 244, 246, 283, 284]
[207, 208, 245, 247, 284, 285]
[208, 209, 246, 248, 285, 286]
[209, 210, 247, 249, 286, 287]
[210, 211, 248, 250, 287, 288]
[211, 212, 249, 251, 288, 289]
[212, 213, 250, 252, 289, 290]
[213, 214, 251, 253, 290, 291]
[214, 215, 252, 254, 291, 292]
[215, 216, 253, 255, 292, 293]
[216, 217, 254, 256, 293, 294]
[217, 218, 255, 257, 294, 295]
[218, 219, 256, 258, 295, 296]
[219, 220, 257, 259, 296, 297]
[220, 221, 258, 260, 297, 298]
[221, 222, 259, 261, 298, 299]
[222, 223, 260, 262, 299, 300]
[223, 224, 261, 263, 300, 301]
[224, 225, 262, 264, 301, 302]
[225, 226, 263, 265, 302, 303]
[226, 227, 264, 266, 303, 304]
[227, 228, 265, 267, 304, 305]
[228, 229, 266, 268, 305, 306]
[229, 230, 267, 269, 306, 307]
[230, 231, 268, 270, 307, 308]
[231, 232, 269, 271, 308, 309]
[232, 233, 270, 272, 309, 310]
[195, 233, 234, 271, 310, 311]
[234, 235, 274, 311, 312, 350]
[235, 236, 273, 275, 312, 313]
[236, 237, 274, 276, 313, 314]
[237, 238, 275, 277, 314, 315]
[238, 239, 276, 278, 315, 316]
[239, 240, 277, 279, 316, 317]
[240, 241, 278, 280, 317, 318]
[241, 242, 279, 281, 318, 319]
[242, 243, 280, 282, 319, 320]
[243, 244, 281, 283, 320, 321]
[244, 245, 282, 284, 321, 322]
[245, 246, 283, 285, 322, 323]
[246, 247, 284, 286, 323, 324]
[247, 248, 285, 287, 324, 325]
[248, 249, 286, 288, 325, 326]
[249, 250, 287, 289, 326, 327]
[250, 251, 288, 290, 327, 328]
[251, 252, 289, 291, 328, 329]
[252, 253, 290, 292, 329, 330]
[253, 254, 291, 293, 330, 331]
[254, 255, 292, 294, 331, 332]
[255, 256, 293, 295, 332, 333]
[256, 257, 294, 296, 333, 334]
[257, 258, 295, 297, 334, 335]
[258, 259, 296, 298, 335, 336]
[259, 260, 297, 299, 336, 337]
[260, 261, 298, 300, 337, 338]
[261, 262, 299, 301, 338, 339]
[262, 263, 300, 302, 339, 340]
[263, 264, 301, 303, 340, 341]
[264, 265, 302, 304, 341, 342]
[265, 266, 303, 305, 342, 343]
[266, 267, 304, 306, 343, 344]
[267, 268, 305, 307, 344, 345]
[268, 269, 306, 308, 345, 346]
[269, 270, 307, 309, 346, 347]
[270, 271, 308, 310, 347, 348]
[271, 272, 309, 311, 348, 349]
[234, 272, 273, 310, 349, 350]
[273, 274, 313, 350, 351, 389]
[274, 275, 312, 314, 351, 352]
[275, 276, 313, 315, 352, 353]
[276, 277, 314, 316, 353, 354]
[277, 278, 315, 317, 354, 355]
[278, 279, 316, 318, 355, 356]
[279, 280, 317, 319, 356, 357]
[280, 281, 318, 320, 357, 358]
[281, 282, 319, 321, 358, 359]
[282, 283, 320, 322, 359, 360]
[283, 284, 321, 323, 360, 361]
[284, 285, 322, 324, 361, 362]
[285, 286, 323, 325, 362, 363]
[286, 287, 324, 326, 363, 364]
[287, 288, 325, 327, 364, 365]
[288, 289, 326, 328, 365, 366]
[289, 290, 327, 329, 366, 367]
[290, 291, 328, 330, 367, 368]
[291, 292, 329, 331, 368, 369]
[292, 293, 330, 332, 369, 370]
[293, 294, 331, 333, 370, 371]
[294, 295, 332, 334, 371, 372]
[295, 296, 333, 335, 372, 373]
[296, 297, 334, 336, 373, 374]
[297, 298, 335, 337, 374, 375]
[298, 299, 336, 338, 375, 376]
[299, 300, 337, 339, 376, 377]
[300, 301, 338, 340, 377, 378]
[301, 302, 339, 341, 378, 379]
[302, 303, 340, 342, 379, 380]
[303, 304, 341, 343, 380, 381]
[304, 305, 342, 344, 381, 382]
[305, 306, 343, 345, 382, 383]
[306, 307, 344, 346, 383, 384]
[307, 308, 345, 347, 384, 385]
[308, 309, 346, 348, 385, 386]
[309, 310, 347, 349, 386, 387]
[310, 311, 348, 350, 387, 388]
[273, 311, 312, 349, 388, 389]
[312, 313, 352, 389, 390, 428]
[313, 314, 351, 353, 390, 391]
[314, 315, 352, 354, 391, 392]
[315, 316, 353, 355, 392, 393]
[316, 317, 354, 356, 393, 394]
[317, 318, 355, 357, 394, 395]
[318, 319, 356, 358, 395, 396]
[319, 320, 357, 359, 396, 397]
[320, 321, 358, 360, 397, 398]
[321, 322, 359, 361, 398, 399]
[322, 323, 360, 362, 399, 400]
[323, 324, 361, 363, 400, 401]
[324, 325, 362, 364, 401, 402]
[325, 326, 363, 365, 402, 403]
[326, 327, 364, 366, 403, 404]
[327, 328, 365, 367, 404, 405]
[328, 329, 366, 368, 405, 406]
[329, 330, 367, 369, 406, 407]
[330, 331, 368, 370, 407, 408]
[331, 332, 369, 371, 408, 409]
[332, 333, 370, 372, 409, 410]
[333, 334, 371, 373, 410, 411]
[334, 335, 372, 374, 411, 412]
[335, 336, 373, 375, 412, 413]
[336, 337, 374, 376, 413, 414]
[337, 338, 375, 377, 414, 415]
[338, 339, 376, 378, 415, 416]
[339, 340, 377, 379, 416, 417]
[340, 341, 378, 380, 417, 418]
[341, 342, 379, 381, 418, 419]
[342, 343, 380, 382, 419, 420]
[343, 344, 381, 383, 420, 421]
[344, 345, 382, 384, 421, 422]
[345, 346, 383, 385, 422, 423]
[346, 347, 384, 386, 423, 424]
[347, 348, 385, 387, 424, 425]
[348, 349, 386, 388, 425, 426]
[349, 350, 387, 389, 426, 427]
[312, 350, 351, 388, 427, 428]
[351, 352, 391, 428, 429, 467]
[352, 353, 390, 392, 429, 430]
[353, 354, 391, 393, 430, 431]
[354, 355, 392, 394, 431, 432]
[355, 356, 393, 395, 432, 433]
[356, 357, 394, 396, 433, 434]
[357, 358, 395, 397, 434, 435]
[358, 359, 396, 398, 435, 436]
[359, 360, 397, 399, 436, 437]
[360, 361, 398, 400, 437, 438]
[361, 362, 399, 401, 438, 439]
[362, 363, 400, 402, 439, 440]
[363, 364, 401, 403, 440, 441]
[364, 365, 402, 404, 441, 442]
[365, 366, 403, 405, 442, 443]
[366, 367, 404, 406, 443, 444]
[367, 368, 405, 407, 444, 445]
[368, 369, 406, 408, 445, 446]
[369, 370, 407, 409, 446, 447]
[370, 371, 408, 410, 447, 448]
[371, 372, 409, 411, 448, 449]
[372, 373, 410, 412, 449, 450]
[373, 374, 411, 413, 450, 451]
[374, 375, 412, 414, 451, 452]
[375, 376, 413, 415, 452, 453]
[376, 377, 414, 416, 453, 454]
[377, 378, 415, 417, 454, 455]
[378, 379, 416, 418, 455, 456]
[379, 380, 417, 419, 456, 457]
[380, 381, 418, 420, 457, 458]
[381, 382, 419, 421, 458, 459]
[382, 383, 420, 422, 459, 460]
[383, 384, 421, 423, 460, 461]
[384, 385, 422, 424, 461, 462]
[385, 386, 423, 425, 462, 463]
[386, 387, 424, 426, 463, 464]
[387, 388, 425, 427, 464, 465]
[388, 389, 426, 428, 465, 466]
[351, 389, 390, 427, 466, 467]
[390, 391, 430, 467, 468, 506]
[391, 392, 429, 431, 468, 469]
[392, 393, 430, 432, 469, 470]
[393, 394, 431, 433, 470, 471]
[394, 395, 432, 434, 471, 472]
[395, 396, 433, 435, 472, 473]
[396, 397, 434, 436, 473, 474]
[397, 398, 435, 437, 474, 475]
[398, 399, 436, 438, 475, 476]
[399, 400, 437, 439, 476, 477]
[400, 401, 438, 440, 477, 478]
[401, 402, 439, 441, 478, 479]
[402, 403, 440, 442, 479, 480]
[403, 404, 441, 443, 480, 481]
[404, 405, 442, 444, 481, 482]
[405, 406, 443, 445, 482, 483]
[406, 407, 444, 446, 483, 484]
[407, 408, 445, 447, 484, 485]
[408, 409, 446, 448, 485, 486]
[409, 410, 447, 449, 486, 487]
[410, 411, 448, 450, 487, 488]
[411, 412, 449, 451, 488, 489]
[412, 413, 450, 452, 489, 490]
[413, 414, 451, 453, 490, 491]
[414, 415, 452, 454, 491, 492]
[415, 416, 453, 455, 492, 493]
[416, 417, 454, 456, 493, 494]
[417, 418, 455, 457, 494, 495]
[418, 419, 456, 458, 495, 496]
[419, 420, 457, 459, 496, 497]
[420, 421, 458, 460, 497, 498]
[421, 422, 459, 461, 498, 499]
[422, 423, 460, 462, 499, 500]
[423, 424, 461, 463, 500, 501]
[424, 425, 462, 464, 501, 502]
[425, 426, 463, 465, 502, 503]
[426, 427, 464, 466, 503, 504]
[427, 428, 465, 467, 504, 505]
[390, 428, 429, 466, 505, 506]
[429, 430, 469, 506, 507, 545]
[430, 431, 468, 470, 507, 508]
[431, 432, 469, 471, 508, 509]
[432, 433, 470, 472, 509, 510]
[433, 434, 471, 473, 510, 511]
[434, 435, 472, 474, 511, 512]
[435, 436, 473, 475, 512, 513]
[436, 437, 474, 476, 513, 514]
[437, 438, 475, 477, 514, 515]
[438, 439, 476, 478, 515, 516]
[439, 440, 477, 479, 516, 517]
[440, 441, 478, 480, 517, 518]
[441, 442, 479, 481, 518, 519]
[442, 443, 480, 482, 519, 520]
[443, 444, 481, 483, 520, 521]
[444, 445, 482, 484, 521, 522]
[445, 446, 483, 485, 522, 523]
[446, 447, 484, 486, 523, 524]
[447, 448, 485, 487, 524, 525]
[448, 449, 486, 488, 525, 526]
[449, 450, 487, 489, 526, 527]
[450, 451, 488, 490, 527, 528]
[451, 452, 489, 491, 528, 529]
[452, 453, 490, 492, 529, 530]
[453, 454, 491, 493, 530, 531]
[454, 455, 492, 494, 531, 532]
[455, 456, 493, 495, 532, 533]
[456, 457, 494, 496, 533, 534]
[457, 458, 495, 497, 534, 535]
[458, 459, 496, 498, 535, 536]
[459, 460, 497, 499, 536, 537]
[460, 461, 498, 500, 537, 538]
[461, 462, 499, 501, 538, 539]
[462, 463, 500, 502, 539, 540]
[463, 464, 501, 503, 540, 541]
[464, 465, 502, 504, 541, 542]
[465, 466, 503, 505, 542, 543]
[466, 467, 504, 506, 543, 544]
[429, 467, 468, 505, 544, 545]
[468, 469, 508, 545, 546, 584]
[469, 470, 507, 509, 546, 547]
[470, 471, 508, 510, 547, 548]
[471, 472, 509, 511, 548, 549]
[472, 473, 510, 512, 549, 550]
[473, 474, 511, 513, 550, 551]
[474, 475, 512, 514, 551, 552]
[475, 476, 513, 515, 552, 553]
[476, 477, 514, 516, 553, 554]
[477, 478, 515, 517, 554, 555]
[478, 479, 516, 518, 555, 556]
[479, 480, 517, 519, 556, 557]
[480, 481, 518, 520, 557, 558]
[481, 482, 519, 521, 558, 559]
[482, 483, 520, 522, 559, 560]
[483, 484, 521, 523, 560, 561]
[484, 485, 522, 524, 561, 562]
[485, 486, 523, 525, 562, 563]
[486, 487, 524, 526, 563, 564]
[487, 488, 525, 527, 564, 565]
[488, 489, 526, 528, 565, 566]
[489, 490, 527, 529, 566, 567]
[490, 491, 528, 530, 567, 568]
[491, 492, 529, 531, 568, 569]
[492, 493, 530, 532, 569, 570]
[493, 494, 531, 533, 570, 571]
[494, 495, 532, 534, 571, 572]
[495, 496, 533, 535, 572, 573]
[496, 497, 534, 536, 573, 574]
[497, 498, 535, 537, 574, 575]
[498, 499, 536, 538, 575, 576]
[499, 500, 537, 539, 576, 577]
[500, 501, 538, 540, 577, 578]
[501, 502, 539, 541, 578, 579]
[502, 503, 540, 542, 579, 580]
[503, 504, 541, 543, 580, 581]
[504, 505, 542, 544, 581, 582]
[505, 506, 543, 545, 582, 583]
[468, 506, 507, 544, 583, 584]
[507, 508, 547, 584, 585, 623]
[508, 509, 546, 548, 585, 586]
[509, 510, 547, 549, 586, 587]
[510, 511, 548, 550, 587, 588]
[511, 512, 549, 551, 588, 589]
[512, 513, 550, 552, 589, 590]
[513, 514, 551, 553, 590, 591]
[514, 515, 552, 554, 591, 592]
[515, 516, 553, 555, 592, 593]
[516, 517, 554, 556, 593, 594]
[517, 518, 555, 557, 594, 595]
[518, 519, 556, 558, 595, 596]
[519, 520, 557, 559, 596, 597]
[520, 521, 558, 560, 597, 598]
[521, 522, 559, 561, 598, 599]
[522, 523, 560, 562, 599, 600]
[523, 524, 561, 563, 600, 601]
[524, 525, 562, 564, 601, 602]
[525, 526, 563, 565, 602, 603]
[526, 527, 564, 566, 603, 604]
[527, 528, 565, 567, 604, 605]
[528, 529, 566, 568, 605, 606]
[529, 530, 567, 569, 606, 607]
[530, 531, 568, 570, 607, 608]
[531, 532, 569, 571, 608, 609]
[532, 533, 570, 572, 609, 610]
[533, 534, 571, 573, 610, 611]
[534, 535, 572, 574, 611, 612]
[535, 536, 573, 575, 612, 613]
[536, 537, 574, 576, 613, 614]
[537, 538, 575, 577, 614, 615]
[538, 539, 576, 578, 615, 616]
[539, 540, 577, 579, 616, 617]
[540, 541, 578, 580, 617, 618]
[541, 542, 579, 581, 618, 619]
[542, 543, 580, 582, 619, 620]
[543, 544, 581, 583, 620, 621]
[544, 545, 582, 584, 621, 622]
[507, 545, 546, 583, 622, 623]
[546, 547, 586, 623, 624, 662]
[547, 548, 585, 587, 624, 625]
[548, 549, 586, 588, 625, 626]
[549, 550, 587, 589, 626, 627]
[550, 551, 588, 590, 627, 628]
[551, 552, 589, 591, 628, 629]
[552, 553, 590, 592, 629, 630]
[553, 554, 591, 593, 630, 631]
[554, 555, 592, 594, 631, 632]
[555, 556, 593, 595, 632, 633]
[556, 557, 594, 596, 633, 634]
[557, 558, 595, 597, 634, 635]
[558, 559, 596, 598, 635, 636]
[559, 560, 597, 599, 636, 637]
[560, 561, 598, 600, 637, 638]
[561, 562, 599, 601, 638, 639]
[562, 563, 600, 602, 639, 640]
[563, 564, 601, 603, 640, 641]
[564, 565, 602, 604, 641, 642]
[565, 566, 603, 605, 642, 643]
[566, 567, 604, 606, 643, 644]
[567, 568, 605, 607, 644, 645]
[568, 569, 606, 608, 645, 646]
[569, 570, 607, 609, 646, 647]
[570, 571, 608, 610, 647, 648]
[571, 572, 609, 611, 648, 649]
[572, 573, 610, 612, 649, 650]
[573, 574, 611, 613, 650, 651]
[574, 575, 612, 614, 651, 652]
[575, 576, 613, 615, 652, 653]
[576, 577, 614, 616, 653, 654]
[577, 578, 615, 617, 654, 655]
[578, 579, 616, 618, 655, 656]
[579, 580, 617, 619, 656, 657]
[580, 581, 618, 620, 657, 658]
[581, 582, 619, 621, 658, 659]
[582, 583, 620, 622, 659, 660]
[583, 584, 621, 623, 660, 661]
[546, 584, 585, 622, 661, 662]
[585, 586, 625, 662, 663, 701]
[586, 587, 624, 626, 663, 664]
[587, 588, 625, 627, 664, 665]
[588, 589, 626, 628, 665, 666]
[589, 590, 627, 629, 666, 667]
[590, 591, 628, 630, 667, 668]
[591, 592, 629, 631, 668, 669]
[592, 593, 630, 632, 669, 670]
[593, 594, 631, 633, 670, 671]
[594, 595, 632, 634, 671, 672]
[595, 596, 633, 635, 672, 673]
[596, 597, 634, 636, 673, 674]
[597, 598, 635, 637, 674, 675]
[598, 599, 636, 638, 675, 676]
[599, 600, 637, 639, 676, 677]
[600, 601, 638, 640, 677, 678]
[601, 602, 639, 641, 678, 679]
[602, 603, 640, 642, 679, 680]
[603, 604, 641, 643, 680, 681]
[604, 605, 642, 644, 681, 682]
[605, 606, 643, 645, 682, 683]
[606, 607, 644, 646, 683, 684]
[607, 608, 645, 647, 684, 685]
[608, 609, 646, 648, 685, 686]
[609, 610, 647, 649, 686, 687]
[610, 611, 648, 650, 687, 688]
[611, 612, 649, 651, 688, 689]
[612, 613, 650, 652, 689, 690]
[613, 614, 651, 653, 690, 691]
[614, 615, 652, 654, 691, 692]
[615, 616, 653, 655, 692, 693]
[616, 617, 654, 656, 693, 694]
[617, 618, 655, 657, 694, 695]
[618, 619, 656, 658, 695, 696]
[619, 620, 657, 659, 696, 697]
[620, 621, 658, 660, 697, 698]
[621, 622, 659, 661, 698, 699]
[622, 623, 660, 662, 699, 700]
[585, 623, 624, 661, 700, 701]
[624, 625, 664, 701, 702, 740]
[625, 626, 663, 665, 702, 703]
[626, 627, 664, 666, 703, 704]
[627, 628, 665, 667, 704, 705]
[628, 629, 666, 668, 705, 706]
[629, 630, 667, 669, 706, 707]
[630, 631, 668, 670, 707, 708]
[631, 632, 669, 671, 708, 709]
[632, 633, 670, 672, 709, 710]
[633, 634, 671, 673, 710, 711]
[634, 635, 672, 674, 711, 712]
[635, 636, 673, 675, 712, 713]
[636, 637, 674, 676, 713, 714]
[637, 638, 675, 677, 714, 715]
[638, 639, 676, 678, 715, 716]
[639, 640, 677, 679, 716, 717]
[640, 641, 678, 680, 717, 718]
[641, 642, 679, 681, 718, 719]
[642, 643, 680, 682, 719, 720]
[643, 644, 681, 683, 720, 721]
[644, 645, 682, 684, 721, 722]
[645, 646, 683, 685, 722, 723]
[646, 647, 684, 686, 723, 724]
[647, 648, 685, 687, 724, 725]
[648, 649, 686, 688, 725, 726]
[649, 650, 687, 689, 726, 727]
[650, 651, 688, 690, 727, 728]
[651, 652, 689, 691, 728, 729]
[652, 653, 690, 692, 729, 730]
[653, 654, 691, 693, 730, 731]
[654, 655, 692, 694, 731, 732]
[655, 656, 693, 695, 732, 733]
[656, 657, 694, 696, 733, 734]
[657, 658, 695, 697, 734, 735]
[658, 659, 696, 698, 735, 736]
[659, 660, 697, 699, 736, 737]
[660, 661, 698, 700, 737, 738]
[661, 662, 699, 701, 738, 739]
[624, 662, 663, 700, 739, 740]
[663, 664, 703, 740, 741, 779]
[664, 665, 702, 704, 741, 742]
[665, 666, 703, 705, 742, 743]
[666, 667, 704, 706, 743, 744]
[667, 668, 705, 707, 744, 745]
[668, 669, 706, 708, 745, 746]
[669, 670, 707, 709, 746, 747]
[670, 671, 708, 710, 747, 748]
[671, 672, 709, 711, 748, 749]
[672, 673, 710, 712, 749, 750]
[673, 674, 711, 713, 750, 751]
[674, 675, 712, 714, 751, 752]
[675, 676, 713, 715, 752, 753]
[676, 677, 714, 716, 753, 754]
[677, 678, 715, 717, 754, 755]
[678, 679, 716, 718, 755, 756]
[679, 680, 717, 719, 756, 757]
[680, 681, 718, 720, 757, 758]
[681, 682, 719, 721, 758, 759]
[682, 683, 720, 722, 759, 760]
[683, 684, 721, 723, 760, 761]
[684, 685, 722, 724, 761, 762]
[685, 686, 723, 725, 762, 763]
[686, 687, 724, 726, 763, 764]
[687, 688, 725, 727, 764, 765]
[688, 689, 726, 728, 765, 766]
[689, 690, 727, 729, 766, 767]
[690, 691, 728, 730, 767, 768]
[691, 692, 729, 731, 768, 769]
[692, 693, 730, 732, 769, 770]
[693, 694, 731, 733, 770, 771]
[694, 695, 732, 734, 771, 772]
[695, 696, 733, 735, 772, 773]
[696, 697, 734, 736, 773, 774]
[697, 698, 735, 737, 774, 775]
[698, 699, 736, 738, 775, 776]
[699, 700, 737, 739, 776, 777]
[700, 701, 738, 740, 777, 778]
[663, 701, 702, 739, 778, 779]
[702, 703, 742, 779, 780, 818]
[703, 704, 741, 743, 780, 781]
[704, 705, 742, 744, 781, 782]
[705, 706, 743, 745, 782, 783]
[706, 707, 744, 746, 783, 784]
[707, 708, 745, 747, 784, 785]
[708, 709, 746, 748, 785, 786]
[709, 710, 747, 749, 786, 787]
[710, 711, 748, 750, 787, 788]
[711, 712, 749, 751, 788, 789]
[712, 713, 750, 752, 789, 790]
[713, 714, 751, 753, 790, 791]
[714, 715, 752, 754, 791, 792]
[715, 716, 753, 755, 792, 793]
[716, 717, 754, 756, 793, 794]
[717, 718, 755, 757, 794, 795]
[718, 719, 756, 758, 795, 796]
[719, 720, 757, 759, 796, 797]
[720, 721, 758, 760, 797, 798]
[721, 722, 759, 761, 798, 799]
[722, 723, 760, 762, 799, 800]
[723, 724, 761, 763, 800, 801]
[724, 725, 762, 764, 801, 802]
[725, 726, 763, 765, 802, 803]
[726, 727, 764, 766, 803, 804]
[727, 728, 765, 767, 804, 805]
[728, 729, 766, 768, 805, 806]
[729, 730, 767, 769, 806, 807]
[730, 731, 768, 770, 807, 808]
[731, 732, 769, 771, 808, 809]
[732, 733, 770, 772, 809, 810]
[733, 734, 771, 773, 810, 811]
[734, 735, 772, 774, 811, 812]
[735, 736, 773, 775, 812, 813]
[736, 737, 774, 776, 813, 814]
[737, 738, 775, 777, 814, 815]
[738, 739, 776, 778, 815, 816]
[739, 740, 777, 779, 816, 817]
[702, 740, 741, 778, 817, 818]
[741, 742, 781, 818, 819, 857]
[742, 743, 780, 782, 819, 820]
[743, 744, 781, 783, 820, 821]
[744, 745, 782, 784, 821, 822]
[745, 746, 783, 785, 822, 823]
[746, 747, 784, 786, 823, 824]
[747, 748, 785, 787, 824, 825]
[748, 749, 786, 788, 825, 826]
[749, 750, 787, 789, 826, 827]
[750, 751, 788, 790, 827, 828]
[751, 752, 789, 791, 828, 829]
[752, 753, 790, 792, 829, 830]
[753, 754, 791, 793, 830, 831]
[754, 755, 792, 794, 831, 832]
[755, 756, 793, 795, 832, 833]
[756, 757, 794, 796, 833, 834]
[757, 758, 795, 797, 834, 835]
[758, 759, 796, 798, 835, 836]
[759, 760, 797, 799, 836, 837]
[760, 761, 798, 800, 837, 838]
[761, 762, 799, 801, 838, 839]
[762, 763, 800, 802, 839, 840]
[763, 764, 801, 803, 840, 841]
[764, 765, 802, 804, 841, 842]
[765, 766, 803, 805, 842, 843]
[766, 767, 804, 806, 843, 844]
[767, 768, 805, 807, 844, 845]
[768, 769, 806, 808, 845, 846]
[769, 770, 807, 809, 846, 847]
[770, 771, 808, 810, 847, 848]
[771, 772, 809, 811, 848, 849]
[772, 773, 810, 812, 849, 850]
[773, 774, 811, 813, 850, 851]
[774, 775, 812, 814, 851, 852]
[775, 776, 813, 815, 852, 853]
[776, 777, 814, 816, 853, 854]
[777, 778, 815, 817, 854, 855]
[778, 779, 816, 818, 855, 856]
[741, 779, 780, 817, 856, 857]
[780, 781, 820, 857, 858, 896]
[781, 782, 819, 821, 858, 859]
[782, 783, 820, 822, 859, 860]
[783, 784, 821, 823, 860, 861]
[784, 785, 822, 824, 861, 862]
[785, 786, 823, 825, 862, 863]
[786, 787, 824, 826, 863, 864]
[787, 788, 825, 827, 864, 865]
[788, 789, 826, 828, 865, 866]
[789, 790, 827, 829, 866, 867]
[790, 791, 828, 830, 867, 868]
[791, 792, 829, 831, 868, 869]
[792, 793, 830, 832, 869, 870]
[793, 794, 831, 833, 870, 871]
[794, 795, 832, 834, 871, 872]
[795, 796, 833, 835, 872, 873]
[796, 797, 834, 836, 873, 874]
[797, 798, 835, 837, 874, 875]
[798, 799, 836, 838, 875, 876]
[799, 800, 837, 839, 876, 877]
[800, 801, 838, 840, 877, 878]
[801, 802, 839, 841, 878, 879]
[802, 803, 840, 842, 879, 880]
[803, 804, 841, 843, 880, 881]
[804, 805, 842, 844, 881, 882]
[805, 806, 843, 845, 882, 883]
[806, 807, 844, 846, 883, 884]
[807, 808, 845, 847, 884, 885]
[808, 809, 846, 848, 885, 886]
[809, 810, 847, 849, 886, 887]
[810, 811, 848, 850, 887, 888]
[811, 812, 849, 851, 888, 889]
[812, 813, 850, 852, 889, 890]
[813, 814, 851, 853, 890, 891]
[814, 815, 852, 854, 891, 892]
[815, 816, 853, 855, 892, 893]
[816, 817, 854, 856, 893, 894]
[817, 818, 855, 857, 894, 895]
[780, 818, 819, 856, 895, 896]
[819, 820, 859, 896, 897, 935]
[820, 821, 858, 860, 897, 898]
[821, 822, 859, 861, 898, 899]
[822, 823, 860, 862, 899, 900]
[823, 824, 861, 863, 900, 901]
[824, 825, 862, 864, 901, 902]
[825, 826, 863, 865, 902, 903]
[826, 827, 864, 866, 903, 904]
[827, 828, 865, 867, 904, 905]
[828, 829, 866, 868, 905, 906]
[829, 830, 867, 869, 906, 907]
[830, 831, 868, 870, 907, 908]
[831, 832, 869, 871, 908, 909]
[832, 833, 870, 872, 909, 910]
[833, 834, 871, 873, 910, 911]
[834, 835, 872, 874, 911, 912]
[835, 836, 873, 875, 912, 913]
[836, 837, 874, 876, 913, 914]
[837, 838, 875, 877, 914, 915]
[838, 839, 876, 878, 915, 916]
[839, 840, 877, 879, 916, 917]
[840, 841, 878, 880, 917, 918]
[841, 842, 879, 881, 918, 919]
[842, 843, 880, 882, 919, 920]
[843, 844, 881, 883, 920, 921]
[844, 845, 882, 884, 921, 922]
[845, 846, 883, 885, 922, 923]
[846, 847, 884, 886, 923, 924]
[847, 848, 885, 887, 924, 925]
[848, 849, 886, 888, 925, 926]
[849, 850, 887, 889, 926, 927]
[850, 851, 888, 890, 927, 928]
[851, 852, 889, 891, 928, 929]
[852, 853, 890, 892, 929, 930]
[853, 854, 891, 893, 930, 931]
[854, 855, 892, 894, 931, 932]
[855, 856, 893, 895, 932, 933]
[856, 857, 894, 896, 933, 934]
[819, 857, 858, 895, 934, 935]
[858, 859, 898, 935, 936, 974]
[859, 860, 897, 899, 936, 937]
[860, 861, 898, 900, 937, 938]
[861, 862, 899, 901, 938, 939]
[862, 863, 900, 902, 939, 940]
[863, 864, 901, 903, 940, 941]
[864, 865, 902, 904, 941, 942]
[865, 866, 903, 905, 942, 943]
[866, 867, 904, 906, 943, 944]
[867, 868, 905, 907, 944, 945]
[868, 869, 906, 908, 945, 946]
[869, 870, 907, 909, 946, 947]
[870, 871, 908, 910, 947, 948]
[871, 872, 909, 911, 948, 949]
[872, 873, 910, 912, 949, 950]
[873, 874, 911, 913, 950, 951]
[874, 875, 912, 914, 951, 952]
[875, 876, 913, 915, 952, 953]
[876, 877, 914, 916, 953, 954]
[877, 878, 915, 917, 954, 955]
[878, 879, 916, 918, 955, 956]
[879, 880, 917, 919, 956, 957]
[880, 881, 918, 920, 957, 958]
[881, 882, 919, 921, 958, 959]
[882, 883, 920, 922, 959, 960]
[883, 884, 921, 923, 960, 961]
[884, 885, 922, 924, 961, 962]
[885, 886, 923, 925, 962, 963]
[886, 887, 924, 926, 963, 964]
[887, 888, 925, 927, 964, 965]
[888, 889, 926, 928, 965, 966]
[889, 890, 927, 929, 966, 967]
[890, 891, 928, 930, 967, 968]
[891, 892, 929, 931, 968, 969]
[892, 893, 930, 932, 969, 970]
[893, 894, 931, 933, 970, 971]
[894, 895, 932, 934, 971, 972]
[895, 896, 933, 935, 972, 973]
[858, 896, 897, 934, 973, 974]
[897, 898, 937, 974, 975, 1013]
[898, 899, 936, 938, 975, 976]
[899, 900, 937, 939, 976, 977]
[900, 901, 938, 940, 977, 978]
[901, 902, 939, 941, 978, 979]
[902, 903, 940, 942, 979, 980]
[903, 904, 941, 943, 980, 981]
[904, 905, 942, 944, 981, 982]
[905, 906, 943, 945, 982, 983]
[906, 907, 944, 946, 983, 984]
[907, 908, 945, 947, 984, 985]
[908, 909, 946, 948, 985, 986]
[909, 910, 947, 949, 986, 987]
[910, 911, 948, 950, 987, 988]
[911, 912, 949, 951, 988, 989]
[912, 913, 950, 952, 989, 990]
[913, 914, 951, 953, 990, 991]
[914, 915, 952, 954, 991, 992]
[915, 916, 953, 955, 992, 993]
[916, 917, 954, 956, 993, 994]
[917, 918, 955, 957, 994, 995]
[918, 919, 956, 958, 995, 996]
[919, 920, 957, 959, 996, 997]
[920, 921, 958, 960, 997, 998]
[921, 922, 959, 961, 998, 999]
[922, 923, 960, 962, 999, 1000]
[923, 924, 961, 963, 1000, 1001]
[924, 925, 962, 964, 1001, 1002]
[925, 926, 963, 965, 1002, 1003]
[926, 927, 964, 966, 1003, 1004]
[927, 928, 965, 967, 1004, 1005]
[928, 929, 966, 968, 1005, 1006]
[929, 930, 967, 969, 1006, 1007]
[930, 931, 968, 970, 1007, 1008]
[931, 932, 969, 971, 1008, 1009]
[932, 933, 970, 972, 1009, 1010]
[933, 934, 971, 973, 1010, 1011]
[934, 935, 972, 974, 1011, 1012]
[897, 935, 936, 973, 1012, 1013]
[936, 937, 976, 1013, 1014, 1052]
[937, 938, 975, 977, 1014, 1015]
[938, 939, 976, 978, 1015, 1016]
[939, 940, 977, 979, 1016, 1017]
[940, 941, 978, 980, 1017, 1018]
[941, 942, 979, 981, 1018, 1019]
[942, 943, 980, 982, 1019, 1020]
[943, 944, 981, 983, 1020, 1021]
[944, 945, 982, 984, 1021, 1022]
[945, 946, 983, 985, 1022, 1023]
[946, 947, 984, 986, 1023, 1024]
[947, 948, 985, 987, 1024, 1025]
[948, 949, 986, 988, 1025, 1026]
[949, 950, 987, 989, 1026, 1027]
[950, 951, 988, 990, 1027, 1028]
[951, 952, 989, 991, 1028, 1029]
[952, 953, 990, 992, 1029, 1030]
[953, 954, 991, 993, 1030, 1031]
[954, 955, 992, 994, 1031, 1032]
[955, 956, 993, 995, 1032, 1033]
[956, 957, 994, 996, 1033, 1034]
[957, 958, 995, 997, 1034, 1035]
[958, 959, 996, 998, 1035, 1036]
[959, 960, 997, 999, 1036, 1037]
[960, 961, 998, 1000, 1037, 1038]
[961, 962, 999, 1001, 1038, 1039]
[962, 963, 1000, 1002, 1039, 1040]
[963, 964, 1001, 1003, 1040, 1041]
[964, 965, 1002, 1004, 1041, 1042]
[965, 966, 1003, 1005, 1042, 1043]
[966, 967, 1004, 1006, 1043, 1044]
[967, 968, 1005, 1007, 1044, 1045]
[968, 969, 1006, 1008, 1045, 1046]
[969, 970, 1007, 1009, 1046, 1047]
[970, 971, 1008, 1010, 1047, 1048]
[971, 972, 1009, 1011, 1048, 1049]
[972, 973, 1010, 1012, 1049, 1050]
[973, 974, 1011, 1013, 1050, 1051]
[936, 974, 975, 1012, 1051, 1052]
[975, 976, 1015, 1052, 1053, 1091]
[976, 977, 1014, 1016, 1053, 1054]
[977, 978, 1015, 1017, 1054, 1055]
[978, 979, 1016, 1018, 1055, 1056]
[979, 980, 1017, 1019, 1056, 1057]
[980, 981, 1018, 1020, 1057, 1058]
[981, 982, 1019, 1021, 1058, 1059]
[982, 983, 1020, 1022, 1059, 1060]
[983, 984, 1021, 1023, 1060, 1061]
[984, 985, 1022, 1024, 1061, 1062]
[985, 986, 1023, 1025, 1062, 1063]
[986, 987, 1024, 1026, 1063, 1064]
[987, 988, 1025, 1027, 1064, 1065]
[988, 989, 1026, 1028, 1065, 1066]
[989, 990, 1027, 1029, 1066, 1067]
[990, 991, 1028, 1030, 1067, 1068]
[991, 992, 1029, 1031, 1068, 1069]
[992, 993, 1030, 1032, 1069, 1070]
[993, 994, 1031, 1033, 1070, 1071]
[994, 995, 1032, 1034, 1071, 1072]
[995, 996, 1033, 1035, 1072, 1073]
[996, 997, 1034, 1036, 1073, 1074]
[997, 998, 1035, 1037, 1074, 1075]
[998, 999, 1036, 1038, 1075, 1076]
[999, 1000, 1037, 1039, 1076, 1077]
[1000, 1001, 1038, 1040, 1077, 1078]
[1001, 1002, 1039, 1041, 1078, 1079]
[1002, 1003, 1040, 1042, 1079, 1080]
[1003, 1004, 1041, 1043, 1080, 1081]
[1004, 1005, 1042, 1044, 1081, 1082]
[1005, 1006, 1043, 1045, 1082, 1083]
[1006, 1007, 1044, 1046, 1083, 1084]
[1007, 1008, 1045, 1047, 1084, 1085]
[1008, 1009, 1046, 1048, 1085, 1086]
[1009, 1010, 1047, 1049, 1086, 1087]
[1010, 1011, 1048, 1050, 1087, 1088]
[1011, 1012, 1049, 1051, 1088, 1089]
[1012, 1013, 1050, 1052, 1089, 1090]
[975, 1013, 1014, 1051, 1090, 1091]
[1014, 1015, 1054, 1091, 1092, 1130]
[1015, 1016, 1053, 1055, 1092, 1093]
[1016, 1017, 1054, 1056, 1093, 1094]
[1017, 1018, 1055, 1057, 1094, 1095]
[1018, 1019, 1056, 1058, 1095, 1096]
[1019, 1020, 1057, 1059, 1096, 1097]
[1020, 1021, 1058, 1060, 1097, 1098]
[1021, 1022, 1059, 1061, 1098, 1099]
[1022, 1023, 1060, 1062, 1099, 1100]
[1023, 1024, 1061, 1063, 1100, 1101]
[1024, 1025, 1062, 1064, 1101, 1102]
[1025, 1026, 1063, 1065, 1102, 1103]
[1026, 1027, 1064, 1066, 1103, 1104]
[1027, 1028, 1065, 1067, 1104, 1105]
[1028, 1029, 1066, 1068, 1105, 1106]
[1029, 1030, 1067, 1069, 1106, 1107]
[1030, 1031, 1068, 1070, 1107, 1108]
[1031, 1032, 1069, 1071, 1108, 1109]
[1032, 1033, 1070, 1072, 1109, 1110]
[1033, 1034, 1071, 1073, 1110, 1111]
[1034, 1035, 1072, 1074, 1111, 1112]
[1035, 1036, 1073, 1075, 1112, 1113]
[1036, 1037, 1074, 1076, 1113, 1114]
[1037, 1038, 1075, 1077, 1114, 1115]
[1038, 1039, 1076, 1078, 1115, 1116]
[1039, 1040, 1077, 1079, 1116, 1117]
[1040, 1041, 1078, 1080, 1117, 1118]
[1041, 1042, 1079, 1081, 1118, 1119]
[1042, 1043, 1080, 1082, 1119, 1120]
[1043, 1044, 1081, 1083, 1120, 1121]
[1044, 1045, 1082, 1084, 1121, 1122]
[1045, 1046, 1083, 1085, 1122, 1123]
[1046, 1047, 1084, 1086, 1123, 1124]
[1047, 1048, 1085, 1087, 1124, 1125]
[1048, 1049, 1086, 1088, 1125, 1126]
[1049, 1050, 1087, 1089, 1126, 1127]
[1050, 1051, 1088, 1090, 1127, 1128]
[1051, 1052, 1089, 1091, 1128, 1129]
[1014, 1052, 1053, 1090, 1129, 1130]
[1053, 1054, 1093, 1130, 1131, 1169]
[1054, 1055, 1092, 1094, 1131, 1132]
[1055, 1056, 1093, 1095, 1132, 1133]
[1056, 1057, 1094, 1096, 1133, 1134]
[1057, 1058, 1095, 1097, 1134, 1135]
[1058, 1059, 1096, 1098, 1135, 1136]
[1059, 1060, 1097, 1099, 1136, 1137]
[1060, 1061, 1098, 1100, 1137, 1138]
[1061, 1062, 1099, 1101, 1138, 1139]
[1062, 1063, 1100, 1102, 1139, 1140]
[1063, 1064, 1101, 1103, 1140, 1141]
[1064, 1065, 1102, 1104, 1141, 1142]
[1065, 1066, 1103, 1105, 1142, 1143]
[1066, 1067, 1104, 1106, 1143, 1144]
[1067, 1068, 1105, 1107, 1144, 1145]
[1068, 1069, 1106, 1108, 1145, 1146]
[1069, 1070, 1107, 1109, 1146, 1147]
[1070, 1071, 1108, 1110, 1147, 1148]
[1071, 1072, 1109, 1111, 1148, 1149]
[1072, 1073, 1110, 1112, 1149, 1150]
[1073, 1074, 1111, 1113, 1150, 1151]
[1074, 1075, 1112, 1114, 1151, 1152]
[1075, 1076, 1113, 1115, 1152, 1153]
[1076, 1077, 1114, 1116, 1153, 1154]
[1077, 1078, 1115, 1117, 1154, 1155]
[1078, 1079, 1116, 1118, 1155, 1156]
[1079, 1080, 1117, 1119, 1156, 1157]
[1080, 1081, 1118, 1120, 1157, 1158]
[1081, 1082, 1119, 1121, 1158, 1159]
[1082, 1083, 1120, 1122, 1159, 1160]
[1083, 1084, 1121, 1123, 1160, 1161]
[1084, 1085, 1122, 1124, 1161, 1162]
[1085, 1086, 1123, 1125, 1162, 1163]
[1086, 1087, 1124, 1126, 1163, 1164]
[1087, 1088, 1125, 1127, 1164, 1165]
[1088, 1089, 1126, 1128, 1165, 1166]
[1089, 1090, 1127, 1129, 1166, 1167]
[1090, 1091, 1128, 1130, 1167, 1168]
[1053, 1091, 1092, 1129, 1168, 1169]
[1092, 1093, 1132, 1169, 1170, 1208]
[1093, 1094, 1131, 1133, 1170, 1171]
[1094, 1095, 1132, 1134, 1171, 1172]
[1095, 1096, 1133, 1135, 1172, 1173]
[1096, 1097, 1134, 1136, 1173, 1174]
[1097, 1098, 1135, 1137, 1174, 1175]
[1098, 1099, 1136, 1138, 1175, 1176]
[1099, 1100, 1137, 1139, 1176, 1177]
[1100, 1101, 1138, 1140, 1177, 1178]
[1101, 1102, 1139, 1141, 1178, 1179]
[1102, 1103, 1140, 1142, 1179, 1180]
[1103, 1104, 1141, 1143, 1180, 1181]
[1104, 1105, 1142, 1144, 1181, 1182]
[1105, 1106, 1143, 1145, 1182, 1183]
[1106, 1107, 1144, 1146, 1183, 1184]
[1107, 1108, 1145, 1147, 1184, 1185]
[1108, 1109, 1146, 1148, 1185, 1186]
[1109, 1110, 1147, 1149, 1186, 1187]
[1110, 1111, 1148, 1150, 1187, 1188]
[1111, 1112, 1149, 1151, 1188, 1189]
[1112, 1113, 1150, 1152, 1189, 1190]
[1113, 1114, 1151, 1153, 1190, 1191]
[1114, 1115, 1152, 1154, 1191, 1192]
[1115, 1116, 1153, 1155, 1192, 1193]
[1116, 1117, 1154, 1156, 1193, 1194]
[1117, 1118, 1155, 1157, 1194, 1195]
[1118, 1119, 1156, 1158, 1195, 1196]
[1119, 1120, 1157, 1159, 1196, 1197]
[1120, 1121, 1158, 1160, 1197, 1198]
[1121, 1122, 1159, 1161, 1198, 1199]
[1122, 1123, 1160, 1162, 1199, 1200]
[1123, 1124, 1161, 1163, 1200, 1201]
[1124, 1125, 1162, 1164, 1201, 1202]
[1125, 1126, 1163, 1165, 1202, 1203]
[1126, 1127, 1164, 1166, 1203, 1204]
[1127, 1128, 1165, 1167, 1204, 1205]
[1128, 1129, 1166, 1168, 1205, 1206]
[1129, 1130, 1167, 1169, 1206, 1207]
[1092, 1130, 1131, 1168, 1207, 1208]
[1131, 1132, 1171, 1208, 1209, 1247]
[1132, 1133, 1170, 1172, 1209, 1210]
[1133, 1134, 1171, 1173, 1210, 1211]
[1134, 1135, 1172, 1174, 1211, 1212]
[1135, 1136, 1173, 1175, 1212, 1213]
[1136, 1137, 1174, 1176, 1213, 1214]
[1137, 1138, 1175, 1177, 1214, 1215]
[1138, 1139, 1176, 1178, 1215, 1216]
[1139, 1140, 1177, 1179, 1216, 1217]
[1140, 1141, 1178, 1180, 1217, 1218]
[1141, 1142, 1179, 1181, 1218, 1219]
[1142, 1143, 1180, 1182, 1219, 1220]
[1143, 1144, 1181, 1183, 1220, 1221]
[1144, 1145, 1182, 1184, 1221, 1222]
[1145, 1146, 1183, 1185, 1222, 1223]
[1146, 1147, 1184, 1186, 1223, 1224]
[1147, 1148, 1185, 1187, 1224, 1225]
[1148, 1149, 1186, 1188, 1225, 1226]
[1149, 1150, 1187, 1189, 1226, 1227]
[1150, 1151, 1188, 1190, 1227, 1228]
[1151, 1152, 1189, 1191, 1228, 1229]
[1152, 1153, 1190, 1192, 1229, 1230]
[1153, 1154, 1191, 1193, 1230, 1231]
[1154, 1155, 1192, 1194, 1231, 1232]
[1155, 1156, 1193, 1195, 1232, 1233]
[1156, 1157, 1194, 1196, 1233, 1234]
[1157, 1158, 1195, 1197, 1234, 1235]
[1158, 1159, 1196, 1198, 1235, 1236]
[1159, 1160, 1197, 1199, 1236, 1237]
[1160, 1161, 1198, 1200, 1237, 1238]
[1161, 1162, 1199, 1201, 1238, 1239]
[1162, 1163, 1200, 1202, 1239, 1240]
[1163, 1164, 1201, 1203, 1240, 1241]
[1164, 1165, 1202, 1204, 1241, 1242]
[1165, 1166, 1203, 1205, 1242, 1243]
[1166, 1167, 1204, 1206, 1243, 1244]
[1167, 1168, 1205, 1207, 1244, 1245]
[1168, 1169, 1206, 1208, 1245, 1246]
[1131, 1169, 1170, 1207, 1246, 1247]
[1170, 1171, 1210, 1247, 1248, 1286]
[1171, 1172, 1209, 1211, 1248, 1249]
[1172, 1173, 1210, 1212, 1249, 1250]
[1173, 1174, 1211, 1213, 1250, 1251]
[1174, 1175, 1212, 1214, 1251, 1252]
[1175, 1176, 1213, 1215, 1252, 1253]
[1176, 1177, 1214, 1216, 1253, 1254]
[1177, 1178, 1215, 1217, 1254, 1255]
[1178, 1179, 1216, 1218, 1255, 1256]
[1179, 1180, 1217, 1219, 1256, 1257]
[1180, 1181, 1218, 1220, 1257, 1258]
[1181, 1182, 1219, 1221, 1258, 1259]
[1182, 1183, 1220, 1222, 1259, 1260]
[1183, 1184, 1221, 1223, 1260, 1261]
[1184, 1185, 1222, 1224, 1261, 1262]
[1185, 1186, 1223, 1225, 1262, 1263]
[1186, 1187, 1224, 1226, 1263, 1264]
[1187, 1188, 1225, 1227, 1264, 1265]
[1188, 1189, 1226, 1228, 1265, 1266]
[1189, 1190, 1227, 1229, 1266, 1267]
[1190, 1191, 1228, 1230, 1267, 1268]
[1191, 1192, 1229, 1231, 1268, 1269]
[1192, 1193, 1230, 1232, 1269, 1270]
[1193, 1194, 1231, 1233, 1270, 1271]
[1194, 1195, 1232, 1234, 1271, 1272]
[1195, 1196, 1233, 1235, 1272, 1273]
[1196, 1197, 1234, 1236, 1273, 1274]
[1197, 1198, 1235, 1237, 1274, 1275]
[1198, 1199, 1236, 1238, 1275, 1276]
[1199, 1200, 1237, 1239, 1276, 1277]
[1200, 1201, 1238, 1240, 1277, 1278]
[1201, 1202, 1239, 1241, 1278, 1279]
[1202, 1203, 1240, 1242, 1279, 1280]
[1203, 1204, 1241, 1243, 1280, 1281]
[1204, 1205, 1242, 1244, 1281, 1282]
[1205, 1206, 1243, 1245, 1282, 1283]
[1206, 1207, 1244, 1246, 1283, 1284]
[1207, 1208, 1245, 1247, 1284, 1285]
[1170, 1208, 1209, 1246, 1285, 1286]
[1209, 1210, 1249, 1286, 1287, 1325]
[1210, 1211, 1248, 1250, 1287, 1288]
[1211, 1212, 1249, 1251, 1288, 1289]
[1212, 1213, 1250, 1252, 1289, 1290]
[1213, 1214, 1251, 1253, 1290, 1291]
[1214, 1215, 1252, 1254, 1291, 1292]
[1215, 1216, 1253, 1255, 1292, 1293]
[1216, 1217, 1254, 1256, 1293, 1294]
[1217, 1218, 1255, 1257, 1294, 1295]
[1218, 1219, 1256, 1258, 1295, 1296]
[1219, 1220, 1257, 1259, 1296, 1297]
[1220, 1221, 1258, 1260, 1297, 1298]
[1221, 1222, 1259, 1261, 1298, 1299]
[1222, 1223, 1260, 1262, 1299, 1300]
[1223, 1224, 1261, 1263, 1300, 1301]
[1224, 1225, 1262, 1264, 1301, 1302]
[1225, 1226, 1263, 1265, 1302, 1303]
[1226, 1227, 1264, 1266, 1303, 1304]
[1227, 1228, 1265, 1267, 1304, 1305]
[1228, 1229, 1266, 1268, 1305, 1306]
[1229, 1230, 1267, 1269, 1306, 1307]
[1230, 1231, 1268, 1270, 1307, 1308]
[1231, 1232, 1269, 1271, 1308, 1309]
[1232, 1233, 1270, 1272, 1309, 1310]
[1233, 1234, 1271, 1273, 1310, 1311]
[1234, 1235, 1272, 1274, 1311, 1312]
[1235, 1236, 1273, 1275, 1312, 1313]
[1236, 1237, 1274, 1276, 1313, 1314]
[1237, 1238, 1275, 1277, 1314, 1315]
[1238, 1239, 1276, 1278, 1315, 1316]
[1239, 1240, 1277, 1279, 1316, 1317]
[1240, 1241, 1278, 1280, 1317, 1318]
[1241, 1242, 1279, 1281, 1318, 1319]
[1242, 1243, 1280, 1282, 1319, 1320]
[1243, 1244, 1281, 1283, 1320, 1321]
[1244, 1245, 1282, 1284, 1321, 1322]
[1245, 1246, 1283, 1285, 1322, 1323]
[1246, 1247, 1284, 1286, 1323, 1324]
[1209, 1247, 1248, 1285, 1324, 1325]
[1248, 1249, 1288, 1325, 1326, 1364]
[1249, 1250, 1287, 1289, 1326, 1327]
[1250, 1251, 1288, 1290, 1327, 1328]
[1251, 1252, 1289, 1291, 1328, 1329]
[1252, 1253, 1290, 1292, 1329, 1330]
[1253, 1254, 1291, 1293, 1330, 1331]
[1254, 1255, 1292, 1294, 1331, 1332]
[1255, 1256, 1293, 1295, 1332, 1333]
[1256, 1257, 1294, 1296, 1333, 1334]
[1257, 1258, 1295, 1297, 1334, 1335]
[1258, 1259, 1296, 1298, 1335, 1336]
[1259, 1260, 1297, 1299, 1336, 1337]
[1260, 1261, 1298, 1300, 1337, 1338]
[1261, 1262, 1299, 1301, 1338, 1339]
[1262, 1263, 1300, 1302, 1339, 1340]
[1263, 1264, 1301, 1303, 1340, 1341]
[1264, 1265, 1302, 1304, 1341, 1342]
[1265, 1266, 1303, 1305, 1342, 1343]
[1266, 1267, 1304, 1306, 1343, 1344]
[1267, 1268, 1305, 1307, 1344, 1345]
[1268, 1269, 1306, 1308, 1345, 1346]
[1269, 1270, 1307, 1309, 1346, 1347]
[1270, 1271, 1308, 1310, 1347, 1348]
[1271, 1272, 1309, 1311, 1348, 1349]
[1272, 1273, 1310, 1312, 1349, 1350]
[1273, 1274, 1311, 1313, 1350, 1351]
[1274, 1275, 1312, 1314, 1351, 1352]
[1275, 1276, 1313, 1315, 1352, 1353]
[1276, 1277, 1314, 1316, 1353, 1354]
[1277, 1278, 1315, 1317, 1354, 1355]
[1278, 1279, 1316, 1318, 1355, 1356]
[1279, 1280, 1317, 1319, 1356, 1357]
[1280, 1281, 1318, 1320, 1357, 1358]
[1281, 1282, 1319, 1321, 1358, 1359]
[1282, 1283, 1320, 1322, 1359, 1360]
[1283, 1284, 1321, 1323, 1360, 1361]
[1284, 1285, 1322, 1324, 1361, 1362]
[1285, 1286, 1323, 1325, 1362, 1363]
[1248, 1286, 1287, 1324, 1363, 1364]
[1287, 1288, 1327, 1364, 1365, 1403]
[1288, 1289, 1326, 1328, 1365, 1366]
[1289, 1290, 1327, 1329, 1366, 1367]
[1290, 1291, 1328, 1330, 1367, 1368]
[1291, 1292, 1329, 1331, 1368, 1369]
[1292, 1293, 1330, 1332, 1369, 1370]
[1293, 1294, 1331, 1333, 1370, 1371]
[1294, 1295, 1332, 1334, 1371, 1372]
[1295, 1296, 1333, 1335, 1372, 1373]
[1296, 1297, 1334, 1336, 1373, 1374]
[1297, 1298, 1335, 1337, 1374, 1375]
[1298, 1299, 1336, 1338, 1375, 1376]
[1299, 1300, 1337, 1339, 1376, 1377]
[1300, 1301, 1338, 1340, 1377, 1378]
[1301, 1302, 1339, 1341, 1378, 1379]
[1302, 1303, 1340, 1342, 1379, 1380]
[1303, 1304, 1341, 1343, 1380, 1381]
[1304, 1305, 1342, 1344, 1381, 1382]
[1305, 1306, 1343, 1345, 1382, 1383]
[1306, 1307, 1344, 1346, 1383, 1384]
[1307, 1308, 1345, 1347, 1384, 1385]
[1308, 1309, 1346, 1348, 1385, 1386]
[1309, 1310, 1347, 1349, 1386, 1387]
[1310, 1311, 1348, 1350, 1387, 1388]
[1311, 1312, 1349, 1351, 1388, 1389]
[1312, 1313, 1350, 1352, 1389, 1390]
[1313, 1314, 1351, 1353, 1390, 1391]
[1314, 1315, 1352, 1354, 1391, 1392]
[1315, 1316, 1353, 1355, 1392, 1393]
[1316, 1317, 1354, 1356, 1393, 1394]
[1317, 1318, 1355, 1357, 1394, 1395]
[1318, 1319, 1356, 1358, 1395, 1396]
[1319, 1320, 1357, 1359, 1396, 1397]
[1320, 1321, 1358, 1360, 1397, 1398]
[1321, 1322, 1359, 1361, 1398, 1399]
[1322, 1323, 1360, 1362, 1399, 1400]
[1323, 1324, 1361, 1363, 1400, 1401]
[1324, 1325, 1362, 1364, 1401, 1402]
[1287, 1325, 1326, 1363, 1402, 1403]
[1326, 1327, 1366, 1403, 1404, 1442]
[1327, 1328, 1365, 1367, 1404, 1405]
[1328, 1329, 1366, 1368, 1405, 1406]
[1329, 1330, 1367, 1369, 1406, 1407]
[1330, 1331, 1368, 1370, 1407, 1408]
[1331, 1332, 1369, 1371, 1408, 1409]
[1332, 1333, 1370, 1372, 1409, 1410]
[1333, 1334, 1371, 1373, 1410, 1411]
[1334, 1335, 1372, 1374, 1411, 1412]
[1335, 1336, 1373, 1375, 1412, 1413]
[1336, 1337, 1374, 1376, 1413, 1414]
[1337, 1338, 1375, 1377, 1414, 1415]
[1338, 1339, 1376, 1378, 1415, 1416]
[1339, 1340, 1377, 1379, 1416, 1417]
[1340, 1341, 1378, 1380, 1417, 1418]
[1341, 1342, 1379, 1381, 1418, 1419]
[1342, 1343, 1380, 1382, 1419, 1420]
[1343, 1344, 1381, 1383, 1420, 1421]
[1344, 1345, 1382, 1384, 1421, 1422]
[1345, 1346, 1383, 1385, 1422, 1423]
[1346, 1347, 1384, 1386, 1423, 1424]
[1347, 1348, 1385, 1387, 1424, 1425]
[1348, 1349, 1386, 1388, 1425, 1426]
[1349, 1350, 1387, 1389, 1426, 1427]
[1350, 1351, 1388, 1390, 1427, 1428]
[1351, 1352, 1389, 1391, 1428, 1429]
[1352, 1353, 1390, 1392, 1429, 1430]
[1353, 1354, 1391, 1393, 1430, 1431]
[1354, 1355, 1392, 1394, 1431, 1432]
[1355, 1356, 1393, 1395, 1432, 1433]
[1356, 1357, 1394, 1396, 1433, 1434]
[1357, 1358, 1395, 1397, 1434, 1435]
[1358, 1359, 1396, 1398, 1435, 1436]
[1359, 1360, 1397, 1399, 1436, 1437]
[1360, 1361, 1398, 1400, 1437, 1438]
[1361, 1362, 1399, 1401, 1438, 1439]
[1362, 1363, 1400, 1402, 1439, 1440]
[1363, 1364, 1401, 1403, 1440, 1441]
[1326, 1364, 1365, 1402, 1441, 1442]
[1365, 1366, 1405, 1442, 1443, 1481]
[1366, 1367, 1404, 1406, 1443, 1444]
[1367, 1368, 1405, 1407, 1444, 1445]
[1368, 1369, 1406, 1408, 1445, 1446]
[1369, 1370, 1407, 1409, 1446, 1447]
[1370, 1371, 1408, 1410, 1447, 1448]
[1371, 1372, 1409, 1411, 1448, 1449]
[1372, 1373, 1410, 1412, 1449, 1450]
[1373, 1374, 1411, 1413, 1450, 1451]
[1374, 1375, 1412, 1414, 1451, 1452]
[1375, 1376, 1413, 1415, 1452, 1453]
[1376, 1377, 1414, 1416, 1453, 1454]
[1377, 1378, 1415, 1417, 1454, 1455]
[1378, 1379, 1416, 1418, 1455, 1456]
[1379, 1380, 1417, 1419, 1456, 1457]
[1380, 1381, 1418, 1420, 1457, 1458]
[1381, 1382, 1419, 1421, 1458, 1459]
[1382, 1383, 1420, 1422, 1459, 1460]
[1383, 1384, 1421, 1423, 1460, 1461]
[1384, 1385, 1422, 1424, 1461, 1462]
[1385, 1386, 1423, 1425, 1462, 1463]
[1386, 1387, 1424, 1426, 1463, 1464]
[1387, 1388, 1425, 1427, 1464, 1465]
[1388, 1389, 1426, 1428, 1465, 1466]
[1389, 1390, 1427, 1429, 1466, 1467]
[1390, 1391, 1428, 1430, 1467, 1468]
[1391, 1392, 1429, 1431, 1468, 1469]
[1392, 1393, 1430, 1432, 1469, 1470]
[1393, 1394, 1431, 1433, 1470, 1471]
[1394, 1395, 1432, 1434, 1471, 1472]
[1395, 1396, 1433, 1435, 1472, 1473]
[1396, 1397, 1434, 1436, 1473, 1474]
[1397, 1398, 1435, 1437, 1474, 1475]
[1398, 1399, 1436, 1438, 1475, 1476]
[1399, 1400, 1437, 1439, 1476, 1477]
[1400, 1401, 1438, 1440, 1477, 1478]
[1401, 1402, 1439, 1441, 1478, 1479]
[1402, 1403, 1440, 1442, 1479, 1480]
[1365, 1403, 1404, 1441, 1480, 1481]
[1404, 1405, 1444, 1481, 1482, 1520]
[1405, 1406, 1443, 1445, 1482, 1483]
[1406, 1407, 1444, 1446, 1483, 1484]
[1407, 1408, 1445, 1447, 1484, 1485]
[1408, 1409, 1446, 1448, 1485, 1486]
[1409, 1410, 1447, 1449, 1486, 1487]
[1410, 1411, 1448, 1450, 1487, 1488]
[1411, 1412, 1449, 1451, 1488, 1489]
[1412, 1413, 1450, 1452, 1489, 1490]
[1413, 1414, 1451, 1453, 1490, 1491]
[1414, 1415, 1452, 1454, 1491, 1492]
[1415, 1416, 1453, 1455, 1492, 1493]
[1416, 1417, 1454, 1456, 1493, 1494]
[1417, 1418, 1455, 1457, 1494, 1495]
[1418, 1419, 1456, 1458, 1495, 1496]
[1419, 1420, 1457, 1459, 1496, 1497]
[1420, 1421, 1458, 1460, 1497, 1498]
[1421, 1422, 1459, 1461, 1498, 1499]
[1422, 1423, 1460, 1462, 1499, 1500]
[1423, 1424, 1461, 1463, 1500, 1501]
[1424, 1425, 1462, 1464, 1501, 1502]
[1425, 1426, 1463, 1465, 1502, 1503]
[1426, 1427, 1464, 1466, 1503, 1504]
[1427, 1428, 1465, 1467, 1504, 1505]
[1428, 1429, 1466, 1468, 1505, 1506]
[1429, 1430, 1467, 1469, 1506, 1507]
[1430, 1431, 1468, 1470, 1507, 1508]
[1431, 1432, 1469, 1471, 1508, 1509]
[1432, 1433, 1470, 1472, 1509, 1510]
[1433, 1434, 1471, 1473, 1510, 1511]
[1434, 1435, 1472, 1474, 1511, 1512]
[1435, 1436, 1473, 1475, 1512, 1513]
[1436, 1437, 1474, 1476, 1513, 1514]
[1437, 1438, 1475, 1477, 1514, 1515]
[1438, 1439, 1476, 1478, 1515, 1516]
[1439, 1440, 1477, 1479, 1516, 1517]
[1440, 1441, 1478, 1480, 1517, 1518]
[1441, 1442, 1479, 1481, 1518, 1519]
[1404, 1442, 1443, 1480, 1519, 1520]
[0, 38, 1443, 1444, 1483, 1520]
[0, 1, 1444, 1445, 1482, 1484]
[1, 2, 1445, 1446, 1483, 1485]
[2, 3, 1446, 1447, 1484, 1486]
[3, 4, 1447, 1448, 1485, 1487]
[4, 5, 1448, 1449, 1486, 1488]
[5, 6, 1449, 1450, 1487, 1489]
[6, 7, 1450, 1451, 1488, 1490]
[7, 8, 1451, 1452, 1489, 1491]
[8, 9, 1452, 1453, 1490, 1492]
[9, 10, 1453, 1454, 1491, 1493]
[10, 11, 1454, 1455, 1492, 1494]
[11, 12, 1455, 1456, 1493, 1495]
[12, 13, 1456, 1457, 1494, 1496]
[13, 14, 1457, 1458, 1495, 1497]
[14, 15, 1458, 1459, 1496, 1498]
[15, 16, 1459, 1460, 1497, 1499]
[16, 17, 1460, 1461, 1498, 1500]
[17, 18, 1461, 1462, 1499, 1501]
[18, 19, 1462, 1463, 1500, 1502]
[19, 20, 1463, 1464, 1501, 1503]
[20, 21, 1464, 1465, 1502, 1504]
[21, 22, 1465, 1466, 1503, 1505]
[22, 23, 1466, 1467, 1504, 1506]
[23, 24, 1467, 1468, 1505, 1507]
[24, 25, 1468, 1469, 1506, 1508]
[25, 26, 1469, 1470, 1507, 1509]
[26, 27, 1470, 1471, 1508, 1510]
[27, 28, 1471, 1472, 1509, 1511]
[28, 29, 1472, 1473, 1510, 1512]
[29, 30, 1473, 1474, 1511, 1513]
[30, 31, 1474, 1475, 1512, 1514]
[31, 32, 1475, 1476, 1513, 1515]
[32, 33, 1476, 1477, 1514, 1516]
[33, 34, 1477, 1478, 1515, 1517]
[34, 35, 1478, 1479, 1516, 1518]
[35, 36, 1479, 1480, 1517, 1519]
[36, 37, 1480, 1481, 1518, 1520]
[37, 38, 1443, 1481, 1482, 1519]
