[1, 37, 38, 1406]
[0, 2, 39, 1407]
[1, 3, 40, 1408]
[2, 4, 41, 1409]
[3, 5, 42, 1410]
[4, 6, 43, 1411]
[5, 7, 44, 1412]
[6, 8, 45, 1413]
[7, 9, 46, 1414]
[8, 10, 47, 1415]
[9, 11, 48, 1416]
[10, 12, 49, 1417]
[11, 13, 50, 1418]
[12, 14, 51, 1419]
[13, 15, 52, 1420]
[14, 16, 53, 1421]
[15, 17, 54, 1422]
[16, 18, 55, 1423]
[17, 19, 56, 1424]
[18, 20, 57, 1425]
[19, 21, 58, 1426]
[20, 22, 59, 1427]
[21, 23, 60, 1428]
[22, 24, 61, 1429]
[23, 25, 62, 1430]
[24, 26, 63, 1431]
[25, 27, 64, 1432]
[26, 28, 65, 1433]
[27, 29, 66, 1434]
[28, 30, 67, 1435]
[29, 31, 68, 1436]
[30, 32, 69, 1437]
[31, 33, 70, 1438]
[32, 34, 71, 1439]
[33, 35, 72, 1440]
[34, 36, 73, 1441]
[35, 37, 74, 1442]
[0, 36, 75, 1443]
[0, 39, 75, 76]
[1, 38, 40, 77]
[2, 39, 41, 78]
[3, 40, 42, 79]
[4, 41, 43, 80]
[5, 42, 44, 81]
[6, 43, 45, 82]
[7, 44, 46, 83]
[8, 45, 47, 84]
[9, 46, 48, 85]
[10, 47, 49, 86]
[11, 48, 50, 87]
[12, 49, 51, 88]
[13, 50, 52, 89]
[14, 51, 53, 90]
[15, 52, 54, 91]
[16, 53, 55, 92]
[17, 54, 56, 93]
[18, 55, 57, 94]
[19, 56, 58, 95]
[20, 57, 59, 96]
[21, 58, 60, 97]
[22, 59, 61, 98]
[23, 60, 62, 99]
[24, 61, 63, 100]
[25, 62, 64, 101]
[26, 63, 65, 102]
[27, 64, 66, 103]
[28, 65, 67, 104]
[29, 66, 68, 105]
[30, 67, 69, 106]
[31, 68, 70, 107]
[32, 69, 71, 108]
[33, 70, 72, 109]
[34, 71, 73, 110]
[35, 72, 74, 111]
[36, 73, 75, 112]
[37, 38, 74, 113]
[38, 77, 113, 114]
[39, 76, 78, 115]
[40, 77, 79, 116]
[41, 78, 80, 117]
[42, 79, 81, 118]
[43, 80, 82, 119]
[44, 81, 83, 120]
[45, 82, 84, 121]
[46, 83, 85, 122]
[47, 84, 86, 123]
[48, 85, 87, 124]
[49, 86, 88, 125]
[50, 87, 89, 126]
[51, 88, 90, 127]
[52, 89, 91, 128]
[53, 90, 92, 129]
[54, 91, 93, 130]
[55, 92, 94, 131]
[56, 93, 95, 132]
[57, 94, 96, 133]
[58, 95, 97, 134]
[59, 96, 98, 135]
[60, 97, 99, 136]
[61, 98, 100, 137]
[62, 99, 101, 138]
[63, 100, 102, 139]
[64, 101, 103, 140]
[65, 102, 104, 141]
[66, 103, 105, 142]
[67, 104, 106, 143]
[68, 105, 107, 144]
[69, 106, 108, 145]
[70, 107, 109, 146]
[71, 108, 110, 147]
[72, 109, 111, 148]
[73, 110, 112, 149]
[74, 111, 113, 150]
[75, 76, 112, 151]
[76, 115, 151, 152]
[77, 114, 116, 153]
[78, 115, 117, 154]
[79, 116, 118, 155]
[80, 117, 119, 156]
[81, 118, 120, 157]
[82, 119, 121, 158]
[83, 120, 122, 159]
[84, 121, 123, 160]
[85, 122, 124, 161]
[86, 123, 125, 162]
[87, 124, 126, 163]
[88, 125, 127, 164]
[89, 126, 128, 165]
[90, 127, 129, 166]
[91, 128, 130, 167]
[92, 129, 131, 168]
[93, 130, 132, 169]
[94, 131, 133, 170]
[95, 132, 134, 171]
[96, 133, 135, 172]
[97, 134, 136, 173]
[98, 135, 137, 174]
[99, 136, 138, 175]
[100, 137, 139, 176]
[101, 138, 140, 177]
[102, 139, 141, 178]
[103, 140, 142, 179]
[104, 141, 143, 180]
[105, 142, 144, 181]
[106, 143, 145, 182]
[107, 144, 146, 183]
[108, 145, 147, 184]
[109, 146, 148, 185]
[110, 147, 149, 186]
[111, 148, 150, 187]
[112, 149, 151, 188]
[113, 114, 150, 189]
[114, 153, 189, 190]
[115, 152, 154, 191]
[116, 153, 155, 192]
[117, 154, 156, 193]
[118, 155, 157, 194]
[119, 156, 158, 195]
[120, 157, 159, 196]
[121, 158, 160, 197]
[122, 159, 161, 198]
[123, 160, 162, 199]
[124, 161, 163, 200]
[125, 162, 164, 201]
[126, 163, 165, 202]
[127, 164, 166, 203]
[128, 165, 167, 204]
[129, 166, 168, 205]
[130, 167, 169, 206]
[131, 168, 170, 207]
[132, 169, 171, 208]
[133, 170, 172, 209]
[134, 171, 173, 210]
[135, 172, 174, 211]
[136, 173, 175, 212]
[137, 174, 176, 213]
[138, 175, 177, 214]
[139, 176, 178, 215]
[140, 177, 179, 216]
[141, 178, 180, 217]
[142, 179, 181, 218]
[143, 180, 182, 219]
[144, 181, 183, 220]
[145, 182, 184, 221]
[146, 183, 185, 222]
[147, 184, 186, 223]
[148, 185, 187, 224]
[149, 186, 188, 225]
[150, 187, 189, 226]
[151, 152, 188, 227]
[152, 191, 227, 228]
[153, 190, 192, 229]
[154, 191, 193, 230]
[155, 192, 194, 231]
[156, 193, 195, 232]
[157, 194, 196, 233]
[158, 195, 197, 234]
[159, 196, 198, 235]
[160, 197, 199, 236]
[161, 198, 200, 237]
[162, 199, 201, 238]
[163, 200, 202, 239]
[164, 201, 203, 240]
[165, 202, 204, 241]
[166, 203, 205, 242]
[167, 204, 206, 243]
[168, 205, 207, 244]
[169, 206, 208, 245]
[170, 207, 209, 246]
[171, 208, 210, 247]
[172, 209, 211, 248]
[173, 210, 212, 249]
[174, 211, 213, 250]
[175, 212, 214, 251]
[176, 213, 215, 252]
[177, 214, 216, 253]
[178, 215, 217, 254]
[179, 216, 218, 255]
[180, 217, 219, 256]
[181, 218, 220, 257]
[182, 219, 221, 258]
[183, 220, 222, 259]
[184, 221, 223, 260]
[185, 222, 224, 261]
[186, 223, 225, 262]
[187, 224, 226, 263]
[188, 225, 227, 264]
[189, 190, 226, 265]
[190, 229, 265, 266]
[191, 228, 230, 267]
[192, 229, 231, 268]
[193, 230, 232, 269]
[194, 231, 233, 270]
[195, 232, 234, 271]
[196, 233, 235, 272]
[197, 234, 236, 273]
[198, 235, 237, 274]
[199, 236, 238, 275]
[200, 237, 239, 276]
[201, 238, 240, 277]
[202, 239, 241, 278]
[203, 240, 242, 279]
[204, 241, 243, 280]
[205, 242, 244, 281]
[206, 243, 245, 282]
[207, 244, 246, 283]
[208, 245, 247, 284]
[209, 246, 248, 285]
[210, 247, 249, 286]
[211, 248, 250, 287]
[212, 249, 251, 288]
[213, 250, 252, 289]
[214, 251, 253, 290]
[215, 252, 254, 291]
[216, 253, 255, 292]
[217, 254, 256, 293]
[218, 255, 257, 294]
[219, 256, 258, 295]
[220, 257, 259, 296]
[221, 258, 260, 297]
[222, 259, 261, 298]
[223, 260, 262, 299]
[224, 261, 263, 300]
[225, 262, 264, 301]
[226, 263, 265, 302]
[227, 228, 264, 303]
[228, 267, 303, 304]
[229, 266, 268, 305]
[230, 267, 269, 306]
[231, 268, 270, 307]
[232, 269, 271, 308]
[233, 270, 272, 309]
[234, 271, 273, 310]
[235, 272, 274, 311]
[236, 273, 275, 312]
[237, 274, 276, 313]
[238, 275, 277, 314]
[239, 276, 278, 315]
[240, 277, 279, 316]
[241, 278, 280, 317]
[242, 279, 281, 318]
[243, 280, 282, 319]
[244, 281, 283, 320]
[245, 282, 284, 321]
[246, 283, 285, 322]
[247, 284, 286, 323]
[248, 285, 287, 324]
[249, 286, 288, 325]
[250, 287, 289, 326]
[251, 288, 290, 327]
[252, 289, 291, 328]
[253, 290, 292, 329]
[254, 291, 293, 330]
[255, 292, 294, 331]
[256, 293, 295, 332]
[257, 294, 296, 333]
[258, 295, 297, 334]
[259, 296, 298, 335]
[260, 297, 299, 336]
[261, 298, 300, 337]
[262, 299, 301, 338]
[263, 300, 302, 339]
[264, 301, 303, 340]
[265, 266, 302, 341]
[266, 305, 341, 342]
[267, 304, 306, 343]
[268, 305, 307, 344]
[269, 306, 308, 345]
[270, 307, 309, 346]
[271, 308, 310, 347]
[272, 309, 311, 348]
[273, 310, 312, 349]
[274, 311, 313, 350]
[275, 312, 314, 351]
[276, 313, 315, 352]
[277, 314, 316, 353]
[278, 315, 317, 354]
[279, 316, 318, 355]
[280, 317, 319, 356]
[281, 318, 320, 357]
[282, 319, 321, 358]
[283, 320, 322, 359]
[284, 321, 323, 360]
[285, 322, 324, 361]
[286, 323, 325, 362]
[287, 324, 326, 363]
[288, 325, 327, 364]
[289, 326, 328, 365]
[290, 327, 329, 366]
[291, 328, 330, 367]
[292, 329, 331, 368]
[293, 330, 332, 369]
[294, 331, 333, 370]
[295, 332, 334, 371]
[296, 333, 335, 372]
[297, 334, 336, 373]
[298, 335, 337, 374]
[299, 336, 338, 375]
[300, 337, 339, 376]
[301, 338, 340, 377]
[302, 339, 341, 378]
[303, 304, 340, 379]
[304, 343, 379, 380]
[305, 342, 344, 381]
[306, 343, 345, 382]
[307, 344, 346, 383]
[308, 345, 347, 384]
[309, 346, 348, 385]
[310, 347, 349, 386]
[311, 348, 350, 387]
[312, 349, 351, 388]
[313, 350, 352, 389]
[314, 351, 353, 390]
[315, 352, 354, 391]
[316, 353, 355, 392]
[317, 354, 356, 393]
[318, 355, 357, 394]
[319, 356, 358, 395]
[320, 357, 359, 396]
[321, 358, 360, 397]
[322, 359, 361, 398]
[323, 360, 362, 399]
[324, 361, 363, 400]
[325, 362, 364, 401]
[326, 363, 365, 402]
[327, 364, 366, 403]
[328, 365, 367, 404]
[329, 366, 368, 405]
[330, 367, 369, 406]
[331, 368, 370, 407]
[332, 369, 371, 408]
[333, 370, 372, 409]
[334, 371, 373, 410]
[335, 372, 374, 411]
[336, 373, 375, 412]
[337, 374, 376, 413]
[338, 375, 377, 414]
[339, 376, 378, 415]
[340, 377, 379, 416]
[341, 342, 378, 417]
[342, 381, 417, 418]
[343, 380, 382, 419]
[344, 381, 383, 420]
[345, 382, 384, 421]
[346, 383, 385, 422]
[347, 384, 386, 423]
[348, 385, 387, 424]
[349, 386, 388, 425]
[350, 387, 389, 426]
[351, 388, 390, 427]
[352, 389, 391, 428]
[353, 390, 392, 429]
[354, 391, 393, 430]
[355, 392, 394, 431]
[356, 393, 395, 432]
[357, 394, 396, 433]
[358, 395, 397, 434]
[359, 396, 398, 435]
[360, 397, 399, 436]
[361, 398, 400, 437]
[362, 399, 401, 438]
[363, 400, 402, 439]
[364, 401, 403, 440]
[365, 402, 404, 441]
[366, 403, 405, 442]
[367, 404, 406, 443]
[368, 405, 407, 444]
[369, 406, 408, 445]
[370, 407, 409, 446]
[371, 408, 410, 447]
[372, 409, 411, 448]
[373, 410, 412, 449]
[374, 411, 413, 450]
[375, 412, 414, 451]
[376, 413, 415, 452]
[377, 414, 416, 453]
[378, 415, 417, 454]
[379, 380, 416, 455]
[380, 419, 455, 456]
[381, 418, 420, 457]
[382, 419, 421, 458]
[383, 420, 422, 459]
[384, 421, 423, 460]
[385, 422, 424, 461]
[386, 423, 425, 462]
[387, 424, 426, 463]
[388, 425, 427, 464]
[389, 426, 428, 465]
[390, 427, 429, 466]
[391, 428, 430, 467]
[392, 429, 431, 468]
[393, 430, 432, 469]
[394, 431, 433, 470]
[395, 432, 434, 471]
[396, 433, 435, 472]
[397, 434, 436, 473]
[398, 435, 437, 474]
[399, 436, 438, 475]
[400, 437, 439, 476]
[401, 438, 440, 477]
[402, 439, 441, 478]
[403, 440, 442, 479]
[404, 441, 443, 480]
[405, 442, 444, 481]
[406, 443, 445, 482]
[407, 444, 446, 483]
[408, 445, 447, 484]
[409, 446, 448, 485]
[410, 447, 449, 486]
[411, 448, 450, 487]
[412, 449, 451, 488]
[413, 450, 452, 489]
[414, 451, 453, 490]
[415, 452, 454, 491]
[416, 453, 455, 492]
[417, 418, 454, 493]
[418, 457, 493, 494]
[419, 456, 458, 495]
[420, 457, 459, 496]
[421, 458, 460, 497]
[422, 459, 461, 498]
[423, 460, 462, 499]
[424, 461, 463, 500]
[425, 462, 464, 501]
[426, 463, 465, 502]
[427, 464, 466, 503]
[428, 465, 467, 504]
[429, 466, 468, 505]
[430, 467, 469, 506]
[431, 468, 470, 507]
[432, 469, 471, 508]
[433, 470, 472, 509]
[434, 471, 473, 510]
[435, 472, 474, 511]
[436, 473, 475, 512]
[437, 474, 476, 513]
[438, 475, 477, 514]
[439, 476, 478, 515]
[440, 477, 479, 516]
[441, 478, 480, 517]
[442, 479, 481, 518]
[443, 480, 482, 519]
[444, 481, 483, 520]
[445, 482, 484, 521]
[446, 483, 485, 522]
[447, 484, 486, 523]
[448, 485, 487, 524]
[449, 486, 488, 525]
[450, 487, 489, 526]
[451, 488, 490, 527]
[452, 489, 491, 528]
[453, 490, 492, 529]
[454, 491, 493, 530]
[455, 456, 492, 531]
[456, 495, 531, 532]
[457, 494, 496, 533]
[458, 495, 497, 534]
[459, 496, 498, 535]
[460, 497, 499, 536]
[461, 498, 500, 537]
[462, 499, 501, 538]
[463, 500, 502, 539]
[464, 501, 503, 540]
[465, 502, 504, 541]
[466, 503, 505, 542]
[467, 504, 506, 543]
[468, 505, 507, 544]
[469, 506, 508, 545]
[470, 507, 509, 546]
[471, 508, 510, 547]
[472, 509, 511, 548]
[473, 510, 512, 549]
[474, 511, 513, 550]
[475, 512, 514, 551]
[476, 513, 515, 552]
[477, 514, 516, 553]
[478, 515, 517, 554]
[479, 516, 518, 555]
[480, 517, 519, 556]
[481, 518, 520, 557]
[482, 519, 521, 558]
[483, 520, 522, 559]
[484, 521, 523, 560]
[485, 522, 524, 561]
[486, 523, 525, 562]
[487, 524, 526, 563]
[488, 525, 527, 564]
[489, 526, 528, 565]
[490, 527, 529, 566]
[491, 528, 530, 567]
[492, 529, 531, 568]
[493, 494, 530, 569]
[494, 533, 569, 570]
[495, 532, 534, 571]
[496, 533, 535, 572]
[497, 534, 536, 573]
[498, 535, 537, 574]
[499, 536, 538, 575]
[500, 537, 539, 576]
[501, 538, 540, 577]
[502, 539, 541, 578]
[503, 540, 542, 579]
[504, 541, 543, 580]
[505, 542, 544, 581]
[506, 543, 545, 582]
[507, 544, 546, 583]
[508, 545, 547, 584]
[509, 546, 548, 585]
[510, 547, 549, 586]
[511, 548, 550, 587]
[512, 549, 551, 588]
[513, 550, 552, 589]
[514, 551, 553, 590]
[515, 552, 554, 591]
[516, 553, 555, 592]
[517, 554, 556, 593]
[518, 555, 557, 594]
[519, 556, 558, 595]
[520, 557, 559, 596]
[521, 558, 560, 597]
[522, 559, 561, 598]
[523, 560, 562, 599]
[524, 561, 563, 600]
[525, 562, 564, 601]
[526, 563, 565, 602]
[527, 564, 566, 603]
[528, 565, 567, 604]
[529, 566, 568, 605]
[530, 567, 569, 606]
[531, 532, 568, 607]
[532, 571, 607, 608]
[533, 570, 572, 609]
[534, 571, 573, 610]
[535, 572, 574, 611]
[536, 573, 575, 612]
[537, 574, 576, 613]
[538, 575, 577, 614]
[539, 576, 578, 615]
[540, 577, 579, 616]
[541, 578, 580, 617]
[542, 579, 581, 618]
[543, 580, 582, 619]
[544, 581, 583, 620]
[545, 582, 584, 621]
[546, 583, 585, 622]
[547, 584, 586, 623]
[548, 585, 587, 624]
[549, 586, 588, 625]
[550, 587, 589, 626]
[551, 588, 590, 627]
[552, 589, 591, 628]
[553, 590, 592, 629]
[554, 591, 593, 630]
[555, 592, 594, 631]
[556, 593, 595, 632]
[557, 594, 596, 633]
[558, 595, 597, 634]
[559, 596, 598, 635]
[560, 597, 599, 636]
[561, 598, 600, 637]
[562, 599, 601, 638]
[563, 600, 602, 639]
[564, 601, 603, 640]
[565, 602, 604, 641]
[566, 603, 605, 642]
[567, 604, 606, 643]
[568, 605, 607, 644]
[569, 570, 606, 645]
[570, 609, 645, 646]
[571, 608, 610, 647]
[572, 609, 611, 648]
[573, 610, 612, 649]
[574, 611, 613, 650]
[575, 612, 614, 651]
[576, 613, 615, 652]
[577, 614, 616, 653]
[578, 615, 617, 654]
[579, 616, 618, 655]
[580, 617, 619, 656]
[581, 618, 620, 657]
[582, 619, 621, 658]
[583, 620, 622, 659]
[584, 621, 623, 660]
[585, 622, 624, 661]
[586, 623, 625, 662]
[587, 624, 626, 663]
[588, 625, 627, 664]
[589, 626, 628, 665]
[590, 627, 629, 666]
[591, 628, 630, 667]
[592, 629, 631, 668]
[593, 630, 632, 669]
[594, 631, 633, 670]
[595, 632, 634, 671]
[596, 633, 635, 672]
[597, 634, 636, 673]
[598, 635, 637, 674]
[599, 636, 638, 675]
[600, 637, 639, 676]
[601, 638, 640, 677]
[602, 639, 641, 678]
[603, 640, 642, 679]
[604, 641, 643, 680]
[605, 642, 644, 681]
[606, 643, 645, 682]
[607, 608, 644, 683]
[608, 647, 683, 684]
[609, 646, 648, 685]
[610, 647, 649, 686]
[611, 648, 650, 687]
[612, 649, 651, 688]
[613, 650, 652, 689]
[614, 651, 653, 690]
[615, 652, 654, 691]
[616, 653, 655, 692]
[617, 654, 656, 693]
[618, 655, 657, 694]
[619, 656, 658, 695]
[620, 657, 659, 696]
[621, 658, 660, 697]
[622, 659, 661, 698]
[623, 660, 662, 699]
[624, 661, 663, 700]
[625, 662, 664, 701]
[626, 663, 665, 702]
[627, 664, 666, 703]
[628, 665, 667, 704]
[629, 666, 668, 705]
[630, 667, 669, 706]
[631, 668, 670, 707]
[632, 669, 671, 708]
[633, 670, 672, 709]
[634, 671, 673, 710]
[635, 672, 674, 711]
[636, 673, 675, 712]
[637, 674, 676, 713]
[638, 675, 677, 714]
[639, 676, 678, 715]
[640, 677, 679, 716]
[641, 678, 680, 717]
[642, 679, 681, 718]
[643, 680, 682, 719]
[644, 681, 683, 720]
[645, 646, 682, 721]
[646, 685, 721, 722]
[647, 684, 686, 723]
[648, 685, 687, 724]
[649, 686, 688, 725]
[650, 687, 689, 726]
[651, 688, 690, 727]
[652, 689, 691, 728]
[653, 690, 692, 729]
[654, 691, 693, 730]
[655, 692, 694, 731]
[656, 693, 695, 732]
[657, 694, 696, 733]
[658, 695, 697, 734]
[659, 696, 698, 735]
[660, 697, 699, 736]
[661, 698, 700, 737]
[662, 699, 701, 738]
[663, 700, 702, 739]
[664, 701, 703, 740]
[665, 702, 704, 741]
[666, 703, 705, 742]
[667, 704, 706, 743]
[668, 705, 707, 744]
[669, 706, 708, 745]
[670, 707, 709, 746]
[671, 708, 710, 747]
[672, 709, 711, 748]
[673, 710, 712, 749]
[674, 711, 713, 750]
[675, 712, 714, 751]
[676, 713, 715, 752]
[677, 714, 716, 753]
[678, 715, 717, 754]
[679, 716, 718, 755]
[680, 717, 719, 756]
[681, 718, 720, 757]
[682, 719, 721, 758]
[683, 684, 720, 759]
[684, 723, 759, 760]
[685, 722, 724, 761]
[686, 723, 725, 762]
[687, 724, 726, 763]
[688, 725, 727, 764]
[689, 726, 728, 765]
[690, 727, 729, 766]
[691, 728, 730, 767]
[692, 729, 731, 768]
[693, 730, 732, 769]
[694, 731, 733, 770]
[695, 732, 734, 771]
[696, 733, 735, 772]
[697, 734, 736, 773]
[698, 735, 737, 774]
[699, 736, 738, 775]
[700, 737, 739, 776]
[701, 738, 740, 777]
[702, 739, 741, 778]
[703, 740, 742, 779]
[704, 741, 743, 780]
[705, 742, 744, 781]
[706, 743, 745, 782]
[707, 744, 746, 783]
[708, 745, 747, 784]
[709, 746, 748, 785]
[710, 747, 749, 786]
[711, 748, 750, 787]
[712, 749, 751, 788]
[713, 750, 752, 789]
[714, 751, 753, 790]
[715, 752, 754, 791]
[716, 753, 755, 792]
[717, 754, 756, 793]
[718, 755, 757, 794]
[719, 756, 758, 795]
[720, 757, 759, 796]
[721, 722, 758, 797]
[722, 761, 797, 798]
[723, 760, 762, 799]
[724, 761, 763, 800]
[725, 762, 764, 801]
[726, 763, 765, 802]
[727, 764, 766, 803]
[728, 765, 767, 804]
[729, 766, 768, 805]
[730, 767, 769, 806]
[731, 768, 770, 807]
[732, 769, 771, 808]
[733, 770, 772, 809]
[734, 771, 773, 810]
[735, 772, 774, 811]
[736, 773, 775, 812]
[737, 774, 776, 813]
[738, 775, 777, 814]
[739, 776, 778, 815]
[740, 777, 779, 816]
[741, 778, 780, 817]
[742, 779, 781, 818]
[743, 780, 782, 819]
[744, 781, 783, 820]
[745, 782, 784, 821]
[746, 783, 785, 822]
[747, 784, 786, 823]
[748, 785, 787, 824]
[749, 786, 788, 825]
[750, 787, 789, 826]
[751, 788, 790, 827]
[752, 789, 791, 828]
[753, 790, 792, 829]
[754, 791, 793, 830]
[755, 792, 794, 831]
[756, 793, 795, 832]
[757, 794, 796, 833]
[758, 795, 797, 834]
[759, 760, 796, 835]
[760, 799, 835, 836]
[761, 798, 800, 837]
[762, 799, 801, 838]
[763, 800, 802, 839]
[764, 801, 803, 840]
[765, 802, 804, 841]
[766, 803, 805, 842]
[767, 804, 806, 843]
[768, 805, 807, 844]
[769, 806, 808, 845]
[770, 807, 809, 846]
[771, 808, 810, 847]
[772, 809, 811, 848]
[773, 810, 812, 849]
[774, 811, 813, 850]
[775, 812, 814, 851]
[776, 813, 815, 852]
[777, 814, 816, 853]
[778, 815, 817, 854]
[779, 816, 818, 855]
[780, 817, 819, 856]
[781, 818, 820, 857]
[782, 819, 821, 858]
[783, 820, 822, 859]
[784, 821, 823, 860]
[785, 822, 824, 861]
[786, 823, 825, 862]
[787, 824, 826, 863]
[788, 825, 827, 864]
[789, 826, 828, 865]
[790, 827, 829, 866]
[791, 828, 830, 867]
[792, 829, 831, 868]
[793, 830, 832, 869]
[794, 831, 833, 870]
[795, 832, 834, 871]
[796, 833, 835, 872]
[797, 798, 834, 873]
[798, 837, 873, 874]
[799, 836, 838, 875]
[800, 837, 839, 876]
[801, 838, 840, 877]
[802, 839, 841, 878]
[803, 840, 842, 879]
[804, 841, 843, 880]
[805, 842, 844, 881]
[806, 843, 845, 882]
[807, 844, 846, 883]
[808, 845, 847, 884]
[809, 846, 848, 885]
[810, 847, 849, 886]
[811, 848, 850, 887]
[812, 849, 851, 888]
[813, 850, 852, 889]
[814, 851, 853, 890]
[815, 852, 854, 891]
[816, 853, 855, 892]
[817, 854, 856, 893]
[818, 855, 857, 894]
[819, 856, 858, 895]
[820, 857, 859, 896]
[821, 858, 860, 897]
[822, 859, 861, 898]
[823, 860, 862, 899]
[824, 861, 863, 900]
[825, 862, 864, 901]
[826, 863, 865, 902]
[827, 864, 866, 903]
[828, 865, 867, 904]
[829, 866, 868, 905]
[830, 867, 869, 906]
[831, 868, 870, 907]
[832, 869, 871, 908]
[833, 870, 872, 909]
[834, 871, 873, 910]
[835, 836, 872, 911]
[836, 875, 911, 912]
[837, 874, 876, 913]
[838, 875, 877, 914]
[839, 876, 878, 915]
[840, 877, 879, 916]
[841, 878, 880, 917]
[842, 879, 881, 918]
[843, 880, 882, 919]
[844, 881, 883, 920]
[845, 882, 884, 921]
[846, 883, 885, 922]
[847, 884, 886, 923]
[848, 885, 887, 924]
[849, 886, 888, 925]
[850, 887, 889, 926]
[851, 888, 890, 927]
[852, 889, 891, 928]
[853, 890, 892, 929]
[854, 891, 893, 930]
[855, 892, 894, 931]
[856, 893, 895, 932]
[857, 894, 896, 933]
[858, 895, 897, 934]
[859, 896, 898, 935]
[860, 897, 899, 936]
[861, 898, 900, 937]
[862, 899, 901, 938]
[863, 900, 902, 939]
[864, 901, 903, 940]
[865, 902, 904, 941]
[866, 903, 905, 942]
[867, 904, 906, 943]
[868, 905, 907, 944]
[869, 906, 908, 945]
[870, 907, 909, 946]
[871, 908, 910, 947]
[872, 909, 911, 948]
[873, 874, 910, 949]
[874, 913, 949, 950]
[875, 912, 914, 951]
[876, 913, 915, 952]
[877, 914, 916, 953]
[878, 915, 917, 954]
[879, 916, 918, 955]
[880, 917, 919, 956]
[881, 918, 920, 957]
[882, 919, 921, 958]
[883, 920, 922, 959]
[884, 921, 923, 960]
[885, 922, 924, 961]
[886, 923, 925, 962]
[887, 924, 926, 963]
[888, 925, 927, 964]
[889, 926, 928, 965]
[890, 927, 929, 966]
[891, 928, 930, 967]
[892, 929, 931, 968]
[893, 930, 932, 969]
[894, 931, 933, 970]
[895, 932, 934, 971]
[896, 933, 935, 972]
[897, 934, 936, 973]
[898, 935, 937, 974]
[899, 936, 938, 975]
[900, 937, 939, 976]
[901, 938, 940, 977]
[902, 939, 941, 978]
[903, 940, 942, 979]
[904, 941, 943, 980]
[905, 942, 944, 981]
[906, 943, 945, 982]
[907, 944, 946, 983]
[908, 945, 947, 984]
[909, 946, 948, 985]
[910, 947, 949, 986]
[911, 912, 948, 987]
[912, 951, 987, 988]
[913, 950, 952, 989]
[914, 951, 953, 990]
[915, 952, 954, 991]
[916, 953, 955, 992]
[917, 954, 956, 993]
[918, 955, 957, 994]
[919, 956, 958, 995]
[920, 957, 959, 996]
[921, 958, 960, 997]
[922, 959, 961, 998]
[923, 960, 962, 999]
[924, 961, 963, 1000]
[925, 962, 964, 1001]
[926, 963, 965, 1002]
[927, 964, 966, 1003]
[928, 965, 967, 1004]
[929, 966, 968, 1005]
[930, 967, 969, 1006]
[931, 968, 970, 1007]
[932, 969, 971, 1008]
[933, 970, 972, 1009]
[934, 971, 973, 1010]
[935, 972, 974, 1011]
[936, 973, 975, 1012]
[937, 974, 976, 1013]
[938, 975, 977, 1014]
[939, 976, 978, 1015]
[940, 977, 979, 1016]
[941, 978, 980, 1017]
[942, 979, 981, 1018]
[943, 980, 982, 1019]
[944, 981, 983, 1020]
[945, 982, 984, 1021]
[946, 983, 985, 1022]
[947, 984, 986, 1023]
[948, 985, 987, 1024]
[949, 950, 986, 1025]
[950, 989, 1025, 1026]
[951, 988, 990, 1027]
[952, 989, 991, 1028]
[953, 990, 992, 1029]
[954, 991, 993, 1030]
[955, 992, 994, 1031]
[956, 993, 995, 1032]
[957, 994, 996, 1033]
[958, 995, 997, 1034]
[959, 996, 998, 1035]
[960, 997, 999, 1036]
[961, 998, 1000, 1037]
[962, 999, 1001, 1038]
[963, 1000, 1002, 1039]
[964, 1001, 1003, 1040]
[965, 1002, 1004, 1041]
[966, 1003, 1005, 1042]
[967, 1004, 1006, 1043]
[968, 1005, 1007, 1044]
[969, 1006, 1008, 1045]
[970, 1007, 1009, 1046]
[971, 1008, 1010, 1047]
[972, 1009, 1011, 1048]
[973, 1010, 1012, 1049]
[974, 1011, 1013, 1050]
[975, 1012, 1014, 1051]
[976, 1013, 1015, 1052]
[977, 1014, 1016, 1053]
[978, 1015, 1017, 1054]
[979, 1016, 1018, 1055]
[980, 1017, 1019, 1056]
[981, 1018, 1020, 1057]
[982, 1019, 1021, 1058]
[983, 1020, 1022, 1059]
[984, 1021, 1023, 1060]
[985, 1022, 1024, 1061]
[986, 1023, 1025, 1062]
[987, 988, 1024, 1063]
[988, 1027, 1063, 1064]
[989, 1026, 1028, 1065]
[990, 1027, 1029, 1066]
[991, 1028, 1030, 1067]
[992, 1029, 1031, 1068]
[993, 1030, 1032, 1069]
[994, 1031, 1033, 1070]
[995, 1032, 1034, 1071]
[996, 1033, 1035, 1072]
[997, 1034, 1036, 1073]
[998, 1035, 1037, 1074]
[999, 1036, 1038, 1075]
[1000, 1037, 1039, 1076]
[1001, 1038, 1040, 1077]
[1002, 1039, 1041, 1078]
[1003, 1040, 1042, 1079]
[1004, 1041, 1043, 1080]
[1005, 1042, 1044, 1081]
[1006, 1043, 1045, 1082]
[1007, 1044, 1046, 1083]
[1008, 1045, 1047, 1084]
[1009, 1046, 1048, 1085]
[1010, 1047, 1049, 1086]
[1011, 1048, 1050, 1087]
[1012, 1049, 1051, 1088]
[1013, 1050, 1052, 1089]
[1014, 1051, 1053, 1090]
[1015, 1052, 1054, 1091]
[1016, 1053, 1055, 1092]
[1017, 1054, 1056, 1093]
[1018, 1055, 1057, 1094]
[1019, 1056, 1058, 1095]
[1020, 1057, 1059, 1096]
[1021, 1058, 1060, 1097]
[1022, 1059, 1061, 1098]
[1023, 1060, 1062, 1099]
[1024, 1061, 1063, 1100]
[1025, 1026, 1062, 1101]
[1026, 1065, 1101, 1102]
[1027, 1064, 1066, 1103]
[1028, 1065, 1067, 1104]
[1029, 1066, 1068, 1105]
[1030, 1067, 1069, 1106]
[1031, 1068, 1070, 1107]
[1032, 1069, 1071, 1108]
[1033, 1070, 1072, 1109]
[1034, 1071, 1073, 1110]
[1035, 1072, 1074, 1111]
[1036, 1073, 1075, 1112]
[1037, 1074, 1076, 1113]
[1038, 1075, 1077, 1114]
[1039, 1076, 1078, 1115]
[1040, 1077, 1079, 1116]
[1041, 1078, 1080, 1117]
[1042, 1079, 1081, 1118]
[1043, 1080, 1082, 1119]
[1044, 1081, 1083, 1120]
[1045, 1082, 1084, 1121]
[1046, 1083, 1085, 1122]
[1047, 1084, 1086, 1123]
[1048, 1085, 1087, 1124]
[1049, 1086, 1088, 1125]
[1050, 1087, 1089, 1126]
[1051, 1088, 1090, 1127]
[1052, 1089, 1091, 1128]
[1053, 1090, 1092, 1129]
[1054, 1091, 1093, 1130]
[1055, 1092, 1094, 1131]
[1056, 1093, 1095, 1132]
[1057, 1094, 1096, 1133]
[1058, 1095, 1097, 1134]
[1059, 1096, 1098, 1135]
[1060, 1097, 1099, 1136]
[1061, 1098, 1100, 1137]
[1062, 1099, 1101, 1138]
[1063, 1064, 1100, 1139]
[1064, 1103, 1139, 1140]
[1065, 1102, 1104, 1141]
[1066, 1103, 1105, 1142]
[1067, 1104, 1106, 1143]
[1068, 1105, 1107, 1144]
[1069, 1106, 1108, 1145]
[1070, 1107, 1109, 1146]
[1071, 1108, 1110, 1147]
[1072, 1109, 1111, 1148]
[1073, 1110, 1112, 1149]
[1074, 1111, 1113, 1150]
[1075, 1112, 1114, 1151]
[1076, 1113, 1115, 1152]
[1077, 1114, 1116, 1153]
[1078, 1115, 1117, 1154]
[1079, 1116, 1118, 1155]
[1080, 1117, 1119, 1156]
[1081, 1118, 1120, 1157]
[1082, 1119, 1121, 1158]
[1083, 1120, 1122, 1159]
[1084, 1121, 1123, 1160]
[1085, 1122, 1124, 1161]
[1086, 1123, 1125, 1162]
[1087, 1124, 1126, 1163]
[1088, 1125, 1127, 1164]
[1089, 1126, 1128, 1165]
[1090, 1127, 1129, 1166]
[1091, 1128, 1130, 1167]
[1092, 1129, 1131, 1168]
[1093, 1130, 1132, 1169]
[1094, 1131, 1133, 1170]
[1095, 1132, 1134, 1171]
[1096, 1133, 1135, 1172]
[1097, 1134, 1136, 1173]
[1098, 1135, 1137, 1174]
[1099, 1136, 1138, 1175]
[1100, 1137, 1139, 1176]
[1101, 1102, 1138, 1177]
[1102, 1141, 1177, 1178]
[1103, 1140, 1142, 1179]
[1104, 1141, 1143, 1180]
[1105, 1142, 1144, 1181]
[1106, 1143, 1145, 1182]
[1107, 1144, 1146, 1183]
[1108, 1145, 1147, 1184]
[1109, 1146, 1148, 1185]
[1110, 1147, 1149, 1186]
[1111, 1148, 1150, 1187]
[1112, 1149, 1151, 1188]
[1113, 1150, 1152, 1189]
[1114, 1151, 1153, 1190]
[1115, 1152, 1154, 1191]
[1116, 1153, 1155, 1192]
[1117, 1154, 1156, 1193]
[1118, 1155, 1157, 1194]
[1119, 1156, 1158, 1195]
[1120, 1157, 1159, 1196]
[1121, 1158, 1160, 1197]
[1122, 1159, 1161, 1198]
[1123, 1160, 1162, 1199]
[1124, 1161, 1163, 1200]
[1125, 1162, 1164, 1201]
[1126, 1163, 1165, 1202]
[1127, 1164, 1166, 1203]
[1128, 1165, 1167, 1204]
[1129, 1166, 1168, 1205]
[1130, 1167, 1169, 1206]
[1131, 1168, 1170, 1207]
[1132, 1169, 1171, 1208]
[1133, 1170, 1172, 1209]
[1134, 1171, 1173, 1210]
[1135, 1172, 1174, 1211]
[1136, 1173, 1175, 1212]
[1137, 1174, 1176, 1213]
[1138, 1175, 1177, 1214]
[1139, 1140, 1176, 1215]
[1140, 1179, 1215, 1216]
[1141, 1178, 1180, 1217]
[1142, 1179, 1181, 1218]
[1143, 1180, 1182, 1219]
[1144, 1181, 1183, 1220]
[1145, 1182, 1184, 1221]
[1146, 1183, 1185, 1222]
[1147, 1184, 1186, 1223]
[1148, 1185, 1187, 1224]
[1149, 1186, 1188, 1225]
[1150, 1187, 1189, 1226]
[1151, 1188, 1190, 1227]
[1152, 1189, 1191, 1228]
[1153, 1190, 1192, 1229]
[1154, 1191, 1193, 1230]
[1155, 1192, 1194, 1231]
[1156, 1193, 1195, 1232]
[1157, 1194, 1196, 1233]
[1158, 1195, 1197, 1234]
[1159, 1196, 1198, 1235]
[1160, 1197, 1199, 1236]
[1161, 1198, 1200, 1237]
[1162, 1199, 1201, 1238]
[1163, 1200, 1202, 1239]
[1164, 1201, 1203, 1240]
[1165, 1202, 1204, 1241]
[1166, 1203, 1205, 1242]
[1167, 1204, 1206, 1243]
[1168, 1205, 1207, 1244]
[1169, 1206, 1208, 1245]
[1170, 1207, 1209, 1246]
[1171, 1208, 1210, 1247]
[1172, 1209, 1211, 1248]
[1173, 1210, 1212, 1249]
[1174, 1211, 1213, 1250]
[1175, 1212, 1214, 1251]
[1176, 1213, 1215, 1252]
[1177, 1178, 1214, 1253]
[1178, 1217, 1253, 1254]
[1179, 1216, 1218, 1255]
[1180, 1217, 1219, 1256]
[1181, 1218, 1220, 1257]
[1182, 1219, 1221, 1258]
[1183, 1220, 1222, 1259]
[1184, 1221, 1223, 1260]
[1185, 1222, 1224, 1261]
[1186, 1223, 1225, 1262]
[1187, 1224, 1226, 1263]
[1188, 1225, 1227, 1264]
[1189, 1226, 1228, 1265]
[1190, 1227, 1229, 1266]
[1191, 1228, 1230, 1267]
[1192, 1229, 1231, 1268]
[1193, 1230, 1232, 1269]
[1194, 1231, 1233, 1270]
[1195, 1232, 1234, 1271]
[1196, 1233, 1235, 1272]
[1197, 1234, 1236, 1273]
[1198, 1235, 1237, 1274]
[1199, 1236, 1238, 1275]
[1200, 1237, 1239, 1276]
[1201, 1238, 1240, 1277]
[1202, 1239, 1241, 1278]
[1203, 1240, 1242, 1279]
[1204, 1241, 1243, 1280]
[1205, 1242, 1244, 1281]
[1206, 1243, 1245, 1282]
[1207, 1244, 1246, 1283]
[1208, 1245, 1247, 1284]
[1209, 1246, 1248, 1285]
[1210, 1247, 1249, 1286]
[1211, 1248, 1250, 1287]
[1212, 1249, 1251, 1288]
[1213, 1250, 1252, 1289]
[1214, 1251, 1253, 1290]
[1215, 1216, 1252, 1291]
[1216, 1255, 1291, 1292]
[1217, 1254, 1256, 1293]
[1218, 1255, 1257, 1294]
[1219, 1256, 1258, 1295]
[1220, 1257, 1259, 1296]
[1221, 1258, 1260, 1297]
[1222, 1259, 1261, 1298]
[1223, 1260, 1262, 1299]
[1224, 1261, 1263, 1300]
[1225, 1262, 1264, 1301]
[1226, 1263, 1265, 1302]
[1227, 1264, 1266, 1303]
[1228, 1265, 1267, 1304]
[1229, 1266, 1268, 1305]
[1230, 1267, 1269, 1306]
[1231, 1268, 1270, 1307]
[1232, 1269, 1271, 1308]
[1233, 1270, 1272, 1309]
[1234, 1271, 1273, 1310]
[1235, 1272, 1274, 1311]
[1236, 1273, 1275, 1312]
[1237, 1274, 1276, 1313]
[1238, 1275, 1277, 1314]
[1239, 1276, 1278, 1315]
[1240, 1277, 1279, 1316]
[1241, 1278, 1280, 1317]
[1242, 1279, 1281, 1318]
[1243, 1280, 1282, 1319]
[1244, 1281, 1283, 1320]
[1245, 1282, 1284, 1321]
[1246, 1283, 1285, 1322]
[1247, 1284, 1286, 1323]
[1248, 1285, 1287, 1324]
[1249, 1286, 1288, 1325]
[1250, 1287, 1289, 1326]
[1251, 1288, 1290, 1327]
[1252, 1289, 1291, 1328]
[1253, 1254, 1290, 1329]
[1254, 1293, 1329, 1330]
[1255, 1292, 1294, 1331]
[1256, 1293, 1295, 1332]
[1257, 1294, 1296, 1333]
[1258, 1295, 1297, 1334]
[1259, 1296, 1298, 1335]
[1260, 1297, 1299, 1336]
[1261, 1298, 1300, 1337]
[1262, 1299, 1301, 1338]
[1263, 1300, 1302, 1339]
[1264, 1301, 1303, 1340]
[1265, 1302, 1304, 1341]
[1266, 1303, 1305, 1342]
[1267, 1304, 1306, 1343]
[1268, 1305, 1307, 1344]
[1269, 1306, 1308, 1345]
[1270, 1307, 1309, 1346]
[1271, 1308, 1310, 1347]
[1272, 1309, 1311, 1348]
[1273, 1310, 1312, 1349]
[1274, 1311, 1313, 1350]
[1275, 1312, 1314, 1351]
[1276, 1313, 1315, 1352]
[1277, 1314, 1316, 1353]
[1278, 1315, 1317, 1354]
[1279, 1316, 1318, 1355]
[1280, 1317, 1319, 1356]
[1281, 1318, 1320, 1357]
[1282, 1319, 1321, 1358]
[1283, 1320, 1322, 1359]
[1284, 1321, 1323, 1360]
[1285, 1322, 1324, 1361]
[1286, 1323, 1325, 1362]
[1287, 1324, 1326, 1363]
[1288, 1325, 1327, 1364]
[1289, 1326, 1328, 1365]
[1290, 1327, 1329, 1366]
[1291, 1292, 1328, 1367]
[1292, 1331, 1367, 1368]
[1293, 1330, 1332, 1369]
[1294, 1331, 1333, 1370]
[1295, 1332, 1334, 1371]
[1296, 1333, 1335, 1372]
[1297, 1334, 1336, 1373]
[1298, 1335, 1337, 1374]
[1299, 1336, 1338, 1375]
[1300, 1337, 1339, 1376]
[1301, 1338, 1340, 1377]
[1302, 1339, 1341, 1378]
[1303, 1340, 1342, 1379]
[1304, 1341, 1343, 1380]
[1305, 1342, 1344, 1381]
[1306, 1343, 1345, 1382]
[1307, 1344, 1346, 1383]
[1308, 1345, 1347, 1384]
[1309, 1346, 1348, 1385]
[1310, 1347, 1349, 1386]
[1311, 1348, 1350, 1387]
[1312, 1349, 1351, 1388]
[1313, 1350, 1352, 1389]
[1314, 1351, 1353, 1390]
[1315, 1352, 1354, 1391]
[1316, 1353, 1355, 1392]
[1317, 1354, 1356, 1393]
[1318, 1355, 1357, 1394]
[1319, 1356, 1358, 1395]
[1320, 1357, 1359, 1396]
[1321, 1358, 1360, 1397]
[1322, 1359, 1361, 1398]
[1323, 1360, 1362, 1399]
[1324, 1361, 1363, 1400]
[1325, 1362, 1364, 1401]
[1326, 1363, 1365, 1402]
[1327, 1364, 1366, 1403]
[1328, 1365, 1367, 1404]
[1329, 1330, 1366, 1405]
[1330, 1369, 1405, 1406]
[1331, 1368, 1370, 1407]
[1332, 1369, 1371, 1408]
[1333, 1370, 1372, 1409]
[1334, 1371, 1373, 1410]
[1335, 1372, 1374, 1411]
[1336, 1373, 1375, 1412]
[1337, 1374, 1376, 1413]
[1338, 1375, 1377, 1414]
[1339, 1376, 1378, 1415]
[1340, 1377, 1379, 1416]
[1341, 1378, 1380, 1417]
[1342, 1379, 1381, 1418]
[1343, 1380, 1382, 1419]
[1344, 1381, 1383, 1420]
[1345, 1382, 1384, 1421]
[1346, 1383, 1385, 1422]
[1347, 1384, 1386, 1423]
[1348, 1385, 1387, 1424]
[1349, 1386, 1388, 1425]
[1350, 1387, 1389, 1426]
[1351, 1388, 1390, 1427]
[1352, 1389, 1391, 1428]
[1353, 1390, 1392, 1429]
[1354, 1391, 1393, 1430]
[1355, 1392, 1394, 1431]
[1356, 1393, 1395, 1432]
[1357, 1394, 1396, 1433]
[1358, 1395, 1397, 1434]
[1359, 1396, 1398, 1435]
[1360, 1397, 1399, 1436]
[1361, 1398, 1400, 1437]
[1362, 1399, 1401, 1438]
[1363, 1400, 1402, 1439]
[1364, 1401, 1403, 1440]
[1365, 1402, 1404, 1441]
[1366, 1403, 1405, 1442]
[1367, 1368, 1404, 1443]
[0, 1368, 1407, 1443]
[1, 1369, 1406, 1408]
[2, 1370, 1407, 1409]
[3, 1371, 1408, 1410]
[4, 1372, 1409, 1411]
[5, 1373, 1410, 1412]
[6, 1374, 1411, 1413]
[7, 1375, 1412, 1414]
[8, 1376, 1413, 1415]
[9, 1377, 1414, 1416]
[10, 1378, 1415, 1417]
[11, 1379, 1416, 1418]
[12, 1380, 1417, 1419]
[13, 1381, 1418, 1420]
[14, 1382, 1419, 1421]
[15, 1383, 1420, 1422]
[16, 1384, 1421, 1423]
[17, 1385, 1422, 1424]
[18, 1386, 1423, 1425]
[19, 1387, 1424, 1426]
[20, 1388, 1425, 1427]
[21, 1389, 1426, 1428]
[22, 1390, 1427, 1429]
[23, 1391, 1428, 1430]
[24, 1392, 1429, 1431]
[25, 1393, 1430, 1432]
[26, 1394, 1431, 1433]
[27, 1395, 1432, 1434]
[28, 1396, 1433, 1435]
[29, 1397, 1434, 1436]
[30, 1398, 1435, 1437]
[31, 1399, 1436, 1438]
[32, 1400, 1437, 1439]
[33, 1401, 1438, 1440]
[34, 1402, 1439, 1441]
[35, 1403, 1440, 1442]
[36, 1404, 1441, 1443]
[37, 1405, 1406, 1442]
