[1, 5, 69, 70, 794]
[0, 2, 4, 5, 69]
[1, 3, 4, 72, 77]
[2, 4, 6, 7, 77]
[1, 2, 3, 5, 6]
[0, 1, 4, 794, 795]
[3, 4, 7, 11, 800]
[3, 6, 8, 10, 11]
[7, 9, 10, 78, 83]
[8, 10, 12, 13, 83]
[7, 8, 9, 11, 12]
[6, 7, 10, 800, 801]
[9, 10, 13, 17, 806]
[9, 12, 14, 16, 17]
[13, 15, 16, 84, 89]
[14, 16, 18, 19, 89]
[13, 14, 15, 17, 18]
[12, 13, 16, 806, 807]
[15, 16, 19, 23, 812]
[15, 18, 20, 22, 23]
[19, 21, 22, 90, 95]
[20, 22, 24, 25, 95]
[19, 20, 21, 23, 24]
[18, 19, 22, 812, 813]
[21, 22, 25, 29, 818]
[21, 24, 26, 28, 29]
[25, 27, 28, 96, 101]
[26, 28, 30, 31, 101]
[25, 26, 27, 29, 30]
[24, 25, 28, 818, 819]
[27, 28, 31, 35, 824]
[27, 30, 32, 34, 35]
[31, 33, 34, 102, 107]
[32, 34, 36, 37, 107]
[31, 32, 33, 35, 36]
[30, 31, 34, 824, 825]
[33, 34, 37, 41, 830]
[33, 36, 38, 40, 41]
[37, 39, 40, 108, 113]
[38, 40, 42, 43, 113]
[37, 38, 39, 41, 42]
[36, 37, 40, 830, 831]
[39, 40, 43, 47, 836]
[39, 42, 44, 46, 47]
[43, 45, 46, 114, 119]
[44, 46, 48, 49, 119]
[43, 44, 45, 47, 48]
[42, 43, 46, 836, 837]
[45, 46, 49, 53, 842]
[45, 48, 50, 52, 53]
[49, 51, 52, 120, 125]
[50, 52, 54, 55, 125]
[49, 50, 51, 53, 54]
[48, 49, 52, 842, 843]
[51, 52, 55, 59, 848]
[51, 54, 56, 58, 59]
[55, 57, 58, 126, 131]
[56, 58, 60, 61, 131]
[55, 56, 57, 59, 60]
[54, 55, 58, 848, 849]
[57, 58, 61, 65, 854]
[57, 60, 62, 64, 65]
[61, 63, 64, 132, 137]
[62, 64, 66, 67, 137]
[61, 62, 63, 65, 66]
[60, 61, 64, 854, 855]
[63, 64, 67, 71, 860]
[63, 66, 68, 70, 71]
[67, 69, 70, 138, 143]
[0, 1, 68, 70, 143]
[0, 67, 68, 69, 71]
[66, 67, 70, 860, 861]
[2, 73, 77, 141, 142]
[72, 74, 76, 77, 141]
[73, 75, 76, 144, 149]
[74, 76, 78, 79, 149]
[73, 74, 75, 77, 78]
[2, 3, 72, 73, 76]
[8, 75, 76, 79, 83]
[75, 78, 80, 82, 83]
[79, 81, 82, 150, 155]
[80, 82, 84, 85, 155]
[79, 80, 81, 83, 84]
[8, 9, 78, 79, 82]
[14, 81, 82, 85, 89]
[81, 84, 86, 88, 89]
[85, 87, 88, 156, 161]
[86, 88, 90, 91, 161]
[85, 86, 87, 89, 90]
[14, 15, 84, 85, 88]
[20, 87, 88, 91, 95]
[87, 90, 92, 94, 95]
[91, 93, 94, 162, 167]
[92, 94, 96, 97, 167]
[91, 92, 93, 95, 96]
[20, 21, 90, 91, 94]
[26, 93, 94, 97, 101]
[93, 96, 98, 100, 101]
[97, 99, 100, 168, 173]
[98, 100, 102, 103, 173]
[97, 98, 99, 101, 102]
[26, 27, 96, 97, 100]
[32, 99, 100, 103, 107]
[99, 102, 104, 106, 107]
[103, 105, 106, 174, 179]
[104, 106, 108, 109, 179]
[103, 104, 105, 107, 108]
[32, 33, 102, 103, 106]
[38, 105, 106, 109, 113]
[105, 108, 110, 112, 113]
[109, 111, 112, 180, 185]
[110, 112, 114, 115, 185]
[109, 110, 111, 113, 114]
[38, 39, 108, 109, 112]
[44, 111, 112, 115, 119]
[111, 114, 116, 118, 119]
[115, 117, 118, 186, 191]
[116, 118, 120, 121, 191]
[115, 116, 117, 119, 120]
[44, 45, 114, 115, 118]
[50, 117, 118, 121, 125]
[117, 120, 122, 124, 125]
[121, 123, 124, 192, 197]
[122, 124, 126, 127, 197]
[121, 122, 123, 125, 126]
[50, 51, 120, 121, 124]
[56, 123, 124, 127, 131]
[123, 126, 128, 130, 131]
[127, 129, 130, 198, 203]
[128, 130, 132, 133, 203]
[127, 128, 129, 131, 132]
[56, 57, 126, 127, 130]
[62, 129, 130, 133, 137]
[129, 132, 134, 136, 137]
[133, 135, 136, 204, 209]
[134, 136, 138, 139, 209]
[133, 134, 135, 137, 138]
[62, 63, 132, 133, 136]
[68, 135, 136, 139, 143]
[135, 138, 140, 142, 143]
[139, 141, 142, 210, 215]
[72, 73, 140, 142, 215]
[72, 139, 140, 141, 143]
[68, 69, 138, 139, 142]
[74, 145, 149, 213, 214]
[144, 146, 148, 149, 213]
[145, 147, 148, 216, 221]
[146, 148, 150, 151, 221]
[145, 146, 147, 149, 150]
[74, 75, 144, 145, 148]
[80, 147, 148, 151, 155]
[147, 150, 152, 154, 155]
[151, 153, 154, 222, 227]
[152, 154, 156, 157, 227]
[151, 152, 153, 155, 156]
[80, 81, 150, 151, 154]
[86, 153, 154, 157, 161]
[153, 156, 158, 160, 161]
[157, 159, 160, 228, 233]
[158, 160, 162, 163, 233]
[157, 158, 159, 161, 162]
[86, 87, 156, 157, 160]
[92, 159, 160, 163, 167]
[159, 162, 164, 166, 167]
[163, 165, 166, 234, 239]
[164, 166, 168, 169, 239]
[163, 164, 165, 167, 168]
[92, 93, 162, 163, 166]
[98, 165, 166, 169, 173]
[165, 168, 170, 172, 173]
[169, 171, 172, 240, 245]
[170, 172, 174, 175, 245]
[169, 170, 171, 173, 174]
[98, 99, 168, 169, 172]
[104, 171, 172, 175, 179]
[171, 174, 176, 178, 179]
[175, 177, 178, 246, 251]
[176, 178, 180, 181, 251]
[175, 176, 177, 179, 180]
[104, 105, 174, 175, 178]
[110, 177, 178, 181, 185]
[177, 180, 182, 184, 185]
[181, 183, 184, 252, 257]
[182, 184, 186, 187, 257]
[181, 182, 183, 185, 186]
[110, 111, 180, 181, 184]
[116, 183, 184, 187, 191]
[183, 186, 188, 190, 191]
[187, 189, 190, 258, 263]
[188, 190, 192, 193, 263]
[187, 188, 189, 191, 192]
[116, 117, 186, 187, 190]
[122, 189, 190, 193, 197]
[189, 192, 194, 196, 197]
[193, 195, 196, 264, 269]
[194, 196, 198, 199, 269]
[193, 194, 195, 197, 198]
[122, 123, 192, 193, 196]
[128, 195, 196, 199, 203]
[195, 198, 200, 202, 203]
[199, 201, 202, 270, 275]
[200, 202, 204, 205, 275]
[199, 200, 201, 203, 204]
[128, 129, 198, 199, 202]
[134, 201, 202, 205, 209]
[201, 204, 206, 208, 209]
[205, 207, 208, 276, 281]
[206, 208, 210, 211, 281]
[205, 206, 207, 209, 210]
[134, 135, 204, 205, 208]
[140, 207, 208, 211, 215]
[207, 210, 212, 214, 215]
[211, 213, 214, 282, 287]
[144, 145, 212, 214, 287]
[144, 211, 212, 213, 215]
[140, 141, 210, 211, 214]
[146, 217, 221, 285, 286]
[216, 218, 220, 221, 285]
[217, 219, 220, 288, 293]
[218, 220, 222, 223, 293]
[217, 218, 219, 221, 222]
[146, 147, 216, 217, 220]
[152, 219, 220, 223, 227]
[219, 222, 224, 226, 227]
[223, 225, 226, 294, 299]
[224, 226, 228, 229, 299]
[223, 224, 225, 227, 228]
[152, 153, 222, 223, 226]
[158, 225, 226, 229, 233]
[225, 228, 230, 232, 233]
[229, 231, 232, 300, 305]
[230, 232, 234, 235, 305]
[229, 230, 231, 233, 234]
[158, 159, 228, 229, 232]
[164, 231, 232, 235, 239]
[231, 234, 236, 238, 239]
[235, 237, 238, 306, 311]
[236, 238, 240, 241, 311]
[235, 236, 237, 239, 240]
[164, 165, 234, 235, 238]
[170, 237, 238, 241, 245]
[237, 240, 242, 244, 245]
[241, 243, 244, 312, 317]
[242, 244, 246, 247, 317]
[241, 242, 243, 245, 246]
[170, 171, 240, 241, 244]
[176, 243, 244, 247, 251]
[243, 246, 248, 250, 251]
[247, 249, 250, 318, 323]
[248, 250, 252, 253, 323]
[247, 248, 249, 251, 252]
[176, 177, 246, 247, 250]
[182, 249, 250, 253, 257]
[249, 252, 254, 256, 257]
[253, 255, 256, 324, 329]
[254, 256, 258, 259, 329]
[253, 254, 255, 257, 258]
[182, 183, 252, 253, 256]
[188, 255, 256, 259, 263]
[255, 258, 260, 262, 263]
[259, 261, 262, 330, 335]
[260, 262, 264, 265, 335]
[259, 260, 261, 263, 264]
[188, 189, 258, 259, 262]
[194, 261, 262, 265, 269]
[261, 264, 266, 268, 269]
[265, 267, 268, 336, 341]
[266, 268, 270, 271, 341]
[265, 266, 267, 269, 270]
[194, 195, 264, 265, 268]
[200, 267, 268, 271, 275]
[267, 270, 272, 274, 275]
[271, 273, 274, 342, 347]
[272, 274, 276, 277, 347]
[271, 272, 273, 275, 276]
[200, 201, 270, 271, 274]
[206, 273, 274, 277, 281]
[273, 276, 278, 280, 281]
[277, 279, 280, 348, 353]
[278, 280, 282, 283, 353]
[277, 278, 279, 281, 282]
[206, 207, 276, 277, 280]
[212, 279, 280, 283, 287]
[279, 282, 284, 286, 287]
[283, 285, 286, 354, 359]
[216, 217, 284, 286, 359]
[216, 283, 284, 285, 287]
[212, 213, 282, 283, 286]
[218, 289, 293, 357, 358]
[288, 290, 292, 293, 357]
[289, 291, 292, 360, 365]
[290, 292, 294, 295, 365]
[289, 290, 291, 293, 294]
[218, 219, 288, 289, 292]
[224, 291, 292, 295, 299]
[291, 294, 296, 298, 299]
[295, 297, 298, 366, 371]
[296, 298, 300, 301, 371]
[295, 296, 297, 299, 300]
[224, 225, 294, 295, 298]
[230, 297, 298, 301, 305]
[297, 300, 302, 304, 305]
[301, 303, 304, 372, 377]
[302, 304, 306, 307, 377]
[301, 302, 303, 305, 306]
[230, 231, 300, 301, 304]
[236, 303, 304, 307, 311]
[303, 306, 308, 310, 311]
[307, 309, 310, 378, 383]
[308, 310, 312, 313, 383]
[307, 308, 309, 311, 312]
[236, 237, 306, 307, 310]
[242, 309, 310, 313, 317]
[309, 312, 314, 316, 317]
[313, 315, 316, 384, 389]
[314, 316, 318, 319, 389]
[313, 314, 315, 317, 318]
[242, 243, 312, 313, 316]
[248, 315, 316, 319, 323]
[315, 318, 320, 322, 323]
[319, 321, 322, 390, 395]
[320, 322, 324, 325, 395]
[319, 320, 321, 323, 324]
[248, 249, 318, 319, 322]
[254, 321, 322, 325, 329]
[321, 324, 326, 328, 329]
[325, 327, 328, 396, 401]
[326, 328, 330, 331, 401]
[325, 326, 327, 329, 330]
[254, 255, 324, 325, 328]
[260, 327, 328, 331, 335]
[327, 330, 332, 334, 335]
[331, 333, 334, 402, 407]
[332, 334, 336, 337, 407]
[331, 332, 333, 335, 336]
[260, 261, 330, 331, 334]
[266, 333, 334, 337, 341]
[333, 336, 338, 340, 341]
[337, 339, 340, 408, 413]
[338, 340, 342, 343, 413]
[337, 338, 339, 341, 342]
[266, 267, 336, 337, 340]
[272, 339, 340, 343, 347]
[339, 342, 344, 346, 347]
[343, 345, 346, 414, 419]
[344, 346, 348, 349, 419]
[343, 344, 345, 347, 348]
[272, 273, 342, 343, 346]
[278, 345, 346, 349, 353]
[345, 348, 350, 352, 353]
[349, 351, 352, 420, 425]
[350, 352, 354, 355, 425]
[349, 350, 351, 353, 354]
[278, 279, 348, 349, 352]
[284, 351, 352, 355, 359]
[351, 354, 356, 358, 359]
[355, 357, 358, 426, 431]
[288, 289, 356, 358, 431]
[288, 355, 356, 357, 359]
[284, 285, 354, 355, 358]
[290, 361, 365, 429, 430]
[360, 362, 364, 365, 429]
[361, 363, 364, 432, 437]
[362, 364, 366, 367, 437]
[361, 362, 363, 365, 366]
[290, 291, 360, 361, 364]
[296, 363, 364, 367, 371]
[363, 366, 368, 370, 371]
[367, 369, 370, 438, 443]
[368, 370, 372, 373, 443]
[367, 368, 369, 371, 372]
[296, 297, 366, 367, 370]
[302, 369, 370, 373, 377]
[369, 372, 374, 376, 377]
[373, 375, 376, 444, 449]
[374, 376, 378, 379, 449]
[373, 374, 375, 377, 378]
[302, 303, 372, 373, 376]
[308, 375, 376, 379, 383]
[375, 378, 380, 382, 383]
[379, 381, 382, 450, 455]
[380, 382, 384, 385, 455]
[379, 380, 381, 383, 384]
[308, 309, 378, 379, 382]
[314, 381, 382, 385, 389]
[381, 384, 386, 388, 389]
[385, 387, 388, 456, 461]
[386, 388, 390, 391, 461]
[385, 386, 387, 389, 390]
[314, 315, 384, 385, 388]
[320, 387, 388, 391, 395]
[387, 390, 392, 394, 395]
[391, 393, 394, 462, 467]
[392, 394, 396, 397, 467]
[391, 392, 393, 395, 396]
[320, 321, 390, 391, 394]
[326, 393, 394, 397, 401]
[393, 396, 398, 400, 401]
[397, 399, 400, 468, 473]
[398, 400, 402, 403, 473]
[397, 398, 399, 401, 402]
[326, 327, 396, 397, 400]
[332, 399, 400, 403, 407]
[399, 402, 404, 406, 407]
[403, 405, 406, 474, 479]
[404, 406, 408, 409, 479]
[403, 404, 405, 407, 408]
[332, 333, 402, 403, 406]
[338, 405, 406, 409, 413]
[405, 408, 410, 412, 413]
[409, 411, 412, 480, 485]
[410, 412, 414, 415, 485]
[409, 410, 411, 413, 414]
[338, 339, 408, 409, 412]
[344, 411, 412, 415, 419]
[411, 414, 416, 418, 419]
[415, 417, 418, 486, 491]
[416, 418, 420, 421, 491]
[415, 416, 417, 419, 420]
[344, 345, 414, 415, 418]
[350, 417, 418, 421, 425]
[417, 420, 422, 424, 425]
[421, 423, 424, 492, 497]
[422, 424, 426, 427, 497]
[421, 422, 423, 425, 426]
[350, 351, 420, 421, 424]
[356, 423, 424, 427, 431]
[423, 426, 428, 430, 431]
[427, 429, 430, 498, 503]
[360, 361, 428, 430, 503]
[360, 427, 428, 429, 431]
[356, 357, 426, 427, 430]
[362, 433, 437, 501, 502]
[432, 434, 436, 437, 501]
[433, 435, 436, 504, 509]
[434, 436, 438, 439, 509]
[433, 434, 435, 437, 438]
[362, 363, 432, 433, 436]
[368, 435, 436, 439, 443]
[435, 438, 440, 442, 443]
[439, 441, 442, 510, 515]
[440, 442, 444, 445, 515]
[439, 440, 441, 443, 444]
[368, 369, 438, 439, 442]
[374, 441, 442, 445, 449]
[441, 444, 446, 448, 449]
[445, 447, 448, 516, 521]
[446, 448, 450, 451, 521]
[445, 446, 447, 449, 450]
[374, 375, 444, 445, 448]
[380, 447, 448, 451, 455]
[447, 450, 452, 454, 455]
[451, 453, 454, 522, 527]
[452, 454, 456, 457, 527]
[451, 452, 453, 455, 456]
[380, 381, 450, 451, 454]
[386, 453, 454, 457, 461]
[453, 456, 458, 460, 461]
[457, 459, 460, 528, 533]
[458, 460, 462, 463, 533]
[457, 458, 459, 461, 462]
[386, 387, 456, 457, 460]
[392, 459, 460, 463, 467]
[459, 462, 464, 466, 467]
[463, 465, 466, 534, 539]
[464, 466, 468, 469, 539]
[463, 464, 465, 467, 468]
[392, 393, 462, 463, 466]
[398, 465, 466, 469, 473]
[465, 468, 470, 472, 473]
[469, 471, 472, 540, 545]
[470, 472, 474, 475, 545]
[469, 470, 471, 473, 474]
[398, 399, 468, 469, 472]
[404, 471, 472, 475, 479]
[471, 474, 476, 478, 479]
[475, 477, 478, 546, 551]
[476, 478, 480, 481, 551]
[475, 476, 477, 479, 480]
[404, 405, 474, 475, 478]
[410, 477, 478, 481, 485]
[477, 480, 482, 484, 485]
[481, 483, 484, 552, 557]
[482, 484, 486, 487, 557]
[481, 482, 483, 485, 486]
[410, 411, 480, 481, 484]
[416, 483, 484, 487, 491]
[483, 486, 488, 490, 491]
[487, 489, 490, 558, 563]
[488, 490, 492, 493, 563]
[487, 488, 489, 491, 492]
[416, 417, 486, 487, 490]
[422, 489, 490, 493, 497]
[489, 492, 494, 496, 497]
[493, 495, 496, 564, 569]
[494, 496, 498, 499, 569]
[493, 494, 495, 497, 498]
[422, 423, 492, 493, 496]
[428, 495, 496, 499, 503]
[495, 498, 500, 502, 503]
[499, 501, 502, 570, 575]
[432, 433, 500, 502, 575]
[432, 499, 500, 501, 503]
[428, 429, 498, 499, 502]
[434, 505, 509, 573, 574]
[504, 506, 508, 509, 573]
[505, 507, 508, 576, 581]
[506, 508, 510, 511, 581]
[505, 506, 507, 509, 510]
[434, 435, 504, 505, 508]
[440, 507, 508, 511, 515]
[507, 510, 512, 514, 515]
[511, 513, 514, 582, 587]
[512, 514, 516, 517, 587]
[511, 512, 513, 515, 516]
[440, 441, 510, 511, 514]
[446, 513, 514, 517, 521]
[513, 516, 518, 520, 521]
[517, 519, 520, 588, 593]
[518, 520, 522, 523, 593]
[517, 518, 519, 521, 522]
[446, 447, 516, 517, 520]
[452, 519, 520, 523, 527]
[519, 522, 524, 526, 527]
[523, 525, 526, 594, 599]
[524, 526, 528, 529, 599]
[523, 524, 525, 527, 528]
[452, 453, 522, 523, 526]
[458, 525, 526, 529, 533]
[525, 528, 530, 532, 533]
[529, 531, 532, 600, 605]
[530, 532, 534, 535, 605]
[529, 530, 531, 533, 534]
[458, 459, 528, 529, 532]
[464, 531, 532, 535, 539]
[531, 534, 536, 538, 539]
[535, 537, 538, 606, 611]
[536, 538, 540, 541, 611]
[535, 536, 537, 539, 540]
[464, 465, 534, 535, 538]
[470, 537, 538, 541, 545]
[537, 540, 542, 544, 545]
[541, 543, 544, 612, 617]
[542, 544, 546, 547, 617]
[541, 542, 543, 545, 546]
[470, 471, 540, 541, 544]
[476, 543, 544, 547, 551]
[543, 546, 548, 550, 551]
[547, 549, 550, 618, 623]
[548, 550, 552, 553, 623]
[547, 548, 549, 551, 552]
[476, 477, 546, 547, 550]
[482, 549, 550, 553, 557]
[549, 552, 554, 556, 557]
[553, 555, 556, 624, 629]
[554, 556, 558, 559, 629]
[553, 554, 555, 557, 558]
[482, 483, 552, 553, 556]
[488, 555, 556, 559, 563]
[555, 558, 560, 562, 563]
[559, 561, 562, 630, 635]
[560, 562, 564, 565, 635]
[559, 560, 561, 563, 564]
[488, 489, 558, 559, 562]
[494, 561, 562, 565, 569]
[561, 564, 566, 568, 569]
[565, 567, 568, 636, 641]
[566, 568, 570, 571, 641]
[565, 566, 567, 569, 570]
[494, 495, 564, 565, 568]
[500, 567, 568, 571, 575]
[567, 570, 572, 574, 575]
[571, 573, 574, 642, 647]
[504, 505, 572, 574, 647]
[504, 571, 572, 573, 575]
[500, 501, 570, 571, 574]
[506, 577, 581, 645, 646]
[576, 578, 580, 581, 645]
[577, 579, 580, 648, 653]
[578, 580, 582, 583, 653]
[577, 578, 579, 581, 582]
[506, 507, 576, 577, 580]
[512, 579, 580, 583, 587]
[579, 582, 584, 586, 587]
[583, 585, 586, 654, 659]
[584, 586, 588, 589, 659]
[583, 584, 585, 587, 588]
[512, 513, 582, 583, 586]
[518, 585, 586, 589, 593]
[585, 588, 590, 592, 593]
[589, 591, 592, 660, 665]
[590, 592, 594, 595, 665]
[589, 590, 591, 593, 594]
[518, 519, 588, 589, 592]
[524, 591, 592, 595, 599]
[591, 594, 596, 598, 599]
[595, 597, 598, 666, 671]
[596, 598, 600, 601, 671]
[595, 596, 597, 599, 600]
[524, 525, 594, 595, 598]
[530, 597, 598, 601, 605]
[597, 600, 602, 604, 605]
[601, 603, 604, 672, 677]
[602, 604, 606, 607, 677]
[601, 602, 603, 605, 606]
[530, 531, 600, 601, 604]
[536, 603, 604, 607, 611]
[603, 606, 608, 610, 611]
[607, 609, 610, 678, 683]
[608, 610, 612, 613, 683]
[607, 608, 609, 611, 612]
[536, 537, 606, 607, 610]
[542, 609, 610, 613, 617]
[609, 612, 614, 616, 617]
[613, 615, 616, 684, 689]
[614, 616, 618, 619, 689]
[613, 614, 615, 617, 618]
[542, 543, 612, 613, 616]
[548, 615, 616, 619, 623]
[615, 618, 620, 622, 623]
[619, 621, 622, 690, 695]
[620, 622, 624, 625, 695]
[619, 620, 621, 623, 624]
[548, 549, 618, 619, 622]
[554, 621, 622, 625, 629]
[621, 624, 626, 628, 629]
[625, 627, 628, 696, 701]
[626, 628, 630, 631, 701]
[625, 626, 627, 629, 630]
[554, 555, 624, 625, 628]
[560, 627, 628, 631, 635]
[627, 630, 632, 634, 635]
[631, 633, 634, 702, 707]
[632, 634, 636, 637, 707]
[631, 632, 633, 635, 636]
[560, 561, 630, 631, 634]
[566, 633, 634, 637, 641]
[633, 636, 638, 640, 641]
[637, 639, 640, 708, 713]
[638, 640, 642, 643, 713]
[637, 638, 639, 641, 642]
[566, 567, 636, 637, 640]
[572, 639, 640, 643, 647]
[639, 642, 644, 646, 647]
[643, 645, 646, 714, 719]
[576, 577, 644, 646, 719]
[576, 643, 644, 645, 647]
[572, 573, 642, 643, 646]
[578, 649, 653, 717, 718]
[648, 650, 652, 653, 717]
[649, 651, 652, 720, 725]
[650, 652, 654, 655, 725]
[649, 650, 651, 653, 654]
[578, 579, 648, 649, 652]
[584, 651, 652, 655, 659]
[651, 654, 656, 658, 659]
[655, 657, 658, 726, 731]
[656, 658, 660, 661, 731]
[655, 656, 657, 659, 660]
[584, 585, 654, 655, 658]
[590, 657, 658, 661, 665]
[657, 660, 662, 664, 665]
[661, 663, 664, 732, 737]
[662, 664, 666, 667, 737]
[661, 662, 663, 665, 666]
[590, 591, 660, 661, 664]
[596, 663, 664, 667, 671]
[663, 666, 668, 670, 671]
[667, 669, 670, 738, 743]
[668, 670, 672, 673, 743]
[667, 668, 669, 671, 672]
[596, 597, 666, 667, 670]
[602, 669, 670, 673, 677]
[669, 672, 674, 676, 677]
[673, 675, 676, 744, 749]
[674, 676, 678, 679, 749]
[673, 674, 675, 677, 678]
[602, 603, 672, 673, 676]
[608, 675, 676, 679, 683]
[675, 678, 680, 682, 683]
[679, 681, 682, 750, 755]
[680, 682, 684, 685, 755]
[679, 680, 681, 683, 684]
[608, 609, 678, 679, 682]
[614, 681, 682, 685, 689]
[681, 684, 686, 688, 689]
[685, 687, 688, 756, 761]
[686, 688, 690, 691, 761]
[685, 686, 687, 689, 690]
[614, 615, 684, 685, 688]
[620, 687, 688, 691, 695]
[687, 690, 692, 694, 695]
[691, 693, 694, 762, 767]
[692, 694, 696, 697, 767]
[691, 692, 693, 695, 696]
[620, 621, 690, 691, 694]
[626, 693, 694, 697, 701]
[693, 696, 698, 700, 701]
[697, 699, 700, 768, 773]
[698, 700, 702, 703, 773]
[697, 698, 699, 701, 702]
[626, 627, 696, 697, 700]
[632, 699, 700, 703, 707]
[699, 702, 704, 706, 707]
[703, 705, 706, 774, 779]
[704, 706, 708, 709, 779]
[703, 704, 705, 707, 708]
[632, 633, 702, 703, 706]
[638, 705, 706, 709, 713]
[705, 708, 710, 712, 713]
[709, 711, 712, 780, 785]
[710, 712, 714, 715, 785]
[709, 710, 711, 713, 714]
[638, 639, 708, 709, 712]
[644, 711, 712, 715, 719]
[711, 714, 716, 718, 719]
[715, 717, 718, 786, 791]
[648, 649, 716, 718, 791]
[648, 715, 716, 717, 719]
[644, 645, 714, 715, 718]
[650, 721, 725, 789, 790]
[720, 722, 724, 725, 789]
[721, 723, 724, 792, 797]
[722, 724, 726, 727, 797]
[721, 722, 723, 725, 726]
[650, 651, 720, 721, 724]
[656, 723, 724, 727, 731]
[723, 726, 728, 730, 731]
[727, 729, 730, 798, 803]
[728, 730, 732, 733, 803]
[727, 728, 729, 731, 732]
[656, 657, 726, 727, 730]
[662, 729, 730, 733, 737]
[729, 732, 734, 736, 737]
[733, 735, 736, 804, 809]
[734, 736, 738, 739, 809]
[733, 734, 735, 737, 738]
[662, 663, 732, 733, 736]
[668, 735, 736, 739, 743]
[735, 738, 740, 742, 743]
[739, 741, 742, 810, 815]
[740, 742, 744, 745, 815]
[739, 740, 741, 743, 744]
[668, 669, 738, 739, 742]
[674, 741, 742, 745, 749]
[741, 744, 746, 748, 749]
[745, 747, 748, 816, 821]
[746, 748, 750, 751, 821]
[745, 746, 747, 749, 750]
[674, 675, 744, 745, 748]
[680, 747, 748, 751, 755]
[747, 750, 752, 754, 755]
[751, 753, 754, 822, 827]
[752, 754, 756, 757, 827]
[751, 752, 753, 755, 756]
[680, 681, 750, 751, 754]
[686, 753, 754, 757, 761]
[753, 756, 758, 760, 761]
[757, 759, 760, 828, 833]
[758, 760, 762, 763, 833]
[757, 758, 759, 761, 762]
[686, 687, 756, 757, 760]
[692, 759, 760, 763, 767]
[759, 762, 764, 766, 767]
[763, 765, 766, 834, 839]
[764, 766, 768, 769, 839]
[763, 764, 765, 767, 768]
[692, 693, 762, 763, 766]
[698, 765, 766, 769, 773]
[765, 768, 770, 772, 773]
[769, 771, 772, 840, 845]
[770, 772, 774, 775, 845]
[769, 770, 771, 773, 774]
[698, 699, 768, 769, 772]
[704, 771, 772, 775, 779]
[771, 774, 776, 778, 779]
[775, 777, 778, 846, 851]
[776, 778, 780, 781, 851]
[775, 776, 777, 779, 780]
[704, 705, 774, 775, 778]
[710, 777, 778, 781, 785]
[777, 780, 782, 784, 785]
[781, 783, 784, 852, 857]
[782, 784, 786, 787, 857]
[781, 782, 783, 785, 786]
[710, 711, 780, 781, 784]
[716, 783, 784, 787, 791]
[783, 786, 788, 790, 791]
[787, 789, 790, 858, 863]
[720, 721, 788, 790, 863]
[720, 787, 788, 789, 791]
[716, 717, 786, 787, 790]
[722, 793, 797, 861, 862]
[792, 794, 796, 797, 861]
[0, 5, 793, 795, 796]
[5, 794, 796, 798, 799]
[793, 794, 795, 797, 798]
[722, 723, 792, 793, 796]
[728, 795, 796, 799, 803]
[795, 798, 800, 802, 803]
[6, 11, 799, 801, 802]
[11, 800, 802, 804, 805]
[799, 800, 801, 803, 804]
[728, 729, 798, 799, 802]
[734, 801, 802, 805, 809]
[801, 804, 806, 808, 809]
[12, 17, 805, 807, 808]
[17, 806, 808, 810, 811]
[805, 806, 807, 809, 810]
[734, 735, 804, 805, 808]
[740, 807, 808, 811, 815]
[807, 810, 812, 814, 815]
[18, 23, 811, 813, 814]
[23, 812, 814, 816, 817]
[811, 812, 813, 815, 816]
[740, 741, 810, 811, 814]
[746, 813, 814, 817, 821]
[813, 816, 818, 820, 821]
[24, 29, 817, 819, 820]
[29, 818, 820, 822, 823]
[817, 818, 819, 821, 822]
[746, 747, 816, 817, 820]
[752, 819, 820, 823, 827]
[819, 822, 824, 826, 827]
[30, 35, 823, 825, 826]
[35, 824, 826, 828, 829]
[823, 824, 825, 827, 828]
[752, 753, 822, 823, 826]
[758, 825, 826, 829, 833]
[825, 828, 830, 832, 833]
[36, 41, 829, 831, 832]
[41, 830, 832, 834, 835]
[829, 830, 831, 833, 834]
[758, 759, 828, 829, 832]
[764, 831, 832, 835, 839]
[831, 834, 836, 838, 839]
[42, 47, 835, 837, 838]
[47, 836, 838, 840, 841]
[835, 836, 837, 839, 840]
[764, 765, 834, 835, 838]
[770, 837, 838, 841, 845]
[837, 840, 842, 844, 845]
[48, 53, 841, 843, 844]
[53, 842, 844, 846, 847]
[841, 842, 843, 845, 846]
[770, 771, 840, 841, 844]
[776, 843, 844, 847, 851]
[843, 846, 848, 850, 851]
[54, 59, 847, 849, 850]
[59, 848, 850, 852, 853]
[847, 848, 849, 851, 852]
[776, 777, 846, 847, 850]
[782, 849, 850, 853, 857]
[849, 852, 854, 856, 857]
[60, 65, 853, 855, 856]
[65, 854, 856, 858, 859]
[853, 854, 855, 857, 858]
[782, 783, 852, 853, 856]
[788, 855, 856, 859, 863]
[855, 858, 860, 862, 863]
[66, 71, 859, 861, 862]
[71, 792, 793, 860, 862]
[792, 859, 860, 861, 863]
[788, 789, 858, 859, 862]
