[1, 29, 421]
[0, 2, 30]
[1, 3, 423]
[2, 4, 32]
[3, 5, 425]
[4, 6, 34]
[5, 7, 427]
[6, 8, 36]
[7, 9, 429]
[8, 10, 38]
[9, 11, 431]
[10, 12, 40]
[11, 13, 433]
[12, 14, 42]
[13, 15, 435]
[14, 16, 44]
[15, 17, 437]
[16, 18, 46]
[17, 19, 439]
[18, 20, 48]
[19, 21, 441]
[20, 22, 50]
[21, 23, 443]
[22, 24, 52]
[23, 25, 445]
[24, 26, 54]
[25, 27, 447]
[26, 28, 56]
[27, 29, 449]
[0, 28, 58]
[1, 31, 59]
[30, 32, 60]
[3, 31, 33]
[32, 34, 62]
[5, 33, 35]
[34, 36, 64]
[7, 35, 37]
[36, 38, 66]
[9, 37, 39]
[38, 40, 68]
[11, 39, 41]
[40, 42, 70]
[13, 41, 43]
[42, 44, 72]
[15, 43, 45]
[44, 46, 74]
[17, 45, 47]
[46, 48, 76]
[19, 47, 49]
[48, 50, 78]
[21, 49, 51]
[50, 52, 80]
[23, 51, 53]
[52, 54, 82]
[25, 53, 55]
[54, 56, 84]
[27, 55, 57]
[56, 58, 86]
[29, 57, 59]
[30, 58, 88]
[31, 61, 89]
[60, 62, 90]
[33, 61, 63]
[62, 64, 92]
[35, 63, 65]
[64, 66, 94]
[37, 65, 67]
[66, 68, 96]
[39, 67, 69]
[68, 70, 98]
[41, 69, 71]
[70, 72, 100]
[43, 71, 73]
[72, 74, 102]
[45, 73, 75]
[74, 76, 104]
[47, 75, 77]
[76, 78, 106]
[49, 77, 79]
[78, 80, 108]
[51, 79, 81]
[80, 82, 110]
[53, 81, 83]
[82, 84, 112]
[55, 83, 85]
[84, 86, 114]
[57, 85, 87]
[86, 88, 116]
[59, 87, 89]
[60, 88, 118]
[61, 91, 119]
[90, 92, 120]
[63, 91, 93]
[92, 94, 122]
[65, 93, 95]
[94, 96, 124]
[67, 95, 97]
[96, 98, 126]
[69, 97, 99]
[98, 100, 128]
[71, 99, 101]
[100, 102, 130]
[73, 101, 103]
[102, 104, 132]
[75, 103, 105]
[104, 106, 134]
[77, 105, 107]
[106, 108, 136]
[79, 107, 109]
[108, 110, 138]
[81, 109, 111]
[110, 112, 140]
[83, 111, 113]
[112, 114, 142]
[85, 113, 115]
[114, 116, 144]
[87, 115, 117]
[116, 118, 146]
[89, 117, 119]
[90, 118, 148]
[91, 121, 149]
[120, 122, 150]
[93, 121, 123]
[122, 124, 152]
[95, 123, 125]
[124, 126, 154]
[97, 125, 127]
[126, 128, 156]
[99, 127, 129]
[128, 130, 158]
[101, 129, 131]
[130, 132, 160]
[103, 131, 133]
[132, 134, 162]
[105, 133, 135]
[134, 136, 164]
[107, 135, 137]
[136, 138, 166]
[109, 137, 139]
[138, 140, 168]
[111, 139, 141]
[140, 142, 170]
[113, 141, 143]
[142, 144, 172]
[115, 143, 145]
[144, 146, 174]
[117, 145, 147]
[146, 148, 176]
[119, 147, 149]
[120, 148, 178]
[121, 151, 179]
[150, 152, 180]
[123, 151, 153]
[152, 154, 182]
[125, 153, 155]
[154, 156, 184]
[127, 155, 157]
[156, 158, 186]
[129, 157, 159]
[158, 160, 188]
[131, 159, 161]
[160, 162, 190]
[133, 161, 163]
[162, 164, 192]
[135, 163, 165]
[164, 166, 194]
[137, 165, 167]
[166, 168, 196]
[139, 167, 169]
[168, 170, 198]
[141, 169, 171]
[170, 172, 200]
[143, 171, 173]
[172, 174, 202]
[145, 173, 175]
[174, 176, 204]
[147, 175, 177]
[176, 178, 206]
[149, 177, 179]
[150, 178, 208]
[151, 181, 209]
[180, 182, 210]
[153, 181, 183]
[182, 184, 212]
[155, 183, 185]
[184, 186, 214]
[157, 185, 187]
[186, 188, 216]
[159, 187, 189]
[188, 190, 218]
[161, 189, 191]
[190, 192, 220]
[163, 191, 193]
[192, 194, 222]
[165, 193, 195]
[194, 196, 224]
[167, 195, 197]
[196, 198, 226]
[169, 197, 199]
[198, 200, 228]
[171, 199, 201]
[200, 202, 230]
[173, 201, 203]
[202, 204, 232]
[175, 203, 205]
[204, 206, 234]
[177, 205, 207]
[206, 208, 236]
[179, 207, 209]
[180, 208, 238]
[181, 211, 239]
[210, 212, 240]
[183, 211, 213]
[212, 214, 242]
[185, 213, 215]
[214, 216, 244]
[187, 215, 217]
[216, 218, 246]
[189, 217, 219]
[218, 220, 248]
[191, 219, 221]
[220, 222, 250]
[193, 221, 223]
[222, 224, 252]
[195, 223, 225]
[224, 226, 254]
[197, 225, 227]
[226, 228, 256]
[199, 227, 229]
[228, 230, 258]
[201, 229, 231]
[230, 232, 260]
[203, 231, 233]
[232, 234, 262]
[205, 233, 235]
[234, 236, 264]
[207, 235, 237]
[236, 238, 266]
[209, 237, 239]
[210, 238, 268]
[211, 241, 269]
[240, 242, 270]
[213, 241, 243]
[242, 244, 272]
[215, 243, 245]
[244, 246, 274]
[217, 245, 247]
[246, 248, 276]
[219, 247, 249]
[248, 250, 278]
[221, 249, 251]
[250, 252, 280]
[223, 251, 253]
[252, 254, 282]
[225, 253, 255]
[254, 256, 284]
[227, 255, 257]
[256, 258, 286]
[229, 257, 259]
[258, 260, 288]
[231, 259, 261]
[260, 262, 290]
[233, 261, 263]
[262, 264, 292]
[235, 263, 265]
[264, 266, 294]
[237, 265, 267]
[266, 268, 296]
[239, 267, 269]
[240, 268, 298]
[241, 271, 299]
[270, 272, 300]
[243, 271, 273]
[272, 274, 302]
[245, 273, 275]
[274, 276, 304]
[247, 275, 277]
[276, 278, 306]
[249, 277, 279]
[278, 280, 308]
[251, 279, 281]
[280, 282, 310]
[253, 281, 283]
[282, 284, 312]
[255, 283, 285]
[284, 286, 314]
[257, 285, 287]
[286, 288, 316]
[259, 287, 289]
[288, 290, 318]
[261, 289, 291]
[290, 292, 320]
[263, 291, 293]
[292, 294, 322]
[265, 293, 295]
[294, 296, 324]
[267, 295, 297]
[296, 298, 326]
[269, 297, 299]
[270, 298, 328]
[271, 301, 329]
[300, 302, 330]
[273, 301, 303]
[302, 304, 332]
[275, 303, 305]
[304, 306, 334]
[277, 305, 307]
[306, 308, 336]
[279, 307, 309]
[308, 310, 338]
[281, 309, 311]
[310, 312, 340]
[283, 311, 313]
[312, 314, 342]
[285, 313, 315]
[314, 316, 344]
[287, 315, 317]
[316, 318, 346]
[289, 317, 319]
[318, 320, 348]
[291, 319, 321]
[320, 322, 350]
[293, 321, 323]
[322, 324, 352]
[295, 323, 325]
[324, 326, 354]
[297, 325, 327]
[326, 328, 356]
[299, 327, 329]
[300, 328, 358]
[301, 331, 359]
[330, 332, 360]
[303, 331, 333]
[332, 334, 362]
[305, 333, 335]
[334, 336, 364]
[307, 335, 337]
[336, 338, 366]
[309, 337, 339]
[338, 340, 368]
[311, 339, 341]
[340, 342, 370]
[313, 341, 343]
[342, 344, 372]
[315, 343, 345]
[344, 346, 374]
[317, 345, 347]
[346, 348, 376]
[319, 347, 349]
[348, 350, 378]
[321, 349, 351]
[350, 352, 380]
[323, 351, 353]
[352, 354, 382]
[325, 353, 355]
[354, 356, 384]
[327, 355, 357]
[356, 358, 386]
[329, 357, 359]
[330, 358, 388]
[331, 361, 389]
[360, 362, 390]
[333, 361, 363]
[362, 364, 392]
[335, 363, 365]
[364, 366, 394]
[337, 365, 367]
[366, 368, 396]
[339, 367, 369]
[368, 370, 398]
[341, 369, 371]
[370, 372, 400]
[343, 371, 373]
[372, 374, 402]
[345, 373, 375]
[374, 376, 404]
[347, 375, 377]
[376, 378, 406]
[349, 377, 379]
[378, 380, 408]
[351, 379, 381]
[380, 382, 410]
[353, 381, 383]
[382, 384, 412]
[355, 383, 385]
[384, 386, 414]
[357, 385, 387]
[386, 388, 416]
[359, 387, 389]
[360, 388, 418]
[361, 391, 419]
[390, 392, 420]
[363, 391, 393]
[392, 394, 422]
[365, 393, 395]
[394, 396, 424]
[367, 395, 397]
[396, 398, 426]
[369, 397, 399]
[398, 400, 428]
[371, 399, 401]
[400, 402, 430]
[373, 401, 403]
[402, 404, 432]
[375, 403, 405]
[404, 406, 434]
[377, 405, 407]
[406, 408, 436]
[379, 407, 409]
[408, 410, 438]
[381, 409, 411]
[410, 412, 440]
[383, 411, 413]
[412, 414, 442]
[385, 413, 415]
[414, 416, 444]
[387, 415, 417]
[416, 418, 446]
[389, 417, 419]
[390, 418, 448]
[391, 421, 449]
[0, 420, 422]
[393, 421, 423]
[2, 422, 424]
[395, 423, 425]
[4, 424, 426]
[397, 425, 427]
[6, 426, 428]
[399, 427, 429]
[8, 428, 430]
[401, 429, 431]
[10, 430, 432]
[403, 431, 433]
[12, 432, 434]
[405, 433, 435]
[14, 434, 436]
[407, 435, 437]
[16, 436, 438]
[409, 437, 439]
[18, 438, 440]
[411, 439, 441]
[20, 440, 442]
[413, 441, 443]
[22, 442, 444]
[415, 443, 445]
[24, 444, 446]
[417, 445, 447]
[26, 446, 448]
[419, 447, 449]
[28, 420, 448]
