[1, 53, 54, 2862]
[0, 2, 55, 2863]
[1, 3, 56, 2864]
[2, 4, 57, 2865]
[3, 5, 58, 2866]
[4, 6, 59, 2867]
[5, 7, 60, 2868]
[6, 8, 61, 2869]
[7, 9, 62, 2870]
[8, 10, 63, 2871]
[9, 11, 64, 2872]
[10, 12, 65, 2873]
[11, 13, 66, 2874]
[12, 14, 67, 2875]
[13, 15, 68, 2876]
[14, 16, 69, 2877]
[15, 17, 70, 2878]
[16, 18, 71, 2879]
[17, 19, 72, 2880]
[18, 20, 73, 2881]
[19, 21, 74, 2882]
[20, 22, 75, 2883]
[21, 23, 76, 2884]
[22, 24, 77, 2885]
[23, 25, 78, 2886]
[24, 26, 79, 2887]
[25, 27, 80, 2888]
[26, 28, 81, 2889]
[27, 29, 82, 2890]
[28, 30, 83, 2891]
[29, 31, 84, 2892]
[30, 32, 85, 2893]
[31, 33, 86, 2894]
[32, 34, 87, 2895]
[33, 35, 88, 2896]
[34, 36, 89, 2897]
[35, 37, 90, 2898]
[36, 38, 91, 2899]
[37, 39, 92, 2900]
[38, 40, 93, 2901]
[39, 41, 94, 2902]
[40, 42, 95, 2903]
[41, 43, 96, 2904]
[42, 44, 97, 2905]
[43, 45, 98, 2906]
[44, 46, 99, 2907]
[45, 47, 100, 2908]
[46, 48, 101, 2909]
[47, 49, 102, 2910]
[48, 50, 103, 2911]
[49, 51, 104, 2912]
[50, 52, 105, 2913]
[51, 53, 106, 2914]
[0, 52, 107, 2915]
[0, 55, 107, 108]
[1, 54, 56, 109]
[2, 55, 57, 110]
[3, 56, 58, 111]
[4, 57, 59, 112]
[5, 58, 60, 113]
[6, 59, 61, 114]
[7, 60, 62, 115]
[8, 61, 63, 116]
[9, 62, 64, 117]
[10, 63, 65, 118]
[11, 64, 66, 119]
[12, 65, 67, 120]
[13, 66, 68, 121]
[14, 67, 69, 122]
[15, 68, 70, 123]
[16, 69, 71, 124]
[17, 70, 72, 125]
[18, 71, 73, 126]
[19, 72, 74, 127]
[20, 73, 75, 128]
[21, 74, 76, 129]
[22, 75, 77, 130]
[23, 76, 78, 131]
[24, 77, 79, 132]
[25, 78, 80, 133]
[26, 79, 81, 134]
[27, 80, 82, 135]
[28, 81, 83, 136]
[29, 82, 84, 137]
[30, 83, 85, 138]
[31, 84, 86, 139]
[32, 85, 87, 140]
[33, 86, 88, 141]
[34, 87, 89, 142]
[35, 88, 90, 143]
[36, 89, 91, 144]
[37, 90, 92, 145]
[38, 91, 93, 146]
[39, 92, 94, 147]
[40, 93, 95, 148]
[41, 94, 96, 149]
[42, 95, 97, 150]
[43, 96, 98, 151]
[44, 97, 99, 152]
[45, 98, 100, 153]
[46, 99, 101, 154]
[47, 100, 102, 155]
[48, 101, 103, 156]
[49, 102, 104, 157]
[50, 103, 105, 158]
[51, 104, 106, 159]
[52, 105, 107, 160]
[53, 54, 106, 161]
[54, 109, 161, 162]
[55, 108, 110, 163]
[56, 109, 111, 164]
[57, 110, 112, 165]
[58, 111, 113, 166]
[59, 112, 114, 167]
[60, 113, 115, 168]
[61, 114, 116, 169]
[62, 115, 117, 170]
[63, 116, 118, 171]
[64, 117, 119, 172]
[65, 118, 120, 173]
[66, 119, 121, 174]
[67, 120, 122, 175]
[68, 121, 123, 176]
[69, 122, 124, 177]
[70, 123, 125, 178]
[71, 124, 126, 179]
[72, 125, 127, 180]
[73, 126, 128, 181]
[74, 127, 129, 182]
[75, 128, 130, 183]
[76, 129, 131, 184]
[77, 130, 132, 185]
[78, 131, 133, 186]
[79, 132, 134, 187]
[80, 133, 135, 188]
[81, 134, 136, 189]
[82, 135, 137, 190]
[83, 136, 138, 191]
[84, 137, 139, 192]
[85, 138, 140, 193]
[86, 139, 141, 194]
[87, 140, 142, 195]
[88, 141, 143, 196]
[89, 142, 144, 197]
[90, 143, 145, 198]
[91, 144, 146, 199]
[92, 145, 147, 200]
[93, 146, 148, 201]
[94, 147, 149, 202]
[95, 148, 150, 203]
[96, 149, 151, 204]
[97, 150, 152, 205]
[98, 151, 153, 206]
[99, 152, 154, 207]
[100, 153, 155, 208]
[101, 154, 156, 209]
[102, 155, 157, 210]
[103, 156, 158, 211]
[104, 157, 159, 212]
[105, 158, 160, 213]
[106, 159, 161, 214]
[107, 108, 160, 215]
[108, 163, 215, 216]
[109, 162, 164, 217]
[110, 163, 165, 218]
[111, 164, 166, 219]
[112, 165, 167, 220]
[113, 166, 168, 221]
[114, 167, 169, 222]
[115, 168, 170, 223]
[116, 169, 171, 224]
[117, 170, 172, 225]
[118, 171, 173, 226]
[119, 172, 174, 227]
[120, 173, 175, 228]
[121, 174, 176, 229]
[122, 175, 177, 230]
[123, 176, 178, 231]
[124, 177, 179, 232]
[125, 178, 180, 233]
[126, 179, 181, 234]
[127, 180, 182, 235]
[128, 181, 183, 236]
[129, 182, 184, 237]
[130, 183, 185, 238]
[131, 184, 186, 239]
[132, 185, 187, 240]
[133, 186, 188, 241]
[134, 187, 189, 242]
[135, 188, 190, 243]
[136, 189, 191, 244]
[137, 190, 192, 245]
[138, 191, 193, 246]
[139, 192, 194, 247]
[140, 193, 195, 248]
[141, 194, 196, 249]
[142, 195, 197, 250]
[143, 196, 198, 251]
[144, 197, 199, 252]
[145, 198, 200, 253]
[146, 199, 201, 254]
[147, 200, 202, 255]
[148, 201, 203, 256]
[149, 202, 204, 257]
[150, 203, 205, 258]
[151, 204, 206, 259]
[152, 205, 207, 260]
[153, 206, 208, 261]
[154, 207, 209, 262]
[155, 208, 210, 263]
[156, 209, 211, 264]
[157, 210, 212, 265]
[158, 211, 213, 266]
[159, 212, 214, 267]
[160, 213, 215, 268]
[161, 162, 214, 269]
[162, 217, 269, 270]
[163, 216, 218, 271]
[164, 217, 219, 272]
[165, 218, 220, 273]
[166, 219, 221, 274]
[167, 220, 222, 275]
[168, 221, 223, 276]
[169, 222, 224, 277]
[170, 223, 225, 278]
[171, 224, 226, 279]
[172, 225, 227, 280]
[173, 226, 228, 281]
[174, 227, 229, 282]
[175, 228, 230, 283]
[176, 229, 231, 284]
[177, 230, 232, 285]
[178, 231, 233, 286]
[179, 232, 234, 287]
[180, 233, 235, 288]
[181, 234, 236, 289]
[182, 235, 237, 290]
[183, 236, 238, 291]
[184, 237, 239, 292]
[185, 238, 240, 293]
[186, 239, 241, 294]
[187, 240, 242, 295]
[188, 241, 243, 296]
[189, 242, 244, 297]
[190, 243, 245, 298]
[191, 244, 246, 299]
[192, 245, 247, 300]
[193, 246, 248, 301]
[194, 247, 249, 302]
[195, 248, 250, 303]
[196, 249, 251, 304]
[197, 250, 252, 305]
[198, 251, 253, 306]
[199, 252, 254, 307]
[200, 253, 255, 308]
[201, 254, 256, 309]
[202, 255, 257, 310]
[203, 256, 258, 311]
[204, 257, 259, 312]
[205, 258, 260, 313]
[206, 259, 261, 314]
[207, 260, 262, 315]
[208, 261, 263, 316]
[209, 262, 264, 317]
[210, 263, 265, 318]
[211, 264, 266, 319]
[212, 265, 267, 320]
[213, 266, 268, 321]
[214, 267, 269, 322]
[215, 216, 268, 323]
[216, 271, 323, 324]
[217, 270, 272, 325]
[218, 271, 273, 326]
[219, 272, 274, 327]
[220, 273, 275, 328]
[221, 274, 276, 329]
[222, 275, 277, 330]
[223, 276, 278, 331]
[224, 277, 279, 332]
[225, 278, 280, 333]
[226, 279, 281, 334]
[227, 280, 282, 335]
[228, 281, 283, 336]
[229, 282, 284, 337]
[230, 283, 285, 338]
[231, 284, 286, 339]
[232, 285, 287, 340]
[233, 286, 288, 341]
[234, 287, 289, 342]
[235, 288, 290, 343]
[236, 289, 291, 344]
[237, 290, 292, 345]
[238, 291, 293, 346]
[239, 292, 294, 347]
[240, 293, 295, 348]
[241, 294, 296, 349]
[242, 295, 297, 350]
[243, 296, 298, 351]
[244, 297, 299, 352]
[245, 298, 300, 353]
[246, 299, 301, 354]
[247, 300, 302, 355]
[248, 301, 303, 356]
[249, 302, 304, 357]
[250, 303, 305, 358]
[251, 304, 306, 359]
[252, 305, 307, 360]
[253, 306, 308, 361]
[254, 307, 309, 362]
[255, 308, 310, 363]
[256, 309, 311, 364]
[257, 310, 312, 365]
[258, 311, 313, 366]
[259, 312, 314, 367]
[260, 313, 315, 368]
[261, 314, 316, 369]
[262, 315, 317, 370]
[263, 316, 318, 371]
[264, 317, 319, 372]
[265, 318, 320, 373]
[266, 319, 321, 374]
[267, 320, 322, 375]
[268, 321, 323, 376]
[269, 270, 322, 377]
[270, 325, 377, 378]
[271, 324, 326, 379]
[272, 325, 327, 380]
[273, 326, 328, 381]
[274, 327, 329, 382]
[275, 328, 330, 383]
[276, 329, 331, 384]
[277, 330, 332, 385]
[278, 331, 333, 386]
[279, 332, 334, 387]
[280, 333, 335, 388]
[281, 334, 336, 389]
[282, 335, 337, 390]
[283, 336, 338, 391]
[284, 337, 339, 392]
[285, 338, 340, 393]
[286, 339, 341, 394]
[287, 340, 342, 395]
[288, 341, 343, 396]
[289, 342, 344, 397]
[290, 343, 345, 398]
[291, 344, 346, 399]
[292, 345, 347, 400]
[293, 346, 348, 401]
[294, 347, 349, 402]
[295, 348, 350, 403]
[296, 349, 351, 404]
[297, 350, 352, 405]
[298, 351, 353, 406]
[299, 352, 354, 407]
[300, 353, 355, 408]
[301, 354, 356, 409]
[302, 355, 357, 410]
[303, 356, 358, 411]
[304, 357, 359, 412]
[305, 358, 360, 413]
[306, 359, 361, 414]
[307, 360, 362, 415]
[308, 361, 363, 416]
[309, 362, 364, 417]
[310, 363, 365, 418]
[311, 364, 366, 419]
[312, 365, 367, 420]
[313, 366, 368, 421]
[314, 367, 369, 422]
[315, 368, 370, 423]
[316, 369, 371, 424]
[317, 370, 372, 425]
[318, 371, 373, 426]
[319, 372, 374, 427]
[320, 373, 375, 428]
[321, 374, 376, 429]
[322, 375, 377, 430]
[323, 324, 376, 431]
[324, 379, 431, 432]
[325, 378, 380, 433]
[326, 379, 381, 434]
[327, 380, 382, 435]
[328, 381, 383, 436]
[329, 382, 384, 437]
[330, 383, 385, 438]
[331, 384, 386, 439]
[332, 385, 387, 440]
[333, 386, 388, 441]
[334, 387, 389, 442]
[335, 388, 390, 443]
[336, 389, 391, 444]
[337, 390, 392, 445]
[338, 391, 393, 446]
[339, 392, 394, 447]
[340, 393, 395, 448]
[341, 394, 396, 449]
[342, 395, 397, 450]
[343, 396, 398, 451]
[344, 397, 399, 452]
[345, 398, 400, 453]
[346, 399, 401, 454]
[347, 400, 402, 455]
[348, 401, 403, 456]
[349, 402, 404, 457]
[350, 403, 405, 458]
[351, 404, 406, 459]
[352, 405, 407, 460]
[353, 406, 408, 461]
[354, 407, 409, 462]
[355, 408, 410, 463]
[356, 409, 411, 464]
[357, 410, 412, 465]
[358, 411, 413, 466]
[359, 412, 414, 467]
[360, 413, 415, 468]
[361, 414, 416, 469]
[362, 415, 417, 470]
[363, 416, 418, 471]
[364, 417, 419, 472]
[365, 418, 420, 473]
[366, 419, 421, 474]
[367, 420, 422, 475]
[368, 421, 423, 476]
[369, 422, 424, 477]
[370, 423, 425, 478]
[371, 424, 426, 479]
[372, 425, 427, 480]
[373, 426, 428, 481]
[374, 427, 429, 482]
[375, 428, 430, 483]
[376, 429, 431, 484]
[377, 378, 430, 485]
[378, 433, 485, 486]
[379, 432, 434, 487]
[380, 433, 435, 488]
[381, 434, 436, 489]
[382, 435, 437, 490]
[383, 436, 438, 491]
[384, 437, 439, 492]
[385, 438, 440, 493]
[386, 439, 441, 494]
[387, 440, 442, 495]
[388, 441, 443, 496]
[389, 442, 444, 497]
[390, 443, 445, 498]
[391, 444, 446, 499]
[392, 445, 447, 500]
[393, 446, 448, 501]
[394, 447, 449, 502]
[395, 448, 450, 503]
[396, 449, 451, 504]
[397, 450, 452, 505]
[398, 451, 453, 506]
[399, 452, 454, 507]
[400, 453, 455, 508]
[401, 454, 456, 509]
[402, 455, 457, 510]
[403, 456, 458, 511]
[404, 457, 459, 512]
[405, 458, 460, 513]
[406, 459, 461, 514]
[407, 460, 462, 515]
[408, 461, 463, 516]
[409, 462, 464, 517]
[410, 463, 465, 518]
[411, 464, 466, 519]
[412, 465, 467, 520]
[413, 466, 468, 521]
[414, 467, 469, 522]
[415, 468, 470, 523]
[416, 469, 471, 524]
[417, 470, 472, 525]
[418, 471, 473, 526]
[419, 472, 474, 527]
[420, 473, 475, 528]
[421, 474, 476, 529]
[422, 475, 477, 530]
[423, 476, 478, 531]
[424, 477, 479, 532]
[425, 478, 480, 533]
[426, 479, 481, 534]
[427, 480, 482, 535]
[428, 481, 483, 536]
[429, 482, 484, 537]
[430, 483, 485, 538]
[431, 432, 484, 539]
[432, 487, 539, 540]
[433, 486, 488, 541]
[434, 487, 489, 542]
[435, 488, 490, 543]
[436, 489, 491, 544]
[437, 490, 492, 545]
[438, 491, 493, 546]
[439, 492, 494, 547]
[440, 493, 495, 548]
[441, 494, 496, 549]
[442, 495, 497, 550]
[443, 496, 498, 551]
[444, 497, 499, 552]
[445, 498, 500, 553]
[446, 499, 501, 554]
[447, 500, 502, 555]
[448, 501, 503, 556]
[449, 502, 504, 557]
[450, 503, 505, 558]
[451, 504, 506, 559]
[452, 505, 507, 560]
[453, 506, 508, 561]
[454, 507, 509, 562]
[455, 508, 510, 563]
[456, 509, 511, 564]
[457, 510, 512, 565]
[458, 511, 513, 566]
[459, 512, 514, 567]
[460, 513, 515, 568]
[461, 514, 516, 569]
[462, 515, 517, 570]
[463, 516, 518, 571]
[464, 517, 519, 572]
[465, 518, 520, 573]
[466, 519, 521, 574]
[467, 520, 522, 575]
[468, 521, 523, 576]
[469, 522, 524, 577]
[470, 523, 525, 578]
[471, 524, 526, 579]
[472, 525, 527, 580]
[473, 526, 528, 581]
[474, 527, 529, 582]
[475, 528, 530, 583]
[476, 529, 531, 584]
[477, 530, 532, 585]
[478, 531, 533, 586]
[479, 532, 534, 587]
[480, 533, 535, 588]
[481, 534, 536, 589]
[482, 535, 537, 590]
[483, 536, 538, 591]
[484, 537, 539, 592]
[485, 486, 538, 593]
[486, 541, 593, 594]
[487, 540, 542, 595]
[488, 541, 543, 596]
[489, 542, 544, 597]
[490, 543, 545, 598]
[491, 544, 546, 599]
[492, 545, 547, 600]
[493, 546, 548, 601]
[494, 547, 549, 602]
[495, 548, 550, 603]
[496, 549, 551, 604]
[497, 550, 552, 605]
[498, 551, 553, 606]
[499, 552, 554, 607]
[500, 553, 555, 608]
[501, 554, 556, 609]
[502, 555, 557, 610]
[503, 556, 558, 611]
[504, 557, 559, 612]
[505, 558, 560, 613]
[506, 559, 561, 614]
[507, 560, 562, 615]
[508, 561, 563, 616]
[509, 562, 564, 617]
[510, 563, 565, 618]
[511, 564, 566, 619]
[512, 565, 567, 620]
[513, 566, 568, 621]
[514, 567, 569, 622]
[515, 568, 570, 623]
[516, 569, 571, 624]
[517, 570, 572, 625]
[518, 571, 573, 626]
[519, 572, 574, 627]
[520, 573, 575, 628]
[521, 574, 576, 629]
[522, 575, 577, 630]
[523, 576, 578, 631]
[524, 577, 579, 632]
[525, 578, 580, 633]
[526, 579, 581, 634]
[527, 580, 582, 635]
[528, 581, 583, 636]
[529, 582, 584, 637]
[530, 583, 585, 638]
[531, 584, 586, 639]
[532, 585, 587, 640]
[533, 586, 588, 641]
[534, 587, 589, 642]
[535, 588, 590, 643]
[536, 589, 591, 644]
[537, 590, 592, 645]
[538, 591, 593, 646]
[539, 540, 592, 647]
[540, 595, 647, 648]
[541, 594, 596, 649]
[542, 595, 597, 650]
[543, 596, 598, 651]
[544, 597, 599, 652]
[545, 598, 600, 653]
[546, 599, 601, 654]
[547, 600, 602, 655]
[548, 601, 603, 656]
[549, 602, 604, 657]
[550, 603, 605, 658]
[551, 604, 606, 659]
[552, 605, 607, 660]
[553, 606, 608, 661]
[554, 607, 609, 662]
[555, 608, 610, 663]
[556, 609, 611, 664]
[557, 610, 612, 665]
[558, 611, 613, 666]
[559, 612, 614, 667]
[560, 613, 615, 668]
[561, 614, 616, 669]
[562, 615, 617, 670]
[563, 616, 618, 671]
[564, 617, 619, 672]
[565, 618, 620, 673]
[566, 619, 621, 674]
[567, 620, 622, 675]
[568, 621, 623, 676]
[569, 622, 624, 677]
[570, 623, 625, 678]
[571, 624, 626, 679]
[572, 625, 627, 680]
[573, 626, 628, 681]
[574, 627, 629, 682]
[575, 628, 630, 683]
[576, 629, 631, 684]
[577, 630, 632, 685]
[578, 631, 633, 686]
[579, 632, 634, 687]
[580, 633, 635, 688]
[581, 634, 636, 689]
[582, 635, 637, 690]
[583, 636, 638, 691]
[584, 637, 639, 692]
[585, 638, 640, 693]
[586, 639, 641, 694]
[587, 640, 642, 695]
[588, 641, 643, 696]
[589, 642, 644, 697]
[590, 643, 645, 698]
[591, 644, 646, 699]
[592, 645, 647, 700]
[593, 594, 646, 701]
[594, 649, 701, 702]
[595, 648, 650, 703]
[596, 649, 651, 704]
[597, 650, 652, 705]
[598, 651, 653, 706]
[599, 652, 654, 707]
[600, 653, 655, 708]
[601, 654, 656, 709]
[602, 655, 657, 710]
[603, 656, 658, 711]
[604, 657, 659, 712]
[605, 658, 660, 713]
[606, 659, 661, 714]
[607, 660, 662, 715]
[608, 661, 663, 716]
[609, 662, 664, 717]
[610, 663, 665, 718]
[611, 664, 666, 719]
[612, 665, 667, 720]
[613, 666, 668, 721]
[614, 667, 669, 722]
[615, 668, 670, 723]
[616, 669, 671, 724]
[617, 670, 672, 725]
[618, 671, 673, 726]
[619, 672, 674, 727]
[620, 673, 675, 728]
[621, 674, 676, 729]
[622, 675, 677, 730]
[623, 676, 678, 731]
[624, 677, 679, 732]
[625, 678, 680, 733]
[626, 679, 681, 734]
[627, 680, 682, 735]
[628, 681, 683, 736]
[629, 682, 684, 737]
[630, 683, 685, 738]
[631, 684, 686, 739]
[632, 685, 687, 740]
[633, 686, 688, 741]
[634, 687, 689, 742]
[635, 688, 690, 743]
[636, 689, 691, 744]
[637, 690, 692, 745]
[638, 691, 693, 746]
[639, 692, 694, 747]
[640, 693, 695, 748]
[641, 694, 696, 749]
[642, 695, 697, 750]
[643, 696, 698, 751]
[644, 697, 699, 752]
[645, 698, 700, 753]
[646, 699, 701, 754]
[647, 648, 700, 755]
[648, 703, 755, 756]
[649, 702, 704, 757]
[650, 703, 705, 758]
[651, 704, 706, 759]
[652, 705, 707, 760]
[653, 706, 708, 761]
[654, 707, 709, 762]
[655, 708, 710, 763]
[656, 709, 711, 764]
[657, 710, 712, 765]
[658, 711, 713, 766]
[659, 712, 714, 767]
[660, 713, 715, 768]
[661, 714, 716, 769]
[662, 715, 717, 770]
[663, 716, 718, 771]
[664, 717, 719, 772]
[665, 718, 720, 773]
[666, 719, 721, 774]
[667, 720, 722, 775]
[668, 721, 723, 776]
[669, 722, 724, 777]
[670, 723, 725, 778]
[671, 724, 726, 779]
[672, 725, 727, 780]
[673, 726, 728, 781]
[674, 727, 729, 782]
[675, 728, 730, 783]
[676, 729, 731, 784]
[677, 730, 732, 785]
[678, 731, 733, 786]
[679, 732, 734, 787]
[680, 733, 735, 788]
[681, 734, 736, 789]
[682, 735, 737, 790]
[683, 736, 738, 791]
[684, 737, 739, 792]
[685, 738, 740, 793]
[686, 739, 741, 794]
[687, 740, 742, 795]
[688, 741, 743, 796]
[689, 742, 744, 797]
[690, 743, 745, 798]
[691, 744, 746, 799]
[692, 745, 747, 800]
[693, 746, 748, 801]
[694, 747, 749, 802]
[695, 748, 750, 803]
[696, 749, 751, 804]
[697, 750, 752, 805]
[698, 751, 753, 806]
[699, 752, 754, 807]
[700, 753, 755, 808]
[701, 702, 754, 809]
[702, 757, 809, 810]
[703, 756, 758, 811]
[704, 757, 759, 812]
[705, 758, 760, 813]
[706, 759, 761, 814]
[707, 760, 762, 815]
[708, 761, 763, 816]
[709, 762, 764, 817]
[710, 763, 765, 818]
[711, 764, 766, 819]
[712, 765, 767, 820]
[713, 766, 768, 821]
[714, 767, 769, 822]
[715, 768, 770, 823]
[716, 769, 771, 824]
[717, 770, 772, 825]
[718, 771, 773, 826]
[719, 772, 774, 827]
[720, 773, 775, 828]
[721, 774, 776, 829]
[722, 775, 777, 830]
[723, 776, 778, 831]
[724, 777, 779, 832]
[725, 778, 780, 833]
[726, 779, 781, 834]
[727, 780, 782, 835]
[728, 781, 783, 836]
[729, 782, 784, 837]
[730, 783, 785, 838]
[731, 784, 786, 839]
[732, 785, 787, 840]
[733, 786, 788, 841]
[734, 787, 789, 842]
[735, 788, 790, 843]
[736, 789, 791, 844]
[737, 790, 792, 845]
[738, 791, 793, 846]
[739, 792, 794, 847]
[740, 793, 795, 848]
[741, 794, 796, 849]
[742, 795, 797, 850]
[743, 796, 798, 851]
[744, 797, 799, 852]
[745, 798, 800, 853]
[746, 799, 801, 854]
[747, 800, 802, 855]
[748, 801, 803, 856]
[749, 802, 804, 857]
[750, 803, 805, 858]
[751, 804, 806, 859]
[752, 805, 807, 860]
[753, 806, 808, 861]
[754, 807, 809, 862]
[755, 756, 808, 863]
[756, 811, 863, 864]
[757, 810, 812, 865]
[758, 811, 813, 866]
[759, 812, 814, 867]
[760, 813, 815, 868]
[761, 814, 816, 869]
[762, 815, 817, 870]
[763, 816, 818, 871]
[764, 817, 819, 872]
[765, 818, 820, 873]
[766, 819, 821, 874]
[767, 820, 822, 875]
[768, 821, 823, 876]
[769, 822, 824, 877]
[770, 823, 825, 878]
[771, 824, 826, 879]
[772, 825, 827, 880]
[773, 826, 828, 881]
[774, 827, 829, 882]
[775, 828, 830, 883]
[776, 829, 831, 884]
[777, 830, 832, 885]
[778, 831, 833, 886]
[779, 832, 834, 887]
[780, 833, 835, 888]
[781, 834, 836, 889]
[782, 835, 837, 890]
[783, 836, 838, 891]
[784, 837, 839, 892]
[785, 838, 840, 893]
[786, 839, 841, 894]
[787, 840, 842, 895]
[788, 841, 843, 896]
[789, 842, 844, 897]
[790, 843, 845, 898]
[791, 844, 846, 899]
[792, 845, 847, 900]
[793, 846, 848, 901]
[794, 847, 849, 902]
[795, 848, 850, 903]
[796, 849, 851, 904]
[797, 850, 852, 905]
[798, 851, 853, 906]
[799, 852, 854, 907]
[800, 853, 855, 908]
[801, 854, 856, 909]
[802, 855, 857, 910]
[803, 856, 858, 911]
[804, 857, 859, 912]
[805, 858, 860, 913]
[806, 859, 861, 914]
[807, 860, 862, 915]
[808, 861, 863, 916]
[809, 810, 862, 917]
[810, 865, 917, 918]
[811, 864, 866, 919]
[812, 865, 867, 920]
[813, 866, 868, 921]
[814, 867, 869, 922]
[815, 868, 870, 923]
[816, 869, 871, 924]
[817, 870, 872, 925]
[818, 871, 873, 926]
[819, 872, 874, 927]
[820, 873, 875, 928]
[821, 874, 876, 929]
[822, 875, 877, 930]
[823, 876, 878, 931]
[824, 877, 879, 932]
[825, 878, 880, 933]
[826, 879, 881, 934]
[827, 880, 882, 935]
[828, 881, 883, 936]
[829, 882, 884, 937]
[830, 883, 885, 938]
[831, 884, 886, 939]
[832, 885, 887, 940]
[833, 886, 888, 941]
[834, 887, 889, 942]
[835, 888, 890, 943]
[836, 889, 891, 944]
[837, 890, 892, 945]
[838, 891, 893, 946]
[839, 892, 894, 947]
[840, 893, 895, 948]
[841, 894, 896, 949]
[842, 895, 897, 950]
[843, 896, 898, 951]
[844, 897, 899, 952]
[845, 898, 900, 953]
[846, 899, 901, 954]
[847, 900, 902, 955]
[848, 901, 903, 956]
[849, 902, 904, 957]
[850, 903, 905, 958]
[851, 904, 906, 959]
[852, 905, 907, 960]
[853, 906, 908, 961]
[854, 907, 909, 962]
[855, 908, 910, 963]
[856, 909, 911, 964]
[857, 910, 912, 965]
[858, 911, 913, 966]
[859, 912, 914, 967]
[860, 913, 915, 968]
[861, 914, 916, 969]
[862, 915, 917, 970]
[863, 864, 916, 971]
[864, 919, 971, 972]
[865, 918, 920, 973]
[866, 919, 921, 974]
[867, 920, 922, 975]
[868, 921, 923, 976]
[869, 922, 924, 977]
[870, 923, 925, 978]
[871, 924, 926, 979]
[872, 925, 927, 980]
[873, 926, 928, 981]
[874, 927, 929, 982]
[875, 928, 930, 983]
[876, 929, 931, 984]
[877, 930, 932, 985]
[878, 931, 933, 986]
[879, 932, 934, 987]
[880, 933, 935, 988]
[881, 934, 936, 989]
[882, 935, 937, 990]
[883, 936, 938, 991]
[884, 937, 939, 992]
[885, 938, 940, 993]
[886, 939, 941, 994]
[887, 940, 942, 995]
[888, 941, 943, 996]
[889, 942, 944, 997]
[890, 943, 945, 998]
[891, 944, 946, 999]
[892, 945, 947, 1000]
[893, 946, 948, 1001]
[894, 947, 949, 1002]
[895, 948, 950, 1003]
[896, 949, 951, 1004]
[897, 950, 952, 1005]
[898, 951, 953, 1006]
[899, 952, 954, 1007]
[900, 953, 955, 1008]
[901, 954, 956, 1009]
[902, 955, 957, 1010]
[903, 956, 958, 1011]
[904, 957, 959, 1012]
[905, 958, 960, 1013]
[906, 959, 961, 1014]
[907, 960, 962, 1015]
[908, 961, 963, 1016]
[909, 962, 964, 1017]
[910, 963, 965, 1018]
[911, 964, 966, 1019]
[912, 965, 967, 1020]
[913, 966, 968, 1021]
[914, 967, 969, 1022]
[915, 968, 970, 1023]
[916, 969, 971, 1024]
[917, 918, 970, 1025]
[918, 973, 1025, 1026]
[919, 972, 974, 1027]
[920, 973, 975, 1028]
[921, 974, 976, 1029]
[922, 975, 977, 1030]
[923, 976, 978, 1031]
[924, 977, 979, 1032]
[925, 978, 980, 1033]
[926, 979, 981, 1034]
[927, 980, 982, 1035]
[928, 981, 983, 1036]
[929, 982, 984, 1037]
[930, 983, 985, 1038]
[931, 984, 986, 1039]
[932, 985, 987, 1040]
[933, 986, 988, 1041]
[934, 987, 989, 1042]
[935, 988, 990, 1043]
[936, 989, 991, 1044]
[937, 990, 992, 1045]
[938, 991, 993, 1046]
[939, 992, 994, 1047]
[940, 993, 995, 1048]
[941, 994, 996, 1049]
[942, 995, 997, 1050]
[943, 996, 998, 1051]
[944, 997, 999, 1052]
[945, 998, 1000, 1053]
[946, 999, 1001, 1054]
[947, 1000, 1002, 1055]
[948, 1001, 1003, 1056]
[949, 1002, 1004, 1057]
[950, 1003, 1005, 1058]
[951, 1004, 1006, 1059]
[952, 1005, 1007, 1060]
[953, 1006, 1008, 1061]
[954, 1007, 1009, 1062]
[955, 1008, 1010, 1063]
[956, 1009, 1011, 1064]
[957, 1010, 1012, 1065]
[958, 1011, 1013, 1066]
[959, 1012, 1014, 1067]
[960, 1013, 1015, 1068]
[961, 1014, 1016, 1069]
[962, 1015, 1017, 1070]
[963, 1016, 1018, 1071]
[964, 1017, 1019, 1072]
[965, 1018, 1020, 1073]
[966, 1019, 1021, 1074]
[967, 1020, 1022, 1075]
[968, 1021, 1023, 1076]
[969, 1022, 1024, 1077]
[970, 1023, 1025, 1078]
[971, 972, 1024, 1079]
[972, 1027, 1079, 1080]
[973, 1026, 1028, 1081]
[974, 1027, 1029, 1082]
[975, 1028, 1030, 1083]
[976, 1029, 1031, 1084]
[977, 1030, 1032, 1085]
[978, 1031, 1033, 1086]
[979, 1032, 1034, 1087]
[980, 1033, 1035, 1088]
[981, 1034, 1036, 1089]
[982, 1035, 1037, 1090]
[983, 1036, 1038, 1091]
[984, 1037, 1039, 1092]
[985, 1038, 1040, 1093]
[986, 1039, 1041, 1094]
[987, 1040, 1042, 1095]
[988, 1041, 1043, 1096]
[989, 1042, 1044, 1097]
[990, 1043, 1045, 1098]
[991, 1044, 1046, 1099]
[992, 1045, 1047, 1100]
[993, 1046, 1048, 1101]
[994, 1047, 1049, 1102]
[995, 1048, 1050, 1103]
[996, 1049, 1051, 1104]
[997, 1050, 1052, 1105]
[998, 1051, 1053, 1106]
[999, 1052, 1054, 1107]
[1000, 1053, 1055, 1108]
[1001, 1054, 1056, 1109]
[1002, 1055, 1057, 1110]
[1003, 1056, 1058, 1111]
[1004, 1057, 1059, 1112]
[1005, 1058, 1060, 1113]
[1006, 1059, 1061, 1114]
[1007, 1060, 1062, 1115]
[1008, 1061, 1063, 1116]
[1009, 1062, 1064, 1117]
[1010, 1063, 1065, 1118]
[1011, 1064, 1066, 1119]
[1012, 1065, 1067, 1120]
[1013, 1066, 1068, 1121]
[1014, 1067, 1069, 1122]
[1015, 1068, 1070, 1123]
[1016, 1069, 1071, 1124]
[1017, 1070, 1072, 1125]
[1018, 1071, 1073, 1126]
[1019, 1072, 1074, 1127]
[1020, 1073, 1075, 1128]
[1021, 1074, 1076, 1129]
[1022, 1075, 1077, 1130]
[1023, 1076, 1078, 1131]
[1024, 1077, 1079, 1132]
[1025, 1026, 1078, 1133]
[1026, 1081, 1133, 1134]
[1027, 1080, 1082, 1135]
[1028, 1081, 1083, 1136]
[1029, 1082, 1084, 1137]
[1030, 1083, 1085, 1138]
[1031, 1084, 1086, 1139]
[1032, 1085, 1087, 1140]
[1033, 1086, 1088, 1141]
[1034, 1087, 1089, 1142]
[1035, 1088, 1090, 1143]
[1036, 1089, 1091, 1144]
[1037, 1090, 1092, 1145]
[1038, 1091, 1093, 1146]
[1039, 1092, 1094, 1147]
[1040, 1093, 1095, 1148]
[1041, 1094, 1096, 1149]
[1042, 1095, 1097, 1150]
[1043, 1096, 1098, 1151]
[1044, 1097, 1099, 1152]
[1045, 1098, 1100, 1153]
[1046, 1099, 1101, 1154]
[1047, 1100, 1102, 1155]
[1048, 1101, 1103, 1156]
[1049, 1102, 1104, 1157]
[1050, 1103, 1105, 1158]
[1051, 1104, 1106, 1159]
[1052, 1105, 1107, 1160]
[1053, 1106, 1108, 1161]
[1054, 1107, 1109, 1162]
[1055, 1108, 1110, 1163]
[1056, 1109, 1111, 1164]
[1057, 1110, 1112, 1165]
[1058, 1111, 1113, 1166]
[1059, 1112, 1114, 1167]
[1060, 1113, 1115, 1168]
[1061, 1114, 1116, 1169]
[1062, 1115, 1117, 1170]
[1063, 1116, 1118, 1171]
[1064, 1117, 1119, 1172]
[1065, 1118, 1120, 1173]
[1066, 1119, 1121, 1174]
[1067, 1120, 1122, 1175]
[1068, 1121, 1123, 1176]
[1069, 1122, 1124, 1177]
[1070, 1123, 1125, 1178]
[1071, 1124, 1126, 1179]
[1072, 1125, 1127, 1180]
[1073, 1126, 1128, 1181]
[1074, 1127, 1129, 1182]
[1075, 1128, 1130, 1183]
[1076, 1129, 1131, 1184]
[1077, 1130, 1132, 1185]
[1078, 1131, 1133, 1186]
[1079, 1080, 1132, 1187]
[1080, 1135, 1187, 1188]
[1081, 1134, 1136, 1189]
[1082, 1135, 1137, 1190]
[1083, 1136, 1138, 1191]
[1084, 1137, 1139, 1192]
[1085, 1138, 1140, 1193]
[1086, 1139, 1141, 1194]
[1087, 1140, 1142, 1195]
[1088, 1141, 1143, 1196]
[1089, 1142, 1144, 1197]
[1090, 1143, 1145, 1198]
[1091, 1144, 1146, 1199]
[1092, 1145, 1147, 1200]
[1093, 1146, 1148, 1201]
[1094, 1147, 1149, 1202]
[1095, 1148, 1150, 1203]
[1096, 1149, 1151, 1204]
[1097, 1150, 1152, 1205]
[1098, 1151, 1153, 1206]
[1099, 1152, 1154, 1207]
[1100, 1153, 1155, 1208]
[1101, 1154, 1156, 1209]
[1102, 1155, 1157, 1210]
[1103, 1156, 1158, 1211]
[1104, 1157, 1159, 1212]
[1105, 1158, 1160, 1213]
[1106, 1159, 1161, 1214]
[1107, 1160, 1162, 1215]
[1108, 1161, 1163, 1216]
[1109, 1162, 1164, 1217]
[1110, 1163, 1165, 1218]
[1111, 1164, 1166, 1219]
[1112, 1165, 1167, 1220]
[1113, 1166, 1168, 1221]
[1114, 1167, 1169, 1222]
[1115, 1168, 1170, 1223]
[1116, 1169, 1171, 1224]
[1117, 1170, 1172, 1225]
[1118, 1171, 1173, 1226]
[1119, 1172, 1174, 1227]
[1120, 1173, 1175, 1228]
[1121, 1174, 1176, 1229]
[1122, 1175, 1177, 1230]
[1123, 1176, 1178, 1231]
[1124, 1177, 1179, 1232]
[1125, 1178, 1180, 1233]
[1126, 1179, 1181, 1234]
[1127, 1180, 1182, 1235]
[1128, 1181, 1183, 1236]
[1129, 1182, 1184, 1237]
[1130, 1183, 1185, 1238]
[1131, 1184, 1186, 1239]
[1132, 1185, 1187, 1240]
[1133, 1134, 1186, 1241]
[1134, 1189, 1241, 1242]
[1135, 1188, 1190, 1243]
[1136, 1189, 1191, 1244]
[1137, 1190, 1192, 1245]
[1138, 1191, 1193, 1246]
[1139, 1192, 1194, 1247]
[1140, 1193, 1195, 1248]
[1141, 1194, 1196, 1249]
[1142, 1195, 1197, 1250]
[1143, 1196, 1198, 1251]
[1144, 1197, 1199, 1252]
[1145, 1198, 1200, 1253]
[1146, 1199, 1201, 1254]
[1147, 1200, 1202, 1255]
[1148, 1201, 1203, 1256]
[1149, 1202, 1204, 1257]
[1150, 1203, 1205, 1258]
[1151, 1204, 1206, 1259]
[1152, 1205, 1207, 1260]
[1153, 1206, 1208, 1261]
[1154, 1207, 1209, 1262]
[1155, 1208, 1210, 1263]
[1156, 1209, 1211, 1264]
[1157, 1210, 1212, 1265]
[1158, 1211, 1213, 1266]
[1159, 1212, 1214, 1267]
[1160, 1213, 1215, 1268]
[1161, 1214, 1216, 1269]
[1162, 1215, 1217, 1270]
[1163, 1216, 1218, 1271]
[1164, 1217, 1219, 1272]
[1165, 1218, 1220, 1273]
[1166, 1219, 1221, 1274]
[1167, 1220, 1222, 1275]
[1168, 1221, 1223, 1276]
[1169, 1222, 1224, 1277]
[1170, 1223, 1225, 1278]
[1171, 1224, 1226, 1279]
[1172, 1225, 1227, 1280]
[1173, 1226, 1228, 1281]
[1174, 1227, 1229, 1282]
[1175, 1228, 1230, 1283]
[1176, 1229, 1231, 1284]
[1177, 1230, 1232, 1285]
[1178, 1231, 1233, 1286]
[1179, 1232, 1234, 1287]
[1180, 1233, 1235, 1288]
[1181, 1234, 1236, 1289]
[1182, 1235, 1237, 1290]
[1183, 1236, 1238, 1291]
[1184, 1237, 1239, 1292]
[1185, 1238, 1240, 1293]
[1186, 1239, 1241, 1294]
[1187, 1188, 1240, 1295]
[1188, 1243, 1295, 1296]
[1189, 1242, 1244, 1297]
[1190, 1243, 1245, 1298]
[1191, 1244, 1246, 1299]
[1192, 1245, 1247, 1300]
[1193, 1246, 1248, 1301]
[1194, 1247, 1249, 1302]
[1195, 1248, 1250, 1303]
[1196, 1249, 1251, 1304]
[1197, 1250, 1252, 1305]
[1198, 1251, 1253, 1306]
[1199, 1252, 1254, 1307]
[1200, 1253, 1255, 1308]
[1201, 1254, 1256, 1309]
[1202, 1255, 1257, 1310]
[1203, 1256, 1258, 1311]
[1204, 1257, 1259, 1312]
[1205, 1258, 1260, 1313]
[1206, 1259, 1261, 1314]
[1207, 1260, 1262, 1315]
[1208, 1261, 1263, 1316]
[1209, 1262, 1264, 1317]
[1210, 1263, 1265, 1318]
[1211, 1264, 1266, 1319]
[1212, 1265, 1267, 1320]
[1213, 1266, 1268, 1321]
[1214, 1267, 1269, 1322]
[1215, 1268, 1270, 1323]
[1216, 1269, 1271, 1324]
[1217, 1270, 1272, 1325]
[1218, 1271, 1273, 1326]
[1219, 1272, 1274, 1327]
[1220, 1273, 1275, 1328]
[1221, 1274, 1276, 1329]
[1222, 1275, 1277, 1330]
[1223, 1276, 1278, 1331]
[1224, 1277, 1279, 1332]
[1225, 1278, 1280, 1333]
[1226, 1279, 1281, 1334]
[1227, 1280, 1282, 1335]
[1228, 1281, 1283, 1336]
[1229, 1282, 1284, 1337]
[1230, 1283, 1285, 1338]
[1231, 1284, 1286, 1339]
[1232, 1285, 1287, 1340]
[1233, 1286, 1288, 1341]
[1234, 1287, 1289, 1342]
[1235, 1288, 1290, 1343]
[1236, 1289, 1291, 1344]
[1237, 1290, 1292, 1345]
[1238, 1291, 1293, 1346]
[1239, 1292, 1294, 1347]
[1240, 1293, 1295, 1348]
[1241, 1242, 1294, 1349]
[1242, 1297, 1349, 1350]
[1243, 1296, 1298, 1351]
[1244, 1297, 1299, 1352]
[1245, 1298, 1300, 1353]
[1246, 1299, 1301, 1354]
[1247, 1300, 1302, 1355]
[1248, 1301, 1303, 1356]
[1249, 1302, 1304, 1357]
[1250, 1303, 1305, 1358]
[1251, 1304, 1306, 1359]
[1252, 1305, 1307, 1360]
[1253, 1306, 1308, 1361]
[1254, 1307, 1309, 1362]
[1255, 1308, 1310, 1363]
[1256, 1309, 1311, 1364]
[1257, 1310, 1312, 1365]
[1258, 1311, 1313, 1366]
[1259, 1312, 1314, 1367]
[1260, 1313, 1315, 1368]
[1261, 1314, 1316, 1369]
[1262, 1315, 1317, 1370]
[1263, 1316, 1318, 1371]
[1264, 1317, 1319, 1372]
[1265, 1318, 1320, 1373]
[1266, 1319, 1321, 1374]
[1267, 1320, 1322, 1375]
[1268, 1321, 1323, 1376]
[1269, 1322, 1324, 1377]
[1270, 1323, 1325, 1378]
[1271, 1324, 1326, 1379]
[1272, 1325, 1327, 1380]
[1273, 1326, 1328, 1381]
[1274, 1327, 1329, 1382]
[1275, 1328, 1330, 1383]
[1276, 1329, 1331, 1384]
[1277, 1330, 1332, 1385]
[1278, 1331, 1333, 1386]
[1279, 1332, 1334, 1387]
[1280, 1333, 1335, 1388]
[1281, 1334, 1336, 1389]
[1282, 1335, 1337, 1390]
[1283, 1336, 1338, 1391]
[1284, 1337, 1339, 1392]
[1285, 1338, 1340, 1393]
[1286, 1339, 1341, 1394]
[1287, 1340, 1342, 1395]
[1288, 1341, 1343, 1396]
[1289, 1342, 1344, 1397]
[1290, 1343, 1345, 1398]
[1291, 1344, 1346, 1399]
[1292, 1345, 1347, 1400]
[1293, 1346, 1348, 1401]
[1294, 1347, 1349, 1402]
[1295, 1296, 1348, 1403]
[1296, 1351, 1403, 1404]
[1297, 1350, 1352, 1405]
[1298, 1351, 1353, 1406]
[1299, 1352, 1354, 1407]
[1300, 1353, 1355, 1408]
[1301, 1354, 1356, 1409]
[1302, 1355, 1357, 1410]
[1303, 1356, 1358, 1411]
[1304, 1357, 1359, 1412]
[1305, 1358, 1360, 1413]
[1306, 1359, 1361, 1414]
[1307, 1360, 1362, 1415]
[1308, 1361, 1363, 1416]
[1309, 1362, 1364, 1417]
[1310, 1363, 1365, 1418]
[1311, 1364, 1366, 1419]
[1312, 1365, 1367, 1420]
[1313, 1366, 1368, 1421]
[1314, 1367, 1369, 1422]
[1315, 1368, 1370, 1423]
[1316, 1369, 1371, 1424]
[1317, 1370, 1372, 1425]
[1318, 1371, 1373, 1426]
[1319, 1372, 1374, 1427]
[1320, 1373, 1375, 1428]
[1321, 1374, 1376, 1429]
[1322, 1375, 1377, 1430]
[1323, 1376, 1378, 1431]
[1324, 1377, 1379, 1432]
[1325, 1378, 1380, 1433]
[1326, 1379, 1381, 1434]
[1327, 1380, 1382, 1435]
[1328, 1381, 1383, 1436]
[1329, 1382, 1384, 1437]
[1330, 1383, 1385, 1438]
[1331, 1384, 1386, 1439]
[1332, 1385, 1387, 1440]
[1333, 1386, 1388, 1441]
[1334, 1387, 1389, 1442]
[1335, 1388, 1390, 1443]
[1336, 1389, 1391, 1444]
[1337, 1390, 1392, 1445]
[1338, 1391, 1393, 1446]
[1339, 1392, 1394, 1447]
[1340, 1393, 1395, 1448]
[1341, 1394, 1396, 1449]
[1342, 1395, 1397, 1450]
[1343, 1396, 1398, 1451]
[1344, 1397, 1399, 1452]
[1345, 1398, 1400, 1453]
[1346, 1399, 1401, 1454]
[1347, 1400, 1402, 1455]
[1348, 1401, 1403, 1456]
[1349, 1350, 1402, 1457]
[1350, 1405, 1457, 1458]
[1351, 1404, 1406, 1459]
[1352, 1405, 1407, 1460]
[1353, 1406, 1408, 1461]
[1354, 1407, 1409, 1462]
[1355, 1408, 1410, 1463]
[1356, 1409, 1411, 1464]
[1357, 1410, 1412, 1465]
[1358, 1411, 1413, 1466]
[1359, 1412, 1414, 1467]
[1360, 1413, 1415, 1468]
[1361, 1414, 1416, 1469]
[1362, 1415, 1417, 1470]
[1363, 1416, 1418, 1471]
[1364, 1417, 1419, 1472]
[1365, 1418, 1420, 1473]
[1366, 1419, 1421, 1474]
[1367, 1420, 1422, 1475]
[1368, 1421, 1423, 1476]
[1369, 1422, 1424, 1477]
[1370, 1423, 1425, 1478]
[1371, 1424, 1426, 1479]
[1372, 1425, 1427, 1480]
[1373, 1426, 1428, 1481]
[1374, 1427, 1429, 1482]
[1375, 1428, 1430, 1483]
[1376, 1429, 1431, 1484]
[1377, 1430, 1432, 1485]
[1378, 1431, 1433, 1486]
[1379, 1432, 1434, 1487]
[1380, 1433, 1435, 1488]
[1381, 1434, 1436, 1489]
[1382, 1435, 1437, 1490]
[1383, 1436, 1438, 1491]
[1384, 1437, 1439, 1492]
[1385, 1438, 1440, 1493]
[1386, 1439, 1441, 1494]
[1387, 1440, 1442, 1495]
[1388, 1441, 1443, 1496]
[1389, 1442, 1444, 1497]
[1390, 1443, 1445, 1498]
[1391, 1444, 1446, 1499]
[1392, 1445, 1447, 1500]
[1393, 1446, 1448, 1501]
[1394, 1447, 1449, 1502]
[1395, 1448, 1450, 1503]
[1396, 1449, 1451, 1504]
[1397, 1450, 1452, 1505]
[1398, 1451, 1453, 1506]
[1399, 1452, 1454, 1507]
[1400, 1453, 1455, 1508]
[1401, 1454, 1456, 1509]
[1402, 1455, 1457, 1510]
[1403, 1404, 1456, 1511]
[1404, 1459, 1511, 1512]
[1405, 1458, 1460, 1513]
[1406, 1459, 1461, 1514]
[1407, 1460, 1462, 1515]
[1408, 1461, 1463, 1516]
[1409, 1462, 1464, 1517]
[1410, 1463, 1465, 1518]
[1411, 1464, 1466, 1519]
[1412, 1465, 1467, 1520]
[1413, 1466, 1468, 1521]
[1414, 1467, 1469, 1522]
[1415, 1468, 1470, 1523]
[1416, 1469, 1471, 1524]
[1417, 1470, 1472, 1525]
[1418, 1471, 1473, 1526]
[1419, 1472, 1474, 1527]
[1420, 1473, 1475, 1528]
[1421, 1474, 1476, 1529]
[1422, 1475, 1477, 1530]
[1423, 1476, 1478, 1531]
[1424, 1477, 1479, 1532]
[1425, 1478, 1480, 1533]
[1426, 1479, 1481, 1534]
[1427, 1480, 1482, 1535]
[1428, 1481, 1483, 1536]
[1429, 1482, 1484, 1537]
[1430, 1483, 1485, 1538]
[1431, 1484, 1486, 1539]
[1432, 1485, 1487, 1540]
[1433, 1486, 1488, 1541]
[1434, 1487, 1489, 1542]
[1435, 1488, 1490, 1543]
[1436, 1489, 1491, 1544]
[1437, 1490, 1492, 1545]
[1438, 1491, 1493, 1546]
[1439, 1492, 1494, 1547]
[1440, 1493, 1495, 1548]
[1441, 1494, 1496, 1549]
[1442, 1495, 1497, 1550]
[1443, 1496, 1498, 1551]
[1444, 1497, 1499, 1552]
[1445, 1498, 1500, 1553]
[1446, 1499, 1501, 1554]
[1447, 1500, 1502, 1555]
[1448, 1501, 1503, 1556]
[1449, 1502, 1504, 1557]
[1450, 1503, 1505, 1558]
[1451, 1504, 1506, 1559]
[1452, 1505, 1507, 1560]
[1453, 1506, 1508, 1561]
[1454, 1507, 1509, 1562]
[1455, 1508, 1510, 1563]
[1456, 1509, 1511, 1564]
[1457, 1458, 1510, 1565]
[1458, 1513, 1565, 1566]
[1459, 1512, 1514, 1567]
[1460, 1513, 1515, 1568]
[1461, 1514, 1516, 1569]
[1462, 1515, 1517, 1570]
[1463, 1516, 1518, 1571]
[1464, 1517, 1519, 1572]
[1465, 1518, 1520, 1573]
[1466, 1519, 1521, 1574]
[1467, 1520, 1522, 1575]
[1468, 1521, 1523, 1576]
[1469, 1522, 1524, 1577]
[1470, 1523, 1525, 1578]
[1471, 1524, 1526, 1579]
[1472, 1525, 1527, 1580]
[1473, 1526, 1528, 1581]
[1474, 1527, 1529, 1582]
[1475, 1528, 1530, 1583]
[1476, 1529, 1531, 1584]
[1477, 1530, 1532, 1585]
[1478, 1531, 1533, 1586]
[1479, 1532, 1534, 1587]
[1480, 1533, 1535, 1588]
[1481, 1534, 1536, 1589]
[1482, 1535, 1537, 1590]
[1483, 1536, 1538, 1591]
[1484, 1537, 1539, 1592]
[1485, 1538, 1540, 1593]
[1486, 1539, 1541, 1594]
[1487, 1540, 1542, 1595]
[1488, 1541, 1543, 1596]
[1489, 1542, 1544, 1597]
[1490, 1543, 1545, 1598]
[1491, 1544, 1546, 1599]
[1492, 1545, 1547, 1600]
[1493, 1546, 1548, 1601]
[1494, 1547, 1549, 1602]
[1495, 1548, 1550, 1603]
[1496, 1549, 1551, 1604]
[1497, 1550, 1552, 1605]
[1498, 1551, 1553, 1606]
[1499, 1552, 1554, 1607]
[1500, 1553, 1555, 1608]
[1501, 1554, 1556, 1609]
[1502, 1555, 1557, 1610]
[1503, 1556, 1558, 1611]
[1504, 1557, 1559, 1612]
[1505, 1558, 1560, 1613]
[1506, 1559, 1561, 1614]
[1507, 1560, 1562, 1615]
[1508, 1561, 1563, 1616]
[1509, 1562, 1564, 1617]
[1510, 1563, 1565, 1618]
[1511, 1512, 1564, 1619]
[1512, 1567, 1619, 1620]
[1513, 1566, 1568, 1621]
[1514, 1567, 1569, 1622]
[1515, 1568, 1570, 1623]
[1516, 1569, 1571, 1624]
[1517, 1570, 1572, 1625]
[1518, 1571, 1573, 1626]
[1519, 1572, 1574, 1627]
[1520, 1573, 1575, 1628]
[1521, 1574, 1576, 1629]
[1522, 1575, 1577, 1630]
[1523, 1576, 1578, 1631]
[1524, 1577, 1579, 1632]
[1525, 1578, 1580, 1633]
[1526, 1579, 1581, 1634]
[1527, 1580, 1582, 1635]
[1528, 1581, 1583, 1636]
[1529, 1582, 1584, 1637]
[1530, 1583, 1585, 1638]
[1531, 1584, 1586, 1639]
[1532, 1585, 1587, 1640]
[1533, 1586, 1588, 1641]
[1534, 1587, 1589, 1642]
[1535, 1588, 1590, 1643]
[1536, 1589, 1591, 1644]
[1537, 1590, 1592, 1645]
[1538, 1591, 1593, 1646]
[1539, 1592, 1594, 1647]
[1540, 1593, 1595, 1648]
[1541, 1594, 1596, 1649]
[1542, 1595, 1597, 1650]
[1543, 1596, 1598, 1651]
[1544, 1597, 1599, 1652]
[1545, 1598, 1600, 1653]
[1546, 1599, 1601, 1654]
[1547, 1600, 1602, 1655]
[1548, 1601, 1603, 1656]
[1549, 1602, 1604, 1657]
[1550, 1603, 1605, 1658]
[1551, 1604, 1606, 1659]
[1552, 1605, 1607, 1660]
[1553, 1606, 1608, 1661]
[1554, 1607, 1609, 1662]
[1555, 1608, 1610, 1663]
[1556, 1609, 1611, 1664]
[1557, 1610, 1612, 1665]
[1558, 1611, 1613, 1666]
[1559, 1612, 1614, 1667]
[1560, 1613, 1615, 1668]
[1561, 1614, 1616, 1669]
[1562, 1615, 1617, 1670]
[1563, 1616, 1618, 1671]
[1564, 1617, 1619, 1672]
[1565, 1566, 1618, 1673]
[1566, 1621, 1673, 1674]
[1567, 1620, 1622, 1675]
[1568, 1621, 1623, 1676]
[1569, 1622, 1624, 1677]
[1570, 1623, 1625, 1678]
[1571, 1624, 1626, 1679]
[1572, 1625, 1627, 1680]
[1573, 1626, 1628, 1681]
[1574, 1627, 1629, 1682]
[1575, 1628, 1630, 1683]
[1576, 1629, 1631, 1684]
[1577, 1630, 1632, 1685]
[1578, 1631, 1633, 1686]
[1579, 1632, 1634, 1687]
[1580, 1633, 1635, 1688]
[1581, 1634, 1636, 1689]
[1582, 1635, 1637, 1690]
[1583, 1636, 1638, 1691]
[1584, 1637, 1639, 1692]
[1585, 1638, 1640, 1693]
[1586, 1639, 1641, 1694]
[1587, 1640, 1642, 1695]
[1588, 1641, 1643, 1696]
[1589, 1642, 1644, 1697]
[1590, 1643, 1645, 1698]
[1591, 1644, 1646, 1699]
[1592, 1645, 1647, 1700]
[1593, 1646, 1648, 1701]
[1594, 1647, 1649, 1702]
[1595, 1648, 1650, 1703]
[1596, 1649, 1651, 1704]
[1597, 1650, 1652, 1705]
[1598, 1651, 1653, 1706]
[1599, 1652, 1654, 1707]
[1600, 1653, 1655, 1708]
[1601, 1654, 1656, 1709]
[1602, 1655, 1657, 1710]
[1603, 1656, 1658, 1711]
[1604, 1657, 1659, 1712]
[1605, 1658, 1660, 1713]
[1606, 1659, 1661, 1714]
[1607, 1660, 1662, 1715]
[1608, 1661, 1663, 1716]
[1609, 1662, 1664, 1717]
[1610, 1663, 1665, 1718]
[1611, 1664, 1666, 1719]
[1612, 1665, 1667, 1720]
[1613, 1666, 1668, 1721]
[1614, 1667, 1669, 1722]
[1615, 1668, 1670, 1723]
[1616, 1669, 1671, 1724]
[1617, 1670, 1672, 1725]
[1618, 1671, 1673, 1726]
[1619, 1620, 1672, 1727]
[1620, 1675, 1727, 1728]
[1621, 1674, 1676, 1729]
[1622, 1675, 1677, 1730]
[1623, 1676, 1678, 1731]
[1624, 1677, 1679, 1732]
[1625, 1678, 1680, 1733]
[1626, 1679, 1681, 1734]
[1627, 1680, 1682, 1735]
[1628, 1681, 1683, 1736]
[1629, 1682, 1684, 1737]
[1630, 1683, 1685, 1738]
[1631, 1684, 1686, 1739]
[1632, 1685, 1687, 1740]
[1633, 1686, 1688, 1741]
[1634, 1687, 1689, 1742]
[1635, 1688, 1690, 1743]
[1636, 1689, 1691, 1744]
[1637, 1690, 1692, 1745]
[1638, 1691, 1693, 1746]
[1639, 1692, 1694, 1747]
[1640, 1693, 1695, 1748]
[1641, 1694, 1696, 1749]
[1642, 1695, 1697, 1750]
[1643, 1696, 1698, 1751]
[1644, 1697, 1699, 1752]
[1645, 1698, 1700, 1753]
[1646, 1699, 1701, 1754]
[1647, 1700, 1702, 1755]
[1648, 1701, 1703, 1756]
[1649, 1702, 1704, 1757]
[1650, 1703, 1705, 1758]
[1651, 1704, 1706, 1759]
[1652, 1705, 1707, 1760]
[1653, 1706, 1708, 1761]
[1654, 1707, 1709, 1762]
[1655, 1708, 1710, 1763]
[1656, 1709, 1711, 1764]
[1657, 1710, 1712, 1765]
[1658, 1711, 1713, 1766]
[1659, 1712, 1714, 1767]
[1660, 1713, 1715, 1768]
[1661, 1714, 1716, 1769]
[1662, 1715, 1717, 1770]
[1663, 1716, 1718, 1771]
[1664, 1717, 1719, 1772]
[1665, 1718, 1720, 1773]
[1666, 1719, 1721, 1774]
[1667, 1720, 1722, 1775]
[1668, 1721, 1723, 1776]
[1669, 1722, 1724, 1777]
[1670, 1723, 1725, 1778]
[1671, 1724, 1726, 1779]
[1672, 1725, 1727, 1780]
[1673, 1674, 1726, 1781]
[1674, 1729, 1781, 1782]
[1675, 1728, 1730, 1783]
[1676, 1729, 1731, 1784]
[1677, 1730, 1732, 1785]
[1678, 1731, 1733, 1786]
[1679, 1732, 1734, 1787]
[1680, 1733, 1735, 1788]
[1681, 1734, 1736, 1789]
[1682, 1735, 1737, 1790]
[1683, 1736, 1738, 1791]
[1684, 1737, 1739, 1792]
[1685, 1738, 1740, 1793]
[1686, 1739, 1741, 1794]
[1687, 1740, 1742, 1795]
[1688, 1741, 1743, 1796]
[1689, 1742, 1744, 1797]
[1690, 1743, 1745, 1798]
[1691, 1744, 1746, 1799]
[1692, 1745, 1747, 1800]
[1693, 1746, 1748, 1801]
[1694, 1747, 1749, 1802]
[1695, 1748, 1750, 1803]
[1696, 1749, 1751, 1804]
[1697, 1750, 1752, 1805]
[1698, 1751, 1753, 1806]
[1699, 1752, 1754, 1807]
[1700, 1753, 1755, 1808]
[1701, 1754, 1756, 1809]
[1702, 1755, 1757, 1810]
[1703, 1756, 1758, 1811]
[1704, 1757, 1759, 1812]
[1705, 1758, 1760, 1813]
[1706, 1759, 1761, 1814]
[1707, 1760, 1762, 1815]
[1708, 1761, 1763, 1816]
[1709, 1762, 1764, 1817]
[1710, 1763, 1765, 1818]
[1711, 1764, 1766, 1819]
[1712, 1765, 1767, 1820]
[1713, 1766, 1768, 1821]
[1714, 1767, 1769, 1822]
[1715, 1768, 1770, 1823]
[1716, 1769, 1771, 1824]
[1717, 1770, 1772, 1825]
[1718, 1771, 1773, 1826]
[1719, 1772, 1774, 1827]
[1720, 1773, 1775, 1828]
[1721, 1774, 1776, 1829]
[1722, 1775, 1777, 1830]
[1723, 1776, 1778, 1831]
[1724, 1777, 1779, 1832]
[1725, 1778, 1780, 1833]
[1726, 1779, 1781, 1834]
[1727, 1728, 1780, 1835]
[1728, 1783, 1835, 1836]
[1729, 1782, 1784, 1837]
[1730, 1783, 1785, 1838]
[1731, 1784, 1786, 1839]
[1732, 1785, 1787, 1840]
[1733, 1786, 1788, 1841]
[1734, 1787, 1789, 1842]
[1735, 1788, 1790, 1843]
[1736, 1789, 1791, 1844]
[1737, 1790, 1792, 1845]
[1738, 1791, 1793, 1846]
[1739, 1792, 1794, 1847]
[1740, 1793, 1795, 1848]
[1741, 1794, 1796, 1849]
[1742, 1795, 1797, 1850]
[1743, 1796, 1798, 1851]
[1744, 1797, 1799, 1852]
[1745, 1798, 1800, 1853]
[1746, 1799, 1801, 1854]
[1747, 1800, 1802, 1855]
[1748, 1801, 1803, 1856]
[1749, 1802, 1804, 1857]
[1750, 1803, 1805, 1858]
[1751, 1804, 1806, 1859]
[1752, 1805, 1807, 1860]
[1753, 1806, 1808, 1861]
[1754, 1807, 1809, 1862]
[1755, 1808, 1810, 1863]
[1756, 1809, 1811, 1864]
[1757, 1810, 1812, 1865]
[1758, 1811, 1813, 1866]
[1759, 1812, 1814, 1867]
[1760, 1813, 1815, 1868]
[1761, 1814, 1816, 1869]
[1762, 1815, 1817, 1870]
[1763, 1816, 1818, 1871]
[1764, 1817, 1819, 1872]
[1765, 1818, 1820, 1873]
[1766, 1819, 1821, 1874]
[1767, 1820, 1822, 1875]
[1768, 1821, 1823, 1876]
[1769, 1822, 1824, 1877]
[1770, 1823, 1825, 1878]
[1771, 1824, 1826, 1879]
[1772, 1825, 1827, 1880]
[1773, 1826, 1828, 1881]
[1774, 1827, 1829, 1882]
[1775, 1828, 1830, 1883]
[1776, 1829, 1831, 1884]
[1777, 1830, 1832, 1885]
[1778, 1831, 1833, 1886]
[1779, 1832, 1834, 1887]
[1780, 1833, 1835, 1888]
[1781, 1782, 1834, 1889]
[1782, 1837, 1889, 1890]
[1783, 1836, 1838, 1891]
[1784, 1837, 1839, 1892]
[1785, 1838, 1840, 1893]
[1786, 1839, 1841, 1894]
[1787, 1840, 1842, 1895]
[1788, 1841, 1843, 1896]
[1789, 1842, 1844, 1897]
[1790, 1843, 1845, 1898]
[1791, 1844, 1846, 1899]
[1792, 1845, 1847, 1900]
[1793, 1846, 1848, 1901]
[1794, 1847, 1849, 1902]
[1795, 1848, 1850, 1903]
[1796, 1849, 1851, 1904]
[1797, 1850, 1852, 1905]
[1798, 1851, 1853, 1906]
[1799, 1852, 1854, 1907]
[1800, 1853, 1855, 1908]
[1801, 1854, 1856, 1909]
[1802, 1855, 1857, 1910]
[1803, 1856, 1858, 1911]
[1804, 1857, 1859, 1912]
[1805, 1858, 1860, 1913]
[1806, 1859, 1861, 1914]
[1807, 1860, 1862, 1915]
[1808, 1861, 1863, 1916]
[1809, 1862, 1864, 1917]
[1810, 1863, 1865, 1918]
[1811, 1864, 1866, 1919]
[1812, 1865, 1867, 1920]
[1813, 1866, 1868, 1921]
[1814, 1867, 1869, 1922]
[1815, 1868, 1870, 1923]
[1816, 1869, 1871, 1924]
[1817, 1870, 1872, 1925]
[1818, 1871, 1873, 1926]
[1819, 1872, 1874, 1927]
[1820, 1873, 1875, 1928]
[1821, 1874, 1876, 1929]
[1822, 1875, 1877, 1930]
[1823, 1876, 1878, 1931]
[1824, 1877, 1879, 1932]
[1825, 1878, 1880, 1933]
[1826, 1879, 1881, 1934]
[1827, 1880, 1882, 1935]
[1828, 1881, 1883, 1936]
[1829, 1882, 1884, 1937]
[1830, 1883, 1885, 1938]
[1831, 1884, 1886, 1939]
[1832, 1885, 1887, 1940]
[1833, 1886, 1888, 1941]
[1834, 1887, 1889, 1942]
[1835, 1836, 1888, 1943]
[1836, 1891, 1943, 1944]
[1837, 1890, 1892, 1945]
[1838, 1891, 1893, 1946]
[1839, 1892, 1894, 1947]
[1840, 1893, 1895, 1948]
[1841, 1894, 1896, 1949]
[1842, 1895, 1897, 1950]
[1843, 1896, 1898, 1951]
[1844, 1897, 1899, 1952]
[1845, 1898, 1900, 1953]
[1846, 1899, 1901, 1954]
[1847, 1900, 1902, 1955]
[1848, 1901, 1903, 1956]
[1849, 1902, 1904, 1957]
[1850, 1903, 1905, 1958]
[1851, 1904, 1906, 1959]
[1852, 1905, 1907, 1960]
[1853, 1906, 1908, 1961]
[1854, 1907, 1909, 1962]
[1855, 1908, 1910, 1963]
[1856, 1909, 1911, 1964]
[1857, 1910, 1912, 1965]
[1858, 1911, 1913, 1966]
[1859, 1912, 1914, 1967]
[1860, 1913, 1915, 1968]
[1861, 1914, 1916, 1969]
[1862, 1915, 1917, 1970]
[1863, 1916, 1918, 1971]
[1864, 1917, 1919, 1972]
[1865, 1918, 1920, 1973]
[1866, 1919, 1921, 1974]
[1867, 1920, 1922, 1975]
[1868, 1921, 1923, 1976]
[1869, 1922, 1924, 1977]
[1870, 1923, 1925, 1978]
[1871, 1924, 1926, 1979]
[1872, 1925, 1927, 1980]
[1873, 1926, 1928, 1981]
[1874, 1927, 1929, 1982]
[1875, 1928, 1930, 1983]
[1876, 1929, 1931, 1984]
[1877, 1930, 1932, 1985]
[1878, 1931, 1933, 1986]
[1879, 1932, 1934, 1987]
[1880, 1933, 1935, 1988]
[1881, 1934, 1936, 1989]
[1882, 1935, 1937, 1990]
[1883, 1936, 1938, 1991]
[1884, 1937, 1939, 1992]
[1885, 1938, 1940, 1993]
[1886, 1939, 1941, 1994]
[1887, 1940, 1942, 1995]
[1888, 1941, 1943, 1996]
[1889, 1890, 1942, 1997]
[1890, 1945, 1997, 1998]
[1891, 1944, 1946, 1999]
[1892, 1945, 1947, 2000]
[1893, 1946, 1948, 2001]
[1894, 1947, 1949, 2002]
[1895, 1948, 1950, 2003]
[1896, 1949, 1951, 2004]
[1897, 1950, 1952, 2005]
[1898, 1951, 1953, 2006]
[1899, 1952, 1954, 2007]
[1900, 1953, 1955, 2008]
[1901, 1954, 1956, 2009]
[1902, 1955, 1957, 2010]
[1903, 1956, 1958, 2011]
[1904, 1957, 1959, 2012]
[1905, 1958, 1960, 2013]
[1906, 1959, 1961, 2014]
[1907, 1960, 1962, 2015]
[1908, 1961, 1963, 2016]
[1909, 1962, 1964, 2017]
[1910, 1963, 1965, 2018]
[1911, 1964, 1966, 2019]
[1912, 1965, 1967, 2020]
[1913, 1966, 1968, 2021]
[1914, 1967, 1969, 2022]
[1915, 1968, 1970, 2023]
[1916, 1969, 1971, 2024]
[1917, 1970, 1972, 2025]
[1918, 1971, 1973, 2026]
[1919, 1972, 1974, 2027]
[1920, 1973, 1975, 2028]
[1921, 1974, 1976, 2029]
[1922, 1975, 1977, 2030]
[1923, 1976, 1978, 2031]
[1924, 1977, 1979, 2032]
[1925, 1978, 1980, 2033]
[1926, 1979, 1981, 2034]
[1927, 1980, 1982, 2035]
[1928, 1981, 1983, 2036]
[1929, 1982, 1984, 2037]
[1930, 1983, 1985, 2038]
[1931, 1984, 1986, 2039]
[1932, 1985, 1987, 2040]
[1933, 1986, 1988, 2041]
[1934, 1987, 1989, 2042]
[1935, 1988, 1990, 2043]
[1936, 1989, 1991, 2044]
[1937, 1990, 1992, 2045]
[1938, 1991, 1993, 2046]
[1939, 1992, 1994, 2047]
[1940, 1993, 1995, 2048]
[1941, 1994, 1996, 2049]
[1942, 1995, 1997, 2050]
[1943, 1944, 1996, 2051]
[1944, 1999, 2051, 2052]
[1945, 1998, 2000, 2053]
[1946, 1999, 2001, 2054]
[1947, 2000, 2002, 2055]
[1948, 2001, 2003, 2056]
[1949, 2002, 2004, 2057]
[1950, 2003, 2005, 2058]
[1951, 2004, 2006, 2059]
[1952, 2005, 2007, 2060]
[1953, 2006, 2008, 2061]
[1954, 2007, 2009, 2062]
[1955, 2008, 2010, 2063]
[1956, 2009, 2011, 2064]
[1957, 2010, 2012, 2065]
[1958, 2011, 2013, 2066]
[1959, 2012, 2014, 2067]
[1960, 2013, 2015, 2068]
[1961, 2014, 2016, 2069]
[1962, 2015, 2017, 2070]
[1963, 2016, 2018, 2071]
[1964, 2017, 2019, 2072]
[1965, 2018, 2020, 2073]
[1966, 2019, 2021, 2074]
[1967, 2020, 2022, 2075]
[1968, 2021, 2023, 2076]
[1969, 2022, 2024, 2077]
[1970, 2023, 2025, 2078]
[1971, 2024, 2026, 2079]
[1972, 2025, 2027, 2080]
[1973, 2026, 2028, 2081]
[1974, 2027, 2029, 2082]
[1975, 2028, 2030, 2083]
[1976, 2029, 2031, 2084]
[1977, 2030, 2032, 2085]
[1978, 2031, 2033, 2086]
[1979, 2032, 2034, 2087]
[1980, 2033, 2035, 2088]
[1981, 2034, 2036, 2089]
[1982, 2035, 2037, 2090]
[1983, 2036, 2038, 2091]
[1984, 2037, 2039, 2092]
[1985, 2038, 2040, 2093]
[1986, 2039, 2041, 2094]
[1987, 2040, 2042, 2095]
[1988, 2041, 2043, 2096]
[1989, 2042, 2044, 2097]
[1990, 2043, 2045, 2098]
[1991, 2044, 2046, 2099]
[1992, 2045, 2047, 2100]
[1993, 2046, 2048, 2101]
[1994, 2047, 2049, 2102]
[1995, 2048, 2050, 2103]
[1996, 2049, 2051, 2104]
[1997, 1998, 2050, 2105]
[1998, 2053, 2105, 2106]
[1999, 2052, 2054, 2107]
[2000, 2053, 2055, 2108]
[2001, 2054, 2056, 2109]
[2002, 2055, 2057, 2110]
[2003, 2056, 2058, 2111]
[2004, 2057, 2059, 2112]
[2005, 2058, 2060, 2113]
[2006, 2059, 2061, 2114]
[2007, 2060, 2062, 2115]
[2008, 2061, 2063, 2116]
[2009, 2062, 2064, 2117]
[2010, 2063, 2065, 2118]
[2011, 2064, 2066, 2119]
[2012, 2065, 2067, 2120]
[2013, 2066, 2068, 2121]
[2014, 2067, 2069, 2122]
[2015, 2068, 2070, 2123]
[2016, 2069, 2071, 2124]
[2017, 2070, 2072, 2125]
[2018, 2071, 2073, 2126]
[2019, 2072, 2074, 2127]
[2020, 2073, 2075, 2128]
[2021, 2074, 2076, 2129]
[2022, 2075, 2077, 2130]
[2023, 2076, 2078, 2131]
[2024, 2077, 2079, 2132]
[2025, 2078, 2080, 2133]
[2026, 2079, 2081, 2134]
[2027, 2080, 2082, 2135]
[2028, 2081, 2083, 2136]
[2029, 2082, 2084, 2137]
[2030, 2083, 2085, 2138]
[2031, 2084, 2086, 2139]
[2032, 2085, 2087, 2140]
[2033, 2086, 2088, 2141]
[2034, 2087, 2089, 2142]
[2035, 2088, 2090, 2143]
[2036, 2089, 2091, 2144]
[2037, 2090, 2092, 2145]
[2038, 2091, 2093, 2146]
[2039, 2092, 2094, 2147]
[2040, 2093, 2095, 2148]
[2041, 2094, 2096, 2149]
[2042, 2095, 2097, 2150]
[2043, 2096, 2098, 2151]
[2044, 2097, 2099, 2152]
[2045, 2098, 2100, 2153]
[2046, 2099, 2101, 2154]
[2047, 2100, 2102, 2155]
[2048, 2101, 2103, 2156]
[2049, 2102, 2104, 2157]
[2050, 2103, 2105, 2158]
[2051, 2052, 2104, 2159]
[2052, 2107, 2159, 2160]
[2053, 2106, 2108, 2161]
[2054, 2107, 2109, 2162]
[2055, 2108, 2110, 2163]
[2056, 2109, 2111, 2164]
[2057, 2110, 2112, 2165]
[2058, 2111, 2113, 2166]
[2059, 2112, 2114, 2167]
[2060, 2113, 2115, 2168]
[2061, 2114, 2116, 2169]
[2062, 2115, 2117, 2170]
[2063, 2116, 2118, 2171]
[2064, 2117, 2119, 2172]
[2065, 2118, 2120, 2173]
[2066, 2119, 2121, 2174]
[2067, 2120, 2122, 2175]
[2068, 2121, 2123, 2176]
[2069, 2122, 2124, 2177]
[2070, 2123, 2125, 2178]
[2071, 2124, 2126, 2179]
[2072, 2125, 2127, 2180]
[2073, 2126, 2128, 2181]
[2074, 2127, 2129, 2182]
[2075, 2128, 2130, 2183]
[2076, 2129, 2131, 2184]
[2077, 2130, 2132, 2185]
[2078, 2131, 2133, 2186]
[2079, 2132, 2134, 2187]
[2080, 2133, 2135, 2188]
[2081, 2134, 2136, 2189]
[2082, 2135, 2137, 2190]
[2083, 2136, 2138, 2191]
[2084, 2137, 2139, 2192]
[2085, 2138, 2140, 2193]
[2086, 2139, 2141, 2194]
[2087, 2140, 2142, 2195]
[2088, 2141, 2143, 2196]
[2089, 2142, 2144, 2197]
[2090, 2143, 2145, 2198]
[2091, 2144, 2146, 2199]
[2092, 2145, 2147, 2200]
[2093, 2146, 2148, 2201]
[2094, 2147, 2149, 2202]
[2095, 2148, 2150, 2203]
[2096, 2149, 2151, 2204]
[2097, 2150, 2152, 2205]
[2098, 2151, 2153, 2206]
[2099, 2152, 2154, 2207]
[2100, 2153, 2155, 2208]
[2101, 2154, 2156, 2209]
[2102, 2155, 2157, 2210]
[2103, 2156, 2158, 2211]
[2104, 2157, 2159, 2212]
[2105, 2106, 2158, 2213]
[2106, 2161, 2213, 2214]
[2107, 2160, 2162, 2215]
[2108, 2161, 2163, 2216]
[2109, 2162, 2164, 2217]
[2110, 2163, 2165, 2218]
[2111, 2164, 2166, 2219]
[2112, 2165, 2167, 2220]
[2113, 2166, 2168, 2221]
[2114, 2167, 2169, 2222]
[2115, 2168, 2170, 2223]
[2116, 2169, 2171, 2224]
[2117, 2170, 2172, 2225]
[2118, 2171, 2173, 2226]
[2119, 2172, 2174, 2227]
[2120, 2173, 2175, 2228]
[2121, 2174, 2176, 2229]
[2122, 2175, 2177, 2230]
[2123, 2176, 2178, 2231]
[2124, 2177, 2179, 2232]
[2125, 2178, 2180, 2233]
[2126, 2179, 2181, 2234]
[2127, 2180, 2182, 2235]
[2128, 2181, 2183, 2236]
[2129, 2182, 2184, 2237]
[2130, 2183, 2185, 2238]
[2131, 2184, 2186, 2239]
[2132, 2185, 2187, 2240]
[2133, 2186, 2188, 2241]
[2134, 2187, 2189, 2242]
[2135, 2188, 2190, 2243]
[2136, 2189, 2191, 2244]
[2137, 2190, 2192, 2245]
[2138, 2191, 2193, 2246]
[2139, 2192, 2194, 2247]
[2140, 2193, 2195, 2248]
[2141, 2194, 2196, 2249]
[2142, 2195, 2197, 2250]
[2143, 2196, 2198, 2251]
[2144, 2197, 2199, 2252]
[2145, 2198, 2200, 2253]
[2146, 2199, 2201, 2254]
[2147, 2200, 2202, 2255]
[2148, 2201, 2203, 2256]
[2149, 2202, 2204, 2257]
[2150, 2203, 2205, 2258]
[2151, 2204, 2206, 2259]
[2152, 2205, 2207, 2260]
[2153, 2206, 2208, 2261]
[2154, 2207, 2209, 2262]
[2155, 2208, 2210, 2263]
[2156, 2209, 2211, 2264]
[2157, 2210, 2212, 2265]
[2158, 2211, 2213, 2266]
[2159, 2160, 2212, 2267]
[2160, 2215, 2267, 2268]
[2161, 2214, 2216, 2269]
[2162, 2215, 2217, 2270]
[2163, 2216, 2218, 2271]
[2164, 2217, 2219, 2272]
[2165, 2218, 2220, 2273]
[2166, 2219, 2221, 2274]
[2167, 2220, 2222, 2275]
[2168, 2221, 2223, 2276]
[2169, 2222, 2224, 2277]
[2170, 2223, 2225, 2278]
[2171, 2224, 2226, 2279]
[2172, 2225, 2227, 2280]
[2173, 2226, 2228, 2281]
[2174, 2227, 2229, 2282]
[2175, 2228, 2230, 2283]
[2176, 2229, 2231, 2284]
[2177, 2230, 2232, 2285]
[2178, 2231, 2233, 2286]
[2179, 2232, 2234, 2287]
[2180, 2233, 2235, 2288]
[2181, 2234, 2236, 2289]
[2182, 2235, 2237, 2290]
[2183, 2236, 2238, 2291]
[2184, 2237, 2239, 2292]
[2185, 2238, 2240, 2293]
[2186, 2239, 2241, 2294]
[2187, 2240, 2242, 2295]
[2188, 2241, 2243, 2296]
[2189, 2242, 2244, 2297]
[2190, 2243, 2245, 2298]
[2191, 2244, 2246, 2299]
[2192, 2245, 2247, 2300]
[2193, 2246, 2248, 2301]
[2194, 2247, 2249, 2302]
[2195, 2248, 2250, 2303]
[2196, 2249, 2251, 2304]
[2197, 2250, 2252, 2305]
[2198, 2251, 2253, 2306]
[2199, 2252, 2254, 2307]
[2200, 2253, 2255, 2308]
[2201, 2254, 2256, 2309]
[2202, 2255, 2257, 2310]
[2203, 2256, 2258, 2311]
[2204, 2257, 2259, 2312]
[2205, 2258, 2260, 2313]
[2206, 2259, 2261, 2314]
[2207, 2260, 2262, 2315]
[2208, 2261, 2263, 2316]
[2209, 2262, 2264, 2317]
[2210, 2263, 2265, 2318]
[2211, 2264, 2266, 2319]
[2212, 2265, 2267, 2320]
[2213, 2214, 2266, 2321]
[2214, 2269, 2321, 2322]
[2215, 2268, 2270, 2323]
[2216, 2269, 2271, 2324]
[2217, 2270, 2272, 2325]
[2218, 2271, 2273, 2326]
[2219, 2272, 2274, 2327]
[2220, 2273, 2275, 2328]
[2221, 2274, 2276, 2329]
[2222, 2275, 2277, 2330]
[2223, 2276, 2278, 2331]
[2224, 2277, 2279, 2332]
[2225, 2278, 2280, 2333]
[2226, 2279, 2281, 2334]
[2227, 2280, 2282, 2335]
[2228, 2281, 2283, 2336]
[2229, 2282, 2284, 2337]
[2230, 2283, 2285, 2338]
[2231, 2284, 2286, 2339]
[2232, 2285, 2287, 2340]
[2233, 2286, 2288, 2341]
[2234, 2287, 2289, 2342]
[2235, 2288, 2290, 2343]
[2236, 2289, 2291, 2344]
[2237, 2290, 2292, 2345]
[2238, 2291, 2293, 2346]
[2239, 2292, 2294, 2347]
[2240, 2293, 2295, 2348]
[2241, 2294, 2296, 2349]
[2242, 2295, 2297, 2350]
[2243, 2296, 2298, 2351]
[2244, 2297, 2299, 2352]
[2245, 2298, 2300, 2353]
[2246, 2299, 2301, 2354]
[2247, 2300, 2302, 2355]
[2248, 2301, 2303, 2356]
[2249, 2302, 2304, 2357]
[2250, 2303, 2305, 2358]
[2251, 2304, 2306, 2359]
[2252, 2305, 2307, 2360]
[2253, 2306, 2308, 2361]
[2254, 2307, 2309, 2362]
[2255, 2308, 2310, 2363]
[2256, 2309, 2311, 2364]
[2257, 2310, 2312, 2365]
[2258, 2311, 2313, 2366]
[2259, 2312, 2314, 2367]
[2260, 2313, 2315, 2368]
[2261, 2314, 2316, 2369]
[2262, 2315, 2317, 2370]
[2263, 2316, 2318, 2371]
[2264, 2317, 2319, 2372]
[2265, 2318, 2320, 2373]
[2266, 2319, 2321, 2374]
[2267, 2268, 2320, 2375]
[2268, 2323, 2375, 2376]
[2269, 2322, 2324, 2377]
[2270, 2323, 2325, 2378]
[2271, 2324, 2326, 2379]
[2272, 2325, 2327, 2380]
[2273, 2326, 2328, 2381]
[2274, 2327, 2329, 2382]
[2275, 2328, 2330, 2383]
[2276, 2329, 2331, 2384]
[2277, 2330, 2332, 2385]
[2278, 2331, 2333, 2386]
[2279, 2332, 2334, 2387]
[2280, 2333, 2335, 2388]
[2281, 2334, 2336, 2389]
[2282, 2335, 2337, 2390]
[2283, 2336, 2338, 2391]
[2284, 2337, 2339, 2392]
[2285, 2338, 2340, 2393]
[2286, 2339, 2341, 2394]
[2287, 2340, 2342, 2395]
[2288, 2341, 2343, 2396]
[2289, 2342, 2344, 2397]
[2290, 2343, 2345, 2398]
[2291, 2344, 2346, 2399]
[2292, 2345, 2347, 2400]
[2293, 2346, 2348, 2401]
[2294, 2347, 2349, 2402]
[2295, 2348, 2350, 2403]
[2296, 2349, 2351, 2404]
[2297, 2350, 2352, 2405]
[2298, 2351, 2353, 2406]
[2299, 2352, 2354, 2407]
[2300, 2353, 2355, 2408]
[2301, 2354, 2356, 2409]
[2302, 2355, 2357, 2410]
[2303, 2356, 2358, 2411]
[2304, 2357, 2359, 2412]
[2305, 2358, 2360, 2413]
[2306, 2359, 2361, 2414]
[2307, 2360, 2362, 2415]
[2308, 2361, 2363, 2416]
[2309, 2362, 2364, 2417]
[2310, 2363, 2365, 2418]
[2311, 2364, 2366, 2419]
[2312, 2365, 2367, 2420]
[2313, 2366, 2368, 2421]
[2314, 2367, 2369, 2422]
[2315, 2368, 2370, 2423]
[2316, 2369, 2371, 2424]
[2317, 2370, 2372, 2425]
[2318, 2371, 2373, 2426]
[2319, 2372, 2374, 2427]
[2320, 2373, 2375, 2428]
[2321, 2322, 2374, 2429]
[2322, 2377, 2429, 2430]
[2323, 2376, 2378, 2431]
[2324, 2377, 2379, 2432]
[2325, 2378, 2380, 2433]
[2326, 2379, 2381, 2434]
[2327, 2380, 2382, 2435]
[2328, 2381, 2383, 2436]
[2329, 2382, 2384, 2437]
[2330, 2383, 2385, 2438]
[2331, 2384, 2386, 2439]
[2332, 2385, 2387, 2440]
[2333, 2386, 2388, 2441]
[2334, 2387, 2389, 2442]
[2335, 2388, 2390, 2443]
[2336, 2389, 2391, 2444]
[2337, 2390, 2392, 2445]
[2338, 2391, 2393, 2446]
[2339, 2392, 2394, 2447]
[2340, 2393, 2395, 2448]
[2341, 2394, 2396, 2449]
[2342, 2395, 2397, 2450]
[2343, 2396, 2398, 2451]
[2344, 2397, 2399, 2452]
[2345, 2398, 2400, 2453]
[2346, 2399, 2401, 2454]
[2347, 2400, 2402, 2455]
[2348, 2401, 2403, 2456]
[2349, 2402, 2404, 2457]
[2350, 2403, 2405, 2458]
[2351, 2404, 2406, 2459]
[2352, 2405, 2407, 2460]
[2353, 2406, 2408, 2461]
[2354, 2407, 2409, 2462]
[2355, 2408, 2410, 2463]
[2356, 2409, 2411, 2464]
[2357, 2410, 2412, 2465]
[2358, 2411, 2413, 2466]
[2359, 2412, 2414, 2467]
[2360, 2413, 2415, 2468]
[2361, 2414, 2416, 2469]
[2362, 2415, 2417, 2470]
[2363, 2416, 2418, 2471]
[2364, 2417, 2419, 2472]
[2365, 2418, 2420, 2473]
[2366, 2419, 2421, 2474]
[2367, 2420, 2422, 2475]
[2368, 2421, 2423, 2476]
[2369, 2422, 2424, 2477]
[2370, 2423, 2425, 2478]
[2371, 2424, 2426, 2479]
[2372, 2425, 2427, 2480]
[2373, 2426, 2428, 2481]
[2374, 2427, 2429, 2482]
[2375, 2376, 2428, 2483]
[2376, 2431, 2483, 2484]
[2377, 2430, 2432, 2485]
[2378, 2431, 2433, 2486]
[2379, 2432, 2434, 2487]
[2380, 2433, 2435, 2488]
[2381, 2434, 2436, 2489]
[2382, 2435, 2437, 2490]
[2383, 2436, 2438, 2491]
[2384, 2437, 2439, 2492]
[2385, 2438, 2440, 2493]
[2386, 2439, 2441, 2494]
[2387, 2440, 2442, 2495]
[2388, 2441, 2443, 2496]
[2389, 2442, 2444, 2497]
[2390, 2443, 2445, 2498]
[2391, 2444, 2446, 2499]
[2392, 2445, 2447, 2500]
[2393, 2446, 2448, 2501]
[2394, 2447, 2449, 2502]
[2395, 2448, 2450, 2503]
[2396, 2449, 2451, 2504]
[2397, 2450, 2452, 2505]
[2398, 2451, 2453, 2506]
[2399, 2452, 2454, 2507]
[2400, 2453, 2455, 2508]
[2401, 2454, 2456, 2509]
[2402, 2455, 2457, 2510]
[2403, 2456, 2458, 2511]
[2404, 2457, 2459, 2512]
[2405, 2458, 2460, 2513]
[2406, 2459, 2461, 2514]
[2407, 2460, 2462, 2515]
[2408, 2461, 2463, 2516]
[2409, 2462, 2464, 2517]
[2410, 2463, 2465, 2518]
[2411, 2464, 2466, 2519]
[2412, 2465, 2467, 2520]
[2413, 2466, 2468, 2521]
[2414, 2467, 2469, 2522]
[2415, 2468, 2470, 2523]
[2416, 2469, 2471, 2524]
[2417, 2470, 2472, 2525]
[2418, 2471, 2473, 2526]
[2419, 2472, 2474, 2527]
[2420, 2473, 2475, 2528]
[2421, 2474, 2476, 2529]
[2422, 2475, 2477, 2530]
[2423, 2476, 2478, 2531]
[2424, 2477, 2479, 2532]
[2425, 2478, 2480, 2533]
[2426, 2479, 2481, 2534]
[2427, 2480, 2482, 2535]
[2428, 2481, 2483, 2536]
[2429, 2430, 2482, 2537]
[2430, 2485, 2537, 2538]
[2431, 2484, 2486, 2539]
[2432, 2485, 2487, 2540]
[2433, 2486, 2488, 2541]
[2434, 2487, 2489, 2542]
[2435, 2488, 2490, 2543]
[2436, 2489, 2491, 2544]
[2437, 2490, 2492, 2545]
[2438, 2491, 2493, 2546]
[2439, 2492, 2494, 2547]
[2440, 2493, 2495, 2548]
[2441, 2494, 2496, 2549]
[2442, 2495, 2497, 2550]
[2443, 2496, 2498, 2551]
[2444, 2497, 2499, 2552]
[2445, 2498, 2500, 2553]
[2446, 2499, 2501, 2554]
[2447, 2500, 2502, 2555]
[2448, 2501, 2503, 2556]
[2449, 2502, 2504, 2557]
[2450, 2503, 2505, 2558]
[2451, 2504, 2506, 2559]
[2452, 2505, 2507, 2560]
[2453, 2506, 2508, 2561]
[2454, 2507, 2509, 2562]
[2455, 2508, 2510, 2563]
[2456, 2509, 2511, 2564]
[2457, 2510, 2512, 2565]
[2458, 2511, 2513, 2566]
[2459, 2512, 2514, 2567]
[2460, 2513, 2515, 2568]
[2461, 2514, 2516, 2569]
[2462, 2515, 2517, 2570]
[2463, 2516, 2518, 2571]
[2464, 2517, 2519, 2572]
[2465, 2518, 2520, 2573]
[2466, 2519, 2521, 2574]
[2467, 2520, 2522, 2575]
[2468, 2521, 2523, 2576]
[2469, 2522, 2524, 2577]
[2470, 2523, 2525, 2578]
[2471, 2524, 2526, 2579]
[2472, 2525, 2527, 2580]
[2473, 2526, 2528, 2581]
[2474, 2527, 2529, 2582]
[2475, 2528, 2530, 2583]
[2476, 2529, 2531, 2584]
[2477, 2530, 2532, 2585]
[2478, 2531, 2533, 2586]
[2479, 2532, 2534, 2587]
[2480, 2533, 2535, 2588]
[2481, 2534, 2536, 2589]
[2482, 2535, 2537, 2590]
[2483, 2484, 2536, 2591]
[2484, 2539, 2591, 2592]
[2485, 2538, 2540, 2593]
[2486, 2539, 2541, 2594]
[2487, 2540, 2542, 2595]
[2488, 2541, 2543, 2596]
[2489, 2542, 2544, 2597]
[2490, 2543, 2545, 2598]
[2491, 2544, 2546, 2599]
[2492, 2545, 2547, 2600]
[2493, 2546, 2548, 2601]
[2494, 2547, 2549, 2602]
[2495, 2548, 2550, 2603]
[2496, 2549, 2551, 2604]
[2497, 2550, 2552, 2605]
[2498, 2551, 2553, 2606]
[2499, 2552, 2554, 2607]
[2500, 2553, 2555, 2608]
[2501, 2554, 2556, 2609]
[2502, 2555, 2557, 2610]
[2503, 2556, 2558, 2611]
[2504, 2557, 2559, 2612]
[2505, 2558, 2560, 2613]
[2506, 2559, 2561, 2614]
[2507, 2560, 2562, 2615]
[2508, 2561, 2563, 2616]
[2509, 2562, 2564, 2617]
[2510, 2563, 2565, 2618]
[2511, 2564, 2566, 2619]
[2512, 2565, 2567, 2620]
[2513, 2566, 2568, 2621]
[2514, 2567, 2569, 2622]
[2515, 2568, 2570, 2623]
[2516, 2569, 2571, 2624]
[2517, 2570, 2572, 2625]
[2518, 2571, 2573, 2626]
[2519, 2572, 2574, 2627]
[2520, 2573, 2575, 2628]
[2521, 2574, 2576, 2629]
[2522, 2575, 2577, 2630]
[2523, 2576, 2578, 2631]
[2524, 2577, 2579, 2632]
[2525, 2578, 2580, 2633]
[2526, 2579, 2581, 2634]
[2527, 2580, 2582, 2635]
[2528, 2581, 2583, 2636]
[2529, 2582, 2584, 2637]
[2530, 2583, 2585, 2638]
[2531, 2584, 2586, 2639]
[2532, 2585, 2587, 2640]
[2533, 2586, 2588, 2641]
[2534, 2587, 2589, 2642]
[2535, 2588, 2590, 2643]
[2536, 2589, 2591, 2644]
[2537, 2538, 2590, 2645]
[2538, 2593, 2645, 2646]
[2539, 2592, 2594, 2647]
[2540, 2593, 2595, 2648]
[2541, 2594, 2596, 2649]
[2542, 2595, 2597, 2650]
[2543, 2596, 2598, 2651]
[2544, 2597, 2599, 2652]
[2545, 2598, 2600, 2653]
[2546, 2599, 2601, 2654]
[2547, 2600, 2602, 2655]
[2548, 2601, 2603, 2656]
[2549, 2602, 2604, 2657]
[2550, 2603, 2605, 2658]
[2551, 2604, 2606, 2659]
[2552, 2605, 2607, 2660]
[2553, 2606, 2608, 2661]
[2554, 2607, 2609, 2662]
[2555, 2608, 2610, 2663]
[2556, 2609, 2611, 2664]
[2557, 2610, 2612, 2665]
[2558, 2611, 2613, 2666]
[2559, 2612, 2614, 2667]
[2560, 2613, 2615, 2668]
[2561, 2614, 2616, 2669]
[2562, 2615, 2617, 2670]
[2563, 2616, 2618, 2671]
[2564, 2617, 2619, 2672]
[2565, 2618, 2620, 2673]
[2566, 2619, 2621, 2674]
[2567, 2620, 2622, 2675]
[2568, 2621, 2623, 2676]
[2569, 2622, 2624, 2677]
[2570, 2623, 2625, 2678]
[2571, 2624, 2626, 2679]
[2572, 2625, 2627, 2680]
[2573, 2626, 2628, 2681]
[2574, 2627, 2629, 2682]
[2575, 2628, 2630, 2683]
[2576, 2629, 2631, 2684]
[2577, 2630, 2632, 2685]
[2578, 2631, 2633, 2686]
[2579, 2632, 2634, 2687]
[2580, 2633, 2635, 2688]
[2581, 2634, 2636, 2689]
[2582, 2635, 2637, 2690]
[2583, 2636, 2638, 2691]
[2584, 2637, 2639, 2692]
[2585, 2638, 2640, 2693]
[2586, 2639, 2641, 2694]
[2587, 2640, 2642, 2695]
[2588, 2641, 2643, 2696]
[2589, 2642, 2644, 2697]
[2590, 2643, 2645, 2698]
[2591, 2592, 2644, 2699]
[2592, 2647, 2699, 2700]
[2593, 2646, 2648, 2701]
[2594, 2647, 2649, 2702]
[2595, 2648, 2650, 2703]
[2596, 2649, 2651, 2704]
[2597, 2650, 2652, 2705]
[2598, 2651, 2653, 2706]
[2599, 2652, 2654, 2707]
[2600, 2653, 2655, 2708]
[2601, 2654, 2656, 2709]
[2602, 2655, 2657, 2710]
[2603, 2656, 2658, 2711]
[2604, 2657, 2659, 2712]
[2605, 2658, 2660, 2713]
[2606, 2659, 2661, 2714]
[2607, 2660, 2662, 2715]
[2608, 2661, 2663, 2716]
[2609, 2662, 2664, 2717]
[2610, 2663, 2665, 2718]
[2611, 2664, 2666, 2719]
[2612, 2665, 2667, 2720]
[2613, 2666, 2668, 2721]
[2614, 2667, 2669, 2722]
[2615, 2668, 2670, 2723]
[2616, 2669, 2671, 2724]
[2617, 2670, 2672, 2725]
[2618, 2671, 2673, 2726]
[2619, 2672, 2674, 2727]
[2620, 2673, 2675, 2728]
[2621, 2674, 2676, 2729]
[2622, 2675, 2677, 2730]
[2623, 2676, 2678, 2731]
[2624, 2677, 2679, 2732]
[2625, 2678, 2680, 2733]
[2626, 2679, 2681, 2734]
[2627, 2680, 2682, 2735]
[2628, 2681, 2683, 2736]
[2629, 2682, 2684, 2737]
[2630, 2683, 2685, 2738]
[2631, 2684, 2686, 2739]
[2632, 2685, 2687, 2740]
[2633, 2686, 2688, 2741]
[2634, 2687, 2689, 2742]
[2635, 2688, 2690, 2743]
[2636, 2689, 2691, 2744]
[2637, 2690, 2692, 2745]
[2638, 2691, 2693, 2746]
[2639, 2692, 2694, 2747]
[2640, 2693, 2695, 2748]
[2641, 2694, 2696, 2749]
[2642, 2695, 2697, 2750]
[2643, 2696, 2698, 2751]
[2644, 2697, 2699, 2752]
[2645, 2646, 2698, 2753]
[2646, 2701, 2753, 2754]
[2647, 2700, 2702, 2755]
[2648, 2701, 2703, 2756]
[2649, 2702, 2704, 2757]
[2650, 2703, 2705, 2758]
[2651, 2704, 2706, 2759]
[2652, 2705, 2707, 2760]
[2653, 2706, 2708, 2761]
[2654, 2707, 2709, 2762]
[2655, 2708, 2710, 2763]
[2656, 2709, 2711, 2764]
[2657, 2710, 2712, 2765]
[2658, 2711, 2713, 2766]
[2659, 2712, 2714, 2767]
[2660, 2713, 2715, 2768]
[2661, 2714, 2716, 2769]
[2662, 2715, 2717, 2770]
[2663, 2716, 2718, 2771]
[2664, 2717, 2719, 2772]
[2665, 2718, 2720, 2773]
[2666, 2719, 2721, 2774]
[2667, 2720, 2722, 2775]
[2668, 2721, 2723, 2776]
[2669, 2722, 2724, 2777]
[2670, 2723, 2725, 2778]
[2671, 2724, 2726, 2779]
[2672, 2725, 2727, 2780]
[2673, 2726, 2728, 2781]
[2674, 2727, 2729, 2782]
[2675, 2728, 2730, 2783]
[2676, 2729, 2731, 2784]
[2677, 2730, 2732, 2785]
[2678, 2731, 2733, 2786]
[2679, 2732, 2734, 2787]
[2680, 2733, 2735, 2788]
[2681, 2734, 2736, 2789]
[2682, 2735, 2737, 2790]
[2683, 2736, 2738, 2791]
[2684, 2737, 2739, 2792]
[2685, 2738, 2740, 2793]
[2686, 2739, 2741, 2794]
[2687, 2740, 2742, 2795]
[2688, 2741, 2743, 2796]
[2689, 2742, 2744, 2797]
[2690, 2743, 2745, 2798]
[2691, 2744, 2746, 2799]
[2692, 2745, 2747, 2800]
[2693, 2746, 2748, 2801]
[2694, 2747, 2749, 2802]
[2695, 2748, 2750, 2803]
[2696, 2749, 2751, 2804]
[2697, 2750, 2752, 2805]
[2698, 2751, 2753, 2806]
[2699, 2700, 2752, 2807]
[2700, 2755, 2807, 2808]
[2701, 2754, 2756, 2809]
[2702, 2755, 2757, 2810]
[2703, 2756, 2758, 2811]
[2704, 2757, 2759, 2812]
[2705, 2758, 2760, 2813]
[2706, 2759, 2761, 2814]
[2707, 2760, 2762, 2815]
[2708, 2761, 2763, 2816]
[2709, 2762, 2764, 2817]
[2710, 2763, 2765, 2818]
[2711, 2764, 2766, 2819]
[2712, 2765, 2767, 2820]
[2713, 2766, 2768, 2821]
[2714, 2767, 2769, 2822]
[2715, 2768, 2770, 2823]
[2716, 2769, 2771, 2824]
[2717, 2770, 2772, 2825]
[2718, 2771, 2773, 2826]
[2719, 2772, 2774, 2827]
[2720, 2773, 2775, 2828]
[2721, 2774, 2776, 2829]
[2722, 2775, 2777, 2830]
[2723, 2776, 2778, 2831]
[2724, 2777, 2779, 2832]
[2725, 2778, 2780, 2833]
[2726, 2779, 2781, 2834]
[2727, 2780, 2782, 2835]
[2728, 2781, 2783, 2836]
[2729, 2782, 2784, 2837]
[2730, 2783, 2785, 2838]
[2731, 2784, 2786, 2839]
[2732, 2785, 2787, 2840]
[2733, 2786, 2788, 2841]
[2734, 2787, 2789, 2842]
[2735, 2788, 2790, 2843]
[2736, 2789, 2791, 2844]
[2737, 2790, 2792, 2845]
[2738, 2791, 2793, 2846]
[2739, 2792, 2794, 2847]
[2740, 2793, 2795, 2848]
[2741, 2794, 2796, 2849]
[2742, 2795, 2797, 2850]
[2743, 2796, 2798, 2851]
[2744, 2797, 2799, 2852]
[2745, 2798, 2800, 2853]
[2746, 2799, 2801, 2854]
[2747, 2800, 2802, 2855]
[2748, 2801, 2803, 2856]
[2749, 2802, 2804, 2857]
[2750, 2803, 2805, 2858]
[2751, 2804, 2806, 2859]
[2752, 2805, 2807, 2860]
[2753, 2754, 2806, 2861]
[2754, 2809, 2861, 2862]
[2755, 2808, 2810, 2863]
[2756, 2809, 2811, 2864]
[2757, 2810, 2812, 2865]
[2758, 2811, 2813, 2866]
[2759, 2812, 2814, 2867]
[2760, 2813, 2815, 2868]
[2761, 2814, 2816, 2869]
[2762, 2815, 2817, 2870]
[2763, 2816, 2818, 2871]
[2764, 2817, 2819, 2872]
[2765, 2818, 2820, 2873]
[2766, 2819, 2821, 2874]
[2767, 2820, 2822, 2875]
[2768, 2821, 2823, 2876]
[2769, 2822, 2824, 2877]
[2770, 2823, 2825, 2878]
[2771, 2824, 2826, 2879]
[2772, 2825, 2827, 2880]
[2773, 2826, 2828, 2881]
[2774, 2827, 2829, 2882]
[2775, 2828, 2830, 2883]
[2776, 2829, 2831, 2884]
[2777, 2830, 2832, 2885]
[2778, 2831, 2833, 2886]
[2779, 2832, 2834, 2887]
[2780, 2833, 2835, 2888]
[2781, 2834, 2836, 2889]
[2782, 2835, 2837, 2890]
[2783, 2836, 2838, 2891]
[2784, 2837, 2839, 2892]
[2785, 2838, 2840, 2893]
[2786, 2839, 2841, 2894]
[2787, 2840, 2842, 2895]
[2788, 2841, 2843, 2896]
[2789, 2842, 2844, 2897]
[2790, 2843, 2845, 2898]
[2791, 2844, 2846, 2899]
[2792, 2845, 2847, 2900]
[2793, 2846, 2848, 2901]
[2794, 2847, 2849, 2902]
[2795, 2848, 2850, 2903]
[2796, 2849, 2851, 2904]
[2797, 2850, 2852, 2905]
[2798, 2851, 2853, 2906]
[2799, 2852, 2854, 2907]
[2800, 2853, 2855, 2908]
[2801, 2854, 2856, 2909]
[2802, 2855, 2857, 2910]
[2803, 2856, 2858, 2911]
[2804, 2857, 2859, 2912]
[2805, 2858, 2860, 2913]
[2806, 2859, 2861, 2914]
[2807, 2808, 2860, 2915]
[0, 2808, 2863, 2915]
[1, 2809, 2862, 2864]
[2, 2810, 2863, 2865]
[3, 2811, 2864, 2866]
[4, 2812, 2865, 2867]
[5, 2813, 2866, 2868]
[6, 2814, 2867, 2869]
[7, 2815, 2868, 2870]
[8, 2816, 2869, 2871]
[9, 2817, 2870, 2872]
[10, 2818, 2871, 2873]
[11, 2819, 2872, 2874]
[12, 2820, 2873, 2875]
[13, 2821, 2874, 2876]
[14, 2822, 2875, 2877]
[15, 2823, 2876, 2878]
[16, 2824, 2877, 2879]
[17, 2825, 2878, 2880]
[18, 2826, 2879, 2881]
[19, 2827, 2880, 2882]
[20, 2828, 2881, 2883]
[21, 2829, 2882, 2884]
[22, 2830, 2883, 2885]
[23, 2831, 2884, 2886]
[24, 2832, 2885, 2887]
[25, 2833, 2886, 2888]
[26, 2834, 2887, 2889]
[27, 2835, 2888, 2890]
[28, 2836, 2889, 2891]
[29, 2837, 2890, 2892]
[30, 2838, 2891, 2893]
[31, 2839, 2892, 2894]
[32, 2840, 2893, 2895]
[33, 2841, 2894, 2896]
[34, 2842, 2895, 2897]
[35, 2843, 2896, 2898]
[36, 2844, 2897, 2899]
[37, 2845, 2898, 2900]
[38, 2846, 2899, 2901]
[39, 2847, 2900, 2902]
[40, 2848, 2901, 2903]
[41, 2849, 2902, 2904]
[42, 2850, 2903, 2905]
[43, 2851, 2904, 2906]
[44, 2852, 2905, 2907]
[45, 2853, 2906, 2908]
[46, 2854, 2907, 2909]
[47, 2855, 2908, 2910]
[48, 2856, 2909, 2911]
[49, 2857, 2910, 2912]
[50, 2858, 2911, 2913]
[51, 2859, 2912, 2914]
[52, 2860, 2913, 2915]
[53, 2861, 2862, 2914]
