[1, 55, 56, 3080]
[0, 2, 57, 3081]
[1, 3, 58, 3082]
[2, 4, 59, 3083]
[3, 5, 60, 3084]
[4, 6, 61, 3085]
[5, 7, 62, 3086]
[6, 8, 63, 3087]
[7, 9, 64, 3088]
[8, 10, 65, 3089]
[9, 11, 66, 3090]
[10, 12, 67, 3091]
[11, 13, 68, 3092]
[12, 14, 69, 3093]
[13, 15, 70, 3094]
[14, 16, 71, 3095]
[15, 17, 72, 3096]
[16, 18, 73, 3097]
[17, 19, 74, 3098]
[18, 20, 75, 3099]
[19, 21, 76, 3100]
[20, 22, 77, 3101]
[21, 23, 78, 3102]
[22, 24, 79, 3103]
[23, 25, 80, 3104]
[24, 26, 81, 3105]
[25, 27, 82, 3106]
[26, 28, 83, 3107]
[27, 29, 84, 3108]
[28, 30, 85, 3109]
[29, 31, 86, 3110]
[30, 32, 87, 3111]
[31, 33, 88, 3112]
[32, 34, 89, 3113]
[33, 35, 90, 3114]
[34, 36, 91, 3115]
[35, 37, 92, 3116]
[36, 38, 93, 3117]
[37, 39, 94, 3118]
[38, 40, 95, 3119]
[39, 41, 96, 3120]
[40, 42, 97, 3121]
[41, 43, 98, 3122]
[42, 44, 99, 3123]
[43, 45, 100, 3124]
[44, 46, 101, 3125]
[45, 47, 102, 3126]
[46, 48, 103, 3127]
[47, 49, 104, 3128]
[48, 50, 105, 3129]
[49, 51, 106, 3130]
[50, 52, 107, 3131]
[51, 53, 108, 3132]
[52, 54, 109, 3133]
[53, 55, 110, 3134]
[0, 54, 111, 3135]
[0, 57, 111, 112]
[1, 56, 58, 113]
[2, 57, 59, 114]
[3, 58, 60, 115]
[4, 59, 61, 116]
[5, 60, 62, 117]
[6, 61, 63, 118]
[7, 62, 64, 119]
[8, 63, 65, 120]
[9, 64, 66, 121]
[10, 65, 67, 122]
[11, 66, 68, 123]
[12, 67, 69, 124]
[13, 68, 70, 125]
[14, 69, 71, 126]
[15, 70, 72, 127]
[16, 71, 73, 128]
[17, 72, 74, 129]
[18, 73, 75, 130]
[19, 74, 76, 131]
[20, 75, 77, 132]
[21, 76, 78, 133]
[22, 77, 79, 134]
[23, 78, 80, 135]
[24, 79, 81, 136]
[25, 80, 82, 137]
[26, 81, 83, 138]
[27, 82, 84, 139]
[28, 83, 85, 140]
[29, 84, 86, 141]
[30, 85, 87, 142]
[31, 86, 88, 143]
[32, 87, 89, 144]
[33, 88, 90, 145]
[34, 89, 91, 146]
[35, 90, 92, 147]
[36, 91, 93, 148]
[37, 92, 94, 149]
[38, 93, 95, 150]
[39, 94, 96, 151]
[40, 95, 97, 152]
[41, 96, 98, 153]
[42, 97, 99, 154]
[43, 98, 100, 155]
[44, 99, 101, 156]
[45, 100, 102, 157]
[46, 101, 103, 158]
[47, 102, 104, 159]
[48, 103, 105, 160]
[49, 104, 106, 161]
[50, 105, 107, 162]
[51, 106, 108, 163]
[52, 107, 109, 164]
[53, 108, 110, 165]
[54, 109, 111, 166]
[55, 56, 110, 167]
[56, 113, 167, 168]
[57, 112, 114, 169]
[58, 113, 115, 170]
[59, 114, 116, 171]
[60, 115, 117, 172]
[61, 116, 118, 173]
[62, 117, 119, 174]
[63, 118, 120, 175]
[64, 119, 121, 176]
[65, 120, 122, 177]
[66, 121, 123, 178]
[67, 122, 124, 179]
[68, 123, 125, 180]
[69, 124, 126, 181]
[70, 125, 127, 182]
[71, 126, 128, 183]
[72, 127, 129, 184]
[73, 128, 130, 185]
[74, 129, 131, 186]
[75, 130, 132, 187]
[76, 131, 133, 188]
[77, 132, 134, 189]
[78, 133, 135, 190]
[79, 134, 136, 191]
[80, 135, 137, 192]
[81, 136, 138, 193]
[82, 137, 139, 194]
[83, 138, 140, 195]
[84, 139, 141, 196]
[85, 140, 142, 197]
[86, 141, 143, 198]
[87, 142, 144, 199]
[88, 143, 145, 200]
[89, 144, 146, 201]
[90, 145, 147, 202]
[91, 146, 148, 203]
[92, 147, 149, 204]
[93, 148, 150, 205]
[94, 149, 151, 206]
[95, 150, 152, 207]
[96, 151, 153, 208]
[97, 152, 154, 209]
[98, 153, 155, 210]
[99, 154, 156, 211]
[100, 155, 157, 212]
[101, 156, 158, 213]
[102, 157, 159, 214]
[103, 158, 160, 215]
[104, 159, 161, 216]
[105, 160, 162, 217]
[106, 161, 163, 218]
[107, 162, 164, 219]
[108, 163, 165, 220]
[109, 164, 166, 221]
[110, 165, 167, 222]
[111, 112, 166, 223]
[112, 169, 223, 224]
[113, 168, 170, 225]
[114, 169, 171, 226]
[115, 170, 172, 227]
[116, 171, 173, 228]
[117, 172, 174, 229]
[118, 173, 175, 230]
[119, 174, 176, 231]
[120, 175, 177, 232]
[121, 176, 178, 233]
[122, 177, 179, 234]
[123, 178, 180, 235]
[124, 179, 181, 236]
[125, 180, 182, 237]
[126, 181, 183, 238]
[127, 182, 184, 239]
[128, 183, 185, 240]
[129, 184, 186, 241]
[130, 185, 187, 242]
[131, 186, 188, 243]
[132, 187, 189, 244]
[133, 188, 190, 245]
[134, 189, 191, 246]
[135, 190, 192, 247]
[136, 191, 193, 248]
[137, 192, 194, 249]
[138, 193, 195, 250]
[139, 194, 196, 251]
[140, 195, 197, 252]
[141, 196, 198, 253]
[142, 197, 199, 254]
[143, 198, 200, 255]
[144, 199, 201, 256]
[145, 200, 202, 257]
[146, 201, 203, 258]
[147, 202, 204, 259]
[148, 203, 205, 260]
[149, 204, 206, 261]
[150, 205, 207, 262]
[151, 206, 208, 263]
[152, 207, 209, 264]
[153, 208, 210, 265]
[154, 209, 211, 266]
[155, 210, 212, 267]
[156, 211, 213, 268]
[157, 212, 214, 269]
[158, 213, 215, 270]
[159, 214, 216, 271]
[160, 215, 217, 272]
[161, 216, 218, 273]
[162, 217, 219, 274]
[163, 218, 220, 275]
[164, 219, 221, 276]
[165, 220, 222, 277]
[166, 221, 223, 278]
[167, 168, 222, 279]
[168, 225, 279, 280]
[169, 224, 226, 281]
[170, 225, 227, 282]
[171, 226, 228, 283]
[172, 227, 229, 284]
[173, 228, 230, 285]
[174, 229, 231, 286]
[175, 230, 232, 287]
[176, 231, 233, 288]
[177, 232, 234, 289]
[178, 233, 235, 290]
[179, 234, 236, 291]
[180, 235, 237, 292]
[181, 236, 238, 293]
[182, 237, 239, 294]
[183, 238, 240, 295]
[184, 239, 241, 296]
[185, 240, 242, 297]
[186, 241, 243, 298]
[187, 242, 244, 299]
[188, 243, 245, 300]
[189, 244, 246, 301]
[190, 245, 247, 302]
[191, 246, 248, 303]
[192, 247, 249, 304]
[193, 248, 250, 305]
[194, 249, 251, 306]
[195, 250, 252, 307]
[196, 251, 253, 308]
[197, 252, 254, 309]
[198, 253, 255, 310]
[199, 254, 256, 311]
[200, 255, 257, 312]
[201, 256, 258, 313]
[202, 257, 259, 314]
[203, 258, 260, 315]
[204, 259, 261, 316]
[205, 260, 262, 317]
[206, 261, 263, 318]
[207, 262, 264, 319]
[208, 263, 265, 320]
[209, 264, 266, 321]
[210, 265, 267, 322]
[211, 266, 268, 323]
[212, 267, 269, 324]
[213, 268, 270, 325]
[214, 269, 271, 326]
[215, 270, 272, 327]
[216, 271, 273, 328]
[217, 272, 274, 329]
[218, 273, 275, 330]
[219, 274, 276, 331]
[220, 275, 277, 332]
[221, 276, 278, 333]
[222, 277, 279, 334]
[223, 224, 278, 335]
[224, 281, 335, 336]
[225, 280, 282, 337]
[226, 281, 283, 338]
[227, 282, 284, 339]
[228, 283, 285, 340]
[229, 284, 286, 341]
[230, 285, 287, 342]
[231, 286, 288, 343]
[232, 287, 289, 344]
[233, 288, 290, 345]
[234, 289, 291, 346]
[235, 290, 292, 347]
[236, 291, 293, 348]
[237, 292, 294, 349]
[238, 293, 295, 350]
[239, 294, 296, 351]
[240, 295, 297, 352]
[241, 296, 298, 353]
[242, 297, 299, 354]
[243, 298, 300, 355]
[244, 299, 301, 356]
[245, 300, 302, 357]
[246, 301, 303, 358]
[247, 302, 304, 359]
[248, 303, 305, 360]
[249, 304, 306, 361]
[250, 305, 307, 362]
[251, 306, 308, 363]
[252, 307, 309, 364]
[253, 308, 310, 365]
[254, 309, 311, 366]
[255, 310, 312, 367]
[256, 311, 313, 368]
[257, 312, 314, 369]
[258, 313, 315, 370]
[259, 314, 316, 371]
[260, 315, 317, 372]
[261, 316, 318, 373]
[262, 317, 319, 374]
[263, 318, 320, 375]
[264, 319, 321, 376]
[265, 320, 322, 377]
[266, 321, 323, 378]
[267, 322, 324, 379]
[268, 323, 325, 380]
[269, 324, 326, 381]
[270, 325, 327, 382]
[271, 326, 328, 383]
[272, 327, 329, 384]
[273, 328, 330, 385]
[274, 329, 331, 386]
[275, 330, 332, 387]
[276, 331, 333, 388]
[277, 332, 334, 389]
[278, 333, 335, 390]
[279, 280, 334, 391]
[280, 337, 391, 392]
[281, 336, 338, 393]
[282, 337, 339, 394]
[283, 338, 340, 395]
[284, 339, 341, 396]
[285, 340, 342, 397]
[286, 341, 343, 398]
[287, 342, 344, 399]
[288, 343, 345, 400]
[289, 344, 346, 401]
[290, 345, 347, 402]
[291, 346, 348, 403]
[292, 347, 349, 404]
[293, 348, 350, 405]
[294, 349, 351, 406]
[295, 350, 352, 407]
[296, 351, 353, 408]
[297, 352, 354, 409]
[298, 353, 355, 410]
[299, 354, 356, 411]
[300, 355, 357, 412]
[301, 356, 358, 413]
[302, 357, 359, 414]
[303, 358, 360, 415]
[304, 359, 361, 416]
[305, 360, 362, 417]
[306, 361, 363, 418]
[307, 362, 364, 419]
[308, 363, 365, 420]
[309, 364, 366, 421]
[310, 365, 367, 422]
[311, 366, 368, 423]
[312, 367, 369, 424]
[313, 368, 370, 425]
[314, 369, 371, 426]
[315, 370, 372, 427]
[316, 371, 373, 428]
[317, 372, 374, 429]
[318, 373, 375, 430]
[319, 374, 376, 431]
[320, 375, 377, 432]
[321, 376, 378, 433]
[322, 377, 379, 434]
[323, 378, 380, 435]
[324, 379, 381, 436]
[325, 380, 382, 437]
[326, 381, 383, 438]
[327, 382, 384, 439]
[328, 383, 385, 440]
[329, 384, 386, 441]
[330, 385, 387, 442]
[331, 386, 388, 443]
[332, 387, 389, 444]
[333, 388, 390, 445]
[334, 389, 391, 446]
[335, 336, 390, 447]
[336, 393, 447, 448]
[337, 392, 394, 449]
[338, 393, 395, 450]
[339, 394, 396, 451]
[340, 395, 397, 452]
[341, 396, 398, 453]
[342, 397, 399, 454]
[343, 398, 400, 455]
[344, 399, 401, 456]
[345, 400, 402, 457]
[346, 401, 403, 458]
[347, 402, 404, 459]
[348, 403, 405, 460]
[349, 404, 406, 461]
[350, 405, 407, 462]
[351, 406, 408, 463]
[352, 407, 409, 464]
[353, 408, 410, 465]
[354, 409, 411, 466]
[355, 410, 412, 467]
[356, 411, 413, 468]
[357, 412, 414, 469]
[358, 413, 415, 470]
[359, 414, 416, 471]
[360, 415, 417, 472]
[361, 416, 418, 473]
[362, 417, 419, 474]
[363, 418, 420, 475]
[364, 419, 421, 476]
[365, 420, 422, 477]
[366, 421, 423, 478]
[367, 422, 424, 479]
[368, 423, 425, 480]
[369, 424, 426, 481]
[370, 425, 427, 482]
[371, 426, 428, 483]
[372, 427, 429, 484]
[373, 428, 430, 485]
[374, 429, 431, 486]
[375, 430, 432, 487]
[376, 431, 433, 488]
[377, 432, 434, 489]
[378, 433, 435, 490]
[379, 434, 436, 491]
[380, 435, 437, 492]
[381, 436, 438, 493]
[382, 437, 439, 494]
[383, 438, 440, 495]
[384, 439, 441, 496]
[385, 440, 442, 497]
[386, 441, 443, 498]
[387, 442, 444, 499]
[388, 443, 445, 500]
[389, 444, 446, 501]
[390, 445, 447, 502]
[391, 392, 446, 503]
[392, 449, 503, 504]
[393, 448, 450, 505]
[394, 449, 451, 506]
[395, 450, 452, 507]
[396, 451, 453, 508]
[397, 452, 454, 509]
[398, 453, 455, 510]
[399, 454, 456, 511]
[400, 455, 457, 512]
[401, 456, 458, 513]
[402, 457, 459, 514]
[403, 458, 460, 515]
[404, 459, 461, 516]
[405, 460, 462, 517]
[406, 461, 463, 518]
[407, 462, 464, 519]
[408, 463, 465, 520]
[409, 464, 466, 521]
[410, 465, 467, 522]
[411, 466, 468, 523]
[412, 467, 469, 524]
[413, 468, 470, 525]
[414, 469, 471, 526]
[415, 470, 472, 527]
[416, 471, 473, 528]
[417, 472, 474, 529]
[418, 473, 475, 530]
[419, 474, 476, 531]
[420, 475, 477, 532]
[421, 476, 478, 533]
[422, 477, 479, 534]
[423, 478, 480, 535]
[424, 479, 481, 536]
[425, 480, 482, 537]
[426, 481, 483, 538]
[427, 482, 484, 539]
[428, 483, 485, 540]
[429, 484, 486, 541]
[430, 485, 487, 542]
[431, 486, 488, 543]
[432, 487, 489, 544]
[433, 488, 490, 545]
[434, 489, 491, 546]
[435, 490, 492, 547]
[436, 491, 493, 548]
[437, 492, 494, 549]
[438, 493, 495, 550]
[439, 494, 496, 551]
[440, 495, 497, 552]
[441, 496, 498, 553]
[442, 497, 499, 554]
[443, 498, 500, 555]
[444, 499, 501, 556]
[445, 500, 502, 557]
[446, 501, 503, 558]
[447, 448, 502, 559]
[448, 505, 559, 560]
[449, 504, 506, 561]
[450, 505, 507, 562]
[451, 506, 508, 563]
[452, 507, 509, 564]
[453, 508, 510, 565]
[454, 509, 511, 566]
[455, 510, 512, 567]
[456, 511, 513, 568]
[457, 512, 514, 569]
[458, 513, 515, 570]
[459, 514, 516, 571]
[460, 515, 517, 572]
[461, 516, 518, 573]
[462, 517, 519, 574]
[463, 518, 520, 575]
[464, 519, 521, 576]
[465, 520, 522, 577]
[466, 521, 523, 578]
[467, 522, 524, 579]
[468, 523, 525, 580]
[469, 524, 526, 581]
[470, 525, 527, 582]
[471, 526, 528, 583]
[472, 527, 529, 584]
[473, 528, 530, 585]
[474, 529, 531, 586]
[475, 530, 532, 587]
[476, 531, 533, 588]
[477, 532, 534, 589]
[478, 533, 535, 590]
[479, 534, 536, 591]
[480, 535, 537, 592]
[481, 536, 538, 593]
[482, 537, 539, 594]
[483, 538, 540, 595]
[484, 539, 541, 596]
[485, 540, 542, 597]
[486, 541, 543, 598]
[487, 542, 544, 599]
[488, 543, 545, 600]
[489, 544, 546, 601]
[490, 545, 547, 602]
[491, 546, 548, 603]
[492, 547, 549, 604]
[493, 548, 550, 605]
[494, 549, 551, 606]
[495, 550, 552, 607]
[496, 551, 553, 608]
[497, 552, 554, 609]
[498, 553, 555, 610]
[499, 554, 556, 611]
[500, 555, 557, 612]
[501, 556, 558, 613]
[502, 557, 559, 614]
[503, 504, 558, 615]
[504, 561, 615, 616]
[505, 560, 562, 617]
[506, 561, 563, 618]
[507, 562, 564, 619]
[508, 563, 565, 620]
[509, 564, 566, 621]
[510, 565, 567, 622]
[511, 566, 568, 623]
[512, 567, 569, 624]
[513, 568, 570, 625]
[514, 569, 571, 626]
[515, 570, 572, 627]
[516, 571, 573, 628]
[517, 572, 574, 629]
[518, 573, 575, 630]
[519, 574, 576, 631]
[520, 575, 577, 632]
[521, 576, 578, 633]
[522, 577, 579, 634]
[523, 578, 580, 635]
[524, 579, 581, 636]
[525, 580, 582, 637]
[526, 581, 583, 638]
[527, 582, 584, 639]
[528, 583, 585, 640]
[529, 584, 586, 641]
[530, 585, 587, 642]
[531, 586, 588, 643]
[532, 587, 589, 644]
[533, 588, 590, 645]
[534, 589, 591, 646]
[535, 590, 592, 647]
[536, 591, 593, 648]
[537, 592, 594, 649]
[538, 593, 595, 650]
[539, 594, 596, 651]
[540, 595, 597, 652]
[541, 596, 598, 653]
[542, 597, 599, 654]
[543, 598, 600, 655]
[544, 599, 601, 656]
[545, 600, 602, 657]
[546, 601, 603, 658]
[547, 602, 604, 659]
[548, 603, 605, 660]
[549, 604, 606, 661]
[550, 605, 607, 662]
[551, 606, 608, 663]
[552, 607, 609, 664]
[553, 608, 610, 665]
[554, 609, 611, 666]
[555, 610, 612, 667]
[556, 611, 613, 668]
[557, 612, 614, 669]
[558, 613, 615, 670]
[559, 560, 614, 671]
[560, 617, 671, 672]
[561, 616, 618, 673]
[562, 617, 619, 674]
[563, 618, 620, 675]
[564, 619, 621, 676]
[565, 620, 622, 677]
[566, 621, 623, 678]
[567, 622, 624, 679]
[568, 623, 625, 680]
[569, 624, 626, 681]
[570, 625, 627, 682]
[571, 626, 628, 683]
[572, 627, 629, 684]
[573, 628, 630, 685]
[574, 629, 631, 686]
[575, 630, 632, 687]
[576, 631, 633, 688]
[577, 632, 634, 689]
[578, 633, 635, 690]
[579, 634, 636, 691]
[580, 635, 637, 692]
[581, 636, 638, 693]
[582, 637, 639, 694]
[583, 638, 640, 695]
[584, 639, 641, 696]
[585, 640, 642, 697]
[586, 641, 643, 698]
[587, 642, 644, 699]
[588, 643, 645, 700]
[589, 644, 646, 701]
[590, 645, 647, 702]
[591, 646, 648, 703]
[592, 647, 649, 704]
[593, 648, 650, 705]
[594, 649, 651, 706]
[595, 650, 652, 707]
[596, 651, 653, 708]
[597, 652, 654, 709]
[598, 653, 655, 710]
[599, 654, 656, 711]
[600, 655, 657, 712]
[601, 656, 658, 713]
[602, 657, 659, 714]
[603, 658, 660, 715]
[604, 659, 661, 716]
[605, 660, 662, 717]
[606, 661, 663, 718]
[607, 662, 664, 719]
[608, 663, 665, 720]
[609, 664, 666, 721]
[610, 665, 667, 722]
[611, 666, 668, 723]
[612, 667, 669, 724]
[613, 668, 670, 725]
[614, 669, 671, 726]
[615, 616, 670, 727]
[616, 673, 727, 728]
[617, 672, 674, 729]
[618, 673, 675, 730]
[619, 674, 676, 731]
[620, 675, 677, 732]
[621, 676, 678, 733]
[622, 677, 679, 734]
[623, 678, 680, 735]
[624, 679, 681, 736]
[625, 680, 682, 737]
[626, 681, 683, 738]
[627, 682, 684, 739]
[628, 683, 685, 740]
[629, 684, 686, 741]
[630, 685, 687, 742]
[631, 686, 688, 743]
[632, 687, 689, 744]
[633, 688, 690, 745]
[634, 689, 691, 746]
[635, 690, 692, 747]
[636, 691, 693, 748]
[637, 692, 694, 749]
[638, 693, 695, 750]
[639, 694, 696, 751]
[640, 695, 697, 752]
[641, 696, 698, 753]
[642, 697, 699, 754]
[643, 698, 700, 755]
[644, 699, 701, 756]
[645, 700, 702, 757]
[646, 701, 703, 758]
[647, 702, 704, 759]
[648, 703, 705, 760]
[649, 704, 706, 761]
[650, 705, 707, 762]
[651, 706, 708, 763]
[652, 707, 709, 764]
[653, 708, 710, 765]
[654, 709, 711, 766]
[655, 710, 712, 767]
[656, 711, 713, 768]
[657, 712, 714, 769]
[658, 713, 715, 770]
[659, 714, 716, 771]
[660, 715, 717, 772]
[661, 716, 718, 773]
[662, 717, 719, 774]
[663, 718, 720, 775]
[664, 719, 721, 776]
[665, 720, 722, 777]
[666, 721, 723, 778]
[667, 722, 724, 779]
[668, 723, 725, 780]
[669, 724, 726, 781]
[670, 725, 727, 782]
[671, 672, 726, 783]
[672, 729, 783, 784]
[673, 728, 730, 785]
[674, 729, 731, 786]
[675, 730, 732, 787]
[676, 731, 733, 788]
[677, 732, 734, 789]
[678, 733, 735, 790]
[679, 734, 736, 791]
[680, 735, 737, 792]
[681, 736, 738, 793]
[682, 737, 739, 794]
[683, 738, 740, 795]
[684, 739, 741, 796]
[685, 740, 742, 797]
[686, 741, 743, 798]
[687, 742, 744, 799]
[688, 743, 745, 800]
[689, 744, 746, 801]
[690, 745, 747, 802]
[691, 746, 748, 803]
[692, 747, 749, 804]
[693, 748, 750, 805]
[694, 749, 751, 806]
[695, 750, 752, 807]
[696, 751, 753, 808]
[697, 752, 754, 809]
[698, 753, 755, 810]
[699, 754, 756, 811]
[700, 755, 757, 812]
[701, 756, 758, 813]
[702, 757, 759, 814]
[703, 758, 760, 815]
[704, 759, 761, 816]
[705, 760, 762, 817]
[706, 761, 763, 818]
[707, 762, 764, 819]
[708, 763, 765, 820]
[709, 764, 766, 821]
[710, 765, 767, 822]
[711, 766, 768, 823]
[712, 767, 769, 824]
[713, 768, 770, 825]
[714, 769, 771, 826]
[715, 770, 772, 827]
[716, 771, 773, 828]
[717, 772, 774, 829]
[718, 773, 775, 830]
[719, 774, 776, 831]
[720, 775, 777, 832]
[721, 776, 778, 833]
[722, 777, 779, 834]
[723, 778, 780, 835]
[724, 779, 781, 836]
[725, 780, 782, 837]
[726, 781, 783, 838]
[727, 728, 782, 839]
[728, 785, 839, 840]
[729, 784, 786, 841]
[730, 785, 787, 842]
[731, 786, 788, 843]
[732, 787, 789, 844]
[733, 788, 790, 845]
[734, 789, 791, 846]
[735, 790, 792, 847]
[736, 791, 793, 848]
[737, 792, 794, 849]
[738, 793, 795, 850]
[739, 794, 796, 851]
[740, 795, 797, 852]
[741, 796, 798, 853]
[742, 797, 799, 854]
[743, 798, 800, 855]
[744, 799, 801, 856]
[745, 800, 802, 857]
[746, 801, 803, 858]
[747, 802, 804, 859]
[748, 803, 805, 860]
[749, 804, 806, 861]
[750, 805, 807, 862]
[751, 806, 808, 863]
[752, 807, 809, 864]
[753, 808, 810, 865]
[754, 809, 811, 866]
[755, 810, 812, 867]
[756, 811, 813, 868]
[757, 812, 814, 869]
[758, 813, 815, 870]
[759, 814, 816, 871]
[760, 815, 817, 872]
[761, 816, 818, 873]
[762, 817, 819, 874]
[763, 818, 820, 875]
[764, 819, 821, 876]
[765, 820, 822, 877]
[766, 821, 823, 878]
[767, 822, 824, 879]
[768, 823, 825, 880]
[769, 824, 826, 881]
[770, 825, 827, 882]
[771, 826, 828, 883]
[772, 827, 829, 884]
[773, 828, 830, 885]
[774, 829, 831, 886]
[775, 830, 832, 887]
[776, 831, 833, 888]
[777, 832, 834, 889]
[778, 833, 835, 890]
[779, 834, 836, 891]
[780, 835, 837, 892]
[781, 836, 838, 893]
[782, 837, 839, 894]
[783, 784, 838, 895]
[784, 841, 895, 896]
[785, 840, 842, 897]
[786, 841, 843, 898]
[787, 842, 844, 899]
[788, 843, 845, 900]
[789, 844, 846, 901]
[790, 845, 847, 902]
[791, 846, 848, 903]
[792, 847, 849, 904]
[793, 848, 850, 905]
[794, 849, 851, 906]
[795, 850, 852, 907]
[796, 851, 853, 908]
[797, 852, 854, 909]
[798, 853, 855, 910]
[799, 854, 856, 911]
[800, 855, 857, 912]
[801, 856, 858, 913]
[802, 857, 859, 914]
[803, 858, 860, 915]
[804, 859, 861, 916]
[805, 860, 862, 917]
[806, 861, 863, 918]
[807, 862, 864, 919]
[808, 863, 865, 920]
[809, 864, 866, 921]
[810, 865, 867, 922]
[811, 866, 868, 923]
[812, 867, 869, 924]
[813, 868, 870, 925]
[814, 869, 871, 926]
[815, 870, 872, 927]
[816, 871, 873, 928]
[817, 872, 874, 929]
[818, 873, 875, 930]
[819, 874, 876, 931]
[820, 875, 877, 932]
[821, 876, 878, 933]
[822, 877, 879, 934]
[823, 878, 880, 935]
[824, 879, 881, 936]
[825, 880, 882, 937]
[826, 881, 883, 938]
[827, 882, 884, 939]
[828, 883, 885, 940]
[829, 884, 886, 941]
[830, 885, 887, 942]
[831, 886, 888, 943]
[832, 887, 889, 944]
[833, 888, 890, 945]
[834, 889, 891, 946]
[835, 890, 892, 947]
[836, 891, 893, 948]
[837, 892, 894, 949]
[838, 893, 895, 950]
[839, 840, 894, 951]
[840, 897, 951, 952]
[841, 896, 898, 953]
[842, 897, 899, 954]
[843, 898, 900, 955]
[844, 899, 901, 956]
[845, 900, 902, 957]
[846, 901, 903, 958]
[847, 902, 904, 959]
[848, 903, 905, 960]
[849, 904, 906, 961]
[850, 905, 907, 962]
[851, 906, 908, 963]
[852, 907, 909, 964]
[853, 908, 910, 965]
[854, 909, 911, 966]
[855, 910, 912, 967]
[856, 911, 913, 968]
[857, 912, 914, 969]
[858, 913, 915, 970]
[859, 914, 916, 971]
[860, 915, 917, 972]
[861, 916, 918, 973]
[862, 917, 919, 974]
[863, 918, 920, 975]
[864, 919, 921, 976]
[865, 920, 922, 977]
[866, 921, 923, 978]
[867, 922, 924, 979]
[868, 923, 925, 980]
[869, 924, 926, 981]
[870, 925, 927, 982]
[871, 926, 928, 983]
[872, 927, 929, 984]
[873, 928, 930, 985]
[874, 929, 931, 986]
[875, 930, 932, 987]
[876, 931, 933, 988]
[877, 932, 934, 989]
[878, 933, 935, 990]
[879, 934, 936, 991]
[880, 935, 937, 992]
[881, 936, 938, 993]
[882, 937, 939, 994]
[883, 938, 940, 995]
[884, 939, 941, 996]
[885, 940, 942, 997]
[886, 941, 943, 998]
[887, 942, 944, 999]
[888, 943, 945, 1000]
[889, 944, 946, 1001]
[890, 945, 947, 1002]
[891, 946, 948, 1003]
[892, 947, 949, 1004]
[893, 948, 950, 1005]
[894, 949, 951, 1006]
[895, 896, 950, 1007]
[896, 953, 1007, 1008]
[897, 952, 954, 1009]
[898, 953, 955, 1010]
[899, 954, 956, 1011]
[900, 955, 957, 1012]
[901, 956, 958, 1013]
[902, 957, 959, 1014]
[903, 958, 960, 1015]
[904, 959, 961, 1016]
[905, 960, 962, 1017]
[906, 961, 963, 1018]
[907, 962, 964, 1019]
[908, 963, 965, 1020]
[909, 964, 966, 1021]
[910, 965, 967, 1022]
[911, 966, 968, 1023]
[912, 967, 969, 1024]
[913, 968, 970, 1025]
[914, 969, 971, 1026]
[915, 970, 972, 1027]
[916, 971, 973, 1028]
[917, 972, 974, 1029]
[918, 973, 975, 1030]
[919, 974, 976, 1031]
[920, 975, 977, 1032]
[921, 976, 978, 1033]
[922, 977, 979, 1034]
[923, 978, 980, 1035]
[924, 979, 981, 1036]
[925, 980, 982, 1037]
[926, 981, 983, 1038]
[927, 982, 984, 1039]
[928, 983, 985, 1040]
[929, 984, 986, 1041]
[930, 985, 987, 1042]
[931, 986, 988, 1043]
[932, 987, 989, 1044]
[933, 988, 990, 1045]
[934, 989, 991, 1046]
[935, 990, 992, 1047]
[936, 991, 993, 1048]
[937, 992, 994, 1049]
[938, 993, 995, 1050]
[939, 994, 996, 1051]
[940, 995, 997, 1052]
[941, 996, 998, 1053]
[942, 997, 999, 1054]
[943, 998, 1000, 1055]
[944, 999, 1001, 1056]
[945, 1000, 1002, 1057]
[946, 1001, 1003, 1058]
[947, 1002, 1004, 1059]
[948, 1003, 1005, 1060]
[949, 1004, 1006, 1061]
[950, 1005, 1007, 1062]
[951, 952, 1006, 1063]
[952, 1009, 1063, 1064]
[953, 1008, 1010, 1065]
[954, 1009, 1011, 1066]
[955, 1010, 1012, 1067]
[956, 1011, 1013, 1068]
[957, 1012, 1014, 1069]
[958, 1013, 1015, 1070]
[959, 1014, 1016, 1071]
[960, 1015, 1017, 1072]
[961, 1016, 1018, 1073]
[962, 1017, 1019, 1074]
[963, 1018, 1020, 1075]
[964, 1019, 1021, 1076]
[965, 1020, 1022, 1077]
[966, 1021, 1023, 1078]
[967, 1022, 1024, 1079]
[968, 1023, 1025, 1080]
[969, 1024, 1026, 1081]
[970, 1025, 1027, 1082]
[971, 1026, 1028, 1083]
[972, 1027, 1029, 1084]
[973, 1028, 1030, 1085]
[974, 1029, 1031, 1086]
[975, 1030, 1032, 1087]
[976, 1031, 1033, 1088]
[977, 1032, 1034, 1089]
[978, 1033, 1035, 1090]
[979, 1034, 1036, 1091]
[980, 1035, 1037, 1092]
[981, 1036, 1038, 1093]
[982, 1037, 1039, 1094]
[983, 1038, 1040, 1095]
[984, 1039, 1041, 1096]
[985, 1040, 1042, 1097]
[986, 1041, 1043, 1098]
[987, 1042, 1044, 1099]
[988, 1043, 1045, 1100]
[989, 1044, 1046, 1101]
[990, 1045, 1047, 1102]
[991, 1046, 1048, 1103]
[992, 1047, 1049, 1104]
[993, 1048, 1050, 1105]
[994, 1049, 1051, 1106]
[995, 1050, 1052, 1107]
[996, 1051, 1053, 1108]
[997, 1052, 1054, 1109]
[998, 1053, 1055, 1110]
[999, 1054, 1056, 1111]
[1000, 1055, 1057, 1112]
[1001, 1056, 1058, 1113]
[1002, 1057, 1059, 1114]
[1003, 1058, 1060, 1115]
[1004, 1059, 1061, 1116]
[1005, 1060, 1062, 1117]
[1006, 1061, 1063, 1118]
[1007, 1008, 1062, 1119]
[1008, 1065, 1119, 1120]
[1009, 1064, 1066, 1121]
[1010, 1065, 1067, 1122]
[1011, 1066, 1068, 1123]
[1012, 1067, 1069, 1124]
[1013, 1068, 1070, 1125]
[1014, 1069, 1071, 1126]
[1015, 1070, 1072, 1127]
[1016, 1071, 1073, 1128]
[1017, 1072, 1074, 1129]
[1018, 1073, 1075, 1130]
[1019, 1074, 1076, 1131]
[1020, 1075, 1077, 1132]
[1021, 1076, 1078, 1133]
[1022, 1077, 1079, 1134]
[1023, 1078, 1080, 1135]
[1024, 1079, 1081, 1136]
[1025, 1080, 1082, 1137]
[1026, 1081, 1083, 1138]
[1027, 1082, 1084, 1139]
[1028, 1083, 1085, 1140]
[1029, 1084, 1086, 1141]
[1030, 1085, 1087, 1142]
[1031, 1086, 1088, 1143]
[1032, 1087, 1089, 1144]
[1033, 1088, 1090, 1145]
[1034, 1089, 1091, 1146]
[1035, 1090, 1092, 1147]
[1036, 1091, 1093, 1148]
[1037, 1092, 1094, 1149]
[1038, 1093, 1095, 1150]
[1039, 1094, 1096, 1151]
[1040, 1095, 1097, 1152]
[1041, 1096, 1098, 1153]
[1042, 1097, 1099, 1154]
[1043, 1098, 1100, 1155]
[1044, 1099, 1101, 1156]
[1045, 1100, 1102, 1157]
[1046, 1101, 1103, 1158]
[1047, 1102, 1104, 1159]
[1048, 1103, 1105, 1160]
[1049, 1104, 1106, 1161]
[1050, 1105, 1107, 1162]
[1051, 1106, 1108, 1163]
[1052, 1107, 1109, 1164]
[1053, 1108, 1110, 1165]
[1054, 1109, 1111, 1166]
[1055, 1110, 1112, 1167]
[1056, 1111, 1113, 1168]
[1057, 1112, 1114, 1169]
[1058, 1113, 1115, 1170]
[1059, 1114, 1116, 1171]
[1060, 1115, 1117, 1172]
[1061, 1116, 1118, 1173]
[1062, 1117, 1119, 1174]
[1063, 1064, 1118, 1175]
[1064, 1121, 1175, 1176]
[1065, 1120, 1122, 1177]
[1066, 1121, 1123, 1178]
[1067, 1122, 1124, 1179]
[1068, 1123, 1125, 1180]
[1069, 1124, 1126, 1181]
[1070, 1125, 1127, 1182]
[1071, 1126, 1128, 1183]
[1072, 1127, 1129, 1184]
[1073, 1128, 1130, 1185]
[1074, 1129, 1131, 1186]
[1075, 1130, 1132, 1187]
[1076, 1131, 1133, 1188]
[1077, 1132, 1134, 1189]
[1078, 1133, 1135, 1190]
[1079, 1134, 1136, 1191]
[1080, 1135, 1137, 1192]
[1081, 1136, 1138, 1193]
[1082, 1137, 1139, 1194]
[1083, 1138, 1140, 1195]
[1084, 1139, 1141, 1196]
[1085, 1140, 1142, 1197]
[1086, 1141, 1143, 1198]
[1087, 1142, 1144, 1199]
[1088, 1143, 1145, 1200]
[1089, 1144, 1146, 1201]
[1090, 1145, 1147, 1202]
[1091, 1146, 1148, 1203]
[1092, 1147, 1149, 1204]
[1093, 1148, 1150, 1205]
[1094, 1149, 1151, 1206]
[1095, 1150, 1152, 1207]
[1096, 1151, 1153, 1208]
[1097, 1152, 1154, 1209]
[1098, 1153, 1155, 1210]
[1099, 1154, 1156, 1211]
[1100, 1155, 1157, 1212]
[1101, 1156, 1158, 1213]
[1102, 1157, 1159, 1214]
[1103, 1158, 1160, 1215]
[1104, 1159, 1161, 1216]
[1105, 1160, 1162, 1217]
[1106, 1161, 1163, 1218]
[1107, 1162, 1164, 1219]
[1108, 1163, 1165, 1220]
[1109, 1164, 1166, 1221]
[1110, 1165, 1167, 1222]
[1111, 1166, 1168, 1223]
[1112, 1167, 1169, 1224]
[1113, 1168, 1170, 1225]
[1114, 1169, 1171, 1226]
[1115, 1170, 1172, 1227]
[1116, 1171, 1173, 1228]
[1117, 1172, 1174, 1229]
[1118, 1173, 1175, 1230]
[1119, 1120, 1174, 1231]
[1120, 1177, 1231, 1232]
[1121, 1176, 1178, 1233]
[1122, 1177, 1179, 1234]
[1123, 1178, 1180, 1235]
[1124, 1179, 1181, 1236]
[1125, 1180, 1182, 1237]
[1126, 1181, 1183, 1238]
[1127, 1182, 1184, 1239]
[1128, 1183, 1185, 1240]
[1129, 1184, 1186, 1241]
[1130, 1185, 1187, 1242]
[1131, 1186, 1188, 1243]
[1132, 1187, 1189, 1244]
[1133, 1188, 1190, 1245]
[1134, 1189, 1191, 1246]
[1135, 1190, 1192, 1247]
[1136, 1191, 1193, 1248]
[1137, 1192, 1194, 1249]
[1138, 1193, 1195, 1250]
[1139, 1194, 1196, 1251]
[1140, 1195, 1197, 1252]
[1141, 1196, 1198, 1253]
[1142, 1197, 1199, 1254]
[1143, 1198, 1200, 1255]
[1144, 1199, 1201, 1256]
[1145, 1200, 1202, 1257]
[1146, 1201, 1203, 1258]
[1147, 1202, 1204, 1259]
[1148, 1203, 1205, 1260]
[1149, 1204, 1206, 1261]
[1150, 1205, 1207, 1262]
[1151, 1206, 1208, 1263]
[1152, 1207, 1209, 1264]
[1153, 1208, 1210, 1265]
[1154, 1209, 1211, 1266]
[1155, 1210, 1212, 1267]
[1156, 1211, 1213, 1268]
[1157, 1212, 1214, 1269]
[1158, 1213, 1215, 1270]
[1159, 1214, 1216, 1271]
[1160, 1215, 1217, 1272]
[1161, 1216, 1218, 1273]
[1162, 1217, 1219, 1274]
[1163, 1218, 1220, 1275]
[1164, 1219, 1221, 1276]
[1165, 1220, 1222, 1277]
[1166, 1221, 1223, 1278]
[1167, 1222, 1224, 1279]
[1168, 1223, 1225, 1280]
[1169, 1224, 1226, 1281]
[1170, 1225, 1227, 1282]
[1171, 1226, 1228, 1283]
[1172, 1227, 1229, 1284]
[1173, 1228, 1230, 1285]
[1174, 1229, 1231, 1286]
[1175, 1176, 1230, 1287]
[1176, 1233, 1287, 1288]
[1177, 1232, 1234, 1289]
[1178, 1233, 1235, 1290]
[1179, 1234, 1236, 1291]
[1180, 1235, 1237, 1292]
[1181, 1236, 1238, 1293]
[1182, 1237, 1239, 1294]
[1183, 1238, 1240, 1295]
[1184, 1239, 1241, 1296]
[1185, 1240, 1242, 1297]
[1186, 1241, 1243, 1298]
[1187, 1242, 1244, 1299]
[1188, 1243, 1245, 1300]
[1189, 1244, 1246, 1301]
[1190, 1245, 1247, 1302]
[1191, 1246, 1248, 1303]
[1192, 1247, 1249, 1304]
[1193, 1248, 1250, 1305]
[1194, 1249, 1251, 1306]
[1195, 1250, 1252, 1307]
[1196, 1251, 1253, 1308]
[1197, 1252, 1254, 1309]
[1198, 1253, 1255, 1310]
[1199, 1254, 1256, 1311]
[1200, 1255, 1257, 1312]
[1201, 1256, 1258, 1313]
[1202, 1257, 1259, 1314]
[1203, 1258, 1260, 1315]
[1204, 1259, 1261, 1316]
[1205, 1260, 1262, 1317]
[1206, 1261, 1263, 1318]
[1207, 1262, 1264, 1319]
[1208, 1263, 1265, 1320]
[1209, 1264, 1266, 1321]
[1210, 1265, 1267, 1322]
[1211, 1266, 1268, 1323]
[1212, 1267, 1269, 1324]
[1213, 1268, 1270, 1325]
[1214, 1269, 1271, 1326]
[1215, 1270, 1272, 1327]
[1216, 1271, 1273, 1328]
[1217, 1272, 1274, 1329]
[1218, 1273, 1275, 1330]
[1219, 1274, 1276, 1331]
[1220, 1275, 1277, 1332]
[1221, 1276, 1278, 1333]
[1222, 1277, 1279, 1334]
[1223, 1278, 1280, 1335]
[1224, 1279, 1281, 1336]
[1225, 1280, 1282, 1337]
[1226, 1281, 1283, 1338]
[1227, 1282, 1284, 1339]
[1228, 1283, 1285, 1340]
[1229, 1284, 1286, 1341]
[1230, 1285, 1287, 1342]
[1231, 1232, 1286, 1343]
[1232, 1289, 1343, 1344]
[1233, 1288, 1290, 1345]
[1234, 1289, 1291, 1346]
[1235, 1290, 1292, 1347]
[1236, 1291, 1293, 1348]
[1237, 1292, 1294, 1349]
[1238, 1293, 1295, 1350]
[1239, 1294, 1296, 1351]
[1240, 1295, 1297, 1352]
[1241, 1296, 1298, 1353]
[1242, 1297, 1299, 1354]
[1243, 1298, 1300, 1355]
[1244, 1299, 1301, 1356]
[1245, 1300, 1302, 1357]
[1246, 1301, 1303, 1358]
[1247, 1302, 1304, 1359]
[1248, 1303, 1305, 1360]
[1249, 1304, 1306, 1361]
[1250, 1305, 1307, 1362]
[1251, 1306, 1308, 1363]
[1252, 1307, 1309, 1364]
[1253, 1308, 1310, 1365]
[1254, 1309, 1311, 1366]
[1255, 1310, 1312, 1367]
[1256, 1311, 1313, 1368]
[1257, 1312, 1314, 1369]
[1258, 1313, 1315, 1370]
[1259, 1314, 1316, 1371]
[1260, 1315, 1317, 1372]
[1261, 1316, 1318, 1373]
[1262, 1317, 1319, 1374]
[1263, 1318, 1320, 1375]
[1264, 1319, 1321, 1376]
[1265, 1320, 1322, 1377]
[1266, 1321, 1323, 1378]
[1267, 1322, 1324, 1379]
[1268, 1323, 1325, 1380]
[1269, 1324, 1326, 1381]
[1270, 1325, 1327, 1382]
[1271, 1326, 1328, 1383]
[1272, 1327, 1329, 1384]
[1273, 1328, 1330, 1385]
[1274, 1329, 1331, 1386]
[1275, 1330, 1332, 1387]
[1276, 1331, 1333, 1388]
[1277, 1332, 1334, 1389]
[1278, 1333, 1335, 1390]
[1279, 1334, 1336, 1391]
[1280, 1335, 1337, 1392]
[1281, 1336, 1338, 1393]
[1282, 1337, 1339, 1394]
[1283, 1338, 1340, 1395]
[1284, 1339, 1341, 1396]
[1285, 1340, 1342, 1397]
[1286, 1341, 1343, 1398]
[1287, 1288, 1342, 1399]
[1288, 1345, 1399, 1400]
[1289, 1344, 1346, 1401]
[1290, 1345, 1347, 1402]
[1291, 1346, 1348, 1403]
[1292, 1347, 1349, 1404]
[1293, 1348, 1350, 1405]
[1294, 1349, 1351, 1406]
[1295, 1350, 1352, 1407]
[1296, 1351, 1353, 1408]
[1297, 1352, 1354, 1409]
[1298, 1353, 1355, 1410]
[1299, 1354, 1356, 1411]
[1300, 1355, 1357, 1412]
[1301, 1356, 1358, 1413]
[1302, 1357, 1359, 1414]
[1303, 1358, 1360, 1415]
[1304, 1359, 1361, 1416]
[1305, 1360, 1362, 1417]
[1306, 1361, 1363, 1418]
[1307, 1362, 1364, 1419]
[1308, 1363, 1365, 1420]
[1309, 1364, 1366, 1421]
[1310, 1365, 1367, 1422]
[1311, 1366, 1368, 1423]
[1312, 1367, 1369, 1424]
[1313, 1368, 1370, 1425]
[1314, 1369, 1371, 1426]
[1315, 1370, 1372, 1427]
[1316, 1371, 1373, 1428]
[1317, 1372, 1374, 1429]
[1318, 1373, 1375, 1430]
[1319, 1374, 1376, 1431]
[1320, 1375, 1377, 1432]
[1321, 1376, 1378, 1433]
[1322, 1377, 1379, 1434]
[1323, 1378, 1380, 1435]
[1324, 1379, 1381, 1436]
[1325, 1380, 1382, 1437]
[1326, 1381, 1383, 1438]
[1327, 1382, 1384, 1439]
[1328, 1383, 1385, 1440]
[1329, 1384, 1386, 1441]
[1330, 1385, 1387, 1442]
[1331, 1386, 1388, 1443]
[1332, 1387, 1389, 1444]
[1333, 1388, 1390, 1445]
[1334, 1389, 1391, 1446]
[1335, 1390, 1392, 1447]
[1336, 1391, 1393, 1448]
[1337, 1392, 1394, 1449]
[1338, 1393, 1395, 1450]
[1339, 1394, 1396, 1451]
[1340, 1395, 1397, 1452]
[1341, 1396, 1398, 1453]
[1342, 1397, 1399, 1454]
[1343, 1344, 1398, 1455]
[1344, 1401, 1455, 1456]
[1345, 1400, 1402, 1457]
[1346, 1401, 1403, 1458]
[1347, 1402, 1404, 1459]
[1348, 1403, 1405, 1460]
[1349, 1404, 1406, 1461]
[1350, 1405, 1407, 1462]
[1351, 1406, 1408, 1463]
[1352, 1407, 1409, 1464]
[1353, 1408, 1410, 1465]
[1354, 1409, 1411, 1466]
[1355, 1410, 1412, 1467]
[1356, 1411, 1413, 1468]
[1357, 1412, 1414, 1469]
[1358, 1413, 1415, 1470]
[1359, 1414, 1416, 1471]
[1360, 1415, 1417, 1472]
[1361, 1416, 1418, 1473]
[1362, 1417, 1419, 1474]
[1363, 1418, 1420, 1475]
[1364, 1419, 1421, 1476]
[1365, 1420, 1422, 1477]
[1366, 1421, 1423, 1478]
[1367, 1422, 1424, 1479]
[1368, 1423, 1425, 1480]
[1369, 1424, 1426, 1481]
[1370, 1425, 1427, 1482]
[1371, 1426, 1428, 1483]
[1372, 1427, 1429, 1484]
[1373, 1428, 1430, 1485]
[1374, 1429, 1431, 1486]
[1375, 1430, 1432, 1487]
[1376, 1431, 1433, 1488]
[1377, 1432, 1434, 1489]
[1378, 1433, 1435, 1490]
[1379, 1434, 1436, 1491]
[1380, 1435, 1437, 1492]
[1381, 1436, 1438, 1493]
[1382, 1437, 1439, 1494]
[1383, 1438, 1440, 1495]
[1384, 1439, 1441, 1496]
[1385, 1440, 1442, 1497]
[1386, 1441, 1443, 1498]
[1387, 1442, 1444, 1499]
[1388, 1443, 1445, 1500]
[1389, 1444, 1446, 1501]
[1390, 1445, 1447, 1502]
[1391, 1446, 1448, 1503]
[1392, 1447, 1449, 1504]
[1393, 1448, 1450, 1505]
[1394, 1449, 1451, 1506]
[1395, 1450, 1452, 1507]
[1396, 1451, 1453, 1508]
[1397, 1452, 1454, 1509]
[1398, 1453, 1455, 1510]
[1399, 1400, 1454, 1511]
[1400, 1457, 1511, 1512]
[1401, 1456, 1458, 1513]
[1402, 1457, 1459, 1514]
[1403, 1458, 1460, 1515]
[1404, 1459, 1461, 1516]
[1405, 1460, 1462, 1517]
[1406, 1461, 1463, 1518]
[1407, 1462, 1464, 1519]
[1408, 1463, 1465, 1520]
[1409, 1464, 1466, 1521]
[1410, 1465, 1467, 1522]
[1411, 1466, 1468, 1523]
[1412, 1467, 1469, 1524]
[1413, 1468, 1470, 1525]
[1414, 1469, 1471, 1526]
[1415, 1470, 1472, 1527]
[1416, 1471, 1473, 1528]
[1417, 1472, 1474, 1529]
[1418, 1473, 1475, 1530]
[1419, 1474, 1476, 1531]
[1420, 1475, 1477, 1532]
[1421, 1476, 1478, 1533]
[1422, 1477, 1479, 1534]
[1423, 1478, 1480, 1535]
[1424, 1479, 1481, 1536]
[1425, 1480, 1482, 1537]
[1426, 1481, 1483, 1538]
[1427, 1482, 1484, 1539]
[1428, 1483, 1485, 1540]
[1429, 1484, 1486, 1541]
[1430, 1485, 1487, 1542]
[1431, 1486, 1488, 1543]
[1432, 1487, 1489, 1544]
[1433, 1488, 1490, 1545]
[1434, 1489, 1491, 1546]
[1435, 1490, 1492, 1547]
[1436, 1491, 1493, 1548]
[1437, 1492, 1494, 1549]
[1438, 1493, 1495, 1550]
[1439, 1494, 1496, 1551]
[1440, 1495, 1497, 1552]
[1441, 1496, 1498, 1553]
[1442, 1497, 1499, 1554]
[1443, 1498, 1500, 1555]
[1444, 1499, 1501, 1556]
[1445, 1500, 1502, 1557]
[1446, 1501, 1503, 1558]
[1447, 1502, 1504, 1559]
[1448, 1503, 1505, 1560]
[1449, 1504, 1506, 1561]
[1450, 1505, 1507, 1562]
[1451, 1506, 1508, 1563]
[1452, 1507, 1509, 1564]
[1453, 1508, 1510, 1565]
[1454, 1509, 1511, 1566]
[1455, 1456, 1510, 1567]
[1456, 1513, 1567, 1568]
[1457, 1512, 1514, 1569]
[1458, 1513, 1515, 1570]
[1459, 1514, 1516, 1571]
[1460, 1515, 1517, 1572]
[1461, 1516, 1518, 1573]
[1462, 1517, 1519, 1574]
[1463, 1518, 1520, 1575]
[1464, 1519, 1521, 1576]
[1465, 1520, 1522, 1577]
[1466, 1521, 1523, 1578]
[1467, 1522, 1524, 1579]
[1468, 1523, 1525, 1580]
[1469, 1524, 1526, 1581]
[1470, 1525, 1527, 1582]
[1471, 1526, 1528, 1583]
[1472, 1527, 1529, 1584]
[1473, 1528, 1530, 1585]
[1474, 1529, 1531, 1586]
[1475, 1530, 1532, 1587]
[1476, 1531, 1533, 1588]
[1477, 1532, 1534, 1589]
[1478, 1533, 1535, 1590]
[1479, 1534, 1536, 1591]
[1480, 1535, 1537, 1592]
[1481, 1536, 1538, 1593]
[1482, 1537, 1539, 1594]
[1483, 1538, 1540, 1595]
[1484, 1539, 1541, 1596]
[1485, 1540, 1542, 1597]
[1486, 1541, 1543, 1598]
[1487, 1542, 1544, 1599]
[1488, 1543, 1545, 1600]
[1489, 1544, 1546, 1601]
[1490, 1545, 1547, 1602]
[1491, 1546, 1548, 1603]
[1492, 1547, 1549, 1604]
[1493, 1548, 1550, 1605]
[1494, 1549, 1551, 1606]
[1495, 1550, 1552, 1607]
[1496, 1551, 1553, 1608]
[1497, 1552, 1554, 1609]
[1498, 1553, 1555, 1610]
[1499, 1554, 1556, 1611]
[1500, 1555, 1557, 1612]
[1501, 1556, 1558, 1613]
[1502, 1557, 1559, 1614]
[1503, 1558, 1560, 1615]
[1504, 1559, 1561, 1616]
[1505, 1560, 1562, 1617]
[1506, 1561, 1563, 1618]
[1507, 1562, 1564, 1619]
[1508, 1563, 1565, 1620]
[1509, 1564, 1566, 1621]
[1510, 1565, 1567, 1622]
[1511, 1512, 1566, 1623]
[1512, 1569, 1623, 1624]
[1513, 1568, 1570, 1625]
[1514, 1569, 1571, 1626]
[1515, 1570, 1572, 1627]
[1516, 1571, 1573, 1628]
[1517, 1572, 1574, 1629]
[1518, 1573, 1575, 1630]
[1519, 1574, 1576, 1631]
[1520, 1575, 1577, 1632]
[1521, 1576, 1578, 1633]
[1522, 1577, 1579, 1634]
[1523, 1578, 1580, 1635]
[1524, 1579, 1581, 1636]
[1525, 1580, 1582, 1637]
[1526, 1581, 1583, 1638]
[1527, 1582, 1584, 1639]
[1528, 1583, 1585, 1640]
[1529, 1584, 1586, 1641]
[1530, 1585, 1587, 1642]
[1531, 1586, 1588, 1643]
[1532, 1587, 1589, 1644]
[1533, 1588, 1590, 1645]
[1534, 1589, 1591, 1646]
[1535, 1590, 1592, 1647]
[1536, 1591, 1593, 1648]
[1537, 1592, 1594, 1649]
[1538, 1593, 1595, 1650]
[1539, 1594, 1596, 1651]
[1540, 1595, 1597, 1652]
[1541, 1596, 1598, 1653]
[1542, 1597, 1599, 1654]
[1543, 1598, 1600, 1655]
[1544, 1599, 1601, 1656]
[1545, 1600, 1602, 1657]
[1546, 1601, 1603, 1658]
[1547, 1602, 1604, 1659]
[1548, 1603, 1605, 1660]
[1549, 1604, 1606, 1661]
[1550, 1605, 1607, 1662]
[1551, 1606, 1608, 1663]
[1552, 1607, 1609, 1664]
[1553, 1608, 1610, 1665]
[1554, 1609, 1611, 1666]
[1555, 1610, 1612, 1667]
[1556, 1611, 1613, 1668]
[1557, 1612, 1614, 1669]
[1558, 1613, 1615, 1670]
[1559, 1614, 1616, 1671]
[1560, 1615, 1617, 1672]
[1561, 1616, 1618, 1673]
[1562, 1617, 1619, 1674]
[1563, 1618, 1620, 1675]
[1564, 1619, 1621, 1676]
[1565, 1620, 1622, 1677]
[1566, 1621, 1623, 1678]
[1567, 1568, 1622, 1679]
[1568, 1625, 1679, 1680]
[1569, 1624, 1626, 1681]
[1570, 1625, 1627, 1682]
[1571, 1626, 1628, 1683]
[1572, 1627, 1629, 1684]
[1573, 1628, 1630, 1685]
[1574, 1629, 1631, 1686]
[1575, 1630, 1632, 1687]
[1576, 1631, 1633, 1688]
[1577, 1632, 1634, 1689]
[1578, 1633, 1635, 1690]
[1579, 1634, 1636, 1691]
[1580, 1635, 1637, 1692]
[1581, 1636, 1638, 1693]
[1582, 1637, 1639, 1694]
[1583, 1638, 1640, 1695]
[1584, 1639, 1641, 1696]
[1585, 1640, 1642, 1697]
[1586, 1641, 1643, 1698]
[1587, 1642, 1644, 1699]
[1588, 1643, 1645, 1700]
[1589, 1644, 1646, 1701]
[1590, 1645, 1647, 1702]
[1591, 1646, 1648, 1703]
[1592, 1647, 1649, 1704]
[1593, 1648, 1650, 1705]
[1594, 1649, 1651, 1706]
[1595, 1650, 1652, 1707]
[1596, 1651, 1653, 1708]
[1597, 1652, 1654, 1709]
[1598, 1653, 1655, 1710]
[1599, 1654, 1656, 1711]
[1600, 1655, 1657, 1712]
[1601, 1656, 1658, 1713]
[1602, 1657, 1659, 1714]
[1603, 1658, 1660, 1715]
[1604, 1659, 1661, 1716]
[1605, 1660, 1662, 1717]
[1606, 1661, 1663, 1718]
[1607, 1662, 1664, 1719]
[1608, 1663, 1665, 1720]
[1609, 1664, 1666, 1721]
[1610, 1665, 1667, 1722]
[1611, 1666, 1668, 1723]
[1612, 1667, 1669, 1724]
[1613, 1668, 1670, 1725]
[1614, 1669, 1671, 1726]
[1615, 1670, 1672, 1727]
[1616, 1671, 1673, 1728]
[1617, 1672, 1674, 1729]
[1618, 1673, 1675, 1730]
[1619, 1674, 1676, 1731]
[1620, 1675, 1677, 1732]
[1621, 1676, 1678, 1733]
[1622, 1677, 1679, 1734]
[1623, 1624, 1678, 1735]
[1624, 1681, 1735, 1736]
[1625, 1680, 1682, 1737]
[1626, 1681, 1683, 1738]
[1627, 1682, 1684, 1739]
[1628, 1683, 1685, 1740]
[1629, 1684, 1686, 1741]
[1630, 1685, 1687, 1742]
[1631, 1686, 1688, 1743]
[1632, 1687, 1689, 1744]
[1633, 1688, 1690, 1745]
[1634, 1689, 1691, 1746]
[1635, 1690, 1692, 1747]
[1636, 1691, 1693, 1748]
[1637, 1692, 1694, 1749]
[1638, 1693, 1695, 1750]
[1639, 1694, 1696, 1751]
[1640, 1695, 1697, 1752]
[1641, 1696, 1698, 1753]
[1642, 1697, 1699, 1754]
[1643, 1698, 1700, 1755]
[1644, 1699, 1701, 1756]
[1645, 1700, 1702, 1757]
[1646, 1701, 1703, 1758]
[1647, 1702, 1704, 1759]
[1648, 1703, 1705, 1760]
[1649, 1704, 1706, 1761]
[1650, 1705, 1707, 1762]
[1651, 1706, 1708, 1763]
[1652, 1707, 1709, 1764]
[1653, 1708, 1710, 1765]
[1654, 1709, 1711, 1766]
[1655, 1710, 1712, 1767]
[1656, 1711, 1713, 1768]
[1657, 1712, 1714, 1769]
[1658, 1713, 1715, 1770]
[1659, 1714, 1716, 1771]
[1660, 1715, 1717, 1772]
[1661, 1716, 1718, 1773]
[1662, 1717, 1719, 1774]
[1663, 1718, 1720, 1775]
[1664, 1719, 1721, 1776]
[1665, 1720, 1722, 1777]
[1666, 1721, 1723, 1778]
[1667, 1722, 1724, 1779]
[1668, 1723, 1725, 1780]
[1669, 1724, 1726, 1781]
[1670, 1725, 1727, 1782]
[1671, 1726, 1728, 1783]
[1672, 1727, 1729, 1784]
[1673, 1728, 1730, 1785]
[1674, 1729, 1731, 1786]
[1675, 1730, 1732, 1787]
[1676, 1731, 1733, 1788]
[1677, 1732, 1734, 1789]
[1678, 1733, 1735, 1790]
[1679, 1680, 1734, 1791]
[1680, 1737, 1791, 1792]
[1681, 1736, 1738, 1793]
[1682, 1737, 1739, 1794]
[1683, 1738, 1740, 1795]
[1684, 1739, 1741, 1796]
[1685, 1740, 1742, 1797]
[1686, 1741, 1743, 1798]
[1687, 1742, 1744, 1799]
[1688, 1743, 1745, 1800]
[1689, 1744, 1746, 1801]
[1690, 1745, 1747, 1802]
[1691, 1746, 1748, 1803]
[1692, 1747, 1749, 1804]
[1693, 1748, 1750, 1805]
[1694, 1749, 1751, 1806]
[1695, 1750, 1752, 1807]
[1696, 1751, 1753, 1808]
[1697, 1752, 1754, 1809]
[1698, 1753, 1755, 1810]
[1699, 1754, 1756, 1811]
[1700, 1755, 1757, 1812]
[1701, 1756, 1758, 1813]
[1702, 1757, 1759, 1814]
[1703, 1758, 1760, 1815]
[1704, 1759, 1761, 1816]
[1705, 1760, 1762, 1817]
[1706, 1761, 1763, 1818]
[1707, 1762, 1764, 1819]
[1708, 1763, 1765, 1820]
[1709, 1764, 1766, 1821]
[1710, 1765, 1767, 1822]
[1711, 1766, 1768, 1823]
[1712, 1767, 1769, 1824]
[1713, 1768, 1770, 1825]
[1714, 1769, 1771, 1826]
[1715, 1770, 1772, 1827]
[1716, 1771, 1773, 1828]
[1717, 1772, 1774, 1829]
[1718, 1773, 1775, 1830]
[1719, 1774, 1776, 1831]
[1720, 1775, 1777, 1832]
[1721, 1776, 1778, 1833]
[1722, 1777, 1779, 1834]
[1723, 1778, 1780, 1835]
[1724, 1779, 1781, 1836]
[1725, 1780, 1782, 1837]
[1726, 1781, 1783, 1838]
[1727, 1782, 1784, 1839]
[1728, 1783, 1785, 1840]
[1729, 1784, 1786, 1841]
[1730, 1785, 1787, 1842]
[1731, 1786, 1788, 1843]
[1732, 1787, 1789, 1844]
[1733, 1788, 1790, 1845]
[1734, 1789, 1791, 1846]
[1735, 1736, 1790, 1847]
[1736, 1793, 1847, 1848]
[1737, 1792, 1794, 1849]
[1738, 1793, 1795, 1850]
[1739, 1794, 1796, 1851]
[1740, 1795, 1797, 1852]
[1741, 1796, 1798, 1853]
[1742, 1797, 1799, 1854]
[1743, 1798, 1800, 1855]
[1744, 1799, 1801, 1856]
[1745, 1800, 1802, 1857]
[1746, 1801, 1803, 1858]
[1747, 1802, 1804, 1859]
[1748, 1803, 1805, 1860]
[1749, 1804, 1806, 1861]
[1750, 1805, 1807, 1862]
[1751, 1806, 1808, 1863]
[1752, 1807, 1809, 1864]
[1753, 1808, 1810, 1865]
[1754, 1809, 1811, 1866]
[1755, 1810, 1812, 1867]
[1756, 1811, 1813, 1868]
[1757, 1812, 1814, 1869]
[1758, 1813, 1815, 1870]
[1759, 1814, 1816, 1871]
[1760, 1815, 1817, 1872]
[1761, 1816, 1818, 1873]
[1762, 1817, 1819, 1874]
[1763, 1818, 1820, 1875]
[1764, 1819, 1821, 1876]
[1765, 1820, 1822, 1877]
[1766, 1821, 1823, 1878]
[1767, 1822, 1824, 1879]
[1768, 1823, 1825, 1880]
[1769, 1824, 1826, 1881]
[1770, 1825, 1827, 1882]
[1771, 1826, 1828, 1883]
[1772, 1827, 1829, 1884]
[1773, 1828, 1830, 1885]
[1774, 1829, 1831, 1886]
[1775, 1830, 1832, 1887]
[1776, 1831, 1833, 1888]
[1777, 1832, 1834, 1889]
[1778, 1833, 1835, 1890]
[1779, 1834, 1836, 1891]
[1780, 1835, 1837, 1892]
[1781, 1836, 1838, 1893]
[1782, 1837, 1839, 1894]
[1783, 1838, 1840, 1895]
[1784, 1839, 1841, 1896]
[1785, 1840, 1842, 1897]
[1786, 1841, 1843, 1898]
[1787, 1842, 1844, 1899]
[1788, 1843, 1845, 1900]
[1789, 1844, 1846, 1901]
[1790, 1845, 1847, 1902]
[1791, 1792, 1846, 1903]
[1792, 1849, 1903, 1904]
[1793, 1848, 1850, 1905]
[1794, 1849, 1851, 1906]
[1795, 1850, 1852, 1907]
[1796, 1851, 1853, 1908]
[1797, 1852, 1854, 1909]
[1798, 1853, 1855, 1910]
[1799, 1854, 1856, 1911]
[1800, 1855, 1857, 1912]
[1801, 1856, 1858, 1913]
[1802, 1857, 1859, 1914]
[1803, 1858, 1860, 1915]
[1804, 1859, 1861, 1916]
[1805, 1860, 1862, 1917]
[1806, 1861, 1863, 1918]
[1807, 1862, 1864, 1919]
[1808, 1863, 1865, 1920]
[1809, 1864, 1866, 1921]
[1810, 1865, 1867, 1922]
[1811, 1866, 1868, 1923]
[1812, 1867, 1869, 1924]
[1813, 1868, 1870, 1925]
[1814, 1869, 1871, 1926]
[1815, 1870, 1872, 1927]
[1816, 1871, 1873, 1928]
[1817, 1872, 1874, 1929]
[1818, 1873, 1875, 1930]
[1819, 1874, 1876, 1931]
[1820, 1875, 1877, 1932]
[1821, 1876, 1878, 1933]
[1822, 1877, 1879, 1934]
[1823, 1878, 1880, 1935]
[1824, 1879, 1881, 1936]
[1825, 1880, 1882, 1937]
[1826, 1881, 1883, 1938]
[1827, 1882, 1884, 1939]
[1828, 1883, 1885, 1940]
[1829, 1884, 1886, 1941]
[1830, 1885, 1887, 1942]
[1831, 1886, 1888, 1943]
[1832, 1887, 1889, 1944]
[1833, 1888, 1890, 1945]
[1834, 1889, 1891, 1946]
[1835, 1890, 1892, 1947]
[1836, 1891, 1893, 1948]
[1837, 1892, 1894, 1949]
[1838, 1893, 1895, 1950]
[1839, 1894, 1896, 1951]
[1840, 1895, 1897, 1952]
[1841, 1896, 1898, 1953]
[1842, 1897, 1899, 1954]
[1843, 1898, 1900, 1955]
[1844, 1899, 1901, 1956]
[1845, 1900, 1902, 1957]
[1846, 1901, 1903, 1958]
[1847, 1848, 1902, 1959]
[1848, 1905, 1959, 1960]
[1849, 1904, 1906, 1961]
[1850, 1905, 1907, 1962]
[1851, 1906, 1908, 1963]
[1852, 1907, 1909, 1964]
[1853, 1908, 1910, 1965]
[1854, 1909, 1911, 1966]
[1855, 1910, 1912, 1967]
[1856, 1911, 1913, 1968]
[1857, 1912, 1914, 1969]
[1858, 1913, 1915, 1970]
[1859, 1914, 1916, 1971]
[1860, 1915, 1917, 1972]
[1861, 1916, 1918, 1973]
[1862, 1917, 1919, 1974]
[1863, 1918, 1920, 1975]
[1864, 1919, 1921, 1976]
[1865, 1920, 1922, 1977]
[1866, 1921, 1923, 1978]
[1867, 1922, 1924, 1979]
[1868, 1923, 1925, 1980]
[1869, 1924, 1926, 1981]
[1870, 1925, 1927, 1982]
[1871, 1926, 1928, 1983]
[1872, 1927, 1929, 1984]
[1873, 1928, 1930, 1985]
[1874, 1929, 1931, 1986]
[1875, 1930, 1932, 1987]
[1876, 1931, 1933, 1988]
[1877, 1932, 1934, 1989]
[1878, 1933, 1935, 1990]
[1879, 1934, 1936, 1991]
[1880, 1935, 1937, 1992]
[1881, 1936, 1938, 1993]
[1882, 1937, 1939, 1994]
[1883, 1938, 1940, 1995]
[1884, 1939, 1941, 1996]
[1885, 1940, 1942, 1997]
[1886, 1941, 1943, 1998]
[1887, 1942, 1944, 1999]
[1888, 1943, 1945, 2000]
[1889, 1944, 1946, 2001]
[1890, 1945, 1947, 2002]
[1891, 1946, 1948, 2003]
[1892, 1947, 1949, 2004]
[1893, 1948, 1950, 2005]
[1894, 1949, 1951, 2006]
[1895, 1950, 1952, 2007]
[1896, 1951, 1953, 2008]
[1897, 1952, 1954, 2009]
[1898, 1953, 1955, 2010]
[1899, 1954, 1956, 2011]
[1900, 1955, 1957, 2012]
[1901, 1956, 1958, 2013]
[1902, 1957, 1959, 2014]
[1903, 1904, 1958, 2015]
[1904, 1961, 2015, 2016]
[1905, 1960, 1962, 2017]
[1906, 1961, 1963, 2018]
[1907, 1962, 1964, 2019]
[1908, 1963, 1965, 2020]
[1909, 1964, 1966, 2021]
[1910, 1965, 1967, 2022]
[1911, 1966, 1968, 2023]
[1912, 1967, 1969, 2024]
[1913, 1968, 1970, 2025]
[1914, 1969, 1971, 2026]
[1915, 1970, 1972, 2027]
[1916, 1971, 1973, 2028]
[1917, 1972, 1974, 2029]
[1918, 1973, 1975, 2030]
[1919, 1974, 1976, 2031]
[1920, 1975, 1977, 2032]
[1921, 1976, 1978, 2033]
[1922, 1977, 1979, 2034]
[1923, 1978, 1980, 2035]
[1924, 1979, 1981, 2036]
[1925, 1980, 1982, 2037]
[1926, 1981, 1983, 2038]
[1927, 1982, 1984, 2039]
[1928, 1983, 1985, 2040]
[1929, 1984, 1986, 2041]
[1930, 1985, 1987, 2042]
[1931, 1986, 1988, 2043]
[1932, 1987, 1989, 2044]
[1933, 1988, 1990, 2045]
[1934, 1989, 1991, 2046]
[1935, 1990, 1992, 2047]
[1936, 1991, 1993, 2048]
[1937, 1992, 1994, 2049]
[1938, 1993, 1995, 2050]
[1939, 1994, 1996, 2051]
[1940, 1995, 1997, 2052]
[1941, 1996, 1998, 2053]
[1942, 1997, 1999, 2054]
[1943, 1998, 2000, 2055]
[1944, 1999, 2001, 2056]
[1945, 2000, 2002, 2057]
[1946, 2001, 2003, 2058]
[1947, 2002, 2004, 2059]
[1948, 2003, 2005, 2060]
[1949, 2004, 2006, 2061]
[1950, 2005, 2007, 2062]
[1951, 2006, 2008, 2063]
[1952, 2007, 2009, 2064]
[1953, 2008, 2010, 2065]
[1954, 2009, 2011, 2066]
[1955, 2010, 2012, 2067]
[1956, 2011, 2013, 2068]
[1957, 2012, 2014, 2069]
[1958, 2013, 2015, 2070]
[1959, 1960, 2014, 2071]
[1960, 2017, 2071, 2072]
[1961, 2016, 2018, 2073]
[1962, 2017, 2019, 2074]
[1963, 2018, 2020, 2075]
[1964, 2019, 2021, 2076]
[1965, 2020, 2022, 2077]
[1966, 2021, 2023, 2078]
[1967, 2022, 2024, 2079]
[1968, 2023, 2025, 2080]
[1969, 2024, 2026, 2081]
[1970, 2025, 2027, 2082]
[1971, 2026, 2028, 2083]
[1972, 2027, 2029, 2084]
[1973, 2028, 2030, 2085]
[1974, 2029, 2031, 2086]
[1975, 2030, 2032, 2087]
[1976, 2031, 2033, 2088]
[1977, 2032, 2034, 2089]
[1978, 2033, 2035, 2090]
[1979, 2034, 2036, 2091]
[1980, 2035, 2037, 2092]
[1981, 2036, 2038, 2093]
[1982, 2037, 2039, 2094]
[1983, 2038, 2040, 2095]
[1984, 2039, 2041, 2096]
[1985, 2040, 2042, 2097]
[1986, 2041, 2043, 2098]
[1987, 2042, 2044, 2099]
[1988, 2043, 2045, 2100]
[1989, 2044, 2046, 2101]
[1990, 2045, 2047, 2102]
[1991, 2046, 2048, 2103]
[1992, 2047, 2049, 2104]
[1993, 2048, 2050, 2105]
[1994, 2049, 2051, 2106]
[1995, 2050, 2052, 2107]
[1996, 2051, 2053, 2108]
[1997, 2052, 2054, 2109]
[1998, 2053, 2055, 2110]
[1999, 2054, 2056, 2111]
[2000, 2055, 2057, 2112]
[2001, 2056, 2058, 2113]
[2002, 2057, 2059, 2114]
[2003, 2058, 2060, 2115]
[2004, 2059, 2061, 2116]
[2005, 2060, 2062, 2117]
[2006, 2061, 2063, 2118]
[2007, 2062, 2064, 2119]
[2008, 2063, 2065, 2120]
[2009, 2064, 2066, 2121]
[2010, 2065, 2067, 2122]
[2011, 2066, 2068, 2123]
[2012, 2067, 2069, 2124]
[2013, 2068, 2070, 2125]
[2014, 2069, 2071, 2126]
[2015, 2016, 2070, 2127]
[2016, 2073, 2127, 2128]
[2017, 2072, 2074, 2129]
[2018, 2073, 2075, 2130]
[2019, 2074, 2076, 2131]
[2020, 2075, 2077, 2132]
[2021, 2076, 2078, 2133]
[2022, 2077, 2079, 2134]
[2023, 2078, 2080, 2135]
[2024, 2079, 2081, 2136]
[2025, 2080, 2082, 2137]
[2026, 2081, 2083, 2138]
[2027, 2082, 2084, 2139]
[2028, 2083, 2085, 2140]
[2029, 2084, 2086, 2141]
[2030, 2085, 2087, 2142]
[2031, 2086, 2088, 2143]
[2032, 2087, 2089, 2144]
[2033, 2088, 2090, 2145]
[2034, 2089, 2091, 2146]
[2035, 2090, 2092, 2147]
[2036, 2091, 2093, 2148]
[2037, 2092, 2094, 2149]
[2038, 2093, 2095, 2150]
[2039, 2094, 2096, 2151]
[2040, 2095, 2097, 2152]
[2041, 2096, 2098, 2153]
[2042, 2097, 2099, 2154]
[2043, 2098, 2100, 2155]
[2044, 2099, 2101, 2156]
[2045, 2100, 2102, 2157]
[2046, 2101, 2103, 2158]
[2047, 2102, 2104, 2159]
[2048, 2103, 2105, 2160]
[2049, 2104, 2106, 2161]
[2050, 2105, 2107, 2162]
[2051, 2106, 2108, 2163]
[2052, 2107, 2109, 2164]
[2053, 2108, 2110, 2165]
[2054, 2109, 2111, 2166]
[2055, 2110, 2112, 2167]
[2056, 2111, 2113, 2168]
[2057, 2112, 2114, 2169]
[2058, 2113, 2115, 2170]
[2059, 2114, 2116, 2171]
[2060, 2115, 2117, 2172]
[2061, 2116, 2118, 2173]
[2062, 2117, 2119, 2174]
[2063, 2118, 2120, 2175]
[2064, 2119, 2121, 2176]
[2065, 2120, 2122, 2177]
[2066, 2121, 2123, 2178]
[2067, 2122, 2124, 2179]
[2068, 2123, 2125, 2180]
[2069, 2124, 2126, 2181]
[2070, 2125, 2127, 2182]
[2071, 2072, 2126, 2183]
[2072, 2129, 2183, 2184]
[2073, 2128, 2130, 2185]
[2074, 2129, 2131, 2186]
[2075, 2130, 2132, 2187]
[2076, 2131, 2133, 2188]
[2077, 2132, 2134, 2189]
[2078, 2133, 2135, 2190]
[2079, 2134, 2136, 2191]
[2080, 2135, 2137, 2192]
[2081, 2136, 2138, 2193]
[2082, 2137, 2139, 2194]
[2083, 2138, 2140, 2195]
[2084, 2139, 2141, 2196]
[2085, 2140, 2142, 2197]
[2086, 2141, 2143, 2198]
[2087, 2142, 2144, 2199]
[2088, 2143, 2145, 2200]
[2089, 2144, 2146, 2201]
[2090, 2145, 2147, 2202]
[2091, 2146, 2148, 2203]
[2092, 2147, 2149, 2204]
[2093, 2148, 2150, 2205]
[2094, 2149, 2151, 2206]
[2095, 2150, 2152, 2207]
[2096, 2151, 2153, 2208]
[2097, 2152, 2154, 2209]
[2098, 2153, 2155, 2210]
[2099, 2154, 2156, 2211]
[2100, 2155, 2157, 2212]
[2101, 2156, 2158, 2213]
[2102, 2157, 2159, 2214]
[2103, 2158, 2160, 2215]
[2104, 2159, 2161, 2216]
[2105, 2160, 2162, 2217]
[2106, 2161, 2163, 2218]
[2107, 2162, 2164, 2219]
[2108, 2163, 2165, 2220]
[2109, 2164, 2166, 2221]
[2110, 2165, 2167, 2222]
[2111, 2166, 2168, 2223]
[2112, 2167, 2169, 2224]
[2113, 2168, 2170, 2225]
[2114, 2169, 2171, 2226]
[2115, 2170, 2172, 2227]
[2116, 2171, 2173, 2228]
[2117, 2172, 2174, 2229]
[2118, 2173, 2175, 2230]
[2119, 2174, 2176, 2231]
[2120, 2175, 2177, 2232]
[2121, 2176, 2178, 2233]
[2122, 2177, 2179, 2234]
[2123, 2178, 2180, 2235]
[2124, 2179, 2181, 2236]
[2125, 2180, 2182, 2237]
[2126, 2181, 2183, 2238]
[2127, 2128, 2182, 2239]
[2128, 2185, 2239, 2240]
[2129, 2184, 2186, 2241]
[2130, 2185, 2187, 2242]
[2131, 2186, 2188, 2243]
[2132, 2187, 2189, 2244]
[2133, 2188, 2190, 2245]
[2134, 2189, 2191, 2246]
[2135, 2190, 2192, 2247]
[2136, 2191, 2193, 2248]
[2137, 2192, 2194, 2249]
[2138, 2193, 2195, 2250]
[2139, 2194, 2196, 2251]
[2140, 2195, 2197, 2252]
[2141, 2196, 2198, 2253]
[2142, 2197, 2199, 2254]
[2143, 2198, 2200, 2255]
[2144, 2199, 2201, 2256]
[2145, 2200, 2202, 2257]
[2146, 2201, 2203, 2258]
[2147, 2202, 2204, 2259]
[2148, 2203, 2205, 2260]
[2149, 2204, 2206, 2261]
[2150, 2205, 2207, 2262]
[2151, 2206, 2208, 2263]
[2152, 2207, 2209, 2264]
[2153, 2208, 2210, 2265]
[2154, 2209, 2211, 2266]
[2155, 2210, 2212, 2267]
[2156, 2211, 2213, 2268]
[2157, 2212, 2214, 2269]
[2158, 2213, 2215, 2270]
[2159, 2214, 2216, 2271]
[2160, 2215, 2217, 2272]
[2161, 2216, 2218, 2273]
[2162, 2217, 2219, 2274]
[2163, 2218, 2220, 2275]
[2164, 2219, 2221, 2276]
[2165, 2220, 2222, 2277]
[2166, 2221, 2223, 2278]
[2167, 2222, 2224, 2279]
[2168, 2223, 2225, 2280]
[2169, 2224, 2226, 2281]
[2170, 2225, 2227, 2282]
[2171, 2226, 2228, 2283]
[2172, 2227, 2229, 2284]
[2173, 2228, 2230, 2285]
[2174, 2229, 2231, 2286]
[2175, 2230, 2232, 2287]
[2176, 2231, 2233, 2288]
[2177, 2232, 2234, 2289]
[2178, 2233, 2235, 2290]
[2179, 2234, 2236, 2291]
[2180, 2235, 2237, 2292]
[2181, 2236, 2238, 2293]
[2182, 2237, 2239, 2294]
[2183, 2184, 2238, 2295]
[2184, 2241, 2295, 2296]
[2185, 2240, 2242, 2297]
[2186, 2241, 2243, 2298]
[2187, 2242, 2244, 2299]
[2188, 2243, 2245, 2300]
[2189, 2244, 2246, 2301]
[2190, 2245, 2247, 2302]
[2191, 2246, 2248, 2303]
[2192, 2247, 2249, 2304]
[2193, 2248, 2250, 2305]
[2194, 2249, 2251, 2306]
[2195, 2250, 2252, 2307]
[2196, 2251, 2253, 2308]
[2197, 2252, 2254, 2309]
[2198, 2253, 2255, 2310]
[2199, 2254, 2256, 2311]
[2200, 2255, 2257, 2312]
[2201, 2256, 2258, 2313]
[2202, 2257, 2259, 2314]
[2203, 2258, 2260, 2315]
[2204, 2259, 2261, 2316]
[2205, 2260, 2262, 2317]
[2206, 2261, 2263, 2318]
[2207, 2262, 2264, 2319]
[2208, 2263, 2265, 2320]
[2209, 2264, 2266, 2321]
[2210, 2265, 2267, 2322]
[2211, 2266, 2268, 2323]
[2212, 2267, 2269, 2324]
[2213, 2268, 2270, 2325]
[2214, 2269, 2271, 2326]
[2215, 2270, 2272, 2327]
[2216, 2271, 2273, 2328]
[2217, 2272, 2274, 2329]
[2218, 2273, 2275, 2330]
[2219, 2274, 2276, 2331]
[2220, 2275, 2277, 2332]
[2221, 2276, 2278, 2333]
[2222, 2277, 2279, 2334]
[2223, 2278, 2280, 2335]
[2224, 2279, 2281, 2336]
[2225, 2280, 2282, 2337]
[2226, 2281, 2283, 2338]
[2227, 2282, 2284, 2339]
[2228, 2283, 2285, 2340]
[2229, 2284, 2286, 2341]
[2230, 2285, 2287, 2342]
[2231, 2286, 2288, 2343]
[2232, 2287, 2289, 2344]
[2233, 2288, 2290, 2345]
[2234, 2289, 2291, 2346]
[2235, 2290, 2292, 2347]
[2236, 2291, 2293, 2348]
[2237, 2292, 2294, 2349]
[2238, 2293, 2295, 2350]
[2239, 2240, 2294, 2351]
[2240, 2297, 2351, 2352]
[2241, 2296, 2298, 2353]
[2242, 2297, 2299, 2354]
[2243, 2298, 2300, 2355]
[2244, 2299, 2301, 2356]
[2245, 2300, 2302, 2357]
[2246, 2301, 2303, 2358]
[2247, 2302, 2304, 2359]
[2248, 2303, 2305, 2360]
[2249, 2304, 2306, 2361]
[2250, 2305, 2307, 2362]
[2251, 2306, 2308, 2363]
[2252, 2307, 2309, 2364]
[2253, 2308, 2310, 2365]
[2254, 2309, 2311, 2366]
[2255, 2310, 2312, 2367]
[2256, 2311, 2313, 2368]
[2257, 2312, 2314, 2369]
[2258, 2313, 2315, 2370]
[2259, 2314, 2316, 2371]
[2260, 2315, 2317, 2372]
[2261, 2316, 2318, 2373]
[2262, 2317, 2319, 2374]
[2263, 2318, 2320, 2375]
[2264, 2319, 2321, 2376]
[2265, 2320, 2322, 2377]
[2266, 2321, 2323, 2378]
[2267, 2322, 2324, 2379]
[2268, 2323, 2325, 2380]
[2269, 2324, 2326, 2381]
[2270, 2325, 2327, 2382]
[2271, 2326, 2328, 2383]
[2272, 2327, 2329, 2384]
[2273, 2328, 2330, 2385]
[2274, 2329, 2331, 2386]
[2275, 2330, 2332, 2387]
[2276, 2331, 2333, 2388]
[2277, 2332, 2334, 2389]
[2278, 2333, 2335, 2390]
[2279, 2334, 2336, 2391]
[2280, 2335, 2337, 2392]
[2281, 2336, 2338, 2393]
[2282, 2337, 2339, 2394]
[2283, 2338, 2340, 2395]
[2284, 2339, 2341, 2396]
[2285, 2340, 2342, 2397]
[2286, 2341, 2343, 2398]
[2287, 2342, 2344, 2399]
[2288, 2343, 2345, 2400]
[2289, 2344, 2346, 2401]
[2290, 2345, 2347, 2402]
[2291, 2346, 2348, 2403]
[2292, 2347, 2349, 2404]
[2293, 2348, 2350, 2405]
[2294, 2349, 2351, 2406]
[2295, 2296, 2350, 2407]
[2296, 2353, 2407, 2408]
[2297, 2352, 2354, 2409]
[2298, 2353, 2355, 2410]
[2299, 2354, 2356, 2411]
[2300, 2355, 2357, 2412]
[2301, 2356, 2358, 2413]
[2302, 2357, 2359, 2414]
[2303, 2358, 2360, 2415]
[2304, 2359, 2361, 2416]
[2305, 2360, 2362, 2417]
[2306, 2361, 2363, 2418]
[2307, 2362, 2364, 2419]
[2308, 2363, 2365, 2420]
[2309, 2364, 2366, 2421]
[2310, 2365, 2367, 2422]
[2311, 2366, 2368, 2423]
[2312, 2367, 2369, 2424]
[2313, 2368, 2370, 2425]
[2314, 2369, 2371, 2426]
[2315, 2370, 2372, 2427]
[2316, 2371, 2373, 2428]
[2317, 2372, 2374, 2429]
[2318, 2373, 2375, 2430]
[2319, 2374, 2376, 2431]
[2320, 2375, 2377, 2432]
[2321, 2376, 2378, 2433]
[2322, 2377, 2379, 2434]
[2323, 2378, 2380, 2435]
[2324, 2379, 2381, 2436]
[2325, 2380, 2382, 2437]
[2326, 2381, 2383, 2438]
[2327, 2382, 2384, 2439]
[2328, 2383, 2385, 2440]
[2329, 2384, 2386, 2441]
[2330, 2385, 2387, 2442]
[2331, 2386, 2388, 2443]
[2332, 2387, 2389, 2444]
[2333, 2388, 2390, 2445]
[2334, 2389, 2391, 2446]
[2335, 2390, 2392, 2447]
[2336, 2391, 2393, 2448]
[2337, 2392, 2394, 2449]
[2338, 2393, 2395, 2450]
[2339, 2394, 2396, 2451]
[2340, 2395, 2397, 2452]
[2341, 2396, 2398, 2453]
[2342, 2397, 2399, 2454]
[2343, 2398, 2400, 2455]
[2344, 2399, 2401, 2456]
[2345, 2400, 2402, 2457]
[2346, 2401, 2403, 2458]
[2347, 2402, 2404, 2459]
[2348, 2403, 2405, 2460]
[2349, 2404, 2406, 2461]
[2350, 2405, 2407, 2462]
[2351, 2352, 2406, 2463]
[2352, 2409, 2463, 2464]
[2353, 2408, 2410, 2465]
[2354, 2409, 2411, 2466]
[2355, 2410, 2412, 2467]
[2356, 2411, 2413, 2468]
[2357, 2412, 2414, 2469]
[2358, 2413, 2415, 2470]
[2359, 2414, 2416, 2471]
[2360, 2415, 2417, 2472]
[2361, 2416, 2418, 2473]
[2362, 2417, 2419, 2474]
[2363, 2418, 2420, 2475]
[2364, 2419, 2421, 2476]
[2365, 2420, 2422, 2477]
[2366, 2421, 2423, 2478]
[2367, 2422, 2424, 2479]
[2368, 2423, 2425, 2480]
[2369, 2424, 2426, 2481]
[2370, 2425, 2427, 2482]
[2371, 2426, 2428, 2483]
[2372, 2427, 2429, 2484]
[2373, 2428, 2430, 2485]
[2374, 2429, 2431, 2486]
[2375, 2430, 2432, 2487]
[2376, 2431, 2433, 2488]
[2377, 2432, 2434, 2489]
[2378, 2433, 2435, 2490]
[2379, 2434, 2436, 2491]
[2380, 2435, 2437, 2492]
[2381, 2436, 2438, 2493]
[2382, 2437, 2439, 2494]
[2383, 2438, 2440, 2495]
[2384, 2439, 2441, 2496]
[2385, 2440, 2442, 2497]
[2386, 2441, 2443, 2498]
[2387, 2442, 2444, 2499]
[2388, 2443, 2445, 2500]
[2389, 2444, 2446, 2501]
[2390, 2445, 2447, 2502]
[2391, 2446, 2448, 2503]
[2392, 2447, 2449, 2504]
[2393, 2448, 2450, 2505]
[2394, 2449, 2451, 2506]
[2395, 2450, 2452, 2507]
[2396, 2451, 2453, 2508]
[2397, 2452, 2454, 2509]
[2398, 2453, 2455, 2510]
[2399, 2454, 2456, 2511]
[2400, 2455, 2457, 2512]
[2401, 2456, 2458, 2513]
[2402, 2457, 2459, 2514]
[2403, 2458, 2460, 2515]
[2404, 2459, 2461, 2516]
[2405, 2460, 2462, 2517]
[2406, 2461, 2463, 2518]
[2407, 2408, 2462, 2519]
[2408, 2465, 2519, 2520]
[2409, 2464, 2466, 2521]
[2410, 2465, 2467, 2522]
[2411, 2466, 2468, 2523]
[2412, 2467, 2469, 2524]
[2413, 2468, 2470, 2525]
[2414, 2469, 2471, 2526]
[2415, 2470, 2472, 2527]
[2416, 2471, 2473, 2528]
[2417, 2472, 2474, 2529]
[2418, 2473, 2475, 2530]
[2419, 2474, 2476, 2531]
[2420, 2475, 2477, 2532]
[2421, 2476, 2478, 2533]
[2422, 2477, 2479, 2534]
[2423, 2478, 2480, 2535]
[2424, 2479, 2481, 2536]
[2425, 2480, 2482, 2537]
[2426, 2481, 2483, 2538]
[2427, 2482, 2484, 2539]
[2428, 2483, 2485, 2540]
[2429, 2484, 2486, 2541]
[2430, 2485, 2487, 2542]
[2431, 2486, 2488, 2543]
[2432, 2487, 2489, 2544]
[2433, 2488, 2490, 2545]
[2434, 2489, 2491, 2546]
[2435, 2490, 2492, 2547]
[2436, 2491, 2493, 2548]
[2437, 2492, 2494, 2549]
[2438, 2493, 2495, 2550]
[2439, 2494, 2496, 2551]
[2440, 2495, 2497, 2552]
[2441, 2496, 2498, 2553]
[2442, 2497, 2499, 2554]
[2443, 2498, 2500, 2555]
[2444, 2499, 2501, 2556]
[2445, 2500, 2502, 2557]
[2446, 2501, 2503, 2558]
[2447, 2502, 2504, 2559]
[2448, 2503, 2505, 2560]
[2449, 2504, 2506, 2561]
[2450, 2505, 2507, 2562]
[2451, 2506, 2508, 2563]
[2452, 2507, 2509, 2564]
[2453, 2508, 2510, 2565]
[2454, 2509, 2511, 2566]
[2455, 2510, 2512, 2567]
[2456, 2511, 2513, 2568]
[2457, 2512, 2514, 2569]
[2458, 2513, 2515, 2570]
[2459, 2514, 2516, 2571]
[2460, 2515, 2517, 2572]
[2461, 2516, 2518, 2573]
[2462, 2517, 2519, 2574]
[2463, 2464, 2518, 2575]
[2464, 2521, 2575, 2576]
[2465, 2520, 2522, 2577]
[2466, 2521, 2523, 2578]
[2467, 2522, 2524, 2579]
[2468, 2523, 2525, 2580]
[2469, 2524, 2526, 2581]
[2470, 2525, 2527, 2582]
[2471, 2526, 2528, 2583]
[2472, 2527, 2529, 2584]
[2473, 2528, 2530, 2585]
[2474, 2529, 2531, 2586]
[2475, 2530, 2532, 2587]
[2476, 2531, 2533, 2588]
[2477, 2532, 2534, 2589]
[2478, 2533, 2535, 2590]
[2479, 2534, 2536, 2591]
[2480, 2535, 2537, 2592]
[2481, 2536, 2538, 2593]
[2482, 2537, 2539, 2594]
[2483, 2538, 2540, 2595]
[2484, 2539, 2541, 2596]
[2485, 2540, 2542, 2597]
[2486, 2541, 2543, 2598]
[2487, 2542, 2544, 2599]
[2488, 2543, 2545, 2600]
[2489, 2544, 2546, 2601]
[2490, 2545, 2547, 2602]
[2491, 2546, 2548, 2603]
[2492, 2547, 2549, 2604]
[2493, 2548, 2550, 2605]
[2494, 2549, 2551, 2606]
[2495, 2550, 2552, 2607]
[2496, 2551, 2553, 2608]
[2497, 2552, 2554, 2609]
[2498, 2553, 2555, 2610]
[2499, 2554, 2556, 2611]
[2500, 2555, 2557, 2612]
[2501, 2556, 2558, 2613]
[2502, 2557, 2559, 2614]
[2503, 2558, 2560, 2615]
[2504, 2559, 2561, 2616]
[2505, 2560, 2562, 2617]
[2506, 2561, 2563, 2618]
[2507, 2562, 2564, 2619]
[2508, 2563, 2565, 2620]
[2509, 2564, 2566, 2621]
[2510, 2565, 2567, 2622]
[2511, 2566, 2568, 2623]
[2512, 2567, 2569, 2624]
[2513, 2568, 2570, 2625]
[2514, 2569, 2571, 2626]
[2515, 2570, 2572, 2627]
[2516, 2571, 2573, 2628]
[2517, 2572, 2574, 2629]
[2518, 2573, 2575, 2630]
[2519, 2520, 2574, 2631]
[2520, 2577, 2631, 2632]
[2521, 2576, 2578, 2633]
[2522, 2577, 2579, 2634]
[2523, 2578, 2580, 2635]
[2524, 2579, 2581, 2636]
[2525, 2580, 2582, 2637]
[2526, 2581, 2583, 2638]
[2527, 2582, 2584, 2639]
[2528, 2583, 2585, 2640]
[2529, 2584, 2586, 2641]
[2530, 2585, 2587, 2642]
[2531, 2586, 2588, 2643]
[2532, 2587, 2589, 2644]
[2533, 2588, 2590, 2645]
[2534, 2589, 2591, 2646]
[2535, 2590, 2592, 2647]
[2536, 2591, 2593, 2648]
[2537, 2592, 2594, 2649]
[2538, 2593, 2595, 2650]
[2539, 2594, 2596, 2651]
[2540, 2595, 2597, 2652]
[2541, 2596, 2598, 2653]
[2542, 2597, 2599, 2654]
[2543, 2598, 2600, 2655]
[2544, 2599, 2601, 2656]
[2545, 2600, 2602, 2657]
[2546, 2601, 2603, 2658]
[2547, 2602, 2604, 2659]
[2548, 2603, 2605, 2660]
[2549, 2604, 2606, 2661]
[2550, 2605, 2607, 2662]
[2551, 2606, 2608, 2663]
[2552, 2607, 2609, 2664]
[2553, 2608, 2610, 2665]
[2554, 2609, 2611, 2666]
[2555, 2610, 2612, 2667]
[2556, 2611, 2613, 2668]
[2557, 2612, 2614, 2669]
[2558, 2613, 2615, 2670]
[2559, 2614, 2616, 2671]
[2560, 2615, 2617, 2672]
[2561, 2616, 2618, 2673]
[2562, 2617, 2619, 2674]
[2563, 2618, 2620, 2675]
[2564, 2619, 2621, 2676]
[2565, 2620, 2622, 2677]
[2566, 2621, 2623, 2678]
[2567, 2622, 2624, 2679]
[2568, 2623, 2625, 2680]
[2569, 2624, 2626, 2681]
[2570, 2625, 2627, 2682]
[2571, 2626, 2628, 2683]
[2572, 2627, 2629, 2684]
[2573, 2628, 2630, 2685]
[2574, 2629, 2631, 2686]
[2575, 2576, 2630, 2687]
[2576, 2633, 2687, 2688]
[2577, 2632, 2634, 2689]
[2578, 2633, 2635, 2690]
[2579, 2634, 2636, 2691]
[2580, 2635, 2637, 2692]
[2581, 2636, 2638, 2693]
[2582, 2637, 2639, 2694]
[2583, 2638, 2640, 2695]
[2584, 2639, 2641, 2696]
[2585, 2640, 2642, 2697]
[2586, 2641, 2643, 2698]
[2587, 2642, 2644, 2699]
[2588, 2643, 2645, 2700]
[2589, 2644, 2646, 2701]
[2590, 2645, 2647, 2702]
[2591, 2646, 2648, 2703]
[2592, 2647, 2649, 2704]
[2593, 2648, 2650, 2705]
[2594, 2649, 2651, 2706]
[2595, 2650, 2652, 2707]
[2596, 2651, 2653, 2708]
[2597, 2652, 2654, 2709]
[2598, 2653, 2655, 2710]
[2599, 2654, 2656, 2711]
[2600, 2655, 2657, 2712]
[2601, 2656, 2658, 2713]
[2602, 2657, 2659, 2714]
[2603, 2658, 2660, 2715]
[2604, 2659, 2661, 2716]
[2605, 2660, 2662, 2717]
[2606, 2661, 2663, 2718]
[2607, 2662, 2664, 2719]
[2608, 2663, 2665, 2720]
[2609, 2664, 2666, 2721]
[2610, 2665, 2667, 2722]
[2611, 2666, 2668, 2723]
[2612, 2667, 2669, 2724]
[2613, 2668, 2670, 2725]
[2614, 2669, 2671, 2726]
[2615, 2670, 2672, 2727]
[2616, 2671, 2673, 2728]
[2617, 2672, 2674, 2729]
[2618, 2673, 2675, 2730]
[2619, 2674, 2676, 2731]
[2620, 2675, 2677, 2732]
[2621, 2676, 2678, 2733]
[2622, 2677, 2679, 2734]
[2623, 2678, 2680, 2735]
[2624, 2679, 2681, 2736]
[2625, 2680, 2682, 2737]
[2626, 2681, 2683, 2738]
[2627, 2682, 2684, 2739]
[2628, 2683, 2685, 2740]
[2629, 2684, 2686, 2741]
[2630, 2685, 2687, 2742]
[2631, 2632, 2686, 2743]
[2632, 2689, 2743, 2744]
[2633, 2688, 2690, 2745]
[2634, 2689, 2691, 2746]
[2635, 2690, 2692, 2747]
[2636, 2691, 2693, 2748]
[2637, 2692, 2694, 2749]
[2638, 2693, 2695, 2750]
[2639, 2694, 2696, 2751]
[2640, 2695, 2697, 2752]
[2641, 2696, 2698, 2753]
[2642, 2697, 2699, 2754]
[2643, 2698, 2700, 2755]
[2644, 2699, 2701, 2756]
[2645, 2700, 2702, 2757]
[2646, 2701, 2703, 2758]
[2647, 2702, 2704, 2759]
[2648, 2703, 2705, 2760]
[2649, 2704, 2706, 2761]
[2650, 2705, 2707, 2762]
[2651, 2706, 2708, 2763]
[2652, 2707, 2709, 2764]
[2653, 2708, 2710, 2765]
[2654, 2709, 2711, 2766]
[2655, 2710, 2712, 2767]
[2656, 2711, 2713, 2768]
[2657, 2712, 2714, 2769]
[2658, 2713, 2715, 2770]
[2659, 2714, 2716, 2771]
[2660, 2715, 2717, 2772]
[2661, 2716, 2718, 2773]
[2662, 2717, 2719, 2774]
[2663, 2718, 2720, 2775]
[2664, 2719, 2721, 2776]
[2665, 2720, 2722, 2777]
[2666, 2721, 2723, 2778]
[2667, 2722, 2724, 2779]
[2668, 2723, 2725, 2780]
[2669, 2724, 2726, 2781]
[2670, 2725, 2727, 2782]
[2671, 2726, 2728, 2783]
[2672, 2727, 2729, 2784]
[2673, 2728, 2730, 2785]
[2674, 2729, 2731, 2786]
[2675, 2730, 2732, 2787]
[2676, 2731, 2733, 2788]
[2677, 2732, 2734, 2789]
[2678, 2733, 2735, 2790]
[2679, 2734, 2736, 2791]
[2680, 2735, 2737, 2792]
[2681, 2736, 2738, 2793]
[2682, 2737, 2739, 2794]
[2683, 2738, 2740, 2795]
[2684, 2739, 2741, 2796]
[2685, 2740, 2742, 2797]
[2686, 2741, 2743, 2798]
[2687, 2688, 2742, 2799]
[2688, 2745, 2799, 2800]
[2689, 2744, 2746, 2801]
[2690, 2745, 2747, 2802]
[2691, 2746, 2748, 2803]
[2692, 2747, 2749, 2804]
[2693, 2748, 2750, 2805]
[2694, 2749, 2751, 2806]
[2695, 2750, 2752, 2807]
[2696, 2751, 2753, 2808]
[2697, 2752, 2754, 2809]
[2698, 2753, 2755, 2810]
[2699, 2754, 2756, 2811]
[2700, 2755, 2757, 2812]
[2701, 2756, 2758, 2813]
[2702, 2757, 2759, 2814]
[2703, 2758, 2760, 2815]
[2704, 2759, 2761, 2816]
[2705, 2760, 2762, 2817]
[2706, 2761, 2763, 2818]
[2707, 2762, 2764, 2819]
[2708, 2763, 2765, 2820]
[2709, 2764, 2766, 2821]
[2710, 2765, 2767, 2822]
[2711, 2766, 2768, 2823]
[2712, 2767, 2769, 2824]
[2713, 2768, 2770, 2825]
[2714, 2769, 2771, 2826]
[2715, 2770, 2772, 2827]
[2716, 2771, 2773, 2828]
[2717, 2772, 2774, 2829]
[2718, 2773, 2775, 2830]
[2719, 2774, 2776, 2831]
[2720, 2775, 2777, 2832]
[2721, 2776, 2778, 2833]
[2722, 2777, 2779, 2834]
[2723, 2778, 2780, 2835]
[2724, 2779, 2781, 2836]
[2725, 2780, 2782, 2837]
[2726, 2781, 2783, 2838]
[2727, 2782, 2784, 2839]
[2728, 2783, 2785, 2840]
[2729, 2784, 2786, 2841]
[2730, 2785, 2787, 2842]
[2731, 2786, 2788, 2843]
[2732, 2787, 2789, 2844]
[2733, 2788, 2790, 2845]
[2734, 2789, 2791, 2846]
[2735, 2790, 2792, 2847]
[2736, 2791, 2793, 2848]
[2737, 2792, 2794, 2849]
[2738, 2793, 2795, 2850]
[2739, 2794, 2796, 2851]
[2740, 2795, 2797, 2852]
[2741, 2796, 2798, 2853]
[2742, 2797, 2799, 2854]
[2743, 2744, 2798, 2855]
[2744, 2801, 2855, 2856]
[2745, 2800, 2802, 2857]
[2746, 2801, 2803, 2858]
[2747, 2802, 2804, 2859]
[2748, 2803, 2805, 2860]
[2749, 2804, 2806, 2861]
[2750, 2805, 2807, 2862]
[2751, 2806, 2808, 2863]
[2752, 2807, 2809, 2864]
[2753, 2808, 2810, 2865]
[2754, 2809, 2811, 2866]
[2755, 2810, 2812, 2867]
[2756, 2811, 2813, 2868]
[2757, 2812, 2814, 2869]
[2758, 2813, 2815, 2870]
[2759, 2814, 2816, 2871]
[2760, 2815, 2817, 2872]
[2761, 2816, 2818, 2873]
[2762, 2817, 2819, 2874]
[2763, 2818, 2820, 2875]
[2764, 2819, 2821, 2876]
[2765, 2820, 2822, 2877]
[2766, 2821, 2823, 2878]
[2767, 2822, 2824, 2879]
[2768, 2823, 2825, 2880]
[2769, 2824, 2826, 2881]
[2770, 2825, 2827, 2882]
[2771, 2826, 2828, 2883]
[2772, 2827, 2829, 2884]
[2773, 2828, 2830, 2885]
[2774, 2829, 2831, 2886]
[2775, 2830, 2832, 2887]
[2776, 2831, 2833, 2888]
[2777, 2832, 2834, 2889]
[2778, 2833, 2835, 2890]
[2779, 2834, 2836, 2891]
[2780, 2835, 2837, 2892]
[2781, 2836, 2838, 2893]
[2782, 2837, 2839, 2894]
[2783, 2838, 2840, 2895]
[2784, 2839, 2841, 2896]
[2785, 2840, 2842, 2897]
[2786, 2841, 2843, 2898]
[2787, 2842, 2844, 2899]
[2788, 2843, 2845, 2900]
[2789, 2844, 2846, 2901]
[2790, 2845, 2847, 2902]
[2791, 2846, 2848, 2903]
[2792, 2847, 2849, 2904]
[2793, 2848, 2850, 2905]
[2794, 2849, 2851, 2906]
[2795, 2850, 2852, 2907]
[2796, 2851, 2853, 2908]
[2797, 2852, 2854, 2909]
[2798, 2853, 2855, 2910]
[2799, 2800, 2854, 2911]
[2800, 2857, 2911, 2912]
[2801, 2856, 2858, 2913]
[2802, 2857, 2859, 2914]
[2803, 2858, 2860, 2915]
[2804, 2859, 2861, 2916]
[2805, 2860, 2862, 2917]
[2806, 2861, 2863, 2918]
[2807, 2862, 2864, 2919]
[2808, 2863, 2865, 2920]
[2809, 2864, 2866, 2921]
[2810, 2865, 2867, 2922]
[2811, 2866, 2868, 2923]
[2812, 2867, 2869, 2924]
[2813, 2868, 2870, 2925]
[2814, 2869, 2871, 2926]
[2815, 2870, 2872, 2927]
[2816, 2871, 2873, 2928]
[2817, 2872, 2874, 2929]
[2818, 2873, 2875, 2930]
[2819, 2874, 2876, 2931]
[2820, 2875, 2877, 2932]
[2821, 2876, 2878, 2933]
[2822, 2877, 2879, 2934]
[2823, 2878, 2880, 2935]
[2824, 2879, 2881, 2936]
[2825, 2880, 2882, 2937]
[2826, 2881, 2883, 2938]
[2827, 2882, 2884, 2939]
[2828, 2883, 2885, 2940]
[2829, 2884, 2886, 2941]
[2830, 2885, 2887, 2942]
[2831, 2886, 2888, 2943]
[2832, 2887, 2889, 2944]
[2833, 2888, 2890, 2945]
[2834, 2889, 2891, 2946]
[2835, 2890, 2892, 2947]
[2836, 2891, 2893, 2948]
[2837, 2892, 2894, 2949]
[2838, 2893, 2895, 2950]
[2839, 2894, 2896, 2951]
[2840, 2895, 2897, 2952]
[2841, 2896, 2898, 2953]
[2842, 2897, 2899, 2954]
[2843, 2898, 2900, 2955]
[2844, 2899, 2901, 2956]
[2845, 2900, 2902, 2957]
[2846, 2901, 2903, 2958]
[2847, 2902, 2904, 2959]
[2848, 2903, 2905, 2960]
[2849, 2904, 2906, 2961]
[2850, 2905, 2907, 2962]
[2851, 2906, 2908, 2963]
[2852, 2907, 2909, 2964]
[2853, 2908, 2910, 2965]
[2854, 2909, 2911, 2966]
[2855, 2856, 2910, 2967]
[2856, 2913, 2967, 2968]
[2857, 2912, 2914, 2969]
[2858, 2913, 2915, 2970]
[2859, 2914, 2916, 2971]
[2860, 2915, 2917, 2972]
[2861, 2916, 2918, 2973]
[2862, 2917, 2919, 2974]
[2863, 2918, 2920, 2975]
[2864, 2919, 2921, 2976]
[2865, 2920, 2922, 2977]
[2866, 2921, 2923, 2978]
[2867, 2922, 2924, 2979]
[2868, 2923, 2925, 2980]
[2869, 2924, 2926, 2981]
[2870, 2925, 2927, 2982]
[2871, 2926, 2928, 2983]
[2872, 2927, 2929, 2984]
[2873, 2928, 2930, 2985]
[2874, 2929, 2931, 2986]
[2875, 2930, 2932, 2987]
[2876, 2931, 2933, 2988]
[2877, 2932, 2934, 2989]
[2878, 2933, 2935, 2990]
[2879, 2934, 2936, 2991]
[2880, 2935, 2937, 2992]
[2881, 2936, 2938, 2993]
[2882, 2937, 2939, 2994]
[2883, 2938, 2940, 2995]
[2884, 2939, 2941, 2996]
[2885, 2940, 2942, 2997]
[2886, 2941, 2943, 2998]
[2887, 2942, 2944, 2999]
[2888, 2943, 2945, 3000]
[2889, 2944, 2946, 3001]
[2890, 2945, 2947, 3002]
[2891, 2946, 2948, 3003]
[2892, 2947, 2949, 3004]
[2893, 2948, 2950, 3005]
[2894, 2949, 2951, 3006]
[2895, 2950, 2952, 3007]
[2896, 2951, 2953, 3008]
[2897, 2952, 2954, 3009]
[2898, 2953, 2955, 3010]
[2899, 2954, 2956, 3011]
[2900, 2955, 2957, 3012]
[2901, 2956, 2958, 3013]
[2902, 2957, 2959, 3014]
[2903, 2958, 2960, 3015]
[2904, 2959, 2961, 3016]
[2905, 2960, 2962, 3017]
[2906, 2961, 2963, 3018]
[2907, 2962, 2964, 3019]
[2908, 2963, 2965, 3020]
[2909, 2964, 2966, 3021]
[2910, 2965, 2967, 3022]
[2911, 2912, 2966, 3023]
[2912, 2969, 3023, 3024]
[2913, 2968, 2970, 3025]
[2914, 2969, 2971, 3026]
[2915, 2970, 2972, 3027]
[2916, 2971, 2973, 3028]
[2917, 2972, 2974, 3029]
[2918, 2973, 2975, 3030]
[2919, 2974, 2976, 3031]
[2920, 2975, 2977, 3032]
[2921, 2976, 2978, 3033]
[2922, 2977, 2979, 3034]
[2923, 2978, 2980, 3035]
[2924, 2979, 2981, 3036]
[2925, 2980, 2982, 3037]
[2926, 2981, 2983, 3038]
[2927, 2982, 2984, 3039]
[2928, 2983, 2985, 3040]
[2929, 2984, 2986, 3041]
[2930, 2985, 2987, 3042]
[2931, 2986, 2988, 3043]
[2932, 2987, 2989, 3044]
[2933, 2988, 2990, 3045]
[2934, 2989, 2991, 3046]
[2935, 2990, 2992, 3047]
[2936, 2991, 2993, 3048]
[2937, 2992, 2994, 3049]
[2938, 2993, 2995, 3050]
[2939, 2994, 2996, 3051]
[2940, 2995, 2997, 3052]
[2941, 2996, 2998, 3053]
[2942, 2997, 2999, 3054]
[2943, 2998, 3000, 3055]
[2944, 2999, 3001, 3056]
[2945, 3000, 3002, 3057]
[2946, 3001, 3003, 3058]
[2947, 3002, 3004, 3059]
[2948, 3003, 3005, 3060]
[2949, 3004, 3006, 3061]
[2950, 3005, 3007, 3062]
[2951, 3006, 3008, 3063]
[2952, 3007, 3009, 3064]
[2953, 3008, 3010, 3065]
[2954, 3009, 3011, 3066]
[2955, 3010, 3012, 3067]
[2956, 3011, 3013, 3068]
[2957, 3012, 3014, 3069]
[2958, 3013, 3015, 3070]
[2959, 3014, 3016, 3071]
[2960, 3015, 3017, 3072]
[2961, 3016, 3018, 3073]
[2962, 3017, 3019, 3074]
[2963, 3018, 3020, 3075]
[2964, 3019, 3021, 3076]
[2965, 3020, 3022, 3077]
[2966, 3021, 3023, 3078]
[2967, 2968, 3022, 3079]
[2968, 3025, 3079, 3080]
[2969, 3024, 3026, 3081]
[2970, 3025, 3027, 3082]
[2971, 3026, 3028, 3083]
[2972, 3027, 3029, 3084]
[2973, 3028, 3030, 3085]
[2974, 3029, 3031, 3086]
[2975, 3030, 3032, 3087]
[2976, 3031, 3033, 3088]
[2977, 3032, 3034, 3089]
[2978, 3033, 3035, 3090]
[2979, 3034, 3036, 3091]
[2980, 3035, 3037, 3092]
[2981, 3036, 3038, 3093]
[2982, 3037, 3039, 3094]
[2983, 3038, 3040, 3095]
[2984, 3039, 3041, 3096]
[2985, 3040, 3042, 3097]
[2986, 3041, 3043, 3098]
[2987, 3042, 3044, 3099]
[2988, 3043, 3045, 3100]
[2989, 3044, 3046, 3101]
[2990, 3045, 3047, 3102]
[2991, 3046, 3048, 3103]
[2992, 3047, 3049, 3104]
[2993, 3048, 3050, 3105]
[2994, 3049, 3051, 3106]
[2995, 3050, 3052, 3107]
[2996, 3051, 3053, 3108]
[2997, 3052, 3054, 3109]
[2998, 3053, 3055, 3110]
[2999, 3054, 3056, 3111]
[3000, 3055, 3057, 3112]
[3001, 3056, 3058, 3113]
[3002, 3057, 3059, 3114]
[3003, 3058, 3060, 3115]
[3004, 3059, 3061, 3116]
[3005, 3060, 3062, 3117]
[3006, 3061, 3063, 3118]
[3007, 3062, 3064, 3119]
[3008, 3063, 3065, 3120]
[3009, 3064, 3066, 3121]
[3010, 3065, 3067, 3122]
[3011, 3066, 3068, 3123]
[3012, 3067, 3069, 3124]
[3013, 3068, 3070, 3125]
[3014, 3069, 3071, 3126]
[3015, 3070, 3072, 3127]
[3016, 3071, 3073, 3128]
[3017, 3072, 3074, 3129]
[3018, 3073, 3075, 3130]
[3019, 3074, 3076, 3131]
[3020, 3075, 3077, 3132]
[3021, 3076, 3078, 3133]
[3022, 3077, 3079, 3134]
[3023, 3024, 3078, 3135]
[0, 3024, 3081, 3135]
[1, 3025, 3080, 3082]
[2, 3026, 3081, 3083]
[3, 3027, 3082, 3084]
[4, 3028, 3083, 3085]
[5, 3029, 3084, 3086]
[6, 3030, 3085, 3087]
[7, 3031, 3086, 3088]
[8, 3032, 3087, 3089]
[9, 3033, 3088, 3090]
[10, 3034, 3089, 3091]
[11, 3035, 3090, 3092]
[12, 3036, 3091, 3093]
[13, 3037, 3092, 3094]
[14, 3038, 3093, 3095]
[15, 3039, 3094, 3096]
[16, 3040, 3095, 3097]
[17, 3041, 3096, 3098]
[18, 3042, 3097, 3099]
[19, 3043, 3098, 3100]
[20, 3044, 3099, 3101]
[21, 3045, 3100, 3102]
[22, 3046, 3101, 3103]
[23, 3047, 3102, 3104]
[24, 3048, 3103, 3105]
[25, 3049, 3104, 3106]
[26, 3050, 3105, 3107]
[27, 3051, 3106, 3108]
[28, 3052, 3107, 3109]
[29, 3053, 3108, 3110]
[30, 3054, 3109, 3111]
[31, 3055, 3110, 3112]
[32, 3056, 3111, 3113]
[33, 3057, 3112, 3114]
[34, 3058, 3113, 3115]
[35, 3059, 3114, 3116]
[36, 3060, 3115, 3117]
[37, 3061, 3116, 3118]
[38, 3062, 3117, 3119]
[39, 3063, 3118, 3120]
[40, 3064, 3119, 3121]
[41, 3065, 3120, 3122]
[42, 3066, 3121, 3123]
[43, 3067, 3122, 3124]
[44, 3068, 3123, 3125]
[45, 3069, 3124, 3126]
[46, 3070, 3125, 3127]
[47, 3071, 3126, 3128]
[48, 3072, 3127, 3129]
[49, 3073, 3128, 3130]
[50, 3074, 3129, 3131]
[51, 3075, 3130, 3132]
[52, 3076, 3131, 3133]
[53, 3077, 3132, 3134]
[54, 3078, 3133, 3135]
[55, 3079, 3080, 3134]
