[1, 23, 265]
[0, 2, 24]
[1, 3, 267]
[2, 4, 26]
[3, 5, 269]
[4, 6, 28]
[5, 7, 271]
[6, 8, 30]
[7, 9, 273]
[8, 10, 32]
[9, 11, 275]
[10, 12, 34]
[11, 13, 277]
[12, 14, 36]
[13, 15, 279]
[14, 16, 38]
[15, 17, 281]
[16, 18, 40]
[17, 19, 283]
[18, 20, 42]
[19, 21, 285]
[20, 22, 44]
[21, 23, 287]
[0, 22, 46]
[1, 25, 47]
[24, 26, 48]
[3, 25, 27]
[26, 28, 50]
[5, 27, 29]
[28, 30, 52]
[7, 29, 31]
[30, 32, 54]
[9, 31, 33]
[32, 34, 56]
[11, 33, 35]
[34, 36, 58]
[13, 35, 37]
[36, 38, 60]
[15, 37, 39]
[38, 40, 62]
[17, 39, 41]
[40, 42, 64]
[19, 41, 43]
[42, 44, 66]
[21, 43, 45]
[44, 46, 68]
[23, 45, 47]
[24, 46, 70]
[25, 49, 71]
[48, 50, 72]
[27, 49, 51]
[50, 52, 74]
[29, 51, 53]
[52, 54, 76]
[31, 53, 55]
[54, 56, 78]
[33, 55, 57]
[56, 58, 80]
[35, 57, 59]
[58, 60, 82]
[37, 59, 61]
[60, 62, 84]
[39, 61, 63]
[62, 64, 86]
[41, 63, 65]
[64, 66, 88]
[43, 65, 67]
[66, 68, 90]
[45, 67, 69]
[68, 70, 92]
[47, 69, 71]
[48, 70, 94]
[49, 73, 95]
[72, 74, 96]
[51, 73, 75]
[74, 76, 98]
[53, 75, 77]
[76, 78, 100]
[55, 77, 79]
[78, 80, 102]
[57, 79, 81]
[80, 82, 104]
[59, 81, 83]
[82, 84, 106]
[61, 83, 85]
[84, 86, 108]
[63, 85, 87]
[86, 88, 110]
[65, 87, 89]
[88, 90, 112]
[67, 89, 91]
[90, 92, 114]
[69, 91, 93]
[92, 94, 116]
[71, 93, 95]
[72, 94, 118]
[73, 97, 119]
[96, 98, 120]
[75, 97, 99]
[98, 100, 122]
[77, 99, 101]
[100, 102, 124]
[79, 101, 103]
[102, 104, 126]
[81, 103, 105]
[104, 106, 128]
[83, 105, 107]
[106, 108, 130]
[85, 107, 109]
[108, 110, 132]
[87, 109, 111]
[110, 112, 134]
[89, 111, 113]
[112, 114, 136]
[91, 113, 115]
[114, 116, 138]
[93, 115, 117]
[116, 118, 140]
[95, 117, 119]
[96, 118, 142]
[97, 121, 143]
[120, 122, 144]
[99, 121, 123]
[122, 124, 146]
[101, 123, 125]
[124, 126, 148]
[103, 125, 127]
[126, 128, 150]
[105, 127, 129]
[128, 130, 152]
[107, 129, 131]
[130, 132, 154]
[109, 131, 133]
[132, 134, 156]
[111, 133, 135]
[134, 136, 158]
[113, 135, 137]
[136, 138, 160]
[115, 137, 139]
[138, 140, 162]
[117, 139, 141]
[140, 142, 164]
[119, 141, 143]
[120, 142, 166]
[121, 145, 167]
[144, 146, 168]
[123, 145, 147]
[146, 148, 170]
[125, 147, 149]
[148, 150, 172]
[127, 149, 151]
[150, 152, 174]
[129, 151, 153]
[152, 154, 176]
[131, 153, 155]
[154, 156, 178]
[133, 155, 157]
[156, 158, 180]
[135, 157, 159]
[158, 160, 182]
[137, 159, 161]
[160, 162, 184]
[139, 161, 163]
[162, 164, 186]
[141, 163, 165]
[164, 166, 188]
[143, 165, 167]
[144, 166, 190]
[145, 169, 191]
[168, 170, 192]
[147, 169, 171]
[170, 172, 194]
[149, 171, 173]
[172, 174, 196]
[151, 173, 175]
[174, 176, 198]
[153, 175, 177]
[176, 178, 200]
[155, 177, 179]
[178, 180, 202]
[157, 179, 181]
[180, 182, 204]
[159, 181, 183]
[182, 184, 206]
[161, 183, 185]
[184, 186, 208]
[163, 185, 187]
[186, 188, 210]
[165, 187, 189]
[188, 190, 212]
[167, 189, 191]
[168, 190, 214]
[169, 193, 215]
[192, 194, 216]
[171, 193, 195]
[194, 196, 218]
[173, 195, 197]
[196, 198, 220]
[175, 197, 199]
[198, 200, 222]
[177, 199, 201]
[200, 202, 224]
[179, 201, 203]
[202, 204, 226]
[181, 203, 205]
[204, 206, 228]
[183, 205, 207]
[206, 208, 230]
[185, 207, 209]
[208, 210, 232]
[187, 209, 211]
[210, 212, 234]
[189, 211, 213]
[212, 214, 236]
[191, 213, 215]
[192, 214, 238]
[193, 217, 239]
[216, 218, 240]
[195, 217, 219]
[218, 220, 242]
[197, 219, 221]
[220, 222, 244]
[199, 221, 223]
[222, 224, 246]
[201, 223, 225]
[224, 226, 248]
[203, 225, 227]
[226, 228, 250]
[205, 227, 229]
[228, 230, 252]
[207, 229, 231]
[230, 232, 254]
[209, 231, 233]
[232, 234, 256]
[211, 233, 235]
[234, 236, 258]
[213, 235, 237]
[236, 238, 260]
[215, 237, 239]
[216, 238, 262]
[217, 241, 263]
[240, 242, 264]
[219, 241, 243]
[242, 244, 266]
[221, 243, 245]
[244, 246, 268]
[223, 245, 247]
[246, 248, 270]
[225, 247, 249]
[248, 250, 272]
[227, 249, 251]
[250, 252, 274]
[229, 251, 253]
[252, 254, 276]
[231, 253, 255]
[254, 256, 278]
[233, 255, 257]
[256, 258, 280]
[235, 257, 259]
[258, 260, 282]
[237, 259, 261]
[260, 262, 284]
[239, 261, 263]
[240, 262, 286]
[241, 265, 287]
[0, 264, 266]
[243, 265, 267]
[2, 266, 268]
[245, 267, 269]
[4, 268, 270]
[247, 269, 271]
[6, 270, 272]
[249, 271, 273]
[8, 272, 274]
[251, 273, 275]
[10, 274, 276]
[253, 275, 277]
[12, 276, 278]
[255, 277, 279]
[14, 278, 280]
[257, 279, 281]
[16, 280, 282]
[259, 281, 283]
[18, 282, 284]
[261, 283, 285]
[20, 284, 286]
[263, 285, 287]
[22, 264, 286]
