[1, 5, 51, 52, 434]
[0, 2, 4, 5, 51]
[1, 3, 4, 54, 59]
[2, 4, 6, 7, 59]
[1, 2, 3, 5, 6]
[0, 1, 4, 434, 435]
[3, 4, 7, 11, 440]
[3, 6, 8, 10, 11]
[7, 9, 10, 60, 65]
[8, 10, 12, 13, 65]
[7, 8, 9, 11, 12]
[6, 7, 10, 440, 441]
[9, 10, 13, 17, 446]
[9, 12, 14, 16, 17]
[13, 15, 16, 66, 71]
[14, 16, 18, 19, 71]
[13, 14, 15, 17, 18]
[12, 13, 16, 446, 447]
[15, 16, 19, 23, 452]
[15, 18, 20, 22, 23]
[19, 21, 22, 72, 77]
[20, 22, 24, 25, 77]
[19, 20, 21, 23, 24]
[18, 19, 22, 452, 453]
[21, 22, 25, 29, 458]
[21, 24, 26, 28, 29]
[25, 27, 28, 78, 83]
[26, 28, 30, 31, 83]
[25, 26, 27, 29, 30]
[24, 25, 28, 458, 459]
[27, 28, 31, 35, 464]
[27, 30, 32, 34, 35]
[31, 33, 34, 84, 89]
[32, 34, 36, 37, 89]
[31, 32, 33, 35, 36]
[30, 31, 34, 464, 465]
[33, 34, 37, 41, 470]
[33, 36, 38, 40, 41]
[37, 39, 40, 90, 95]
[38, 40, 42, 43, 95]
[37, 38, 39, 41, 42]
[36, 37, 40, 470, 471]
[39, 40, 43, 47, 476]
[39, 42, 44, 46, 47]
[43, 45, 46, 96, 101]
[44, 46, 48, 49, 101]
[43, 44, 45, 47, 48]
[42, 43, 46, 476, 477]
[45, 46, 49, 53, 482]
[45, 48, 50, 52, 53]
[49, 51, 52, 102, 107]
[0, 1, 50, 52, 107]
[0, 49, 50, 51, 53]
[48, 49, 52, 482, 483]
[2, 55, 59, 105, 106]
[54, 56, 58, 59, 105]
[55, 57, 58, 108, 113]
[56, 58, 60, 61, 113]
[55, 56, 57, 59, 60]
[2, 3, 54, 55, 58]
[8, 57, 58, 61, 65]
[57, 60, 62, 64, 65]
[61, 63, 64, 114, 119]
[62, 64, 66, 67, 119]
[61, 62, 63, 65, 66]
[8, 9, 60, 61, 64]
[14, 63, 64, 67, 71]
[63, 66, 68, 70, 71]
[67, 69, 70, 120, 125]
[68, 70, 72, 73, 125]
[67, 68, 69, 71, 72]
[14, 15, 66, 67, 70]
[20, 69, 70, 73, 77]
[69, 72, 74, 76, 77]
[73, 75, 76, 126, 131]
[74, 76, 78, 79, 131]
[73, 74, 75, 77, 78]
[20, 21, 72, 73, 76]
[26, 75, 76, 79, 83]
[75, 78, 80, 82, 83]
[79, 81, 82, 132, 137]
[80, 82, 84, 85, 137]
[79, 80, 81, 83, 84]
[26, 27, 78, 79, 82]
[32, 81, 82, 85, 89]
[81, 84, 86, 88, 89]
[85, 87, 88, 138, 143]
[86, 88, 90, 91, 143]
[85, 86, 87, 89, 90]
[32, 33, 84, 85, 88]
[38, 87, 88, 91, 95]
[87, 90, 92, 94, 95]
[91, 93, 94, 144, 149]
[92, 94, 96, 97, 149]
[91, 92, 93, 95, 96]
[38, 39, 90, 91, 94]
[44, 93, 94, 97, 101]
[93, 96, 98, 100, 101]
[97, 99, 100, 150, 155]
[98, 100, 102, 103, 155]
[97, 98, 99, 101, 102]
[44, 45, 96, 97, 100]
[50, 99, 100, 103, 107]
[99, 102, 104, 106, 107]
[103, 105, 106, 156, 161]
[54, 55, 104, 106, 161]
[54, 103, 104, 105, 107]
[50, 51, 102, 103, 106]
[56, 109, 113, 159, 160]
[108, 110, 112, 113, 159]
[109, 111, 112, 162, 167]
[110, 112, 114, 115, 167]
[109, 110, 111, 113, 114]
[56, 57, 108, 109, 112]
[62, 111, 112, 115, 119]
[111, 114, 116, 118, 119]
[115, 117, 118, 168, 173]
[116, 118, 120, 121, 173]
[115, 116, 117, 119, 120]
[62, 63, 114, 115, 118]
[68, 117, 118, 121, 125]
[117, 120, 122, 124, 125]
[121, 123, 124, 174, 179]
[122, 124, 126, 127, 179]
[121, 122, 123, 125, 126]
[68, 69, 120, 121, 124]
[74, 123, 124, 127, 131]
[123, 126, 128, 130, 131]
[127, 129, 130, 180, 185]
[128, 130, 132, 133, 185]
[127, 128, 129, 131, 132]
[74, 75, 126, 127, 130]
[80, 129, 130, 133, 137]
[129, 132, 134, 136, 137]
[133, 135, 136, 186, 191]
[134, 136, 138, 139, 191]
[133, 134, 135, 137, 138]
[80, 81, 132, 133, 136]
[86, 135, 136, 139, 143]
[135, 138, 140, 142, 143]
[139, 141, 142, 192, 197]
[140, 142, 144, 145, 197]
[139, 140, 141, 143, 144]
[86, 87, 138, 139, 142]
[92, 141, 142, 145, 149]
[141, 144, 146, 148, 149]
[145, 147, 148, 198, 203]
[146, 148, 150, 151, 203]
[145, 146, 147, 149, 150]
[92, 93, 144, 145, 148]
[98, 147, 148, 151, 155]
[147, 150, 152, 154, 155]
[151, 153, 154, 204, 209]
[152, 154, 156, 157, 209]
[151, 152, 153, 155, 156]
[98, 99, 150, 151, 154]
[104, 153, 154, 157, 161]
[153, 156, 158, 160, 161]
[157, 159, 160, 210, 215]
[108, 109, 158, 160, 215]
[108, 157, 158, 159, 161]
[104, 105, 156, 157, 160]
[110, 163, 167, 213, 214]
[162, 164, 166, 167, 213]
[163, 165, 166, 216, 221]
[164, 166, 168, 169, 221]
[163, 164, 165, 167, 168]
[110, 111, 162, 163, 166]
[116, 165, 166, 169, 173]
[165, 168, 170, 172, 173]
[169, 171, 172, 222, 227]
[170, 172, 174, 175, 227]
[169, 170, 171, 173, 174]
[116, 117, 168, 169, 172]
[122, 171, 172, 175, 179]
[171, 174, 176, 178, 179]
[175, 177, 178, 228, 233]
[176, 178, 180, 181, 233]
[175, 176, 177, 179, 180]
[122, 123, 174, 175, 178]
[128, 177, 178, 181, 185]
[177, 180, 182, 184, 185]
[181, 183, 184, 234, 239]
[182, 184, 186, 187, 239]
[181, 182, 183, 185, 186]
[128, 129, 180, 181, 184]
[134, 183, 184, 187, 191]
[183, 186, 188, 190, 191]
[187, 189, 190, 240, 245]
[188, 190, 192, 193, 245]
[187, 188, 189, 191, 192]
[134, 135, 186, 187, 190]
[140, 189, 190, 193, 197]
[189, 192, 194, 196, 197]
[193, 195, 196, 246, 251]
[194, 196, 198, 199, 251]
[193, 194, 195, 197, 198]
[140, 141, 192, 193, 196]
[146, 195, 196, 199, 203]
[195, 198, 200, 202, 203]
[199, 201, 202, 252, 257]
[200, 202, 204, 205, 257]
[199, 200, 201, 203, 204]
[146, 147, 198, 199, 202]
[152, 201, 202, 205, 209]
[201, 204, 206, 208, 209]
[205, 207, 208, 258, 263]
[206, 208, 210, 211, 263]
[205, 206, 207, 209, 210]
[152, 153, 204, 205, 208]
[158, 207, 208, 211, 215]
[207, 210, 212, 214, 215]
[211, 213, 214, 264, 269]
[162, 163, 212, 214, 269]
[162, 211, 212, 213, 215]
[158, 159, 210, 211, 214]
[164, 217, 221, 267, 268]
[216, 218, 220, 221, 267]
[217, 219, 220, 270, 275]
[218, 220, 222, 223, 275]
[217, 218, 219, 221, 222]
[164, 165, 216, 217, 220]
[170, 219, 220, 223, 227]
[219, 222, 224, 226, 227]
[223, 225, 226, 276, 281]
[224, 226, 228, 229, 281]
[223, 224, 225, 227, 228]
[170, 171, 222, 223, 226]
[176, 225, 226, 229, 233]
[225, 228, 230, 232, 233]
[229, 231, 232, 282, 287]
[230, 232, 234, 235, 287]
[229, 230, 231, 233, 234]
[176, 177, 228, 229, 232]
[182, 231, 232, 235, 239]
[231, 234, 236, 238, 239]
[235, 237, 238, 288, 293]
[236, 238, 240, 241, 293]
[235, 236, 237, 239, 240]
[182, 183, 234, 235, 238]
[188, 237, 238, 241, 245]
[237, 240, 242, 244, 245]
[241, 243, 244, 294, 299]
[242, 244, 246, 247, 299]
[241, 242, 243, 245, 246]
[188, 189, 240, 241, 244]
[194, 243, 244, 247, 251]
[243, 246, 248, 250, 251]
[247, 249, 250, 300, 305]
[248, 250, 252, 253, 305]
[247, 248, 249, 251, 252]
[194, 195, 246, 247, 250]
[200, 249, 250, 253, 257]
[249, 252, 254, 256, 257]
[253, 255, 256, 306, 311]
[254, 256, 258, 259, 311]
[253, 254, 255, 257, 258]
[200, 201, 252, 253, 256]
[206, 255, 256, 259, 263]
[255, 258, 260, 262, 263]
[259, 261, 262, 312, 317]
[260, 262, 264, 265, 317]
[259, 260, 261, 263, 264]
[206, 207, 258, 259, 262]
[212, 261, 262, 265, 269]
[261, 264, 266, 268, 269]
[265, 267, 268, 318, 323]
[216, 217, 266, 268, 323]
[216, 265, 266, 267, 269]
[212, 213, 264, 265, 268]
[218, 271, 275, 321, 322]
[270, 272, 274, 275, 321]
[271, 273, 274, 324, 329]
[272, 274, 276, 277, 329]
[271, 272, 273, 275, 276]
[218, 219, 270, 271, 274]
[224, 273, 274, 277, 281]
[273, 276, 278, 280, 281]
[277, 279, 280, 330, 335]
[278, 280, 282, 283, 335]
[277, 278, 279, 281, 282]
[224, 225, 276, 277, 280]
[230, 279, 280, 283, 287]
[279, 282, 284, 286, 287]
[283, 285, 286, 336, 341]
[284, 286, 288, 289, 341]
[283, 284, 285, 287, 288]
[230, 231, 282, 283, 286]
[236, 285, 286, 289, 293]
[285, 288, 290, 292, 293]
[289, 291, 292, 342, 347]
[290, 292, 294, 295, 347]
[289, 290, 291, 293, 294]
[236, 237, 288, 289, 292]
[242, 291, 292, 295, 299]
[291, 294, 296, 298, 299]
[295, 297, 298, 348, 353]
[296, 298, 300, 301, 353]
[295, 296, 297, 299, 300]
[242, 243, 294, 295, 298]
[248, 297, 298, 301, 305]
[297, 300, 302, 304, 305]
[301, 303, 304, 354, 359]
[302, 304, 306, 307, 359]
[301, 302, 303, 305, 306]
[248, 249, 300, 301, 304]
[254, 303, 304, 307, 311]
[303, 306, 308, 310, 311]
[307, 309, 310, 360, 365]
[308, 310, 312, 313, 365]
[307, 308, 309, 311, 312]
[254, 255, 306, 307, 310]
[260, 309, 310, 313, 317]
[309, 312, 314, 316, 317]
[313, 315, 316, 366, 371]
[314, 316, 318, 319, 371]
[313, 314, 315, 317, 318]
[260, 261, 312, 313, 316]
[266, 315, 316, 319, 323]
[315, 318, 320, 322, 323]
[319, 321, 322, 372, 377]
[270, 271, 320, 322, 377]
[270, 319, 320, 321, 323]
[266, 267, 318, 319, 322]
[272, 325, 329, 375, 376]
[324, 326, 328, 329, 375]
[325, 327, 328, 378, 383]
[326, 328, 330, 331, 383]
[325, 326, 327, 329, 330]
[272, 273, 324, 325, 328]
[278, 327, 328, 331, 335]
[327, 330, 332, 334, 335]
[331, 333, 334, 384, 389]
[332, 334, 336, 337, 389]
[331, 332, 333, 335, 336]
[278, 279, 330, 331, 334]
[284, 333, 334, 337, 341]
[333, 336, 338, 340, 341]
[337, 339, 340, 390, 395]
[338, 340, 342, 343, 395]
[337, 338, 339, 341, 342]
[284, 285, 336, 337, 340]
[290, 339, 340, 343, 347]
[339, 342, 344, 346, 347]
[343, 345, 346, 396, 401]
[344, 346, 348, 349, 401]
[343, 344, 345, 347, 348]
[290, 291, 342, 343, 346]
[296, 345, 346, 349, 353]
[345, 348, 350, 352, 353]
[349, 351, 352, 402, 407]
[350, 352, 354, 355, 407]
[349, 350, 351, 353, 354]
[296, 297, 348, 349, 352]
[302, 351, 352, 355, 359]
[351, 354, 356, 358, 359]
[355, 357, 358, 408, 413]
[356, 358, 360, 361, 413]
[355, 356, 357, 359, 360]
[302, 303, 354, 355, 358]
[308, 357, 358, 361, 365]
[357, 360, 362, 364, 365]
[361, 363, 364, 414, 419]
[362, 364, 366, 367, 419]
[361, 362, 363, 365, 366]
[308, 309, 360, 361, 364]
[314, 363, 364, 367, 371]
[363, 366, 368, 370, 371]
[367, 369, 370, 420, 425]
[368, 370, 372, 373, 425]
[367, 368, 369, 371, 372]
[314, 315, 366, 367, 370]
[320, 369, 370, 373, 377]
[369, 372, 374, 376, 377]
[373, 375, 376, 426, 431]
[324, 325, 374, 376, 431]
[324, 373, 374, 375, 377]
[320, 321, 372, 373, 376]
[326, 379, 383, 429, 430]
[378, 380, 382, 383, 429]
[379, 381, 382, 432, 437]
[380, 382, 384, 385, 437]
[379, 380, 381, 383, 384]
[326, 327, 378, 379, 382]
[332, 381, 382, 385, 389]
[381, 384, 386, 388, 389]
[385, 387, 388, 438, 443]
[386, 388, 390, 391, 443]
[385, 386, 387, 389, 390]
[332, 333, 384, 385, 388]
[338, 387, 388, 391, 395]
[387, 390, 392, 394, 395]
[391, 393, 394, 444, 449]
[392, 394, 396, 397, 449]
[391, 392, 393, 395, 396]
[338, 339, 390, 391, 394]
[344, 393, 394, 397, 401]
[393, 396, 398, 400, 401]
[397, 399, 400, 450, 455]
[398, 400, 402, 403, 455]
[397, 398, 399, 401, 402]
[344, 345, 396, 397, 400]
[350, 399, 400, 403, 407]
[399, 402, 404, 406, 407]
[403, 405, 406, 456, 461]
[404, 406, 408, 409, 461]
[403, 404, 405, 407, 408]
[350, 351, 402, 403, 406]
[356, 405, 406, 409, 413]
[405, 408, 410, 412, 413]
[409, 411, 412, 462, 467]
[410, 412, 414, 415, 467]
[409, 410, 411, 413, 414]
[356, 357, 408, 409, 412]
[362, 411, 412, 415, 419]
[411, 414, 416, 418, 419]
[415, 417, 418, 468, 473]
[416, 418, 420, 421, 473]
[415, 416, 417, 419, 420]
[362, 363, 414, 415, 418]
[368, 417, 418, 421, 425]
[417, 420, 422, 424, 425]
[421, 423, 424, 474, 479]
[422, 424, 426, 427, 479]
[421, 422, 423, 425, 426]
[368, 369, 420, 421, 424]
[374, 423, 424, 427, 431]
[423, 426, 428, 430, 431]
[427, 429, 430, 480, 485]
[378, 379, 428, 430, 485]
[378, 427, 428, 429, 431]
[374, 375, 426, 427, 430]
[380, 433, 437, 483, 484]
[432, 434, 436, 437, 483]
[0, 5, 433, 435, 436]
[5, 434, 436, 438, 439]
[433, 434, 435, 437, 438]
[380, 381, 432, 433, 436]
[386, 435, 436, 439, 443]
[435, 438, 440, 442, 443]
[6, 11, 439, 441, 442]
[11, 440, 442, 444, 445]
[439, 440, 441, 443, 444]
[386, 387, 438, 439, 442]
[392, 441, 442, 445, 449]
[441, 444, 446, 448, 449]
[12, 17, 445, 447, 448]
[17, 446, 448, 450, 451]
[445, 446, 447, 449, 450]
[392, 393, 444, 445, 448]
[398, 447, 448, 451, 455]
[447, 450, 452, 454, 455]
[18, 23, 451, 453, 454]
[23, 452, 454, 456, 457]
[451, 452, 453, 455, 456]
[398, 399, 450, 451, 454]
[404, 453, 454, 457, 461]
[453, 456, 458, 460, 461]
[24, 29, 457, 459, 460]
[29, 458, 460, 462, 463]
[457, 458, 459, 461, 462]
[404, 405, 456, 457, 460]
[410, 459, 460, 463, 467]
[459, 462, 464, 466, 467]
[30, 35, 463, 465, 466]
[35, 464, 466, 468, 469]
[463, 464, 465, 467, 468]
[410, 411, 462, 463, 466]
[416, 465, 466, 469, 473]
[465, 468, 470, 472, 473]
[36, 41, 469, 471, 472]
[41, 470, 472, 474, 475]
[469, 470, 471, 473, 474]
[416, 417, 468, 469, 472]
[422, 471, 472, 475, 479]
[471, 474, 476, 478, 479]
[42, 47, 475, 477, 478]
[47, 476, 478, 480, 481]
[475, 476, 477, 479, 480]
[422, 423, 474, 475, 478]
[428, 477, 478, 481, 485]
[477, 480, 482, 484, 485]
[48, 53, 481, 483, 484]
[53, 432, 433, 482, 484]
[432, 481, 482, 483, 485]
[428, 429, 480, 481, 484]
