[1, 25, 26, 650]
[0, 2, 27, 651]
[1, 3, 28, 652]
[2, 4, 29, 653]
[3, 5, 30, 654]
[4, 6, 31, 655]
[5, 7, 32, 656]
[6, 8, 33, 657]
[7, 9, 34, 658]
[8, 10, 35, 659]
[9, 11, 36, 660]
[10, 12, 37, 661]
[11, 13, 38, 662]
[12, 14, 39, 663]
[13, 15, 40, 664]
[14, 16, 41, 665]
[15, 17, 42, 666]
[16, 18, 43, 667]
[17, 19, 44, 668]
[18, 20, 45, 669]
[19, 21, 46, 670]
[20, 22, 47, 671]
[21, 23, 48, 672]
[22, 24, 49, 673]
[23, 25, 50, 674]
[0, 24, 51, 675]
[0, 27, 51, 52]
[1, 26, 28, 53]
[2, 27, 29, 54]
[3, 28, 30, 55]
[4, 29, 31, 56]
[5, 30, 32, 57]
[6, 31, 33, 58]
[7, 32, 34, 59]
[8, 33, 35, 60]
[9, 34, 36, 61]
[10, 35, 37, 62]
[11, 36, 38, 63]
[12, 37, 39, 64]
[13, 38, 40, 65]
[14, 39, 41, 66]
[15, 40, 42, 67]
[16, 41, 43, 68]
[17, 42, 44, 69]
[18, 43, 45, 70]
[19, 44, 46, 71]
[20, 45, 47, 72]
[21, 46, 48, 73]
[22, 47, 49, 74]
[23, 48, 50, 75]
[24, 49, 51, 76]
[25, 26, 50, 77]
[26, 53, 77, 78]
[27, 52, 54, 79]
[28, 53, 55, 80]
[29, 54, 56, 81]
[30, 55, 57, 82]
[31, 56, 58, 83]
[32, 57, 59, 84]
[33, 58, 60, 85]
[34, 59, 61, 86]
[35, 60, 62, 87]
[36, 61, 63, 88]
[37, 62, 64, 89]
[38, 63, 65, 90]
[39, 64, 66, 91]
[40, 65, 67, 92]
[41, 66, 68, 93]
[42, 67, 69, 94]
[43, 68, 70, 95]
[44, 69, 71, 96]
[45, 70, 72, 97]
[46, 71, 73, 98]
[47, 72, 74, 99]
[48, 73, 75, 100]
[49, 74, 76, 101]
[50, 75, 77, 102]
[51, 52, 76, 103]
[52, 79, 103, 104]
[53, 78, 80, 105]
[54, 79, 81, 106]
[55, 80, 82, 107]
[56, 81, 83, 108]
[57, 82, 84, 109]
[58, 83, 85, 110]
[59, 84, 86, 111]
[60, 85, 87, 112]
[61, 86, 88, 113]
[62, 87, 89, 114]
[63, 88, 90, 115]
[64, 89, 91, 116]
[65, 90, 92, 117]
[66, 91, 93, 118]
[67, 92, 94, 119]
[68, 93, 95, 120]
[69, 94, 96, 121]
[70, 95, 97, 122]
[71, 96, 98, 123]
[72, 97, 99, 124]
[73, 98, 100, 125]
[74, 99, 101, 126]
[75, 100, 102, 127]
[76, 101, 103, 128]
[77, 78, 102, 129]
[78, 105, 129, 130]
[79, 104, 106, 131]
[80, 105, 107, 132]
[81, 106, 108, 133]
[82, 107, 109, 134]
[83, 108, 110, 135]
[84, 109, 111, 136]
[85, 110, 112, 137]
[86, 111, 113, 138]
[87, 112, 114, 139]
[88, 113, 115, 140]
[89, 114, 116, 141]
[90, 115, 117, 142]
[91, 116, 118, 143]
[92, 117, 119, 144]
[93, 118, 120, 145]
[94, 119, 121, 146]
[95, 120, 122, 147]
[96, 121, 123, 148]
[97, 122, 124, 149]
[98, 123, 125, 150]
[99, 124, 126, 151]
[100, 125, 127, 152]
[101, 126, 128, 153]
[102, 127, 129, 154]
[103, 104, 128, 155]
[104, 131, 155, 156]
[105, 130, 132, 157]
[106, 131, 133, 158]
[107, 132, 134, 159]
[108, 133, 135, 160]
[109, 134, 136, 161]
[110, 135, 137, 162]
[111, 136, 138, 163]
[112, 137, 139, 164]
[113, 138, 140, 165]
[114, 139, 141, 166]
[115, 140, 142, 167]
[116, 141, 143, 168]
[117, 142, 144, 169]
[118, 143, 145, 170]
[119, 144, 146, 171]
[120, 145, 147, 172]
[121, 146, 148, 173]
[122, 147, 149, 174]
[123, 148, 150, 175]
[124, 149, 151, 176]
[125, 150, 152, 177]
[126, 151, 153, 178]
[127, 152, 154, 179]
[128, 153, 155, 180]
[129, 130, 154, 181]
[130, 157, 181, 182]
[131, 156, 158, 183]
[132, 157, 159, 184]
[133, 158, 160, 185]
[134, 159, 161, 186]
[135, 160, 162, 187]
[136, 161, 163, 188]
[137, 162, 164, 189]
[138, 163, 165, 190]
[139, 164, 166, 191]
[140, 165, 167, 192]
[141, 166, 168, 193]
[142, 167, 169, 194]
[143, 168, 170, 195]
[144, 169, 171, 196]
[145, 170, 172, 197]
[146, 171, 173, 198]
[147, 172, 174, 199]
[148, 173, 175, 200]
[149, 174, 176, 201]
[150, 175, 177, 202]
[151, 176, 178, 203]
[152, 177, 179, 204]
[153, 178, 180, 205]
[154, 179, 181, 206]
[155, 156, 180, 207]
[156, 183, 207, 208]
[157, 182, 184, 209]
[158, 183, 185, 210]
[159, 184, 186, 211]
[160, 185, 187, 212]
[161, 186, 188, 213]
[162, 187, 189, 214]
[163, 188, 190, 215]
[164, 189, 191, 216]
[165, 190, 192, 217]
[166, 191, 193, 218]
[167, 192, 194, 219]
[168, 193, 195, 220]
[169, 194, 196, 221]
[170, 195, 197, 222]
[171, 196, 198, 223]
[172, 197, 199, 224]
[173, 198, 200, 225]
[174, 199, 201, 226]
[175, 200, 202, 227]
[176, 201, 203, 228]
[177, 202, 204, 229]
[178, 203, 205, 230]
[179, 204, 206, 231]
[180, 205, 207, 232]
[181, 182, 206, 233]
[182, 209, 233, 234]
[183, 208, 210, 235]
[184, 209, 211, 236]
[185, 210, 212, 237]
[186, 211, 213, 238]
[187, 212, 214, 239]
[188, 213, 215, 240]
[189, 214, 216, 241]
[190, 215, 217, 242]
[191, 216, 218, 243]
[192, 217, 219, 244]
[193, 218, 220, 245]
[194, 219, 221, 246]
[195, 220, 222, 247]
[196, 221, 223, 248]
[197, 222, 224, 249]
[198, 223, 225, 250]
[199, 224, 226, 251]
[200, 225, 227, 252]
[201, 226, 228, 253]
[202, 227, 229, 254]
[203, 228, 230, 255]
[204, 229, 231, 256]
[205, 230, 232, 257]
[206, 231, 233, 258]
[207, 208, 232, 259]
[208, 235, 259, 260]
[209, 234, 236, 261]
[210, 235, 237, 262]
[211, 236, 238, 263]
[212, 237, 239, 264]
[213, 238, 240, 265]
[214, 239, 241, 266]
[215, 240, 242, 267]
[216, 241, 243, 268]
[217, 242, 244, 269]
[218, 243, 245, 270]
[219, 244, 246, 271]
[220, 245, 247, 272]
[221, 246, 248, 273]
[222, 247, 249, 274]
[223, 248, 250, 275]
[224, 249, 251, 276]
[225, 250, 252, 277]
[226, 251, 253, 278]
[227, 252, 254, 279]
[228, 253, 255, 280]
[229, 254, 256, 281]
[230, 255, 257, 282]
[231, 256, 258, 283]
[232, 257, 259, 284]
[233, 234, 258, 285]
[234, 261, 285, 286]
[235, 260, 262, 287]
[236, 261, 263, 288]
[237, 262, 264, 289]
[238, 263, 265, 290]
[239, 264, 266, 291]
[240, 265, 267, 292]
[241, 266, 268, 293]
[242, 267, 269, 294]
[243, 268, 270, 295]
[244, 269, 271, 296]
[245, 270, 272, 297]
[246, 271, 273, 298]
[247, 272, 274, 299]
[248, 273, 275, 300]
[249, 274, 276, 301]
[250, 275, 277, 302]
[251, 276, 278, 303]
[252, 277, 279, 304]
[253, 278, 280, 305]
[254, 279, 281, 306]
[255, 280, 282, 307]
[256, 281, 283, 308]
[257, 282, 284, 309]
[258, 283, 285, 310]
[259, 260, 284, 311]
[260, 287, 311, 312]
[261, 286, 288, 313]
[262, 287, 289, 314]
[263, 288, 290, 315]
[264, 289, 291, 316]
[265, 290, 292, 317]
[266, 291, 293, 318]
[267, 292, 294, 319]
[268, 293, 295, 320]
[269, 294, 296, 321]
[270, 295, 297, 322]
[271, 296, 298, 323]
[272, 297, 299, 324]
[273, 298, 300, 325]
[274, 299, 301, 326]
[275, 300, 302, 327]
[276, 301, 303, 328]
[277, 302, 304, 329]
[278, 303, 305, 330]
[279, 304, 306, 331]
[280, 305, 307, 332]
[281, 306, 308, 333]
[282, 307, 309, 334]
[283, 308, 310, 335]
[284, 309, 311, 336]
[285, 286, 310, 337]
[286, 313, 337, 338]
[287, 312, 314, 339]
[288, 313, 315, 340]
[289, 314, 316, 341]
[290, 315, 317, 342]
[291, 316, 318, 343]
[292, 317, 319, 344]
[293, 318, 320, 345]
[294, 319, 321, 346]
[295, 320, 322, 347]
[296, 321, 323, 348]
[297, 322, 324, 349]
[298, 323, 325, 350]
[299, 324, 326, 351]
[300, 325, 327, 352]
[301, 326, 328, 353]
[302, 327, 329, 354]
[303, 328, 330, 355]
[304, 329, 331, 356]
[305, 330, 332, 357]
[306, 331, 333, 358]
[307, 332, 334, 359]
[308, 333, 335, 360]
[309, 334, 336, 361]
[310, 335, 337, 362]
[311, 312, 336, 363]
[312, 339, 363, 364]
[313, 338, 340, 365]
[314, 339, 341, 366]
[315, 340, 342, 367]
[316, 341, 343, 368]
[317, 342, 344, 369]
[318, 343, 345, 370]
[319, 344, 346, 371]
[320, 345, 347, 372]
[321, 346, 348, 373]
[322, 347, 349, 374]
[323, 348, 350, 375]
[324, 349, 351, 376]
[325, 350, 352, 377]
[326, 351, 353, 378]
[327, 352, 354, 379]
[328, 353, 355, 380]
[329, 354, 356, 381]
[330, 355, 357, 382]
[331, 356, 358, 383]
[332, 357, 359, 384]
[333, 358, 360, 385]
[334, 359, 361, 386]
[335, 360, 362, 387]
[336, 361, 363, 388]
[337, 338, 362, 389]
[338, 365, 389, 390]
[339, 364, 366, 391]
[340, 365, 367, 392]
[341, 366, 368, 393]
[342, 367, 369, 394]
[343, 368, 370, 395]
[344, 369, 371, 396]
[345, 370, 372, 397]
[346, 371, 373, 398]
[347, 372, 374, 399]
[348, 373, 375, 400]
[349, 374, 376, 401]
[350, 375, 377, 402]
[351, 376, 378, 403]
[352, 377, 379, 404]
[353, 378, 380, 405]
[354, 379, 381, 406]
[355, 380, 382, 407]
[356, 381, 383, 408]
[357, 382, 384, 409]
[358, 383, 385, 410]
[359, 384, 386, 411]
[360, 385, 387, 412]
[361, 386, 388, 413]
[362, 387, 389, 414]
[363, 364, 388, 415]
[364, 391, 415, 416]
[365, 390, 392, 417]
[366, 391, 393, 418]
[367, 392, 394, 419]
[368, 393, 395, 420]
[369, 394, 396, 421]
[370, 395, 397, 422]
[371, 396, 398, 423]
[372, 397, 399, 424]
[373, 398, 400, 425]
[374, 399, 401, 426]
[375, 400, 402, 427]
[376, 401, 403, 428]
[377, 402, 404, 429]
[378, 403, 405, 430]
[379, 404, 406, 431]
[380, 405, 407, 432]
[381, 406, 408, 433]
[382, 407, 409, 434]
[383, 408, 410, 435]
[384, 409, 411, 436]
[385, 410, 412, 437]
[386, 411, 413, 438]
[387, 412, 414, 439]
[388, 413, 415, 440]
[389, 390, 414, 441]
[390, 417, 441, 442]
[391, 416, 418, 443]
[392, 417, 419, 444]
[393, 418, 420, 445]
[394, 419, 421, 446]
[395, 420, 422, 447]
[396, 421, 423, 448]
[397, 422, 424, 449]
[398, 423, 425, 450]
[399, 424, 426, 451]
[400, 425, 427, 452]
[401, 426, 428, 453]
[402, 427, 429, 454]
[403, 428, 430, 455]
[404, 429, 431, 456]
[405, 430, 432, 457]
[406, 431, 433, 458]
[407, 432, 434, 459]
[408, 433, 435, 460]
[409, 434, 436, 461]
[410, 435, 437, 462]
[411, 436, 438, 463]
[412, 437, 439, 464]
[413, 438, 440, 465]
[414, 439, 441, 466]
[415, 416, 440, 467]
[416, 443, 467, 468]
[417, 442, 444, 469]
[418, 443, 445, 470]
[419, 444, 446, 471]
[420, 445, 447, 472]
[421, 446, 448, 473]
[422, 447, 449, 474]
[423, 448, 450, 475]
[424, 449, 451, 476]
[425, 450, 452, 477]
[426, 451, 453, 478]
[427, 452, 454, 479]
[428, 453, 455, 480]
[429, 454, 456, 481]
[430, 455, 457, 482]
[431, 456, 458, 483]
[432, 457, 459, 484]
[433, 458, 460, 485]
[434, 459, 461, 486]
[435, 460, 462, 487]
[436, 461, 463, 488]
[437, 462, 464, 489]
[438, 463, 465, 490]
[439, 464, 466, 491]
[440, 465, 467, 492]
[441, 442, 466, 493]
[442, 469, 493, 494]
[443, 468, 470, 495]
[444, 469, 471, 496]
[445, 470, 472, 497]
[446, 471, 473, 498]
[447, 472, 474, 499]
[448, 473, 475, 500]
[449, 474, 476, 501]
[450, 475, 477, 502]
[451, 476, 478, 503]
[452, 477, 479, 504]
[453, 478, 480, 505]
[454, 479, 481, 506]
[455, 480, 482, 507]
[456, 481, 483, 508]
[457, 482, 484, 509]
[458, 483, 485, 510]
[459, 484, 486, 511]
[460, 485, 487, 512]
[461, 486, 488, 513]
[462, 487, 489, 514]
[463, 488, 490, 515]
[464, 489, 491, 516]
[465, 490, 492, 517]
[466, 491, 493, 518]
[467, 468, 492, 519]
[468, 495, 519, 520]
[469, 494, 496, 521]
[470, 495, 497, 522]
[471, 496, 498, 523]
[472, 497, 499, 524]
[473, 498, 500, 525]
[474, 499, 501, 526]
[475, 500, 502, 527]
[476, 501, 503, 528]
[477, 502, 504, 529]
[478, 503, 505, 530]
[479, 504, 506, 531]
[480, 505, 507, 532]
[481, 506, 508, 533]
[482, 507, 509, 534]
[483, 508, 510, 535]
[484, 509, 511, 536]
[485, 510, 512, 537]
[486, 511, 513, 538]
[487, 512, 514, 539]
[488, 513, 515, 540]
[489, 514, 516, 541]
[490, 515, 517, 542]
[491, 516, 518, 543]
[492, 517, 519, 544]
[493, 494, 518, 545]
[494, 521, 545, 546]
[495, 520, 522, 547]
[496, 521, 523, 548]
[497, 522, 524, 549]
[498, 523, 525, 550]
[499, 524, 526, 551]
[500, 525, 527, 552]
[501, 526, 528, 553]
[502, 527, 529, 554]
[503, 528, 530, 555]
[504, 529, 531, 556]
[505, 530, 532, 557]
[506, 531, 533, 558]
[507, 532, 534, 559]
[508, 533, 535, 560]
[509, 534, 536, 561]
[510, 535, 537, 562]
[511, 536, 538, 563]
[512, 537, 539, 564]
[513, 538, 540, 565]
[514, 539, 541, 566]
[515, 540, 542, 567]
[516, 541, 543, 568]
[517, 542, 544, 569]
[518, 543, 545, 570]
[519, 520, 544, 571]
[520, 547, 571, 572]
[521, 546, 548, 573]
[522, 547, 549, 574]
[523, 548, 550, 575]
[524, 549, 551, 576]
[525, 550, 552, 577]
[526, 551, 553, 578]
[527, 552, 554, 579]
[528, 553, 555, 580]
[529, 554, 556, 581]
[530, 555, 557, 582]
[531, 556, 558, 583]
[532, 557, 559, 584]
[533, 558, 560, 585]
[534, 559, 561, 586]
[535, 560, 562, 587]
[536, 561, 563, 588]
[537, 562, 564, 589]
[538, 563, 565, 590]
[539, 564, 566, 591]
[540, 565, 567, 592]
[541, 566, 568, 593]
[542, 567, 569, 594]
[543, 568, 570, 595]
[544, 569, 571, 596]
[545, 546, 570, 597]
[546, 573, 597, 598]
[547, 572, 574, 599]
[548, 573, 575, 600]
[549, 574, 576, 601]
[550, 575, 577, 602]
[551, 576, 578, 603]
[552, 577, 579, 604]
[553, 578, 580, 605]
[554, 579, 581, 606]
[555, 580, 582, 607]
[556, 581, 583, 608]
[557, 582, 584, 609]
[558, 583, 585, 610]
[559, 584, 586, 611]
[560, 585, 587, 612]
[561, 586, 588, 613]
[562, 587, 589, 614]
[563, 588, 590, 615]
[564, 589, 591, 616]
[565, 590, 592, 617]
[566, 591, 593, 618]
[567, 592, 594, 619]
[568, 593, 595, 620]
[569, 594, 596, 621]
[570, 595, 597, 622]
[571, 572, 596, 623]
[572, 599, 623, 624]
[573, 598, 600, 625]
[574, 599, 601, 626]
[575, 600, 602, 627]
[576, 601, 603, 628]
[577, 602, 604, 629]
[578, 603, 605, 630]
[579, 604, 606, 631]
[580, 605, 607, 632]
[581, 606, 608, 633]
[582, 607, 609, 634]
[583, 608, 610, 635]
[584, 609, 611, 636]
[585, 610, 612, 637]
[586, 611, 613, 638]
[587, 612, 614, 639]
[588, 613, 615, 640]
[589, 614, 616, 641]
[590, 615, 617, 642]
[591, 616, 618, 643]
[592, 617, 619, 644]
[593, 618, 620, 645]
[594, 619, 621, 646]
[595, 620, 622, 647]
[596, 621, 623, 648]
[597, 598, 622, 649]
[598, 625, 649, 650]
[599, 624, 626, 651]
[600, 625, 627, 652]
[601, 626, 628, 653]
[602, 627, 629, 654]
[603, 628, 630, 655]
[604, 629, 631, 656]
[605, 630, 632, 657]
[606, 631, 633, 658]
[607, 632, 634, 659]
[608, 633, 635, 660]
[609, 634, 636, 661]
[610, 635, 637, 662]
[611, 636, 638, 663]
[612, 637, 639, 664]
[613, 638, 640, 665]
[614, 639, 641, 666]
[615, 640, 642, 667]
[616, 641, 643, 668]
[617, 642, 644, 669]
[618, 643, 645, 670]
[619, 644, 646, 671]
[620, 645, 647, 672]
[621, 646, 648, 673]
[622, 647, 649, 674]
[623, 624, 648, 675]
[0, 624, 651, 675]
[1, 625, 650, 652]
[2, 626, 651, 653]
[3, 627, 652, 654]
[4, 628, 653, 655]
[5, 629, 654, 656]
[6, 630, 655, 657]
[7, 631, 656, 658]
[8, 632, 657, 659]
[9, 633, 658, 660]
[10, 634, 659, 661]
[11, 635, 660, 662]
[12, 636, 661, 663]
[13, 637, 662, 664]
[14, 638, 663, 665]
[15, 639, 664, 666]
[16, 640, 665, 667]
[17, 641, 666, 668]
[18, 642, 667, 669]
[19, 643, 668, 670]
[20, 644, 669, 671]
[21, 645, 670, 672]
[22, 646, 671, 673]
[23, 647, 672, 674]
[24, 648, 673, 675]
[25, 649, 650, 674]
