[1, 11, 12, 132]
[0, 2, 13, 133]
[1, 3, 14, 134]
[2, 4, 15, 135]
[3, 5, 16, 136]
[4, 6, 17, 137]
[5, 7, 18, 138]
[6, 8, 19, 139]
[7, 9, 20, 140]
[8, 10, 21, 141]
[9, 11, 22, 142]
[0, 10, 23, 143]
[0, 13, 23, 24]
[1, 12, 14, 25]
[2, 13, 15, 26]
[3, 14, 16, 27]
[4, 15, 17, 28]
[5, 16, 18, 29]
[6, 17, 19, 30]
[7, 18, 20, 31]
[8, 19, 21, 32]
[9, 20, 22, 33]
[10, 21, 23, 34]
[11, 12, 22, 35]
[12, 25, 35, 36]
[13, 24, 26, 37]
[14, 25, 27, 38]
[15, 26, 28, 39]
[16, 27, 29, 40]
[17, 28, 30, 41]
[18, 29, 31, 42]
[19, 30, 32, 43]
[20, 31, 33, 44]
[21, 32, 34, 45]
[22, 33, 35, 46]
[23, 24, 34, 47]
[24, 37, 47, 48]
[25, 36, 38, 49]
[26, 37, 39, 50]
[27, 38, 40, 51]
[28, 39, 41, 52]
[29, 40, 42, 53]
[30, 41, 43, 54]
[31, 42, 44, 55]
[32, 43, 45, 56]
[33, 44, 46, 57]
[34, 45, 47, 58]
[35, 36, 46, 59]
[36, 49, 59, 60]
[37, 48, 50, 61]
[38, 49, 51, 62]
[39, 50, 52, 63]
[40, 51, 53, 64]
[41, 52, 54, 65]
[42, 53, 55, 66]
[43, 54, 56, 67]
[44, 55, 57, 68]
[45, 56, 58, 69]
[46, 57, 59, 70]
[47, 48, 58, 71]
[48, 61, 71, 72]
[49, 60, 62, 73]
[50, 61, 63, 74]
[51, 62, 64, 75]
[52, 63, 65, 76]
[53, 64, 66, 77]
[54, 65, 67, 78]
[55, 66, 68, 79]
[56, 67, 69, 80]
[57, 68, 70, 81]
[58, 69, 71, 82]
[59, 60, 70, 83]
[60, 73, 83, 84]
[61, 72, 74, 85]
[62, 73, 75, 86]
[63, 74, 76, 87]
[64, 75, 77, 88]
[65, 76, 78, 89]
[66, 77, 79, 90]
[67, 78, 80, 91]
[68, 79, 81, 92]
[69, 80, 82, 93]
[70, 81, 83, 94]
[71, 72, 82, 95]
[72, 85, 95, 96]
[73, 84, 86, 97]
[74, 85, 87, 98]
[75, 86, 88, 99]
[76, 87, 89, 100]
[77, 88, 90, 101]
[78, 89, 91, 102]
[79, 90, 92, 103]
[80, 91, 93, 104]
[81, 92, 94, 105]
[82, 93, 95, 106]
[83, 84, 94, 107]
[84, 97, 107, 108]
[85, 96, 98, 109]
[86, 97, 99, 110]
[87, 98, 100, 111]
[88, 99, 101, 112]
[89, 100, 102, 113]
[90, 101, 103, 114]
[91, 102, 104, 115]
[92, 103, 105, 116]
[93, 104, 106, 117]
[94, 105, 107, 118]
[95, 96, 106, 119]
[96, 109, 119, 120]
[97, 108, 110, 121]
[98, 109, 111, 122]
[99, 110, 112, 123]
[100, 111, 113, 124]
[101, 112, 114, 125]
[102, 113, 115, 126]
[103, 114, 116, 127]
[104, 115, 117, 128]
[105, 116, 118, 129]
[106, 117, 119, 130]
[107, 108, 118, 131]
[108, 121, 131, 132]
[109, 120, 122, 133]
[110, 121, 123, 134]
[111, 122, 124, 135]
[112, 123, 125, 136]
[113, 124, 126, 137]
[114, 125, 127, 138]
[115, 126, 128, 139]
[116, 127, 129, 140]
[117, 128, 130, 141]
[118, 129, 131, 142]
[119, 120, 130, 143]
[0, 120, 133, 143]
[1, 121, 132, 134]
[2, 122, 133, 135]
[3, 123, 134, 136]
[4, 124, 135, 137]
[5, 125, 136, 138]
[6, 126, 137, 139]
[7, 127, 138, 140]
[8, 128, 139, 141]
[9, 129, 140, 142]
[10, 130, 141, 143]
[11, 131, 132, 142]
