[1, 43, 44, 1892]
[0, 2, 45, 1893]
[1, 3, 46, 1894]
[2, 4, 47, 1895]
[3, 5, 48, 1896]
[4, 6, 49, 1897]
[5, 7, 50, 1898]
[6, 8, 51, 1899]
[7, 9, 52, 1900]
[8, 10, 53, 1901]
[9, 11, 54, 1902]
[10, 12, 55, 1903]
[11, 13, 56, 1904]
[12, 14, 57, 1905]
[13, 15, 58, 1906]
[14, 16, 59, 1907]
[15, 17, 60, 1908]
[16, 18, 61, 1909]
[17, 19, 62, 1910]
[18, 20, 63, 1911]
[19, 21, 64, 1912]
[20, 22, 65, 1913]
[21, 23, 66, 1914]
[22, 24, 67, 1915]
[23, 25, 68, 1916]
[24, 26, 69, 1917]
[25, 27, 70, 1918]
[26, 28, 71, 1919]
[27, 29, 72, 1920]
[28, 30, 73, 1921]
[29, 31, 74, 1922]
[30, 32, 75, 1923]
[31, 33, 76, 1924]
[32, 34, 77, 1925]
[33, 35, 78, 1926]
[34, 36, 79, 1927]
[35, 37, 80, 1928]
[36, 38, 81, 1929]
[37, 39, 82, 1930]
[38, 40, 83, 1931]
[39, 41, 84, 1932]
[40, 42, 85, 1933]
[41, 43, 86, 1934]
[0, 42, 87, 1935]
[0, 45, 87, 88]
[1, 44, 46, 89]
[2, 45, 47, 90]
[3, 46, 48, 91]
[4, 47, 49, 92]
[5, 48, 50, 93]
[6, 49, 51, 94]
[7, 50, 52, 95]
[8, 51, 53, 96]
[9, 52, 54, 97]
[10, 53, 55, 98]
[11, 54, 56, 99]
[12, 55, 57, 100]
[13, 56, 58, 101]
[14, 57, 59, 102]
[15, 58, 60, 103]
[16, 59, 61, 104]
[17, 60, 62, 105]
[18, 61, 63, 106]
[19, 62, 64, 107]
[20, 63, 65, 108]
[21, 64, 66, 109]
[22, 65, 67, 110]
[23, 66, 68, 111]
[24, 67, 69, 112]
[25, 68, 70, 113]
[26, 69, 71, 114]
[27, 70, 72, 115]
[28, 71, 73, 116]
[29, 72, 74, 117]
[30, 73, 75, 118]
[31, 74, 76, 119]
[32, 75, 77, 120]
[33, 76, 78, 121]
[34, 77, 79, 122]
[35, 78, 80, 123]
[36, 79, 81, 124]
[37, 80, 82, 125]
[38, 81, 83, 126]
[39, 82, 84, 127]
[40, 83, 85, 128]
[41, 84, 86, 129]
[42, 85, 87, 130]
[43, 44, 86, 131]
[44, 89, 131, 132]
[45, 88, 90, 133]
[46, 89, 91, 134]
[47, 90, 92, 135]
[48, 91, 93, 136]
[49, 92, 94, 137]
[50, 93, 95, 138]
[51, 94, 96, 139]
[52, 95, 97, 140]
[53, 96, 98, 141]
[54, 97, 99, 142]
[55, 98, 100, 143]
[56, 99, 101, 144]
[57, 100, 102, 145]
[58, 101, 103, 146]
[59, 102, 104, 147]
[60, 103, 105, 148]
[61, 104, 106, 149]
[62, 105, 107, 150]
[63, 106, 108, 151]
[64, 107, 109, 152]
[65, 108, 110, 153]
[66, 109, 111, 154]
[67, 110, 112, 155]
[68, 111, 113, 156]
[69, 112, 114, 157]
[70, 113, 115, 158]
[71, 114, 116, 159]
[72, 115, 117, 160]
[73, 116, 118, 161]
[74, 117, 119, 162]
[75, 118, 120, 163]
[76, 119, 121, 164]
[77, 120, 122, 165]
[78, 121, 123, 166]
[79, 122, 124, 167]
[80, 123, 125, 168]
[81, 124, 126, 169]
[82, 125, 127, 170]
[83, 126, 128, 171]
[84, 127, 129, 172]
[85, 128, 130, 173]
[86, 129, 131, 174]
[87, 88, 130, 175]
[88, 133, 175, 176]
[89, 132, 134, 177]
[90, 133, 135, 178]
[91, 134, 136, 179]
[92, 135, 137, 180]
[93, 136, 138, 181]
[94, 137, 139, 182]
[95, 138, 140, 183]
[96, 139, 141, 184]
[97, 140, 142, 185]
[98, 141, 143, 186]
[99, 142, 144, 187]
[100, 143, 145, 188]
[101, 144, 146, 189]
[102, 145, 147, 190]
[103, 146, 148, 191]
[104, 147, 149, 192]
[105, 148, 150, 193]
[106, 149, 151, 194]
[107, 150, 152, 195]
[108, 151, 153, 196]
[109, 152, 154, 197]
[110, 153, 155, 198]
[111, 154, 156, 199]
[112, 155, 157, 200]
[113, 156, 158, 201]
[114, 157, 159, 202]
[115, 158, 160, 203]
[116, 159, 161, 204]
[117, 160, 162, 205]
[118, 161, 163, 206]
[119, 162, 164, 207]
[120, 163, 165, 208]
[121, 164, 166, 209]
[122, 165, 167, 210]
[123, 166, 168, 211]
[124, 167, 169, 212]
[125, 168, 170, 213]
[126, 169, 171, 214]
[127, 170, 172, 215]
[128, 171, 173, 216]
[129, 172, 174, 217]
[130, 173, 175, 218]
[131, 132, 174, 219]
[132, 177, 219, 220]
[133, 176, 178, 221]
[134, 177, 179, 222]
[135, 178, 180, 223]
[136, 179, 181, 224]
[137, 180, 182, 225]
[138, 181, 183, 226]
[139, 182, 184, 227]
[140, 183, 185, 228]
[141, 184, 186, 229]
[142, 185, 187, 230]
[143, 186, 188, 231]
[144, 187, 189, 232]
[145, 188, 190, 233]
[146, 189, 191, 234]
[147, 190, 192, 235]
[148, 191, 193, 236]
[149, 192, 194, 237]
[150, 193, 195, 238]
[151, 194, 196, 239]
[152, 195, 197, 240]
[153, 196, 198, 241]
[154, 197, 199, 242]
[155, 198, 200, 243]
[156, 199, 201, 244]
[157, 200, 202, 245]
[158, 201, 203, 246]
[159, 202, 204, 247]
[160, 203, 205, 248]
[161, 204, 206, 249]
[162, 205, 207, 250]
[163, 206, 208, 251]
[164, 207, 209, 252]
[165, 208, 210, 253]
[166, 209, 211, 254]
[167, 210, 212, 255]
[168, 211, 213, 256]
[169, 212, 214, 257]
[170, 213, 215, 258]
[171, 214, 216, 259]
[172, 215, 217, 260]
[173, 216, 218, 261]
[174, 217, 219, 262]
[175, 176, 218, 263]
[176, 221, 263, 264]
[177, 220, 222, 265]
[178, 221, 223, 266]
[179, 222, 224, 267]
[180, 223, 225, 268]
[181, 224, 226, 269]
[182, 225, 227, 270]
[183, 226, 228, 271]
[184, 227, 229, 272]
[185, 228, 230, 273]
[186, 229, 231, 274]
[187, 230, 232, 275]
[188, 231, 233, 276]
[189, 232, 234, 277]
[190, 233, 235, 278]
[191, 234, 236, 279]
[192, 235, 237, 280]
[193, 236, 238, 281]
[194, 237, 239, 282]
[195, 238, 240, 283]
[196, 239, 241, 284]
[197, 240, 242, 285]
[198, 241, 243, 286]
[199, 242, 244, 287]
[200, 243, 245, 288]
[201, 244, 246, 289]
[202, 245, 247, 290]
[203, 246, 248, 291]
[204, 247, 249, 292]
[205, 248, 250, 293]
[206, 249, 251, 294]
[207, 250, 252, 295]
[208, 251, 253, 296]
[209, 252, 254, 297]
[210, 253, 255, 298]
[211, 254, 256, 299]
[212, 255, 257, 300]
[213, 256, 258, 301]
[214, 257, 259, 302]
[215, 258, 260, 303]
[216, 259, 261, 304]
[217, 260, 262, 305]
[218, 261, 263, 306]
[219, 220, 262, 307]
[220, 265, 307, 308]
[221, 264, 266, 309]
[222, 265, 267, 310]
[223, 266, 268, 311]
[224, 267, 269, 312]
[225, 268, 270, 313]
[226, 269, 271, 314]
[227, 270, 272, 315]
[228, 271, 273, 316]
[229, 272, 274, 317]
[230, 273, 275, 318]
[231, 274, 276, 319]
[232, 275, 277, 320]
[233, 276, 278, 321]
[234, 277, 279, 322]
[235, 278, 280, 323]
[236, 279, 281, 324]
[237, 280, 282, 325]
[238, 281, 283, 326]
[239, 282, 284, 327]
[240, 283, 285, 328]
[241, 284, 286, 329]
[242, 285, 287, 330]
[243, 286, 288, 331]
[244, 287, 289, 332]
[245, 288, 290, 333]
[246, 289, 291, 334]
[247, 290, 292, 335]
[248, 291, 293, 336]
[249, 292, 294, 337]
[250, 293, 295, 338]
[251, 294, 296, 339]
[252, 295, 297, 340]
[253, 296, 298, 341]
[254, 297, 299, 342]
[255, 298, 300, 343]
[256, 299, 301, 344]
[257, 300, 302, 345]
[258, 301, 303, 346]
[259, 302, 304, 347]
[260, 303, 305, 348]
[261, 304, 306, 349]
[262, 305, 307, 350]
[263, 264, 306, 351]
[264, 309, 351, 352]
[265, 308, 310, 353]
[266, 309, 311, 354]
[267, 310, 312, 355]
[268, 311, 313, 356]
[269, 312, 314, 357]
[270, 313, 315, 358]
[271, 314, 316, 359]
[272, 315, 317, 360]
[273, 316, 318, 361]
[274, 317, 319, 362]
[275, 318, 320, 363]
[276, 319, 321, 364]
[277, 320, 322, 365]
[278, 321, 323, 366]
[279, 322, 324, 367]
[280, 323, 325, 368]
[281, 324, 326, 369]
[282, 325, 327, 370]
[283, 326, 328, 371]
[284, 327, 329, 372]
[285, 328, 330, 373]
[286, 329, 331, 374]
[287, 330, 332, 375]
[288, 331, 333, 376]
[289, 332, 334, 377]
[290, 333, 335, 378]
[291, 334, 336, 379]
[292, 335, 337, 380]
[293, 336, 338, 381]
[294, 337, 339, 382]
[295, 338, 340, 383]
[296, 339, 341, 384]
[297, 340, 342, 385]
[298, 341, 343, 386]
[299, 342, 344, 387]
[300, 343, 345, 388]
[301, 344, 346, 389]
[302, 345, 347, 390]
[303, 346, 348, 391]
[304, 347, 349, 392]
[305, 348, 350, 393]
[306, 349, 351, 394]
[307, 308, 350, 395]
[308, 353, 395, 396]
[309, 352, 354, 397]
[310, 353, 355, 398]
[311, 354, 356, 399]
[312, 355, 357, 400]
[313, 356, 358, 401]
[314, 357, 359, 402]
[315, 358, 360, 403]
[316, 359, 361, 404]
[317, 360, 362, 405]
[318, 361, 363, 406]
[319, 362, 364, 407]
[320, 363, 365, 408]
[321, 364, 366, 409]
[322, 365, 367, 410]
[323, 366, 368, 411]
[324, 367, 369, 412]
[325, 368, 370, 413]
[326, 369, 371, 414]
[327, 370, 372, 415]
[328, 371, 373, 416]
[329, 372, 374, 417]
[330, 373, 375, 418]
[331, 374, 376, 419]
[332, 375, 377, 420]
[333, 376, 378, 421]
[334, 377, 379, 422]
[335, 378, 380, 423]
[336, 379, 381, 424]
[337, 380, 382, 425]
[338, 381, 383, 426]
[339, 382, 384, 427]
[340, 383, 385, 428]
[341, 384, 386, 429]
[342, 385, 387, 430]
[343, 386, 388, 431]
[344, 387, 389, 432]
[345, 388, 390, 433]
[346, 389, 391, 434]
[347, 390, 392, 435]
[348, 391, 393, 436]
[349, 392, 394, 437]
[350, 393, 395, 438]
[351, 352, 394, 439]
[352, 397, 439, 440]
[353, 396, 398, 441]
[354, 397, 399, 442]
[355, 398, 400, 443]
[356, 399, 401, 444]
[357, 400, 402, 445]
[358, 401, 403, 446]
[359, 402, 404, 447]
[360, 403, 405, 448]
[361, 404, 406, 449]
[362, 405, 407, 450]
[363, 406, 408, 451]
[364, 407, 409, 452]
[365, 408, 410, 453]
[366, 409, 411, 454]
[367, 410, 412, 455]
[368, 411, 413, 456]
[369, 412, 414, 457]
[370, 413, 415, 458]
[371, 414, 416, 459]
[372, 415, 417, 460]
[373, 416, 418, 461]
[374, 417, 419, 462]
[375, 418, 420, 463]
[376, 419, 421, 464]
[377, 420, 422, 465]
[378, 421, 423, 466]
[379, 422, 424, 467]
[380, 423, 425, 468]
[381, 424, 426, 469]
[382, 425, 427, 470]
[383, 426, 428, 471]
[384, 427, 429, 472]
[385, 428, 430, 473]
[386, 429, 431, 474]
[387, 430, 432, 475]
[388, 431, 433, 476]
[389, 432, 434, 477]
[390, 433, 435, 478]
[391, 434, 436, 479]
[392, 435, 437, 480]
[393, 436, 438, 481]
[394, 437, 439, 482]
[395, 396, 438, 483]
[396, 441, 483, 484]
[397, 440, 442, 485]
[398, 441, 443, 486]
[399, 442, 444, 487]
[400, 443, 445, 488]
[401, 444, 446, 489]
[402, 445, 447, 490]
[403, 446, 448, 491]
[404, 447, 449, 492]
[405, 448, 450, 493]
[406, 449, 451, 494]
[407, 450, 452, 495]
[408, 451, 453, 496]
[409, 452, 454, 497]
[410, 453, 455, 498]
[411, 454, 456, 499]
[412, 455, 457, 500]
[413, 456, 458, 501]
[414, 457, 459, 502]
[415, 458, 460, 503]
[416, 459, 461, 504]
[417, 460, 462, 505]
[418, 461, 463, 506]
[419, 462, 464, 507]
[420, 463, 465, 508]
[421, 464, 466, 509]
[422, 465, 467, 510]
[423, 466, 468, 511]
[424, 467, 469, 512]
[425, 468, 470, 513]
[426, 469, 471, 514]
[427, 470, 472, 515]
[428, 471, 473, 516]
[429, 472, 474, 517]
[430, 473, 475, 518]
[431, 474, 476, 519]
[432, 475, 477, 520]
[433, 476, 478, 521]
[434, 477, 479, 522]
[435, 478, 480, 523]
[436, 479, 481, 524]
[437, 480, 482, 525]
[438, 481, 483, 526]
[439, 440, 482, 527]
[440, 485, 527, 528]
[441, 484, 486, 529]
[442, 485, 487, 530]
[443, 486, 488, 531]
[444, 487, 489, 532]
[445, 488, 490, 533]
[446, 489, 491, 534]
[447, 490, 492, 535]
[448, 491, 493, 536]
[449, 492, 494, 537]
[450, 493, 495, 538]
[451, 494, 496, 539]
[452, 495, 497, 540]
[453, 496, 498, 541]
[454, 497, 499, 542]
[455, 498, 500, 543]
[456, 499, 501, 544]
[457, 500, 502, 545]
[458, 501, 503, 546]
[459, 502, 504, 547]
[460, 503, 505, 548]
[461, 504, 506, 549]
[462, 505, 507, 550]
[463, 506, 508, 551]
[464, 507, 509, 552]
[465, 508, 510, 553]
[466, 509, 511, 554]
[467, 510, 512, 555]
[468, 511, 513, 556]
[469, 512, 514, 557]
[470, 513, 515, 558]
[471, 514, 516, 559]
[472, 515, 517, 560]
[473, 516, 518, 561]
[474, 517, 519, 562]
[475, 518, 520, 563]
[476, 519, 521, 564]
[477, 520, 522, 565]
[478, 521, 523, 566]
[479, 522, 524, 567]
[480, 523, 525, 568]
[481, 524, 526, 569]
[482, 525, 527, 570]
[483, 484, 526, 571]
[484, 529, 571, 572]
[485, 528, 530, 573]
[486, 529, 531, 574]
[487, 530, 532, 575]
[488, 531, 533, 576]
[489, 532, 534, 577]
[490, 533, 535, 578]
[491, 534, 536, 579]
[492, 535, 537, 580]
[493, 536, 538, 581]
[494, 537, 539, 582]
[495, 538, 540, 583]
[496, 539, 541, 584]
[497, 540, 542, 585]
[498, 541, 543, 586]
[499, 542, 544, 587]
[500, 543, 545, 588]
[501, 544, 546, 589]
[502, 545, 547, 590]
[503, 546, 548, 591]
[504, 547, 549, 592]
[505, 548, 550, 593]
[506, 549, 551, 594]
[507, 550, 552, 595]
[508, 551, 553, 596]
[509, 552, 554, 597]
[510, 553, 555, 598]
[511, 554, 556, 599]
[512, 555, 557, 600]
[513, 556, 558, 601]
[514, 557, 559, 602]
[515, 558, 560, 603]
[516, 559, 561, 604]
[517, 560, 562, 605]
[518, 561, 563, 606]
[519, 562, 564, 607]
[520, 563, 565, 608]
[521, 564, 566, 609]
[522, 565, 567, 610]
[523, 566, 568, 611]
[524, 567, 569, 612]
[525, 568, 570, 613]
[526, 569, 571, 614]
[527, 528, 570, 615]
[528, 573, 615, 616]
[529, 572, 574, 617]
[530, 573, 575, 618]
[531, 574, 576, 619]
[532, 575, 577, 620]
[533, 576, 578, 621]
[534, 577, 579, 622]
[535, 578, 580, 623]
[536, 579, 581, 624]
[537, 580, 582, 625]
[538, 581, 583, 626]
[539, 582, 584, 627]
[540, 583, 585, 628]
[541, 584, 586, 629]
[542, 585, 587, 630]
[543, 586, 588, 631]
[544, 587, 589, 632]
[545, 588, 590, 633]
[546, 589, 591, 634]
[547, 590, 592, 635]
[548, 591, 593, 636]
[549, 592, 594, 637]
[550, 593, 595, 638]
[551, 594, 596, 639]
[552, 595, 597, 640]
[553, 596, 598, 641]
[554, 597, 599, 642]
[555, 598, 600, 643]
[556, 599, 601, 644]
[557, 600, 602, 645]
[558, 601, 603, 646]
[559, 602, 604, 647]
[560, 603, 605, 648]
[561, 604, 606, 649]
[562, 605, 607, 650]
[563, 606, 608, 651]
[564, 607, 609, 652]
[565, 608, 610, 653]
[566, 609, 611, 654]
[567, 610, 612, 655]
[568, 611, 613, 656]
[569, 612, 614, 657]
[570, 613, 615, 658]
[571, 572, 614, 659]
[572, 617, 659, 660]
[573, 616, 618, 661]
[574, 617, 619, 662]
[575, 618, 620, 663]
[576, 619, 621, 664]
[577, 620, 622, 665]
[578, 621, 623, 666]
[579, 622, 624, 667]
[580, 623, 625, 668]
[581, 624, 626, 669]
[582, 625, 627, 670]
[583, 626, 628, 671]
[584, 627, 629, 672]
[585, 628, 630, 673]
[586, 629, 631, 674]
[587, 630, 632, 675]
[588, 631, 633, 676]
[589, 632, 634, 677]
[590, 633, 635, 678]
[591, 634, 636, 679]
[592, 635, 637, 680]
[593, 636, 638, 681]
[594, 637, 639, 682]
[595, 638, 640, 683]
[596, 639, 641, 684]
[597, 640, 642, 685]
[598, 641, 643, 686]
[599, 642, 644, 687]
[600, 643, 645, 688]
[601, 644, 646, 689]
[602, 645, 647, 690]
[603, 646, 648, 691]
[604, 647, 649, 692]
[605, 648, 650, 693]
[606, 649, 651, 694]
[607, 650, 652, 695]
[608, 651, 653, 696]
[609, 652, 654, 697]
[610, 653, 655, 698]
[611, 654, 656, 699]
[612, 655, 657, 700]
[613, 656, 658, 701]
[614, 657, 659, 702]
[615, 616, 658, 703]
[616, 661, 703, 704]
[617, 660, 662, 705]
[618, 661, 663, 706]
[619, 662, 664, 707]
[620, 663, 665, 708]
[621, 664, 666, 709]
[622, 665, 667, 710]
[623, 666, 668, 711]
[624, 667, 669, 712]
[625, 668, 670, 713]
[626, 669, 671, 714]
[627, 670, 672, 715]
[628, 671, 673, 716]
[629, 672, 674, 717]
[630, 673, 675, 718]
[631, 674, 676, 719]
[632, 675, 677, 720]
[633, 676, 678, 721]
[634, 677, 679, 722]
[635, 678, 680, 723]
[636, 679, 681, 724]
[637, 680, 682, 725]
[638, 681, 683, 726]
[639, 682, 684, 727]
[640, 683, 685, 728]
[641, 684, 686, 729]
[642, 685, 687, 730]
[643, 686, 688, 731]
[644, 687, 689, 732]
[645, 688, 690, 733]
[646, 689, 691, 734]
[647, 690, 692, 735]
[648, 691, 693, 736]
[649, 692, 694, 737]
[650, 693, 695, 738]
[651, 694, 696, 739]
[652, 695, 697, 740]
[653, 696, 698, 741]
[654, 697, 699, 742]
[655, 698, 700, 743]
[656, 699, 701, 744]
[657, 700, 702, 745]
[658, 701, 703, 746]
[659, 660, 702, 747]
[660, 705, 747, 748]
[661, 704, 706, 749]
[662, 705, 707, 750]
[663, 706, 708, 751]
[664, 707, 709, 752]
[665, 708, 710, 753]
[666, 709, 711, 754]
[667, 710, 712, 755]
[668, 711, 713, 756]
[669, 712, 714, 757]
[670, 713, 715, 758]
[671, 714, 716, 759]
[672, 715, 717, 760]
[673, 716, 718, 761]
[674, 717, 719, 762]
[675, 718, 720, 763]
[676, 719, 721, 764]
[677, 720, 722, 765]
[678, 721, 723, 766]
[679, 722, 724, 767]
[680, 723, 725, 768]
[681, 724, 726, 769]
[682, 725, 727, 770]
[683, 726, 728, 771]
[684, 727, 729, 772]
[685, 728, 730, 773]
[686, 729, 731, 774]
[687, 730, 732, 775]
[688, 731, 733, 776]
[689, 732, 734, 777]
[690, 733, 735, 778]
[691, 734, 736, 779]
[692, 735, 737, 780]
[693, 736, 738, 781]
[694, 737, 739, 782]
[695, 738, 740, 783]
[696, 739, 741, 784]
[697, 740, 742, 785]
[698, 741, 743, 786]
[699, 742, 744, 787]
[700, 743, 745, 788]
[701, 744, 746, 789]
[702, 745, 747, 790]
[703, 704, 746, 791]
[704, 749, 791, 792]
[705, 748, 750, 793]
[706, 749, 751, 794]
[707, 750, 752, 795]
[708, 751, 753, 796]
[709, 752, 754, 797]
[710, 753, 755, 798]
[711, 754, 756, 799]
[712, 755, 757, 800]
[713, 756, 758, 801]
[714, 757, 759, 802]
[715, 758, 760, 803]
[716, 759, 761, 804]
[717, 760, 762, 805]
[718, 761, 763, 806]
[719, 762, 764, 807]
[720, 763, 765, 808]
[721, 764, 766, 809]
[722, 765, 767, 810]
[723, 766, 768, 811]
[724, 767, 769, 812]
[725, 768, 770, 813]
[726, 769, 771, 814]
[727, 770, 772, 815]
[728, 771, 773, 816]
[729, 772, 774, 817]
[730, 773, 775, 818]
[731, 774, 776, 819]
[732, 775, 777, 820]
[733, 776, 778, 821]
[734, 777, 779, 822]
[735, 778, 780, 823]
[736, 779, 781, 824]
[737, 780, 782, 825]
[738, 781, 783, 826]
[739, 782, 784, 827]
[740, 783, 785, 828]
[741, 784, 786, 829]
[742, 785, 787, 830]
[743, 786, 788, 831]
[744, 787, 789, 832]
[745, 788, 790, 833]
[746, 789, 791, 834]
[747, 748, 790, 835]
[748, 793, 835, 836]
[749, 792, 794, 837]
[750, 793, 795, 838]
[751, 794, 796, 839]
[752, 795, 797, 840]
[753, 796, 798, 841]
[754, 797, 799, 842]
[755, 798, 800, 843]
[756, 799, 801, 844]
[757, 800, 802, 845]
[758, 801, 803, 846]
[759, 802, 804, 847]
[760, 803, 805, 848]
[761, 804, 806, 849]
[762, 805, 807, 850]
[763, 806, 808, 851]
[764, 807, 809, 852]
[765, 808, 810, 853]
[766, 809, 811, 854]
[767, 810, 812, 855]
[768, 811, 813, 856]
[769, 812, 814, 857]
[770, 813, 815, 858]
[771, 814, 816, 859]
[772, 815, 817, 860]
[773, 816, 818, 861]
[774, 817, 819, 862]
[775, 818, 820, 863]
[776, 819, 821, 864]
[777, 820, 822, 865]
[778, 821, 823, 866]
[779, 822, 824, 867]
[780, 823, 825, 868]
[781, 824, 826, 869]
[782, 825, 827, 870]
[783, 826, 828, 871]
[784, 827, 829, 872]
[785, 828, 830, 873]
[786, 829, 831, 874]
[787, 830, 832, 875]
[788, 831, 833, 876]
[789, 832, 834, 877]
[790, 833, 835, 878]
[791, 792, 834, 879]
[792, 837, 879, 880]
[793, 836, 838, 881]
[794, 837, 839, 882]
[795, 838, 840, 883]
[796, 839, 841, 884]
[797, 840, 842, 885]
[798, 841, 843, 886]
[799, 842, 844, 887]
[800, 843, 845, 888]
[801, 844, 846, 889]
[802, 845, 847, 890]
[803, 846, 848, 891]
[804, 847, 849, 892]
[805, 848, 850, 893]
[806, 849, 851, 894]
[807, 850, 852, 895]
[808, 851, 853, 896]
[809, 852, 854, 897]
[810, 853, 855, 898]
[811, 854, 856, 899]
[812, 855, 857, 900]
[813, 856, 858, 901]
[814, 857, 859, 902]
[815, 858, 860, 903]
[816, 859, 861, 904]
[817, 860, 862, 905]
[818, 861, 863, 906]
[819, 862, 864, 907]
[820, 863, 865, 908]
[821, 864, 866, 909]
[822, 865, 867, 910]
[823, 866, 868, 911]
[824, 867, 869, 912]
[825, 868, 870, 913]
[826, 869, 871, 914]
[827, 870, 872, 915]
[828, 871, 873, 916]
[829, 872, 874, 917]
[830, 873, 875, 918]
[831, 874, 876, 919]
[832, 875, 877, 920]
[833, 876, 878, 921]
[834, 877, 879, 922]
[835, 836, 878, 923]
[836, 881, 923, 924]
[837, 880, 882, 925]
[838, 881, 883, 926]
[839, 882, 884, 927]
[840, 883, 885, 928]
[841, 884, 886, 929]
[842, 885, 887, 930]
[843, 886, 888, 931]
[844, 887, 889, 932]
[845, 888, 890, 933]
[846, 889, 891, 934]
[847, 890, 892, 935]
[848, 891, 893, 936]
[849, 892, 894, 937]
[850, 893, 895, 938]
[851, 894, 896, 939]
[852, 895, 897, 940]
[853, 896, 898, 941]
[854, 897, 899, 942]
[855, 898, 900, 943]
[856, 899, 901, 944]
[857, 900, 902, 945]
[858, 901, 903, 946]
[859, 902, 904, 947]
[860, 903, 905, 948]
[861, 904, 906, 949]
[862, 905, 907, 950]
[863, 906, 908, 951]
[864, 907, 909, 952]
[865, 908, 910, 953]
[866, 909, 911, 954]
[867, 910, 912, 955]
[868, 911, 913, 956]
[869, 912, 914, 957]
[870, 913, 915, 958]
[871, 914, 916, 959]
[872, 915, 917, 960]
[873, 916, 918, 961]
[874, 917, 919, 962]
[875, 918, 920, 963]
[876, 919, 921, 964]
[877, 920, 922, 965]
[878, 921, 923, 966]
[879, 880, 922, 967]
[880, 925, 967, 968]
[881, 924, 926, 969]
[882, 925, 927, 970]
[883, 926, 928, 971]
[884, 927, 929, 972]
[885, 928, 930, 973]
[886, 929, 931, 974]
[887, 930, 932, 975]
[888, 931, 933, 976]
[889, 932, 934, 977]
[890, 933, 935, 978]
[891, 934, 936, 979]
[892, 935, 937, 980]
[893, 936, 938, 981]
[894, 937, 939, 982]
[895, 938, 940, 983]
[896, 939, 941, 984]
[897, 940, 942, 985]
[898, 941, 943, 986]
[899, 942, 944, 987]
[900, 943, 945, 988]
[901, 944, 946, 989]
[902, 945, 947, 990]
[903, 946, 948, 991]
[904, 947, 949, 992]
[905, 948, 950, 993]
[906, 949, 951, 994]
[907, 950, 952, 995]
[908, 951, 953, 996]
[909, 952, 954, 997]
[910, 953, 955, 998]
[911, 954, 956, 999]
[912, 955, 957, 1000]
[913, 956, 958, 1001]
[914, 957, 959, 1002]
[915, 958, 960, 1003]
[916, 959, 961, 1004]
[917, 960, 962, 1005]
[918, 961, 963, 1006]
[919, 962, 964, 1007]
[920, 963, 965, 1008]
[921, 964, 966, 1009]
[922, 965, 967, 1010]
[923, 924, 966, 1011]
[924, 969, 1011, 1012]
[925, 968, 970, 1013]
[926, 969, 971, 1014]
[927, 970, 972, 1015]
[928, 971, 973, 1016]
[929, 972, 974, 1017]
[930, 973, 975, 1018]
[931, 974, 976, 1019]
[932, 975, 977, 1020]
[933, 976, 978, 1021]
[934, 977, 979, 1022]
[935, 978, 980, 1023]
[936, 979, 981, 1024]
[937, 980, 982, 1025]
[938, 981, 983, 1026]
[939, 982, 984, 1027]
[940, 983, 985, 1028]
[941, 984, 986, 1029]
[942, 985, 987, 1030]
[943, 986, 988, 1031]
[944, 987, 989, 1032]
[945, 988, 990, 1033]
[946, 989, 991, 1034]
[947, 990, 992, 1035]
[948, 991, 993, 1036]
[949, 992, 994, 1037]
[950, 993, 995, 1038]
[951, 994, 996, 1039]
[952, 995, 997, 1040]
[953, 996, 998, 1041]
[954, 997, 999, 1042]
[955, 998, 1000, 1043]
[956, 999, 1001, 1044]
[957, 1000, 1002, 1045]
[958, 1001, 1003, 1046]
[959, 1002, 1004, 1047]
[960, 1003, 1005, 1048]
[961, 1004, 1006, 1049]
[962, 1005, 1007, 1050]
[963, 1006, 1008, 1051]
[964, 1007, 1009, 1052]
[965, 1008, 1010, 1053]
[966, 1009, 1011, 1054]
[967, 968, 1010, 1055]
[968, 1013, 1055, 1056]
[969, 1012, 1014, 1057]
[970, 1013, 1015, 1058]
[971, 1014, 1016, 1059]
[972, 1015, 1017, 1060]
[973, 1016, 1018, 1061]
[974, 1017, 1019, 1062]
[975, 1018, 1020, 1063]
[976, 1019, 1021, 1064]
[977, 1020, 1022, 1065]
[978, 1021, 1023, 1066]
[979, 1022, 1024, 1067]
[980, 1023, 1025, 1068]
[981, 1024, 1026, 1069]
[982, 1025, 1027, 1070]
[983, 1026, 1028, 1071]
[984, 1027, 1029, 1072]
[985, 1028, 1030, 1073]
[986, 1029, 1031, 1074]
[987, 1030, 1032, 1075]
[988, 1031, 1033, 1076]
[989, 1032, 1034, 1077]
[990, 1033, 1035, 1078]
[991, 1034, 1036, 1079]
[992, 1035, 1037, 1080]
[993, 1036, 1038, 1081]
[994, 1037, 1039, 1082]
[995, 1038, 1040, 1083]
[996, 1039, 1041, 1084]
[997, 1040, 1042, 1085]
[998, 1041, 1043, 1086]
[999, 1042, 1044, 1087]
[1000, 1043, 1045, 1088]
[1001, 1044, 1046, 1089]
[1002, 1045, 1047, 1090]
[1003, 1046, 1048, 1091]
[1004, 1047, 1049, 1092]
[1005, 1048, 1050, 1093]
[1006, 1049, 1051, 1094]
[1007, 1050, 1052, 1095]
[1008, 1051, 1053, 1096]
[1009, 1052, 1054, 1097]
[1010, 1053, 1055, 1098]
[1011, 1012, 1054, 1099]
[1012, 1057, 1099, 1100]
[1013, 1056, 1058, 1101]
[1014, 1057, 1059, 1102]
[1015, 1058, 1060, 1103]
[1016, 1059, 1061, 1104]
[1017, 1060, 1062, 1105]
[1018, 1061, 1063, 1106]
[1019, 1062, 1064, 1107]
[1020, 1063, 1065, 1108]
[1021, 1064, 1066, 1109]
[1022, 1065, 1067, 1110]
[1023, 1066, 1068, 1111]
[1024, 1067, 1069, 1112]
[1025, 1068, 1070, 1113]
[1026, 1069, 1071, 1114]
[1027, 1070, 1072, 1115]
[1028, 1071, 1073, 1116]
[1029, 1072, 1074, 1117]
[1030, 1073, 1075, 1118]
[1031, 1074, 1076, 1119]
[1032, 1075, 1077, 1120]
[1033, 1076, 1078, 1121]
[1034, 1077, 1079, 1122]
[1035, 1078, 1080, 1123]
[1036, 1079, 1081, 1124]
[1037, 1080, 1082, 1125]
[1038, 1081, 1083, 1126]
[1039, 1082, 1084, 1127]
[1040, 1083, 1085, 1128]
[1041, 1084, 1086, 1129]
[1042, 1085, 1087, 1130]
[1043, 1086, 1088, 1131]
[1044, 1087, 1089, 1132]
[1045, 1088, 1090, 1133]
[1046, 1089, 1091, 1134]
[1047, 1090, 1092, 1135]
[1048, 1091, 1093, 1136]
[1049, 1092, 1094, 1137]
[1050, 1093, 1095, 1138]
[1051, 1094, 1096, 1139]
[1052, 1095, 1097, 1140]
[1053, 1096, 1098, 1141]
[1054, 1097, 1099, 1142]
[1055, 1056, 1098, 1143]
[1056, 1101, 1143, 1144]
[1057, 1100, 1102, 1145]
[1058, 1101, 1103, 1146]
[1059, 1102, 1104, 1147]
[1060, 1103, 1105, 1148]
[1061, 1104, 1106, 1149]
[1062, 1105, 1107, 1150]
[1063, 1106, 1108, 1151]
[1064, 1107, 1109, 1152]
[1065, 1108, 1110, 1153]
[1066, 1109, 1111, 1154]
[1067, 1110, 1112, 1155]
[1068, 1111, 1113, 1156]
[1069, 1112, 1114, 1157]
[1070, 1113, 1115, 1158]
[1071, 1114, 1116, 1159]
[1072, 1115, 1117, 1160]
[1073, 1116, 1118, 1161]
[1074, 1117, 1119, 1162]
[1075, 1118, 1120, 1163]
[1076, 1119, 1121, 1164]
[1077, 1120, 1122, 1165]
[1078, 1121, 1123, 1166]
[1079, 1122, 1124, 1167]
[1080, 1123, 1125, 1168]
[1081, 1124, 1126, 1169]
[1082, 1125, 1127, 1170]
[1083, 1126, 1128, 1171]
[1084, 1127, 1129, 1172]
[1085, 1128, 1130, 1173]
[1086, 1129, 1131, 1174]
[1087, 1130, 1132, 1175]
[1088, 1131, 1133, 1176]
[1089, 1132, 1134, 1177]
[1090, 1133, 1135, 1178]
[1091, 1134, 1136, 1179]
[1092, 1135, 1137, 1180]
[1093, 1136, 1138, 1181]
[1094, 1137, 1139, 1182]
[1095, 1138, 1140, 1183]
[1096, 1139, 1141, 1184]
[1097, 1140, 1142, 1185]
[1098, 1141, 1143, 1186]
[1099, 1100, 1142, 1187]
[1100, 1145, 1187, 1188]
[1101, 1144, 1146, 1189]
[1102, 1145, 1147, 1190]
[1103, 1146, 1148, 1191]
[1104, 1147, 1149, 1192]
[1105, 1148, 1150, 1193]
[1106, 1149, 1151, 1194]
[1107, 1150, 1152, 1195]
[1108, 1151, 1153, 1196]
[1109, 1152, 1154, 1197]
[1110, 1153, 1155, 1198]
[1111, 1154, 1156, 1199]
[1112, 1155, 1157, 1200]
[1113, 1156, 1158, 1201]
[1114, 1157, 1159, 1202]
[1115, 1158, 1160, 1203]
[1116, 1159, 1161, 1204]
[1117, 1160, 1162, 1205]
[1118, 1161, 1163, 1206]
[1119, 1162, 1164, 1207]
[1120, 1163, 1165, 1208]
[1121, 1164, 1166, 1209]
[1122, 1165, 1167, 1210]
[1123, 1166, 1168, 1211]
[1124, 1167, 1169, 1212]
[1125, 1168, 1170, 1213]
[1126, 1169, 1171, 1214]
[1127, 1170, 1172, 1215]
[1128, 1171, 1173, 1216]
[1129, 1172, 1174, 1217]
[1130, 1173, 1175, 1218]
[1131, 1174, 1176, 1219]
[1132, 1175, 1177, 1220]
[1133, 1176, 1178, 1221]
[1134, 1177, 1179, 1222]
[1135, 1178, 1180, 1223]
[1136, 1179, 1181, 1224]
[1137, 1180, 1182, 1225]
[1138, 1181, 1183, 1226]
[1139, 1182, 1184, 1227]
[1140, 1183, 1185, 1228]
[1141, 1184, 1186, 1229]
[1142, 1185, 1187, 1230]
[1143, 1144, 1186, 1231]
[1144, 1189, 1231, 1232]
[1145, 1188, 1190, 1233]
[1146, 1189, 1191, 1234]
[1147, 1190, 1192, 1235]
[1148, 1191, 1193, 1236]
[1149, 1192, 1194, 1237]
[1150, 1193, 1195, 1238]
[1151, 1194, 1196, 1239]
[1152, 1195, 1197, 1240]
[1153, 1196, 1198, 1241]
[1154, 1197, 1199, 1242]
[1155, 1198, 1200, 1243]
[1156, 1199, 1201, 1244]
[1157, 1200, 1202, 1245]
[1158, 1201, 1203, 1246]
[1159, 1202, 1204, 1247]
[1160, 1203, 1205, 1248]
[1161, 1204, 1206, 1249]
[1162, 1205, 1207, 1250]
[1163, 1206, 1208, 1251]
[1164, 1207, 1209, 1252]
[1165, 1208, 1210, 1253]
[1166, 1209, 1211, 1254]
[1167, 1210, 1212, 1255]
[1168, 1211, 1213, 1256]
[1169, 1212, 1214, 1257]
[1170, 1213, 1215, 1258]
[1171, 1214, 1216, 1259]
[1172, 1215, 1217, 1260]
[1173, 1216, 1218, 1261]
[1174, 1217, 1219, 1262]
[1175, 1218, 1220, 1263]
[1176, 1219, 1221, 1264]
[1177, 1220, 1222, 1265]
[1178, 1221, 1223, 1266]
[1179, 1222, 1224, 1267]
[1180, 1223, 1225, 1268]
[1181, 1224, 1226, 1269]
[1182, 1225, 1227, 1270]
[1183, 1226, 1228, 1271]
[1184, 1227, 1229, 1272]
[1185, 1228, 1230, 1273]
[1186, 1229, 1231, 1274]
[1187, 1188, 1230, 1275]
[1188, 1233, 1275, 1276]
[1189, 1232, 1234, 1277]
[1190, 1233, 1235, 1278]
[1191, 1234, 1236, 1279]
[1192, 1235, 1237, 1280]
[1193, 1236, 1238, 1281]
[1194, 1237, 1239, 1282]
[1195, 1238, 1240, 1283]
[1196, 1239, 1241, 1284]
[1197, 1240, 1242, 1285]
[1198, 1241, 1243, 1286]
[1199, 1242, 1244, 1287]
[1200, 1243, 1245, 1288]
[1201, 1244, 1246, 1289]
[1202, 1245, 1247, 1290]
[1203, 1246, 1248, 1291]
[1204, 1247, 1249, 1292]
[1205, 1248, 1250, 1293]
[1206, 1249, 1251, 1294]
[1207, 1250, 1252, 1295]
[1208, 1251, 1253, 1296]
[1209, 1252, 1254, 1297]
[1210, 1253, 1255, 1298]
[1211, 1254, 1256, 1299]
[1212, 1255, 1257, 1300]
[1213, 1256, 1258, 1301]
[1214, 1257, 1259, 1302]
[1215, 1258, 1260, 1303]
[1216, 1259, 1261, 1304]
[1217, 1260, 1262, 1305]
[1218, 1261, 1263, 1306]
[1219, 1262, 1264, 1307]
[1220, 1263, 1265, 1308]
[1221, 1264, 1266, 1309]
[1222, 1265, 1267, 1310]
[1223, 1266, 1268, 1311]
[1224, 1267, 1269, 1312]
[1225, 1268, 1270, 1313]
[1226, 1269, 1271, 1314]
[1227, 1270, 1272, 1315]
[1228, 1271, 1273, 1316]
[1229, 1272, 1274, 1317]
[1230, 1273, 1275, 1318]
[1231, 1232, 1274, 1319]
[1232, 1277, 1319, 1320]
[1233, 1276, 1278, 1321]
[1234, 1277, 1279, 1322]
[1235, 1278, 1280, 1323]
[1236, 1279, 1281, 1324]
[1237, 1280, 1282, 1325]
[1238, 1281, 1283, 1326]
[1239, 1282, 1284, 1327]
[1240, 1283, 1285, 1328]
[1241, 1284, 1286, 1329]
[1242, 1285, 1287, 1330]
[1243, 1286, 1288, 1331]
[1244, 1287, 1289, 1332]
[1245, 1288, 1290, 1333]
[1246, 1289, 1291, 1334]
[1247, 1290, 1292, 1335]
[1248, 1291, 1293, 1336]
[1249, 1292, 1294, 1337]
[1250, 1293, 1295, 1338]
[1251, 1294, 1296, 1339]
[1252, 1295, 1297, 1340]
[1253, 1296, 1298, 1341]
[1254, 1297, 1299, 1342]
[1255, 1298, 1300, 1343]
[1256, 1299, 1301, 1344]
[1257, 1300, 1302, 1345]
[1258, 1301, 1303, 1346]
[1259, 1302, 1304, 1347]
[1260, 1303, 1305, 1348]
[1261, 1304, 1306, 1349]
[1262, 1305, 1307, 1350]
[1263, 1306, 1308, 1351]
[1264, 1307, 1309, 1352]
[1265, 1308, 1310, 1353]
[1266, 1309, 1311, 1354]
[1267, 1310, 1312, 1355]
[1268, 1311, 1313, 1356]
[1269, 1312, 1314, 1357]
[1270, 1313, 1315, 1358]
[1271, 1314, 1316, 1359]
[1272, 1315, 1317, 1360]
[1273, 1316, 1318, 1361]
[1274, 1317, 1319, 1362]
[1275, 1276, 1318, 1363]
[1276, 1321, 1363, 1364]
[1277, 1320, 1322, 1365]
[1278, 1321, 1323, 1366]
[1279, 1322, 1324, 1367]
[1280, 1323, 1325, 1368]
[1281, 1324, 1326, 1369]
[1282, 1325, 1327, 1370]
[1283, 1326, 1328, 1371]
[1284, 1327, 1329, 1372]
[1285, 1328, 1330, 1373]
[1286, 1329, 1331, 1374]
[1287, 1330, 1332, 1375]
[1288, 1331, 1333, 1376]
[1289, 1332, 1334, 1377]
[1290, 1333, 1335, 1378]
[1291, 1334, 1336, 1379]
[1292, 1335, 1337, 1380]
[1293, 1336, 1338, 1381]
[1294, 1337, 1339, 1382]
[1295, 1338, 1340, 1383]
[1296, 1339, 1341, 1384]
[1297, 1340, 1342, 1385]
[1298, 1341, 1343, 1386]
[1299, 1342, 1344, 1387]
[1300, 1343, 1345, 1388]
[1301, 1344, 1346, 1389]
[1302, 1345, 1347, 1390]
[1303, 1346, 1348, 1391]
[1304, 1347, 1349, 1392]
[1305, 1348, 1350, 1393]
[1306, 1349, 1351, 1394]
[1307, 1350, 1352, 1395]
[1308, 1351, 1353, 1396]
[1309, 1352, 1354, 1397]
[1310, 1353, 1355, 1398]
[1311, 1354, 1356, 1399]
[1312, 1355, 1357, 1400]
[1313, 1356, 1358, 1401]
[1314, 1357, 1359, 1402]
[1315, 1358, 1360, 1403]
[1316, 1359, 1361, 1404]
[1317, 1360, 1362, 1405]
[1318, 1361, 1363, 1406]
[1319, 1320, 1362, 1407]
[1320, 1365, 1407, 1408]
[1321, 1364, 1366, 1409]
[1322, 1365, 1367, 1410]
[1323, 1366, 1368, 1411]
[1324, 1367, 1369, 1412]
[1325, 1368, 1370, 1413]
[1326, 1369, 1371, 1414]
[1327, 1370, 1372, 1415]
[1328, 1371, 1373, 1416]
[1329, 1372, 1374, 1417]
[1330, 1373, 1375, 1418]
[1331, 1374, 1376, 1419]
[1332, 1375, 1377, 1420]
[1333, 1376, 1378, 1421]
[1334, 1377, 1379, 1422]
[1335, 1378, 1380, 1423]
[1336, 1379, 1381, 1424]
[1337, 1380, 1382, 1425]
[1338, 1381, 1383, 1426]
[1339, 1382, 1384, 1427]
[1340, 1383, 1385, 1428]
[1341, 1384, 1386, 1429]
[1342, 1385, 1387, 1430]
[1343, 1386, 1388, 1431]
[1344, 1387, 1389, 1432]
[1345, 1388, 1390, 1433]
[1346, 1389, 1391, 1434]
[1347, 1390, 1392, 1435]
[1348, 1391, 1393, 1436]
[1349, 1392, 1394, 1437]
[1350, 1393, 1395, 1438]
[1351, 1394, 1396, 1439]
[1352, 1395, 1397, 1440]
[1353, 1396, 1398, 1441]
[1354, 1397, 1399, 1442]
[1355, 1398, 1400, 1443]
[1356, 1399, 1401, 1444]
[1357, 1400, 1402, 1445]
[1358, 1401, 1403, 1446]
[1359, 1402, 1404, 1447]
[1360, 1403, 1405, 1448]
[1361, 1404, 1406, 1449]
[1362, 1405, 1407, 1450]
[1363, 1364, 1406, 1451]
[1364, 1409, 1451, 1452]
[1365, 1408, 1410, 1453]
[1366, 1409, 1411, 1454]
[1367, 1410, 1412, 1455]
[1368, 1411, 1413, 1456]
[1369, 1412, 1414, 1457]
[1370, 1413, 1415, 1458]
[1371, 1414, 1416, 1459]
[1372, 1415, 1417, 1460]
[1373, 1416, 1418, 1461]
[1374, 1417, 1419, 1462]
[1375, 1418, 1420, 1463]
[1376, 1419, 1421, 1464]
[1377, 1420, 1422, 1465]
[1378, 1421, 1423, 1466]
[1379, 1422, 1424, 1467]
[1380, 1423, 1425, 1468]
[1381, 1424, 1426, 1469]
[1382, 1425, 1427, 1470]
[1383, 1426, 1428, 1471]
[1384, 1427, 1429, 1472]
[1385, 1428, 1430, 1473]
[1386, 1429, 1431, 1474]
[1387, 1430, 1432, 1475]
[1388, 1431, 1433, 1476]
[1389, 1432, 1434, 1477]
[1390, 1433, 1435, 1478]
[1391, 1434, 1436, 1479]
[1392, 1435, 1437, 1480]
[1393, 1436, 1438, 1481]
[1394, 1437, 1439, 1482]
[1395, 1438, 1440, 1483]
[1396, 1439, 1441, 1484]
[1397, 1440, 1442, 1485]
[1398, 1441, 1443, 1486]
[1399, 1442, 1444, 1487]
[1400, 1443, 1445, 1488]
[1401, 1444, 1446, 1489]
[1402, 1445, 1447, 1490]
[1403, 1446, 1448, 1491]
[1404, 1447, 1449, 1492]
[1405, 1448, 1450, 1493]
[1406, 1449, 1451, 1494]
[1407, 1408, 1450, 1495]
[1408, 1453, 1495, 1496]
[1409, 1452, 1454, 1497]
[1410, 1453, 1455, 1498]
[1411, 1454, 1456, 1499]
[1412, 1455, 1457, 1500]
[1413, 1456, 1458, 1501]
[1414, 1457, 1459, 1502]
[1415, 1458, 1460, 1503]
[1416, 1459, 1461, 1504]
[1417, 1460, 1462, 1505]
[1418, 1461, 1463, 1506]
[1419, 1462, 1464, 1507]
[1420, 1463, 1465, 1508]
[1421, 1464, 1466, 1509]
[1422, 1465, 1467, 1510]
[1423, 1466, 1468, 1511]
[1424, 1467, 1469, 1512]
[1425, 1468, 1470, 1513]
[1426, 1469, 1471, 1514]
[1427, 1470, 1472, 1515]
[1428, 1471, 1473, 1516]
[1429, 1472, 1474, 1517]
[1430, 1473, 1475, 1518]
[1431, 1474, 1476, 1519]
[1432, 1475, 1477, 1520]
[1433, 1476, 1478, 1521]
[1434, 1477, 1479, 1522]
[1435, 1478, 1480, 1523]
[1436, 1479, 1481, 1524]
[1437, 1480, 1482, 1525]
[1438, 1481, 1483, 1526]
[1439, 1482, 1484, 1527]
[1440, 1483, 1485, 1528]
[1441, 1484, 1486, 1529]
[1442, 1485, 1487, 1530]
[1443, 1486, 1488, 1531]
[1444, 1487, 1489, 1532]
[1445, 1488, 1490, 1533]
[1446, 1489, 1491, 1534]
[1447, 1490, 1492, 1535]
[1448, 1491, 1493, 1536]
[1449, 1492, 1494, 1537]
[1450, 1493, 1495, 1538]
[1451, 1452, 1494, 1539]
[1452, 1497, 1539, 1540]
[1453, 1496, 1498, 1541]
[1454, 1497, 1499, 1542]
[1455, 1498, 1500, 1543]
[1456, 1499, 1501, 1544]
[1457, 1500, 1502, 1545]
[1458, 1501, 1503, 1546]
[1459, 1502, 1504, 1547]
[1460, 1503, 1505, 1548]
[1461, 1504, 1506, 1549]
[1462, 1505, 1507, 1550]
[1463, 1506, 1508, 1551]
[1464, 1507, 1509, 1552]
[1465, 1508, 1510, 1553]
[1466, 1509, 1511, 1554]
[1467, 1510, 1512, 1555]
[1468, 1511, 1513, 1556]
[1469, 1512, 1514, 1557]
[1470, 1513, 1515, 1558]
[1471, 1514, 1516, 1559]
[1472, 1515, 1517, 1560]
[1473, 1516, 1518, 1561]
[1474, 1517, 1519, 1562]
[1475, 1518, 1520, 1563]
[1476, 1519, 1521, 1564]
[1477, 1520, 1522, 1565]
[1478, 1521, 1523, 1566]
[1479, 1522, 1524, 1567]
[1480, 1523, 1525, 1568]
[1481, 1524, 1526, 1569]
[1482, 1525, 1527, 1570]
[1483, 1526, 1528, 1571]
[1484, 1527, 1529, 1572]
[1485, 1528, 1530, 1573]
[1486, 1529, 1531, 1574]
[1487, 1530, 1532, 1575]
[1488, 1531, 1533, 1576]
[1489, 1532, 1534, 1577]
[1490, 1533, 1535, 1578]
[1491, 1534, 1536, 1579]
[1492, 1535, 1537, 1580]
[1493, 1536, 1538, 1581]
[1494, 1537, 1539, 1582]
[1495, 1496, 1538, 1583]
[1496, 1541, 1583, 1584]
[1497, 1540, 1542, 1585]
[1498, 1541, 1543, 1586]
[1499, 1542, 1544, 1587]
[1500, 1543, 1545, 1588]
[1501, 1544, 1546, 1589]
[1502, 1545, 1547, 1590]
[1503, 1546, 1548, 1591]
[1504, 1547, 1549, 1592]
[1505, 1548, 1550, 1593]
[1506, 1549, 1551, 1594]
[1507, 1550, 1552, 1595]
[1508, 1551, 1553, 1596]
[1509, 1552, 1554, 1597]
[1510, 1553, 1555, 1598]
[1511, 1554, 1556, 1599]
[1512, 1555, 1557, 1600]
[1513, 1556, 1558, 1601]
[1514, 1557, 1559, 1602]
[1515, 1558, 1560, 1603]
[1516, 1559, 1561, 1604]
[1517, 1560, 1562, 1605]
[1518, 1561, 1563, 1606]
[1519, 1562, 1564, 1607]
[1520, 1563, 1565, 1608]
[1521, 1564, 1566, 1609]
[1522, 1565, 1567, 1610]
[1523, 1566, 1568, 1611]
[1524, 1567, 1569, 1612]
[1525, 1568, 1570, 1613]
[1526, 1569, 1571, 1614]
[1527, 1570, 1572, 1615]
[1528, 1571, 1573, 1616]
[1529, 1572, 1574, 1617]
[1530, 1573, 1575, 1618]
[1531, 1574, 1576, 1619]
[1532, 1575, 1577, 1620]
[1533, 1576, 1578, 1621]
[1534, 1577, 1579, 1622]
[1535, 1578, 1580, 1623]
[1536, 1579, 1581, 1624]
[1537, 1580, 1582, 1625]
[1538, 1581, 1583, 1626]
[1539, 1540, 1582, 1627]
[1540, 1585, 1627, 1628]
[1541, 1584, 1586, 1629]
[1542, 1585, 1587, 1630]
[1543, 1586, 1588, 1631]
[1544, 1587, 1589, 1632]
[1545, 1588, 1590, 1633]
[1546, 1589, 1591, 1634]
[1547, 1590, 1592, 1635]
[1548, 1591, 1593, 1636]
[1549, 1592, 1594, 1637]
[1550, 1593, 1595, 1638]
[1551, 1594, 1596, 1639]
[1552, 1595, 1597, 1640]
[1553, 1596, 1598, 1641]
[1554, 1597, 1599, 1642]
[1555, 1598, 1600, 1643]
[1556, 1599, 1601, 1644]
[1557, 1600, 1602, 1645]
[1558, 1601, 1603, 1646]
[1559, 1602, 1604, 1647]
[1560, 1603, 1605, 1648]
[1561, 1604, 1606, 1649]
[1562, 1605, 1607, 1650]
[1563, 1606, 1608, 1651]
[1564, 1607, 1609, 1652]
[1565, 1608, 1610, 1653]
[1566, 1609, 1611, 1654]
[1567, 1610, 1612, 1655]
[1568, 1611, 1613, 1656]
[1569, 1612, 1614, 1657]
[1570, 1613, 1615, 1658]
[1571, 1614, 1616, 1659]
[1572, 1615, 1617, 1660]
[1573, 1616, 1618, 1661]
[1574, 1617, 1619, 1662]
[1575, 1618, 1620, 1663]
[1576, 1619, 1621, 1664]
[1577, 1620, 1622, 1665]
[1578, 1621, 1623, 1666]
[1579, 1622, 1624, 1667]
[1580, 1623, 1625, 1668]
[1581, 1624, 1626, 1669]
[1582, 1625, 1627, 1670]
[1583, 1584, 1626, 1671]
[1584, 1629, 1671, 1672]
[1585, 1628, 1630, 1673]
[1586, 1629, 1631, 1674]
[1587, 1630, 1632, 1675]
[1588, 1631, 1633, 1676]
[1589, 1632, 1634, 1677]
[1590, 1633, 1635, 1678]
[1591, 1634, 1636, 1679]
[1592, 1635, 1637, 1680]
[1593, 1636, 1638, 1681]
[1594, 1637, 1639, 1682]
[1595, 1638, 1640, 1683]
[1596, 1639, 1641, 1684]
[1597, 1640, 1642, 1685]
[1598, 1641, 1643, 1686]
[1599, 1642, 1644, 1687]
[1600, 1643, 1645, 1688]
[1601, 1644, 1646, 1689]
[1602, 1645, 1647, 1690]
[1603, 1646, 1648, 1691]
[1604, 1647, 1649, 1692]
[1605, 1648, 1650, 1693]
[1606, 1649, 1651, 1694]
[1607, 1650, 1652, 1695]
[1608, 1651, 1653, 1696]
[1609, 1652, 1654, 1697]
[1610, 1653, 1655, 1698]
[1611, 1654, 1656, 1699]
[1612, 1655, 1657, 1700]
[1613, 1656, 1658, 1701]
[1614, 1657, 1659, 1702]
[1615, 1658, 1660, 1703]
[1616, 1659, 1661, 1704]
[1617, 1660, 1662, 1705]
[1618, 1661, 1663, 1706]
[1619, 1662, 1664, 1707]
[1620, 1663, 1665, 1708]
[1621, 1664, 1666, 1709]
[1622, 1665, 1667, 1710]
[1623, 1666, 1668, 1711]
[1624, 1667, 1669, 1712]
[1625, 1668, 1670, 1713]
[1626, 1669, 1671, 1714]
[1627, 1628, 1670, 1715]
[1628, 1673, 1715, 1716]
[1629, 1672, 1674, 1717]
[1630, 1673, 1675, 1718]
[1631, 1674, 1676, 1719]
[1632, 1675, 1677, 1720]
[1633, 1676, 1678, 1721]
[1634, 1677, 1679, 1722]
[1635, 1678, 1680, 1723]
[1636, 1679, 1681, 1724]
[1637, 1680, 1682, 1725]
[1638, 1681, 1683, 1726]
[1639, 1682, 1684, 1727]
[1640, 1683, 1685, 1728]
[1641, 1684, 1686, 1729]
[1642, 1685, 1687, 1730]
[1643, 1686, 1688, 1731]
[1644, 1687, 1689, 1732]
[1645, 1688, 1690, 1733]
[1646, 1689, 1691, 1734]
[1647, 1690, 1692, 1735]
[1648, 1691, 1693, 1736]
[1649, 1692, 1694, 1737]
[1650, 1693, 1695, 1738]
[1651, 1694, 1696, 1739]
[1652, 1695, 1697, 1740]
[1653, 1696, 1698, 1741]
[1654, 1697, 1699, 1742]
[1655, 1698, 1700, 1743]
[1656, 1699, 1701, 1744]
[1657, 1700, 1702, 1745]
[1658, 1701, 1703, 1746]
[1659, 1702, 1704, 1747]
[1660, 1703, 1705, 1748]
[1661, 1704, 1706, 1749]
[1662, 1705, 1707, 1750]
[1663, 1706, 1708, 1751]
[1664, 1707, 1709, 1752]
[1665, 1708, 1710, 1753]
[1666, 1709, 1711, 1754]
[1667, 1710, 1712, 1755]
[1668, 1711, 1713, 1756]
[1669, 1712, 1714, 1757]
[1670, 1713, 1715, 1758]
[1671, 1672, 1714, 1759]
[1672, 1717, 1759, 1760]
[1673, 1716, 1718, 1761]
[1674, 1717, 1719, 1762]
[1675, 1718, 1720, 1763]
[1676, 1719, 1721, 1764]
[1677, 1720, 1722, 1765]
[1678, 1721, 1723, 1766]
[1679, 1722, 1724, 1767]
[1680, 1723, 1725, 1768]
[1681, 1724, 1726, 1769]
[1682, 1725, 1727, 1770]
[1683, 1726, 1728, 1771]
[1684, 1727, 1729, 1772]
[1685, 1728, 1730, 1773]
[1686, 1729, 1731, 1774]
[1687, 1730, 1732, 1775]
[1688, 1731, 1733, 1776]
[1689, 1732, 1734, 1777]
[1690, 1733, 1735, 1778]
[1691, 1734, 1736, 1779]
[1692, 1735, 1737, 1780]
[1693, 1736, 1738, 1781]
[1694, 1737, 1739, 1782]
[1695, 1738, 1740, 1783]
[1696, 1739, 1741, 1784]
[1697, 1740, 1742, 1785]
[1698, 1741, 1743, 1786]
[1699, 1742, 1744, 1787]
[1700, 1743, 1745, 1788]
[1701, 1744, 1746, 1789]
[1702, 1745, 1747, 1790]
[1703, 1746, 1748, 1791]
[1704, 1747, 1749, 1792]
[1705, 1748, 1750, 1793]
[1706, 1749, 1751, 1794]
[1707, 1750, 1752, 1795]
[1708, 1751, 1753, 1796]
[1709, 1752, 1754, 1797]
[1710, 1753, 1755, 1798]
[1711, 1754, 1756, 1799]
[1712, 1755, 1757, 1800]
[1713, 1756, 1758, 1801]
[1714, 1757, 1759, 1802]
[1715, 1716, 1758, 1803]
[1716, 1761, 1803, 1804]
[1717, 1760, 1762, 1805]
[1718, 1761, 1763, 1806]
[1719, 1762, 1764, 1807]
[1720, 1763, 1765, 1808]
[1721, 1764, 1766, 1809]
[1722, 1765, 1767, 1810]
[1723, 1766, 1768, 1811]
[1724, 1767, 1769, 1812]
[1725, 1768, 1770, 1813]
[1726, 1769, 1771, 1814]
[1727, 1770, 1772, 1815]
[1728, 1771, 1773, 1816]
[1729, 1772, 1774, 1817]
[1730, 1773, 1775, 1818]
[1731, 1774, 1776, 1819]
[1732, 1775, 1777, 1820]
[1733, 1776, 1778, 1821]
[1734, 1777, 1779, 1822]
[1735, 1778, 1780, 1823]
[1736, 1779, 1781, 1824]
[1737, 1780, 1782, 1825]
[1738, 1781, 1783, 1826]
[1739, 1782, 1784, 1827]
[1740, 1783, 1785, 1828]
[1741, 1784, 1786, 1829]
[1742, 1785, 1787, 1830]
[1743, 1786, 1788, 1831]
[1744, 1787, 1789, 1832]
[1745, 1788, 1790, 1833]
[1746, 1789, 1791, 1834]
[1747, 1790, 1792, 1835]
[1748, 1791, 1793, 1836]
[1749, 1792, 1794, 1837]
[1750, 1793, 1795, 1838]
[1751, 1794, 1796, 1839]
[1752, 1795, 1797, 1840]
[1753, 1796, 1798, 1841]
[1754, 1797, 1799, 1842]
[1755, 1798, 1800, 1843]
[1756, 1799, 1801, 1844]
[1757, 1800, 1802, 1845]
[1758, 1801, 1803, 1846]
[1759, 1760, 1802, 1847]
[1760, 1805, 1847, 1848]
[1761, 1804, 1806, 1849]
[1762, 1805, 1807, 1850]
[1763, 1806, 1808, 1851]
[1764, 1807, 1809, 1852]
[1765, 1808, 1810, 1853]
[1766, 1809, 1811, 1854]
[1767, 1810, 1812, 1855]
[1768, 1811, 1813, 1856]
[1769, 1812, 1814, 1857]
[1770, 1813, 1815, 1858]
[1771, 1814, 1816, 1859]
[1772, 1815, 1817, 1860]
[1773, 1816, 1818, 1861]
[1774, 1817, 1819, 1862]
[1775, 1818, 1820, 1863]
[1776, 1819, 1821, 1864]
[1777, 1820, 1822, 1865]
[1778, 1821, 1823, 1866]
[1779, 1822, 1824, 1867]
[1780, 1823, 1825, 1868]
[1781, 1824, 1826, 1869]
[1782, 1825, 1827, 1870]
[1783, 1826, 1828, 1871]
[1784, 1827, 1829, 1872]
[1785, 1828, 1830, 1873]
[1786, 1829, 1831, 1874]
[1787, 1830, 1832, 1875]
[1788, 1831, 1833, 1876]
[1789, 1832, 1834, 1877]
[1790, 1833, 1835, 1878]
[1791, 1834, 1836, 1879]
[1792, 1835, 1837, 1880]
[1793, 1836, 1838, 1881]
[1794, 1837, 1839, 1882]
[1795, 1838, 1840, 1883]
[1796, 1839, 1841, 1884]
[1797, 1840, 1842, 1885]
[1798, 1841, 1843, 1886]
[1799, 1842, 1844, 1887]
[1800, 1843, 1845, 1888]
[1801, 1844, 1846, 1889]
[1802, 1845, 1847, 1890]
[1803, 1804, 1846, 1891]
[1804, 1849, 1891, 1892]
[1805, 1848, 1850, 1893]
[1806, 1849, 1851, 1894]
[1807, 1850, 1852, 1895]
[1808, 1851, 1853, 1896]
[1809, 1852, 1854, 1897]
[1810, 1853, 1855, 1898]
[1811, 1854, 1856, 1899]
[1812, 1855, 1857, 1900]
[1813, 1856, 1858, 1901]
[1814, 1857, 1859, 1902]
[1815, 1858, 1860, 1903]
[1816, 1859, 1861, 1904]
[1817, 1860, 1862, 1905]
[1818, 1861, 1863, 1906]
[1819, 1862, 1864, 1907]
[1820, 1863, 1865, 1908]
[1821, 1864, 1866, 1909]
[1822, 1865, 1867, 1910]
[1823, 1866, 1868, 1911]
[1824, 1867, 1869, 1912]
[1825, 1868, 1870, 1913]
[1826, 1869, 1871, 1914]
[1827, 1870, 1872, 1915]
[1828, 1871, 1873, 1916]
[1829, 1872, 1874, 1917]
[1830, 1873, 1875, 1918]
[1831, 1874, 1876, 1919]
[1832, 1875, 1877, 1920]
[1833, 1876, 1878, 1921]
[1834, 1877, 1879, 1922]
[1835, 1878, 1880, 1923]
[1836, 1879, 1881, 1924]
[1837, 1880, 1882, 1925]
[1838, 1881, 1883, 1926]
[1839, 1882, 1884, 1927]
[1840, 1883, 1885, 1928]
[1841, 1884, 1886, 1929]
[1842, 1885, 1887, 1930]
[1843, 1886, 1888, 1931]
[1844, 1887, 1889, 1932]
[1845, 1888, 1890, 1933]
[1846, 1889, 1891, 1934]
[1847, 1848, 1890, 1935]
[0, 1848, 1893, 1935]
[1, 1849, 1892, 1894]
[2, 1850, 1893, 1895]
[3, 1851, 1894, 1896]
[4, 1852, 1895, 1897]
[5, 1853, 1896, 1898]
[6, 1854, 1897, 1899]
[7, 1855, 1898, 1900]
[8, 1856, 1899, 1901]
[9, 1857, 1900, 1902]
[10, 1858, 1901, 1903]
[11, 1859, 1902, 1904]
[12, 1860, 1903, 1905]
[13, 1861, 1904, 1906]
[14, 1862, 1905, 1907]
[15, 1863, 1906, 1908]
[16, 1864, 1907, 1909]
[17, 1865, 1908, 1910]
[18, 1866, 1909, 1911]
[19, 1867, 1910, 1912]
[20, 1868, 1911, 1913]
[21, 1869, 1912, 1914]
[22, 1870, 1913, 1915]
[23, 1871, 1914, 1916]
[24, 1872, 1915, 1917]
[25, 1873, 1916, 1918]
[26, 1874, 1917, 1919]
[27, 1875, 1918, 1920]
[28, 1876, 1919, 1921]
[29, 1877, 1920, 1922]
[30, 1878, 1921, 1923]
[31, 1879, 1922, 1924]
[32, 1880, 1923, 1925]
[33, 1881, 1924, 1926]
[34, 1882, 1925, 1927]
[35, 1883, 1926, 1928]
[36, 1884, 1927, 1929]
[37, 1885, 1928, 1930]
[38, 1886, 1929, 1931]
[39, 1887, 1930, 1932]
[40, 1888, 1931, 1933]
[41, 1889, 1932, 1934]
[42, 1890, 1933, 1935]
[43, 1891, 1892, 1934]
