[1, 51, 52, 2652]
[0, 2, 53, 2653]
[1, 3, 54, 2654]
[2, 4, 55, 2655]
[3, 5, 56, 2656]
[4, 6, 57, 2657]
[5, 7, 58, 2658]
[6, 8, 59, 2659]
[7, 9, 60, 2660]
[8, 10, 61, 2661]
[9, 11, 62, 2662]
[10, 12, 63, 2663]
[11, 13, 64, 2664]
[12, 14, 65, 2665]
[13, 15, 66, 2666]
[14, 16, 67, 2667]
[15, 17, 68, 2668]
[16, 18, 69, 2669]
[17, 19, 70, 2670]
[18, 20, 71, 2671]
[19, 21, 72, 2672]
[20, 22, 73, 2673]
[21, 23, 74, 2674]
[22, 24, 75, 2675]
[23, 25, 76, 2676]
[24, 26, 77, 2677]
[25, 27, 78, 2678]
[26, 28, 79, 2679]
[27, 29, 80, 2680]
[28, 30, 81, 2681]
[29, 31, 82, 2682]
[30, 32, 83, 2683]
[31, 33, 84, 2684]
[32, 34, 85, 2685]
[33, 35, 86, 2686]
[34, 36, 87, 2687]
[35, 37, 88, 2688]
[36, 38, 89, 2689]
[37, 39, 90, 2690]
[38, 40, 91, 2691]
[39, 41, 92, 2692]
[40, 42, 93, 2693]
[41, 43, 94, 2694]
[42, 44, 95, 2695]
[43, 45, 96, 2696]
[44, 46, 97, 2697]
[45, 47, 98, 2698]
[46, 48, 99, 2699]
[47, 49, 100, 2700]
[48, 50, 101, 2701]
[49, 51, 102, 2702]
[0, 50, 103, 2703]
[0, 53, 103, 104]
[1, 52, 54, 105]
[2, 53, 55, 106]
[3, 54, 56, 107]
[4, 55, 57, 108]
[5, 56, 58, 109]
[6, 57, 59, 110]
[7, 58, 60, 111]
[8, 59, 61, 112]
[9, 60, 62, 113]
[10, 61, 63, 114]
[11, 62, 64, 115]
[12, 63, 65, 116]
[13, 64, 66, 117]
[14, 65, 67, 118]
[15, 66, 68, 119]
[16, 67, 69, 120]
[17, 68, 70, 121]
[18, 69, 71, 122]
[19, 70, 72, 123]
[20, 71, 73, 124]
[21, 72, 74, 125]
[22, 73, 75, 126]
[23, 74, 76, 127]
[24, 75, 77, 128]
[25, 76, 78, 129]
[26, 77, 79, 130]
[27, 78, 80, 131]
[28, 79, 81, 132]
[29, 80, 82, 133]
[30, 81, 83, 134]
[31, 82, 84, 135]
[32, 83, 85, 136]
[33, 84, 86, 137]
[34, 85, 87, 138]
[35, 86, 88, 139]
[36, 87, 89, 140]
[37, 88, 90, 141]
[38, 89, 91, 142]
[39, 90, 92, 143]
[40, 91, 93, 144]
[41, 92, 94, 145]
[42, 93, 95, 146]
[43, 94, 96, 147]
[44, 95, 97, 148]
[45, 96, 98, 149]
[46, 97, 99, 150]
[47, 98, 100, 151]
[48, 99, 101, 152]
[49, 100, 102, 153]
[50, 101, 103, 154]
[51, 52, 102, 155]
[52, 105, 155, 156]
[53, 104, 106, 157]
[54, 105, 107, 158]
[55, 106, 108, 159]
[56, 107, 109, 160]
[57, 108, 110, 161]
[58, 109, 111, 162]
[59, 110, 112, 163]
[60, 111, 113, 164]
[61, 112, 114, 165]
[62, 113, 115, 166]
[63, 114, 116, 167]
[64, 115, 117, 168]
[65, 116, 118, 169]
[66, 117, 119, 170]
[67, 118, 120, 171]
[68, 119, 121, 172]
[69, 120, 122, 173]
[70, 121, 123, 174]
[71, 122, 124, 175]
[72, 123, 125, 176]
[73, 124, 126, 177]
[74, 125, 127, 178]
[75, 126, 128, 179]
[76, 127, 129, 180]
[77, 128, 130, 181]
[78, 129, 131, 182]
[79, 130, 132, 183]
[80, 131, 133, 184]
[81, 132, 134, 185]
[82, 133, 135, 186]
[83, 134, 136, 187]
[84, 135, 137, 188]
[85, 136, 138, 189]
[86, 137, 139, 190]
[87, 138, 140, 191]
[88, 139, 141, 192]
[89, 140, 142, 193]
[90, 141, 143, 194]
[91, 142, 144, 195]
[92, 143, 145, 196]
[93, 144, 146, 197]
[94, 145, 147, 198]
[95, 146, 148, 199]
[96, 147, 149, 200]
[97, 148, 150, 201]
[98, 149, 151, 202]
[99, 150, 152, 203]
[100, 151, 153, 204]
[101, 152, 154, 205]
[102, 153, 155, 206]
[103, 104, 154, 207]
[104, 157, 207, 208]
[105, 156, 158, 209]
[106, 157, 159, 210]
[107, 158, 160, 211]
[108, 159, 161, 212]
[109, 160, 162, 213]
[110, 161, 163, 214]
[111, 162, 164, 215]
[112, 163, 165, 216]
[113, 164, 166, 217]
[114, 165, 167, 218]
[115, 166, 168, 219]
[116, 167, 169, 220]
[117, 168, 170, 221]
[118, 169, 171, 222]
[119, 170, 172, 223]
[120, 171, 173, 224]
[121, 172, 174, 225]
[122, 173, 175, 226]
[123, 174, 176, 227]
[124, 175, 177, 228]
[125, 176, 178, 229]
[126, 177, 179, 230]
[127, 178, 180, 231]
[128, 179, 181, 232]
[129, 180, 182, 233]
[130, 181, 183, 234]
[131, 182, 184, 235]
[132, 183, 185, 236]
[133, 184, 186, 237]
[134, 185, 187, 238]
[135, 186, 188, 239]
[136, 187, 189, 240]
[137, 188, 190, 241]
[138, 189, 191, 242]
[139, 190, 192, 243]
[140, 191, 193, 244]
[141, 192, 194, 245]
[142, 193, 195, 246]
[143, 194, 196, 247]
[144, 195, 197, 248]
[145, 196, 198, 249]
[146, 197, 199, 250]
[147, 198, 200, 251]
[148, 199, 201, 252]
[149, 200, 202, 253]
[150, 201, 203, 254]
[151, 202, 204, 255]
[152, 203, 205, 256]
[153, 204, 206, 257]
[154, 205, 207, 258]
[155, 156, 206, 259]
[156, 209, 259, 260]
[157, 208, 210, 261]
[158, 209, 211, 262]
[159, 210, 212, 263]
[160, 211, 213, 264]
[161, 212, 214, 265]
[162, 213, 215, 266]
[163, 214, 216, 267]
[164, 215, 217, 268]
[165, 216, 218, 269]
[166, 217, 219, 270]
[167, 218, 220, 271]
[168, 219, 221, 272]
[169, 220, 222, 273]
[170, 221, 223, 274]
[171, 222, 224, 275]
[172, 223, 225, 276]
[173, 224, 226, 277]
[174, 225, 227, 278]
[175, 226, 228, 279]
[176, 227, 229, 280]
[177, 228, 230, 281]
[178, 229, 231, 282]
[179, 230, 232, 283]
[180, 231, 233, 284]
[181, 232, 234, 285]
[182, 233, 235, 286]
[183, 234, 236, 287]
[184, 235, 237, 288]
[185, 236, 238, 289]
[186, 237, 239, 290]
[187, 238, 240, 291]
[188, 239, 241, 292]
[189, 240, 242, 293]
[190, 241, 243, 294]
[191, 242, 244, 295]
[192, 243, 245, 296]
[193, 244, 246, 297]
[194, 245, 247, 298]
[195, 246, 248, 299]
[196, 247, 249, 300]
[197, 248, 250, 301]
[198, 249, 251, 302]
[199, 250, 252, 303]
[200, 251, 253, 304]
[201, 252, 254, 305]
[202, 253, 255, 306]
[203, 254, 256, 307]
[204, 255, 257, 308]
[205, 256, 258, 309]
[206, 257, 259, 310]
[207, 208, 258, 311]
[208, 261, 311, 312]
[209, 260, 262, 313]
[210, 261, 263, 314]
[211, 262, 264, 315]
[212, 263, 265, 316]
[213, 264, 266, 317]
[214, 265, 267, 318]
[215, 266, 268, 319]
[216, 267, 269, 320]
[217, 268, 270, 321]
[218, 269, 271, 322]
[219, 270, 272, 323]
[220, 271, 273, 324]
[221, 272, 274, 325]
[222, 273, 275, 326]
[223, 274, 276, 327]
[224, 275, 277, 328]
[225, 276, 278, 329]
[226, 277, 279, 330]
[227, 278, 280, 331]
[228, 279, 281, 332]
[229, 280, 282, 333]
[230, 281, 283, 334]
[231, 282, 284, 335]
[232, 283, 285, 336]
[233, 284, 286, 337]
[234, 285, 287, 338]
[235, 286, 288, 339]
[236, 287, 289, 340]
[237, 288, 290, 341]
[238, 289, 291, 342]
[239, 290, 292, 343]
[240, 291, 293, 344]
[241, 292, 294, 345]
[242, 293, 295, 346]
[243, 294, 296, 347]
[244, 295, 297, 348]
[245, 296, 298, 349]
[246, 297, 299, 350]
[247, 298, 300, 351]
[248, 299, 301, 352]
[249, 300, 302, 353]
[250, 301, 303, 354]
[251, 302, 304, 355]
[252, 303, 305, 356]
[253, 304, 306, 357]
[254, 305, 307, 358]
[255, 306, 308, 359]
[256, 307, 309, 360]
[257, 308, 310, 361]
[258, 309, 311, 362]
[259, 260, 310, 363]
[260, 313, 363, 364]
[261, 312, 314, 365]
[262, 313, 315, 366]
[263, 314, 316, 367]
[264, 315, 317, 368]
[265, 316, 318, 369]
[266, 317, 319, 370]
[267, 318, 320, 371]
[268, 319, 321, 372]
[269, 320, 322, 373]
[270, 321, 323, 374]
[271, 322, 324, 375]
[272, 323, 325, 376]
[273, 324, 326, 377]
[274, 325, 327, 378]
[275, 326, 328, 379]
[276, 327, 329, 380]
[277, 328, 330, 381]
[278, 329, 331, 382]
[279, 330, 332, 383]
[280, 331, 333, 384]
[281, 332, 334, 385]
[282, 333, 335, 386]
[283, 334, 336, 387]
[284, 335, 337, 388]
[285, 336, 338, 389]
[286, 337, 339, 390]
[287, 338, 340, 391]
[288, 339, 341, 392]
[289, 340, 342, 393]
[290, 341, 343, 394]
[291, 342, 344, 395]
[292, 343, 345, 396]
[293, 344, 346, 397]
[294, 345, 347, 398]
[295, 346, 348, 399]
[296, 347, 349, 400]
[297, 348, 350, 401]
[298, 349, 351, 402]
[299, 350, 352, 403]
[300, 351, 353, 404]
[301, 352, 354, 405]
[302, 353, 355, 406]
[303, 354, 356, 407]
[304, 355, 357, 408]
[305, 356, 358, 409]
[306, 357, 359, 410]
[307, 358, 360, 411]
[308, 359, 361, 412]
[309, 360, 362, 413]
[310, 361, 363, 414]
[311, 312, 362, 415]
[312, 365, 415, 416]
[313, 364, 366, 417]
[314, 365, 367, 418]
[315, 366, 368, 419]
[316, 367, 369, 420]
[317, 368, 370, 421]
[318, 369, 371, 422]
[319, 370, 372, 423]
[320, 371, 373, 424]
[321, 372, 374, 425]
[322, 373, 375, 426]
[323, 374, 376, 427]
[324, 375, 377, 428]
[325, 376, 378, 429]
[326, 377, 379, 430]
[327, 378, 380, 431]
[328, 379, 381, 432]
[329, 380, 382, 433]
[330, 381, 383, 434]
[331, 382, 384, 435]
[332, 383, 385, 436]
[333, 384, 386, 437]
[334, 385, 387, 438]
[335, 386, 388, 439]
[336, 387, 389, 440]
[337, 388, 390, 441]
[338, 389, 391, 442]
[339, 390, 392, 443]
[340, 391, 393, 444]
[341, 392, 394, 445]
[342, 393, 395, 446]
[343, 394, 396, 447]
[344, 395, 397, 448]
[345, 396, 398, 449]
[346, 397, 399, 450]
[347, 398, 400, 451]
[348, 399, 401, 452]
[349, 400, 402, 453]
[350, 401, 403, 454]
[351, 402, 404, 455]
[352, 403, 405, 456]
[353, 404, 406, 457]
[354, 405, 407, 458]
[355, 406, 408, 459]
[356, 407, 409, 460]
[357, 408, 410, 461]
[358, 409, 411, 462]
[359, 410, 412, 463]
[360, 411, 413, 464]
[361, 412, 414, 465]
[362, 413, 415, 466]
[363, 364, 414, 467]
[364, 417, 467, 468]
[365, 416, 418, 469]
[366, 417, 419, 470]
[367, 418, 420, 471]
[368, 419, 421, 472]
[369, 420, 422, 473]
[370, 421, 423, 474]
[371, 422, 424, 475]
[372, 423, 425, 476]
[373, 424, 426, 477]
[374, 425, 427, 478]
[375, 426, 428, 479]
[376, 427, 429, 480]
[377, 428, 430, 481]
[378, 429, 431, 482]
[379, 430, 432, 483]
[380, 431, 433, 484]
[381, 432, 434, 485]
[382, 433, 435, 486]
[383, 434, 436, 487]
[384, 435, 437, 488]
[385, 436, 438, 489]
[386, 437, 439, 490]
[387, 438, 440, 491]
[388, 439, 441, 492]
[389, 440, 442, 493]
[390, 441, 443, 494]
[391, 442, 444, 495]
[392, 443, 445, 496]
[393, 444, 446, 497]
[394, 445, 447, 498]
[395, 446, 448, 499]
[396, 447, 449, 500]
[397, 448, 450, 501]
[398, 449, 451, 502]
[399, 450, 452, 503]
[400, 451, 453, 504]
[401, 452, 454, 505]
[402, 453, 455, 506]
[403, 454, 456, 507]
[404, 455, 457, 508]
[405, 456, 458, 509]
[406, 457, 459, 510]
[407, 458, 460, 511]
[408, 459, 461, 512]
[409, 460, 462, 513]
[410, 461, 463, 514]
[411, 462, 464, 515]
[412, 463, 465, 516]
[413, 464, 466, 517]
[414, 465, 467, 518]
[415, 416, 466, 519]
[416, 469, 519, 520]
[417, 468, 470, 521]
[418, 469, 471, 522]
[419, 470, 472, 523]
[420, 471, 473, 524]
[421, 472, 474, 525]
[422, 473, 475, 526]
[423, 474, 476, 527]
[424, 475, 477, 528]
[425, 476, 478, 529]
[426, 477, 479, 530]
[427, 478, 480, 531]
[428, 479, 481, 532]
[429, 480, 482, 533]
[430, 481, 483, 534]
[431, 482, 484, 535]
[432, 483, 485, 536]
[433, 484, 486, 537]
[434, 485, 487, 538]
[435, 486, 488, 539]
[436, 487, 489, 540]
[437, 488, 490, 541]
[438, 489, 491, 542]
[439, 490, 492, 543]
[440, 491, 493, 544]
[441, 492, 494, 545]
[442, 493, 495, 546]
[443, 494, 496, 547]
[444, 495, 497, 548]
[445, 496, 498, 549]
[446, 497, 499, 550]
[447, 498, 500, 551]
[448, 499, 501, 552]
[449, 500, 502, 553]
[450, 501, 503, 554]
[451, 502, 504, 555]
[452, 503, 505, 556]
[453, 504, 506, 557]
[454, 505, 507, 558]
[455, 506, 508, 559]
[456, 507, 509, 560]
[457, 508, 510, 561]
[458, 509, 511, 562]
[459, 510, 512, 563]
[460, 511, 513, 564]
[461, 512, 514, 565]
[462, 513, 515, 566]
[463, 514, 516, 567]
[464, 515, 517, 568]
[465, 516, 518, 569]
[466, 517, 519, 570]
[467, 468, 518, 571]
[468, 521, 571, 572]
[469, 520, 522, 573]
[470, 521, 523, 574]
[471, 522, 524, 575]
[472, 523, 525, 576]
[473, 524, 526, 577]
[474, 525, 527, 578]
[475, 526, 528, 579]
[476, 527, 529, 580]
[477, 528, 530, 581]
[478, 529, 531, 582]
[479, 530, 532, 583]
[480, 531, 533, 584]
[481, 532, 534, 585]
[482, 533, 535, 586]
[483, 534, 536, 587]
[484, 535, 537, 588]
[485, 536, 538, 589]
[486, 537, 539, 590]
[487, 538, 540, 591]
[488, 539, 541, 592]
[489, 540, 542, 593]
[490, 541, 543, 594]
[491, 542, 544, 595]
[492, 543, 545, 596]
[493, 544, 546, 597]
[494, 545, 547, 598]
[495, 546, 548, 599]
[496, 547, 549, 600]
[497, 548, 550, 601]
[498, 549, 551, 602]
[499, 550, 552, 603]
[500, 551, 553, 604]
[501, 552, 554, 605]
[502, 553, 555, 606]
[503, 554, 556, 607]
[504, 555, 557, 608]
[505, 556, 558, 609]
[506, 557, 559, 610]
[507, 558, 560, 611]
[508, 559, 561, 612]
[509, 560, 562, 613]
[510, 561, 563, 614]
[511, 562, 564, 615]
[512, 563, 565, 616]
[513, 564, 566, 617]
[514, 565, 567, 618]
[515, 566, 568, 619]
[516, 567, 569, 620]
[517, 568, 570, 621]
[518, 569, 571, 622]
[519, 520, 570, 623]
[520, 573, 623, 624]
[521, 572, 574, 625]
[522, 573, 575, 626]
[523, 574, 576, 627]
[524, 575, 577, 628]
[525, 576, 578, 629]
[526, 577, 579, 630]
[527, 578, 580, 631]
[528, 579, 581, 632]
[529, 580, 582, 633]
[530, 581, 583, 634]
[531, 582, 584, 635]
[532, 583, 585, 636]
[533, 584, 586, 637]
[534, 585, 587, 638]
[535, 586, 588, 639]
[536, 587, 589, 640]
[537, 588, 590, 641]
[538, 589, 591, 642]
[539, 590, 592, 643]
[540, 591, 593, 644]
[541, 592, 594, 645]
[542, 593, 595, 646]
[543, 594, 596, 647]
[544, 595, 597, 648]
[545, 596, 598, 649]
[546, 597, 599, 650]
[547, 598, 600, 651]
[548, 599, 601, 652]
[549, 600, 602, 653]
[550, 601, 603, 654]
[551, 602, 604, 655]
[552, 603, 605, 656]
[553, 604, 606, 657]
[554, 605, 607, 658]
[555, 606, 608, 659]
[556, 607, 609, 660]
[557, 608, 610, 661]
[558, 609, 611, 662]
[559, 610, 612, 663]
[560, 611, 613, 664]
[561, 612, 614, 665]
[562, 613, 615, 666]
[563, 614, 616, 667]
[564, 615, 617, 668]
[565, 616, 618, 669]
[566, 617, 619, 670]
[567, 618, 620, 671]
[568, 619, 621, 672]
[569, 620, 622, 673]
[570, 621, 623, 674]
[571, 572, 622, 675]
[572, 625, 675, 676]
[573, 624, 626, 677]
[574, 625, 627, 678]
[575, 626, 628, 679]
[576, 627, 629, 680]
[577, 628, 630, 681]
[578, 629, 631, 682]
[579, 630, 632, 683]
[580, 631, 633, 684]
[581, 632, 634, 685]
[582, 633, 635, 686]
[583, 634, 636, 687]
[584, 635, 637, 688]
[585, 636, 638, 689]
[586, 637, 639, 690]
[587, 638, 640, 691]
[588, 639, 641, 692]
[589, 640, 642, 693]
[590, 641, 643, 694]
[591, 642, 644, 695]
[592, 643, 645, 696]
[593, 644, 646, 697]
[594, 645, 647, 698]
[595, 646, 648, 699]
[596, 647, 649, 700]
[597, 648, 650, 701]
[598, 649, 651, 702]
[599, 650, 652, 703]
[600, 651, 653, 704]
[601, 652, 654, 705]
[602, 653, 655, 706]
[603, 654, 656, 707]
[604, 655, 657, 708]
[605, 656, 658, 709]
[606, 657, 659, 710]
[607, 658, 660, 711]
[608, 659, 661, 712]
[609, 660, 662, 713]
[610, 661, 663, 714]
[611, 662, 664, 715]
[612, 663, 665, 716]
[613, 664, 666, 717]
[614, 665, 667, 718]
[615, 666, 668, 719]
[616, 667, 669, 720]
[617, 668, 670, 721]
[618, 669, 671, 722]
[619, 670, 672, 723]
[620, 671, 673, 724]
[621, 672, 674, 725]
[622, 673, 675, 726]
[623, 624, 674, 727]
[624, 677, 727, 728]
[625, 676, 678, 729]
[626, 677, 679, 730]
[627, 678, 680, 731]
[628, 679, 681, 732]
[629, 680, 682, 733]
[630, 681, 683, 734]
[631, 682, 684, 735]
[632, 683, 685, 736]
[633, 684, 686, 737]
[634, 685, 687, 738]
[635, 686, 688, 739]
[636, 687, 689, 740]
[637, 688, 690, 741]
[638, 689, 691, 742]
[639, 690, 692, 743]
[640, 691, 693, 744]
[641, 692, 694, 745]
[642, 693, 695, 746]
[643, 694, 696, 747]
[644, 695, 697, 748]
[645, 696, 698, 749]
[646, 697, 699, 750]
[647, 698, 700, 751]
[648, 699, 701, 752]
[649, 700, 702, 753]
[650, 701, 703, 754]
[651, 702, 704, 755]
[652, 703, 705, 756]
[653, 704, 706, 757]
[654, 705, 707, 758]
[655, 706, 708, 759]
[656, 707, 709, 760]
[657, 708, 710, 761]
[658, 709, 711, 762]
[659, 710, 712, 763]
[660, 711, 713, 764]
[661, 712, 714, 765]
[662, 713, 715, 766]
[663, 714, 716, 767]
[664, 715, 717, 768]
[665, 716, 718, 769]
[666, 717, 719, 770]
[667, 718, 720, 771]
[668, 719, 721, 772]
[669, 720, 722, 773]
[670, 721, 723, 774]
[671, 722, 724, 775]
[672, 723, 725, 776]
[673, 724, 726, 777]
[674, 725, 727, 778]
[675, 676, 726, 779]
[676, 729, 779, 780]
[677, 728, 730, 781]
[678, 729, 731, 782]
[679, 730, 732, 783]
[680, 731, 733, 784]
[681, 732, 734, 785]
[682, 733, 735, 786]
[683, 734, 736, 787]
[684, 735, 737, 788]
[685, 736, 738, 789]
[686, 737, 739, 790]
[687, 738, 740, 791]
[688, 739, 741, 792]
[689, 740, 742, 793]
[690, 741, 743, 794]
[691, 742, 744, 795]
[692, 743, 745, 796]
[693, 744, 746, 797]
[694, 745, 747, 798]
[695, 746, 748, 799]
[696, 747, 749, 800]
[697, 748, 750, 801]
[698, 749, 751, 802]
[699, 750, 752, 803]
[700, 751, 753, 804]
[701, 752, 754, 805]
[702, 753, 755, 806]
[703, 754, 756, 807]
[704, 755, 757, 808]
[705, 756, 758, 809]
[706, 757, 759, 810]
[707, 758, 760, 811]
[708, 759, 761, 812]
[709, 760, 762, 813]
[710, 761, 763, 814]
[711, 762, 764, 815]
[712, 763, 765, 816]
[713, 764, 766, 817]
[714, 765, 767, 818]
[715, 766, 768, 819]
[716, 767, 769, 820]
[717, 768, 770, 821]
[718, 769, 771, 822]
[719, 770, 772, 823]
[720, 771, 773, 824]
[721, 772, 774, 825]
[722, 773, 775, 826]
[723, 774, 776, 827]
[724, 775, 777, 828]
[725, 776, 778, 829]
[726, 777, 779, 830]
[727, 728, 778, 831]
[728, 781, 831, 832]
[729, 780, 782, 833]
[730, 781, 783, 834]
[731, 782, 784, 835]
[732, 783, 785, 836]
[733, 784, 786, 837]
[734, 785, 787, 838]
[735, 786, 788, 839]
[736, 787, 789, 840]
[737, 788, 790, 841]
[738, 789, 791, 842]
[739, 790, 792, 843]
[740, 791, 793, 844]
[741, 792, 794, 845]
[742, 793, 795, 846]
[743, 794, 796, 847]
[744, 795, 797, 848]
[745, 796, 798, 849]
[746, 797, 799, 850]
[747, 798, 800, 851]
[748, 799, 801, 852]
[749, 800, 802, 853]
[750, 801, 803, 854]
[751, 802, 804, 855]
[752, 803, 805, 856]
[753, 804, 806, 857]
[754, 805, 807, 858]
[755, 806, 808, 859]
[756, 807, 809, 860]
[757, 808, 810, 861]
[758, 809, 811, 862]
[759, 810, 812, 863]
[760, 811, 813, 864]
[761, 812, 814, 865]
[762, 813, 815, 866]
[763, 814, 816, 867]
[764, 815, 817, 868]
[765, 816, 818, 869]
[766, 817, 819, 870]
[767, 818, 820, 871]
[768, 819, 821, 872]
[769, 820, 822, 873]
[770, 821, 823, 874]
[771, 822, 824, 875]
[772, 823, 825, 876]
[773, 824, 826, 877]
[774, 825, 827, 878]
[775, 826, 828, 879]
[776, 827, 829, 880]
[777, 828, 830, 881]
[778, 829, 831, 882]
[779, 780, 830, 883]
[780, 833, 883, 884]
[781, 832, 834, 885]
[782, 833, 835, 886]
[783, 834, 836, 887]
[784, 835, 837, 888]
[785, 836, 838, 889]
[786, 837, 839, 890]
[787, 838, 840, 891]
[788, 839, 841, 892]
[789, 840, 842, 893]
[790, 841, 843, 894]
[791, 842, 844, 895]
[792, 843, 845, 896]
[793, 844, 846, 897]
[794, 845, 847, 898]
[795, 846, 848, 899]
[796, 847, 849, 900]
[797, 848, 850, 901]
[798, 849, 851, 902]
[799, 850, 852, 903]
[800, 851, 853, 904]
[801, 852, 854, 905]
[802, 853, 855, 906]
[803, 854, 856, 907]
[804, 855, 857, 908]
[805, 856, 858, 909]
[806, 857, 859, 910]
[807, 858, 860, 911]
[808, 859, 861, 912]
[809, 860, 862, 913]
[810, 861, 863, 914]
[811, 862, 864, 915]
[812, 863, 865, 916]
[813, 864, 866, 917]
[814, 865, 867, 918]
[815, 866, 868, 919]
[816, 867, 869, 920]
[817, 868, 870, 921]
[818, 869, 871, 922]
[819, 870, 872, 923]
[820, 871, 873, 924]
[821, 872, 874, 925]
[822, 873, 875, 926]
[823, 874, 876, 927]
[824, 875, 877, 928]
[825, 876, 878, 929]
[826, 877, 879, 930]
[827, 878, 880, 931]
[828, 879, 881, 932]
[829, 880, 882, 933]
[830, 881, 883, 934]
[831, 832, 882, 935]
[832, 885, 935, 936]
[833, 884, 886, 937]
[834, 885, 887, 938]
[835, 886, 888, 939]
[836, 887, 889, 940]
[837, 888, 890, 941]
[838, 889, 891, 942]
[839, 890, 892, 943]
[840, 891, 893, 944]
[841, 892, 894, 945]
[842, 893, 895, 946]
[843, 894, 896, 947]
[844, 895, 897, 948]
[845, 896, 898, 949]
[846, 897, 899, 950]
[847, 898, 900, 951]
[848, 899, 901, 952]
[849, 900, 902, 953]
[850, 901, 903, 954]
[851, 902, 904, 955]
[852, 903, 905, 956]
[853, 904, 906, 957]
[854, 905, 907, 958]
[855, 906, 908, 959]
[856, 907, 909, 960]
[857, 908, 910, 961]
[858, 909, 911, 962]
[859, 910, 912, 963]
[860, 911, 913, 964]
[861, 912, 914, 965]
[862, 913, 915, 966]
[863, 914, 916, 967]
[864, 915, 917, 968]
[865, 916, 918, 969]
[866, 917, 919, 970]
[867, 918, 920, 971]
[868, 919, 921, 972]
[869, 920, 922, 973]
[870, 921, 923, 974]
[871, 922, 924, 975]
[872, 923, 925, 976]
[873, 924, 926, 977]
[874, 925, 927, 978]
[875, 926, 928, 979]
[876, 927, 929, 980]
[877, 928, 930, 981]
[878, 929, 931, 982]
[879, 930, 932, 983]
[880, 931, 933, 984]
[881, 932, 934, 985]
[882, 933, 935, 986]
[883, 884, 934, 987]
[884, 937, 987, 988]
[885, 936, 938, 989]
[886, 937, 939, 990]
[887, 938, 940, 991]
[888, 939, 941, 992]
[889, 940, 942, 993]
[890, 941, 943, 994]
[891, 942, 944, 995]
[892, 943, 945, 996]
[893, 944, 946, 997]
[894, 945, 947, 998]
[895, 946, 948, 999]
[896, 947, 949, 1000]
[897, 948, 950, 1001]
[898, 949, 951, 1002]
[899, 950, 952, 1003]
[900, 951, 953, 1004]
[901, 952, 954, 1005]
[902, 953, 955, 1006]
[903, 954, 956, 1007]
[904, 955, 957, 1008]
[905, 956, 958, 1009]
[906, 957, 959, 1010]
[907, 958, 960, 1011]
[908, 959, 961, 1012]
[909, 960, 962, 1013]
[910, 961, 963, 1014]
[911, 962, 964, 1015]
[912, 963, 965, 1016]
[913, 964, 966, 1017]
[914, 965, 967, 1018]
[915, 966, 968, 1019]
[916, 967, 969, 1020]
[917, 968, 970, 1021]
[918, 969, 971, 1022]
[919, 970, 972, 1023]
[920, 971, 973, 1024]
[921, 972, 974, 1025]
[922, 973, 975, 1026]
[923, 974, 976, 1027]
[924, 975, 977, 1028]
[925, 976, 978, 1029]
[926, 977, 979, 1030]
[927, 978, 980, 1031]
[928, 979, 981, 1032]
[929, 980, 982, 1033]
[930, 981, 983, 1034]
[931, 982, 984, 1035]
[932, 983, 985, 1036]
[933, 984, 986, 1037]
[934, 985, 987, 1038]
[935, 936, 986, 1039]
[936, 989, 1039, 1040]
[937, 988, 990, 1041]
[938, 989, 991, 1042]
[939, 990, 992, 1043]
[940, 991, 993, 1044]
[941, 992, 994, 1045]
[942, 993, 995, 1046]
[943, 994, 996, 1047]
[944, 995, 997, 1048]
[945, 996, 998, 1049]
[946, 997, 999, 1050]
[947, 998, 1000, 1051]
[948, 999, 1001, 1052]
[949, 1000, 1002, 1053]
[950, 1001, 1003, 1054]
[951, 1002, 1004, 1055]
[952, 1003, 1005, 1056]
[953, 1004, 1006, 1057]
[954, 1005, 1007, 1058]
[955, 1006, 1008, 1059]
[956, 1007, 1009, 1060]
[957, 1008, 1010, 1061]
[958, 1009, 1011, 1062]
[959, 1010, 1012, 1063]
[960, 1011, 1013, 1064]
[961, 1012, 1014, 1065]
[962, 1013, 1015, 1066]
[963, 1014, 1016, 1067]
[964, 1015, 1017, 1068]
[965, 1016, 1018, 1069]
[966, 1017, 1019, 1070]
[967, 1018, 1020, 1071]
[968, 1019, 1021, 1072]
[969, 1020, 1022, 1073]
[970, 1021, 1023, 1074]
[971, 1022, 1024, 1075]
[972, 1023, 1025, 1076]
[973, 1024, 1026, 1077]
[974, 1025, 1027, 1078]
[975, 1026, 1028, 1079]
[976, 1027, 1029, 1080]
[977, 1028, 1030, 1081]
[978, 1029, 1031, 1082]
[979, 1030, 1032, 1083]
[980, 1031, 1033, 1084]
[981, 1032, 1034, 1085]
[982, 1033, 1035, 1086]
[983, 1034, 1036, 1087]
[984, 1035, 1037, 1088]
[985, 1036, 1038, 1089]
[986, 1037, 1039, 1090]
[987, 988, 1038, 1091]
[988, 1041, 1091, 1092]
[989, 1040, 1042, 1093]
[990, 1041, 1043, 1094]
[991, 1042, 1044, 1095]
[992, 1043, 1045, 1096]
[993, 1044, 1046, 1097]
[994, 1045, 1047, 1098]
[995, 1046, 1048, 1099]
[996, 1047, 1049, 1100]
[997, 1048, 1050, 1101]
[998, 1049, 1051, 1102]
[999, 1050, 1052, 1103]
[1000, 1051, 1053, 1104]
[1001, 1052, 1054, 1105]
[1002, 1053, 1055, 1106]
[1003, 1054, 1056, 1107]
[1004, 1055, 1057, 1108]
[1005, 1056, 1058, 1109]
[1006, 1057, 1059, 1110]
[1007, 1058, 1060, 1111]
[1008, 1059, 1061, 1112]
[1009, 1060, 1062, 1113]
[1010, 1061, 1063, 1114]
[1011, 1062, 1064, 1115]
[1012, 1063, 1065, 1116]
[1013, 1064, 1066, 1117]
[1014, 1065, 1067, 1118]
[1015, 1066, 1068, 1119]
[1016, 1067, 1069, 1120]
[1017, 1068, 1070, 1121]
[1018, 1069, 1071, 1122]
[1019, 1070, 1072, 1123]
[1020, 1071, 1073, 1124]
[1021, 1072, 1074, 1125]
[1022, 1073, 1075, 1126]
[1023, 1074, 1076, 1127]
[1024, 1075, 1077, 1128]
[1025, 1076, 1078, 1129]
[1026, 1077, 1079, 1130]
[1027, 1078, 1080, 1131]
[1028, 1079, 1081, 1132]
[1029, 1080, 1082, 1133]
[1030, 1081, 1083, 1134]
[1031, 1082, 1084, 1135]
[1032, 1083, 1085, 1136]
[1033, 1084, 1086, 1137]
[1034, 1085, 1087, 1138]
[1035, 1086, 1088, 1139]
[1036, 1087, 1089, 1140]
[1037, 1088, 1090, 1141]
[1038, 1089, 1091, 1142]
[1039, 1040, 1090, 1143]
[1040, 1093, 1143, 1144]
[1041, 1092, 1094, 1145]
[1042, 1093, 1095, 1146]
[1043, 1094, 1096, 1147]
[1044, 1095, 1097, 1148]
[1045, 1096, 1098, 1149]
[1046, 1097, 1099, 1150]
[1047, 1098, 1100, 1151]
[1048, 1099, 1101, 1152]
[1049, 1100, 1102, 1153]
[1050, 1101, 1103, 1154]
[1051, 1102, 1104, 1155]
[1052, 1103, 1105, 1156]
[1053, 1104, 1106, 1157]
[1054, 1105, 1107, 1158]
[1055, 1106, 1108, 1159]
[1056, 1107, 1109, 1160]
[1057, 1108, 1110, 1161]
[1058, 1109, 1111, 1162]
[1059, 1110, 1112, 1163]
[1060, 1111, 1113, 1164]
[1061, 1112, 1114, 1165]
[1062, 1113, 1115, 1166]
[1063, 1114, 1116, 1167]
[1064, 1115, 1117, 1168]
[1065, 1116, 1118, 1169]
[1066, 1117, 1119, 1170]
[1067, 1118, 1120, 1171]
[1068, 1119, 1121, 1172]
[1069, 1120, 1122, 1173]
[1070, 1121, 1123, 1174]
[1071, 1122, 1124, 1175]
[1072, 1123, 1125, 1176]
[1073, 1124, 1126, 1177]
[1074, 1125, 1127, 1178]
[1075, 1126, 1128, 1179]
[1076, 1127, 1129, 1180]
[1077, 1128, 1130, 1181]
[1078, 1129, 1131, 1182]
[1079, 1130, 1132, 1183]
[1080, 1131, 1133, 1184]
[1081, 1132, 1134, 1185]
[1082, 1133, 1135, 1186]
[1083, 1134, 1136, 1187]
[1084, 1135, 1137, 1188]
[1085, 1136, 1138, 1189]
[1086, 1137, 1139, 1190]
[1087, 1138, 1140, 1191]
[1088, 1139, 1141, 1192]
[1089, 1140, 1142, 1193]
[1090, 1141, 1143, 1194]
[1091, 1092, 1142, 1195]
[1092, 1145, 1195, 1196]
[1093, 1144, 1146, 1197]
[1094, 1145, 1147, 1198]
[1095, 1146, 1148, 1199]
[1096, 1147, 1149, 1200]
[1097, 1148, 1150, 1201]
[1098, 1149, 1151, 1202]
[1099, 1150, 1152, 1203]
[1100, 1151, 1153, 1204]
[1101, 1152, 1154, 1205]
[1102, 1153, 1155, 1206]
[1103, 1154, 1156, 1207]
[1104, 1155, 1157, 1208]
[1105, 1156, 1158, 1209]
[1106, 1157, 1159, 1210]
[1107, 1158, 1160, 1211]
[1108, 1159, 1161, 1212]
[1109, 1160, 1162, 1213]
[1110, 1161, 1163, 1214]
[1111, 1162, 1164, 1215]
[1112, 1163, 1165, 1216]
[1113, 1164, 1166, 1217]
[1114, 1165, 1167, 1218]
[1115, 1166, 1168, 1219]
[1116, 1167, 1169, 1220]
[1117, 1168, 1170, 1221]
[1118, 1169, 1171, 1222]
[1119, 1170, 1172, 1223]
[1120, 1171, 1173, 1224]
[1121, 1172, 1174, 1225]
[1122, 1173, 1175, 1226]
[1123, 1174, 1176, 1227]
[1124, 1175, 1177, 1228]
[1125, 1176, 1178, 1229]
[1126, 1177, 1179, 1230]
[1127, 1178, 1180, 1231]
[1128, 1179, 1181, 1232]
[1129, 1180, 1182, 1233]
[1130, 1181, 1183, 1234]
[1131, 1182, 1184, 1235]
[1132, 1183, 1185, 1236]
[1133, 1184, 1186, 1237]
[1134, 1185, 1187, 1238]
[1135, 1186, 1188, 1239]
[1136, 1187, 1189, 1240]
[1137, 1188, 1190, 1241]
[1138, 1189, 1191, 1242]
[1139, 1190, 1192, 1243]
[1140, 1191, 1193, 1244]
[1141, 1192, 1194, 1245]
[1142, 1193, 1195, 1246]
[1143, 1144, 1194, 1247]
[1144, 1197, 1247, 1248]
[1145, 1196, 1198, 1249]
[1146, 1197, 1199, 1250]
[1147, 1198, 1200, 1251]
[1148, 1199, 1201, 1252]
[1149, 1200, 1202, 1253]
[1150, 1201, 1203, 1254]
[1151, 1202, 1204, 1255]
[1152, 1203, 1205, 1256]
[1153, 1204, 1206, 1257]
[1154, 1205, 1207, 1258]
[1155, 1206, 1208, 1259]
[1156, 1207, 1209, 1260]
[1157, 1208, 1210, 1261]
[1158, 1209, 1211, 1262]
[1159, 1210, 1212, 1263]
[1160, 1211, 1213, 1264]
[1161, 1212, 1214, 1265]
[1162, 1213, 1215, 1266]
[1163, 1214, 1216, 1267]
[1164, 1215, 1217, 1268]
[1165, 1216, 1218, 1269]
[1166, 1217, 1219, 1270]
[1167, 1218, 1220, 1271]
[1168, 1219, 1221, 1272]
[1169, 1220, 1222, 1273]
[1170, 1221, 1223, 1274]
[1171, 1222, 1224, 1275]
[1172, 1223, 1225, 1276]
[1173, 1224, 1226, 1277]
[1174, 1225, 1227, 1278]
[1175, 1226, 1228, 1279]
[1176, 1227, 1229, 1280]
[1177, 1228, 1230, 1281]
[1178, 1229, 1231, 1282]
[1179, 1230, 1232, 1283]
[1180, 1231, 1233, 1284]
[1181, 1232, 1234, 1285]
[1182, 1233, 1235, 1286]
[1183, 1234, 1236, 1287]
[1184, 1235, 1237, 1288]
[1185, 1236, 1238, 1289]
[1186, 1237, 1239, 1290]
[1187, 1238, 1240, 1291]
[1188, 1239, 1241, 1292]
[1189, 1240, 1242, 1293]
[1190, 1241, 1243, 1294]
[1191, 1242, 1244, 1295]
[1192, 1243, 1245, 1296]
[1193, 1244, 1246, 1297]
[1194, 1245, 1247, 1298]
[1195, 1196, 1246, 1299]
[1196, 1249, 1299, 1300]
[1197, 1248, 1250, 1301]
[1198, 1249, 1251, 1302]
[1199, 1250, 1252, 1303]
[1200, 1251, 1253, 1304]
[1201, 1252, 1254, 1305]
[1202, 1253, 1255, 1306]
[1203, 1254, 1256, 1307]
[1204, 1255, 1257, 1308]
[1205, 1256, 1258, 1309]
[1206, 1257, 1259, 1310]
[1207, 1258, 1260, 1311]
[1208, 1259, 1261, 1312]
[1209, 1260, 1262, 1313]
[1210, 1261, 1263, 1314]
[1211, 1262, 1264, 1315]
[1212, 1263, 1265, 1316]
[1213, 1264, 1266, 1317]
[1214, 1265, 1267, 1318]
[1215, 1266, 1268, 1319]
[1216, 1267, 1269, 1320]
[1217, 1268, 1270, 1321]
[1218, 1269, 1271, 1322]
[1219, 1270, 1272, 1323]
[1220, 1271, 1273, 1324]
[1221, 1272, 1274, 1325]
[1222, 1273, 1275, 1326]
[1223, 1274, 1276, 1327]
[1224, 1275, 1277, 1328]
[1225, 1276, 1278, 1329]
[1226, 1277, 1279, 1330]
[1227, 1278, 1280, 1331]
[1228, 1279, 1281, 1332]
[1229, 1280, 1282, 1333]
[1230, 1281, 1283, 1334]
[1231, 1282, 1284, 1335]
[1232, 1283, 1285, 1336]
[1233, 1284, 1286, 1337]
[1234, 1285, 1287, 1338]
[1235, 1286, 1288, 1339]
[1236, 1287, 1289, 1340]
[1237, 1288, 1290, 1341]
[1238, 1289, 1291, 1342]
[1239, 1290, 1292, 1343]
[1240, 1291, 1293, 1344]
[1241, 1292, 1294, 1345]
[1242, 1293, 1295, 1346]
[1243, 1294, 1296, 1347]
[1244, 1295, 1297, 1348]
[1245, 1296, 1298, 1349]
[1246, 1297, 1299, 1350]
[1247, 1248, 1298, 1351]
[1248, 1301, 1351, 1352]
[1249, 1300, 1302, 1353]
[1250, 1301, 1303, 1354]
[1251, 1302, 1304, 1355]
[1252, 1303, 1305, 1356]
[1253, 1304, 1306, 1357]
[1254, 1305, 1307, 1358]
[1255, 1306, 1308, 1359]
[1256, 1307, 1309, 1360]
[1257, 1308, 1310, 1361]
[1258, 1309, 1311, 1362]
[1259, 1310, 1312, 1363]
[1260, 1311, 1313, 1364]
[1261, 1312, 1314, 1365]
[1262, 1313, 1315, 1366]
[1263, 1314, 1316, 1367]
[1264, 1315, 1317, 1368]
[1265, 1316, 1318, 1369]
[1266, 1317, 1319, 1370]
[1267, 1318, 1320, 1371]
[1268, 1319, 1321, 1372]
[1269, 1320, 1322, 1373]
[1270, 1321, 1323, 1374]
[1271, 1322, 1324, 1375]
[1272, 1323, 1325, 1376]
[1273, 1324, 1326, 1377]
[1274, 1325, 1327, 1378]
[1275, 1326, 1328, 1379]
[1276, 1327, 1329, 1380]
[1277, 1328, 1330, 1381]
[1278, 1329, 1331, 1382]
[1279, 1330, 1332, 1383]
[1280, 1331, 1333, 1384]
[1281, 1332, 1334, 1385]
[1282, 1333, 1335, 1386]
[1283, 1334, 1336, 1387]
[1284, 1335, 1337, 1388]
[1285, 1336, 1338, 1389]
[1286, 1337, 1339, 1390]
[1287, 1338, 1340, 1391]
[1288, 1339, 1341, 1392]
[1289, 1340, 1342, 1393]
[1290, 1341, 1343, 1394]
[1291, 1342, 1344, 1395]
[1292, 1343, 1345, 1396]
[1293, 1344, 1346, 1397]
[1294, 1345, 1347, 1398]
[1295, 1346, 1348, 1399]
[1296, 1347, 1349, 1400]
[1297, 1348, 1350, 1401]
[1298, 1349, 1351, 1402]
[1299, 1300, 1350, 1403]
[1300, 1353, 1403, 1404]
[1301, 1352, 1354, 1405]
[1302, 1353, 1355, 1406]
[1303, 1354, 1356, 1407]
[1304, 1355, 1357, 1408]
[1305, 1356, 1358, 1409]
[1306, 1357, 1359, 1410]
[1307, 1358, 1360, 1411]
[1308, 1359, 1361, 1412]
[1309, 1360, 1362, 1413]
[1310, 1361, 1363, 1414]
[1311, 1362, 1364, 1415]
[1312, 1363, 1365, 1416]
[1313, 1364, 1366, 1417]
[1314, 1365, 1367, 1418]
[1315, 1366, 1368, 1419]
[1316, 1367, 1369, 1420]
[1317, 1368, 1370, 1421]
[1318, 1369, 1371, 1422]
[1319, 1370, 1372, 1423]
[1320, 1371, 1373, 1424]
[1321, 1372, 1374, 1425]
[1322, 1373, 1375, 1426]
[1323, 1374, 1376, 1427]
[1324, 1375, 1377, 1428]
[1325, 1376, 1378, 1429]
[1326, 1377, 1379, 1430]
[1327, 1378, 1380, 1431]
[1328, 1379, 1381, 1432]
[1329, 1380, 1382, 1433]
[1330, 1381, 1383, 1434]
[1331, 1382, 1384, 1435]
[1332, 1383, 1385, 1436]
[1333, 1384, 1386, 1437]
[1334, 1385, 1387, 1438]
[1335, 1386, 1388, 1439]
[1336, 1387, 1389, 1440]
[1337, 1388, 1390, 1441]
[1338, 1389, 1391, 1442]
[1339, 1390, 1392, 1443]
[1340, 1391, 1393, 1444]
[1341, 1392, 1394, 1445]
[1342, 1393, 1395, 1446]
[1343, 1394, 1396, 1447]
[1344, 1395, 1397, 1448]
[1345, 1396, 1398, 1449]
[1346, 1397, 1399, 1450]
[1347, 1398, 1400, 1451]
[1348, 1399, 1401, 1452]
[1349, 1400, 1402, 1453]
[1350, 1401, 1403, 1454]
[1351, 1352, 1402, 1455]
[1352, 1405, 1455, 1456]
[1353, 1404, 1406, 1457]
[1354, 1405, 1407, 1458]
[1355, 1406, 1408, 1459]
[1356, 1407, 1409, 1460]
[1357, 1408, 1410, 1461]
[1358, 1409, 1411, 1462]
[1359, 1410, 1412, 1463]
[1360, 1411, 1413, 1464]
[1361, 1412, 1414, 1465]
[1362, 1413, 1415, 1466]
[1363, 1414, 1416, 1467]
[1364, 1415, 1417, 1468]
[1365, 1416, 1418, 1469]
[1366, 1417, 1419, 1470]
[1367, 1418, 1420, 1471]
[1368, 1419, 1421, 1472]
[1369, 1420, 1422, 1473]
[1370, 1421, 1423, 1474]
[1371, 1422, 1424, 1475]
[1372, 1423, 1425, 1476]
[1373, 1424, 1426, 1477]
[1374, 1425, 1427, 1478]
[1375, 1426, 1428, 1479]
[1376, 1427, 1429, 1480]
[1377, 1428, 1430, 1481]
[1378, 1429, 1431, 1482]
[1379, 1430, 1432, 1483]
[1380, 1431, 1433, 1484]
[1381, 1432, 1434, 1485]
[1382, 1433, 1435, 1486]
[1383, 1434, 1436, 1487]
[1384, 1435, 1437, 1488]
[1385, 1436, 1438, 1489]
[1386, 1437, 1439, 1490]
[1387, 1438, 1440, 1491]
[1388, 1439, 1441, 1492]
[1389, 1440, 1442, 1493]
[1390, 1441, 1443, 1494]
[1391, 1442, 1444, 1495]
[1392, 1443, 1445, 1496]
[1393, 1444, 1446, 1497]
[1394, 1445, 1447, 1498]
[1395, 1446, 1448, 1499]
[1396, 1447, 1449, 1500]
[1397, 1448, 1450, 1501]
[1398, 1449, 1451, 1502]
[1399, 1450, 1452, 1503]
[1400, 1451, 1453, 1504]
[1401, 1452, 1454, 1505]
[1402, 1453, 1455, 1506]
[1403, 1404, 1454, 1507]
[1404, 1457, 1507, 1508]
[1405, 1456, 1458, 1509]
[1406, 1457, 1459, 1510]
[1407, 1458, 1460, 1511]
[1408, 1459, 1461, 1512]
[1409, 1460, 1462, 1513]
[1410, 1461, 1463, 1514]
[1411, 1462, 1464, 1515]
[1412, 1463, 1465, 1516]
[1413, 1464, 1466, 1517]
[1414, 1465, 1467, 1518]
[1415, 1466, 1468, 1519]
[1416, 1467, 1469, 1520]
[1417, 1468, 1470, 1521]
[1418, 1469, 1471, 1522]
[1419, 1470, 1472, 1523]
[1420, 1471, 1473, 1524]
[1421, 1472, 1474, 1525]
[1422, 1473, 1475, 1526]
[1423, 1474, 1476, 1527]
[1424, 1475, 1477, 1528]
[1425, 1476, 1478, 1529]
[1426, 1477, 1479, 1530]
[1427, 1478, 1480, 1531]
[1428, 1479, 1481, 1532]
[1429, 1480, 1482, 1533]
[1430, 1481, 1483, 1534]
[1431, 1482, 1484, 1535]
[1432, 1483, 1485, 1536]
[1433, 1484, 1486, 1537]
[1434, 1485, 1487, 1538]
[1435, 1486, 1488, 1539]
[1436, 1487, 1489, 1540]
[1437, 1488, 1490, 1541]
[1438, 1489, 1491, 1542]
[1439, 1490, 1492, 1543]
[1440, 1491, 1493, 1544]
[1441, 1492, 1494, 1545]
[1442, 1493, 1495, 1546]
[1443, 1494, 1496, 1547]
[1444, 1495, 1497, 1548]
[1445, 1496, 1498, 1549]
[1446, 1497, 1499, 1550]
[1447, 1498, 1500, 1551]
[1448, 1499, 1501, 1552]
[1449, 1500, 1502, 1553]
[1450, 1501, 1503, 1554]
[1451, 1502, 1504, 1555]
[1452, 1503, 1505, 1556]
[1453, 1504, 1506, 1557]
[1454, 1505, 1507, 1558]
[1455, 1456, 1506, 1559]
[1456, 1509, 1559, 1560]
[1457, 1508, 1510, 1561]
[1458, 1509, 1511, 1562]
[1459, 1510, 1512, 1563]
[1460, 1511, 1513, 1564]
[1461, 1512, 1514, 1565]
[1462, 1513, 1515, 1566]
[1463, 1514, 1516, 1567]
[1464, 1515, 1517, 1568]
[1465, 1516, 1518, 1569]
[1466, 1517, 1519, 1570]
[1467, 1518, 1520, 1571]
[1468, 1519, 1521, 1572]
[1469, 1520, 1522, 1573]
[1470, 1521, 1523, 1574]
[1471, 1522, 1524, 1575]
[1472, 1523, 1525, 1576]
[1473, 1524, 1526, 1577]
[1474, 1525, 1527, 1578]
[1475, 1526, 1528, 1579]
[1476, 1527, 1529, 1580]
[1477, 1528, 1530, 1581]
[1478, 1529, 1531, 1582]
[1479, 1530, 1532, 1583]
[1480, 1531, 1533, 1584]
[1481, 1532, 1534, 1585]
[1482, 1533, 1535, 1586]
[1483, 1534, 1536, 1587]
[1484, 1535, 1537, 1588]
[1485, 1536, 1538, 1589]
[1486, 1537, 1539, 1590]
[1487, 1538, 1540, 1591]
[1488, 1539, 1541, 1592]
[1489, 1540, 1542, 1593]
[1490, 1541, 1543, 1594]
[1491, 1542, 1544, 1595]
[1492, 1543, 1545, 1596]
[1493, 1544, 1546, 1597]
[1494, 1545, 1547, 1598]
[1495, 1546, 1548, 1599]
[1496, 1547, 1549, 1600]
[1497, 1548, 1550, 1601]
[1498, 1549, 1551, 1602]
[1499, 1550, 1552, 1603]
[1500, 1551, 1553, 1604]
[1501, 1552, 1554, 1605]
[1502, 1553, 1555, 1606]
[1503, 1554, 1556, 1607]
[1504, 1555, 1557, 1608]
[1505, 1556, 1558, 1609]
[1506, 1557, 1559, 1610]
[1507, 1508, 1558, 1611]
[1508, 1561, 1611, 1612]
[1509, 1560, 1562, 1613]
[1510, 1561, 1563, 1614]
[1511, 1562, 1564, 1615]
[1512, 1563, 1565, 1616]
[1513, 1564, 1566, 1617]
[1514, 1565, 1567, 1618]
[1515, 1566, 1568, 1619]
[1516, 1567, 1569, 1620]
[1517, 1568, 1570, 1621]
[1518, 1569, 1571, 1622]
[1519, 1570, 1572, 1623]
[1520, 1571, 1573, 1624]
[1521, 1572, 1574, 1625]
[1522, 1573, 1575, 1626]
[1523, 1574, 1576, 1627]
[1524, 1575, 1577, 1628]
[1525, 1576, 1578, 1629]
[1526, 1577, 1579, 1630]
[1527, 1578, 1580, 1631]
[1528, 1579, 1581, 1632]
[1529, 1580, 1582, 1633]
[1530, 1581, 1583, 1634]
[1531, 1582, 1584, 1635]
[1532, 1583, 1585, 1636]
[1533, 1584, 1586, 1637]
[1534, 1585, 1587, 1638]
[1535, 1586, 1588, 1639]
[1536, 1587, 1589, 1640]
[1537, 1588, 1590, 1641]
[1538, 1589, 1591, 1642]
[1539, 1590, 1592, 1643]
[1540, 1591, 1593, 1644]
[1541, 1592, 1594, 1645]
[1542, 1593, 1595, 1646]
[1543, 1594, 1596, 1647]
[1544, 1595, 1597, 1648]
[1545, 1596, 1598, 1649]
[1546, 1597, 1599, 1650]
[1547, 1598, 1600, 1651]
[1548, 1599, 1601, 1652]
[1549, 1600, 1602, 1653]
[1550, 1601, 1603, 1654]
[1551, 1602, 1604, 1655]
[1552, 1603, 1605, 1656]
[1553, 1604, 1606, 1657]
[1554, 1605, 1607, 1658]
[1555, 1606, 1608, 1659]
[1556, 1607, 1609, 1660]
[1557, 1608, 1610, 1661]
[1558, 1609, 1611, 1662]
[1559, 1560, 1610, 1663]
[1560, 1613, 1663, 1664]
[1561, 1612, 1614, 1665]
[1562, 1613, 1615, 1666]
[1563, 1614, 1616, 1667]
[1564, 1615, 1617, 1668]
[1565, 1616, 1618, 1669]
[1566, 1617, 1619, 1670]
[1567, 1618, 1620, 1671]
[1568, 1619, 1621, 1672]
[1569, 1620, 1622, 1673]
[1570, 1621, 1623, 1674]
[1571, 1622, 1624, 1675]
[1572, 1623, 1625, 1676]
[1573, 1624, 1626, 1677]
[1574, 1625, 1627, 1678]
[1575, 1626, 1628, 1679]
[1576, 1627, 1629, 1680]
[1577, 1628, 1630, 1681]
[1578, 1629, 1631, 1682]
[1579, 1630, 1632, 1683]
[1580, 1631, 1633, 1684]
[1581, 1632, 1634, 1685]
[1582, 1633, 1635, 1686]
[1583, 1634, 1636, 1687]
[1584, 1635, 1637, 1688]
[1585, 1636, 1638, 1689]
[1586, 1637, 1639, 1690]
[1587, 1638, 1640, 1691]
[1588, 1639, 1641, 1692]
[1589, 1640, 1642, 1693]
[1590, 1641, 1643, 1694]
[1591, 1642, 1644, 1695]
[1592, 1643, 1645, 1696]
[1593, 1644, 1646, 1697]
[1594, 1645, 1647, 1698]
[1595, 1646, 1648, 1699]
[1596, 1647, 1649, 1700]
[1597, 1648, 1650, 1701]
[1598, 1649, 1651, 1702]
[1599, 1650, 1652, 1703]
[1600, 1651, 1653, 1704]
[1601, 1652, 1654, 1705]
[1602, 1653, 1655, 1706]
[1603, 1654, 1656, 1707]
[1604, 1655, 1657, 1708]
[1605, 1656, 1658, 1709]
[1606, 1657, 1659, 1710]
[1607, 1658, 1660, 1711]
[1608, 1659, 1661, 1712]
[1609, 1660, 1662, 1713]
[1610, 1661, 1663, 1714]
[1611, 1612, 1662, 1715]
[1612, 1665, 1715, 1716]
[1613, 1664, 1666, 1717]
[1614, 1665, 1667, 1718]
[1615, 1666, 1668, 1719]
[1616, 1667, 1669, 1720]
[1617, 1668, 1670, 1721]
[1618, 1669, 1671, 1722]
[1619, 1670, 1672, 1723]
[1620, 1671, 1673, 1724]
[1621, 1672, 1674, 1725]
[1622, 1673, 1675, 1726]
[1623, 1674, 1676, 1727]
[1624, 1675, 1677, 1728]
[1625, 1676, 1678, 1729]
[1626, 1677, 1679, 1730]
[1627, 1678, 1680, 1731]
[1628, 1679, 1681, 1732]
[1629, 1680, 1682, 1733]
[1630, 1681, 1683, 1734]
[1631, 1682, 1684, 1735]
[1632, 1683, 1685, 1736]
[1633, 1684, 1686, 1737]
[1634, 1685, 1687, 1738]
[1635, 1686, 1688, 1739]
[1636, 1687, 1689, 1740]
[1637, 1688, 1690, 1741]
[1638, 1689, 1691, 1742]
[1639, 1690, 1692, 1743]
[1640, 1691, 1693, 1744]
[1641, 1692, 1694, 1745]
[1642, 1693, 1695, 1746]
[1643, 1694, 1696, 1747]
[1644, 1695, 1697, 1748]
[1645, 1696, 1698, 1749]
[1646, 1697, 1699, 1750]
[1647, 1698, 1700, 1751]
[1648, 1699, 1701, 1752]
[1649, 1700, 1702, 1753]
[1650, 1701, 1703, 1754]
[1651, 1702, 1704, 1755]
[1652, 1703, 1705, 1756]
[1653, 1704, 1706, 1757]
[1654, 1705, 1707, 1758]
[1655, 1706, 1708, 1759]
[1656, 1707, 1709, 1760]
[1657, 1708, 1710, 1761]
[1658, 1709, 1711, 1762]
[1659, 1710, 1712, 1763]
[1660, 1711, 1713, 1764]
[1661, 1712, 1714, 1765]
[1662, 1713, 1715, 1766]
[1663, 1664, 1714, 1767]
[1664, 1717, 1767, 1768]
[1665, 1716, 1718, 1769]
[1666, 1717, 1719, 1770]
[1667, 1718, 1720, 1771]
[1668, 1719, 1721, 1772]
[1669, 1720, 1722, 1773]
[1670, 1721, 1723, 1774]
[1671, 1722, 1724, 1775]
[1672, 1723, 1725, 1776]
[1673, 1724, 1726, 1777]
[1674, 1725, 1727, 1778]
[1675, 1726, 1728, 1779]
[1676, 1727, 1729, 1780]
[1677, 1728, 1730, 1781]
[1678, 1729, 1731, 1782]
[1679, 1730, 1732, 1783]
[1680, 1731, 1733, 1784]
[1681, 1732, 1734, 1785]
[1682, 1733, 1735, 1786]
[1683, 1734, 1736, 1787]
[1684, 1735, 1737, 1788]
[1685, 1736, 1738, 1789]
[1686, 1737, 1739, 1790]
[1687, 1738, 1740, 1791]
[1688, 1739, 1741, 1792]
[1689, 1740, 1742, 1793]
[1690, 1741, 1743, 1794]
[1691, 1742, 1744, 1795]
[1692, 1743, 1745, 1796]
[1693, 1744, 1746, 1797]
[1694, 1745, 1747, 1798]
[1695, 1746, 1748, 1799]
[1696, 1747, 1749, 1800]
[1697, 1748, 1750, 1801]
[1698, 1749, 1751, 1802]
[1699, 1750, 1752, 1803]
[1700, 1751, 1753, 1804]
[1701, 1752, 1754, 1805]
[1702, 1753, 1755, 1806]
[1703, 1754, 1756, 1807]
[1704, 1755, 1757, 1808]
[1705, 1756, 1758, 1809]
[1706, 1757, 1759, 1810]
[1707, 1758, 1760, 1811]
[1708, 1759, 1761, 1812]
[1709, 1760, 1762, 1813]
[1710, 1761, 1763, 1814]
[1711, 1762, 1764, 1815]
[1712, 1763, 1765, 1816]
[1713, 1764, 1766, 1817]
[1714, 1765, 1767, 1818]
[1715, 1716, 1766, 1819]
[1716, 1769, 1819, 1820]
[1717, 1768, 1770, 1821]
[1718, 1769, 1771, 1822]
[1719, 1770, 1772, 1823]
[1720, 1771, 1773, 1824]
[1721, 1772, 1774, 1825]
[1722, 1773, 1775, 1826]
[1723, 1774, 1776, 1827]
[1724, 1775, 1777, 1828]
[1725, 1776, 1778, 1829]
[1726, 1777, 1779, 1830]
[1727, 1778, 1780, 1831]
[1728, 1779, 1781, 1832]
[1729, 1780, 1782, 1833]
[1730, 1781, 1783, 1834]
[1731, 1782, 1784, 1835]
[1732, 1783, 1785, 1836]
[1733, 1784, 1786, 1837]
[1734, 1785, 1787, 1838]
[1735, 1786, 1788, 1839]
[1736, 1787, 1789, 1840]
[1737, 1788, 1790, 1841]
[1738, 1789, 1791, 1842]
[1739, 1790, 1792, 1843]
[1740, 1791, 1793, 1844]
[1741, 1792, 1794, 1845]
[1742, 1793, 1795, 1846]
[1743, 1794, 1796, 1847]
[1744, 1795, 1797, 1848]
[1745, 1796, 1798, 1849]
[1746, 1797, 1799, 1850]
[1747, 1798, 1800, 1851]
[1748, 1799, 1801, 1852]
[1749, 1800, 1802, 1853]
[1750, 1801, 1803, 1854]
[1751, 1802, 1804, 1855]
[1752, 1803, 1805, 1856]
[1753, 1804, 1806, 1857]
[1754, 1805, 1807, 1858]
[1755, 1806, 1808, 1859]
[1756, 1807, 1809, 1860]
[1757, 1808, 1810, 1861]
[1758, 1809, 1811, 1862]
[1759, 1810, 1812, 1863]
[1760, 1811, 1813, 1864]
[1761, 1812, 1814, 1865]
[1762, 1813, 1815, 1866]
[1763, 1814, 1816, 1867]
[1764, 1815, 1817, 1868]
[1765, 1816, 1818, 1869]
[1766, 1817, 1819, 1870]
[1767, 1768, 1818, 1871]
[1768, 1821, 1871, 1872]
[1769, 1820, 1822, 1873]
[1770, 1821, 1823, 1874]
[1771, 1822, 1824, 1875]
[1772, 1823, 1825, 1876]
[1773, 1824, 1826, 1877]
[1774, 1825, 1827, 1878]
[1775, 1826, 1828, 1879]
[1776, 1827, 1829, 1880]
[1777, 1828, 1830, 1881]
[1778, 1829, 1831, 1882]
[1779, 1830, 1832, 1883]
[1780, 1831, 1833, 1884]
[1781, 1832, 1834, 1885]
[1782, 1833, 1835, 1886]
[1783, 1834, 1836, 1887]
[1784, 1835, 1837, 1888]
[1785, 1836, 1838, 1889]
[1786, 1837, 1839, 1890]
[1787, 1838, 1840, 1891]
[1788, 1839, 1841, 1892]
[1789, 1840, 1842, 1893]
[1790, 1841, 1843, 1894]
[1791, 1842, 1844, 1895]
[1792, 1843, 1845, 1896]
[1793, 1844, 1846, 1897]
[1794, 1845, 1847, 1898]
[1795, 1846, 1848, 1899]
[1796, 1847, 1849, 1900]
[1797, 1848, 1850, 1901]
[1798, 1849, 1851, 1902]
[1799, 1850, 1852, 1903]
[1800, 1851, 1853, 1904]
[1801, 1852, 1854, 1905]
[1802, 1853, 1855, 1906]
[1803, 1854, 1856, 1907]
[1804, 1855, 1857, 1908]
[1805, 1856, 1858, 1909]
[1806, 1857, 1859, 1910]
[1807, 1858, 1860, 1911]
[1808, 1859, 1861, 1912]
[1809, 1860, 1862, 1913]
[1810, 1861, 1863, 1914]
[1811, 1862, 1864, 1915]
[1812, 1863, 1865, 1916]
[1813, 1864, 1866, 1917]
[1814, 1865, 1867, 1918]
[1815, 1866, 1868, 1919]
[1816, 1867, 1869, 1920]
[1817, 1868, 1870, 1921]
[1818, 1869, 1871, 1922]
[1819, 1820, 1870, 1923]
[1820, 1873, 1923, 1924]
[1821, 1872, 1874, 1925]
[1822, 1873, 1875, 1926]
[1823, 1874, 1876, 1927]
[1824, 1875, 1877, 1928]
[1825, 1876, 1878, 1929]
[1826, 1877, 1879, 1930]
[1827, 1878, 1880, 1931]
[1828, 1879, 1881, 1932]
[1829, 1880, 1882, 1933]
[1830, 1881, 1883, 1934]
[1831, 1882, 1884, 1935]
[1832, 1883, 1885, 1936]
[1833, 1884, 1886, 1937]
[1834, 1885, 1887, 1938]
[1835, 1886, 1888, 1939]
[1836, 1887, 1889, 1940]
[1837, 1888, 1890, 1941]
[1838, 1889, 1891, 1942]
[1839, 1890, 1892, 1943]
[1840, 1891, 1893, 1944]
[1841, 1892, 1894, 1945]
[1842, 1893, 1895, 1946]
[1843, 1894, 1896, 1947]
[1844, 1895, 1897, 1948]
[1845, 1896, 1898, 1949]
[1846, 1897, 1899, 1950]
[1847, 1898, 1900, 1951]
[1848, 1899, 1901, 1952]
[1849, 1900, 1902, 1953]
[1850, 1901, 1903, 1954]
[1851, 1902, 1904, 1955]
[1852, 1903, 1905, 1956]
[1853, 1904, 1906, 1957]
[1854, 1905, 1907, 1958]
[1855, 1906, 1908, 1959]
[1856, 1907, 1909, 1960]
[1857, 1908, 1910, 1961]
[1858, 1909, 1911, 1962]
[1859, 1910, 1912, 1963]
[1860, 1911, 1913, 1964]
[1861, 1912, 1914, 1965]
[1862, 1913, 1915, 1966]
[1863, 1914, 1916, 1967]
[1864, 1915, 1917, 1968]
[1865, 1916, 1918, 1969]
[1866, 1917, 1919, 1970]
[1867, 1918, 1920, 1971]
[1868, 1919, 1921, 1972]
[1869, 1920, 1922, 1973]
[1870, 1921, 1923, 1974]
[1871, 1872, 1922, 1975]
[1872, 1925, 1975, 1976]
[1873, 1924, 1926, 1977]
[1874, 1925, 1927, 1978]
[1875, 1926, 1928, 1979]
[1876, 1927, 1929, 1980]
[1877, 1928, 1930, 1981]
[1878, 1929, 1931, 1982]
[1879, 1930, 1932, 1983]
[1880, 1931, 1933, 1984]
[1881, 1932, 1934, 1985]
[1882, 1933, 1935, 1986]
[1883, 1934, 1936, 1987]
[1884, 1935, 1937, 1988]
[1885, 1936, 1938, 1989]
[1886, 1937, 1939, 1990]
[1887, 1938, 1940, 1991]
[1888, 1939, 1941, 1992]
[1889, 1940, 1942, 1993]
[1890, 1941, 1943, 1994]
[1891, 1942, 1944, 1995]
[1892, 1943, 1945, 1996]
[1893, 1944, 1946, 1997]
[1894, 1945, 1947, 1998]
[1895, 1946, 1948, 1999]
[1896, 1947, 1949, 2000]
[1897, 1948, 1950, 2001]
[1898, 1949, 1951, 2002]
[1899, 1950, 1952, 2003]
[1900, 1951, 1953, 2004]
[1901, 1952, 1954, 2005]
[1902, 1953, 1955, 2006]
[1903, 1954, 1956, 2007]
[1904, 1955, 1957, 2008]
[1905, 1956, 1958, 2009]
[1906, 1957, 1959, 2010]
[1907, 1958, 1960, 2011]
[1908, 1959, 1961, 2012]
[1909, 1960, 1962, 2013]
[1910, 1961, 1963, 2014]
[1911, 1962, 1964, 2015]
[1912, 1963, 1965, 2016]
[1913, 1964, 1966, 2017]
[1914, 1965, 1967, 2018]
[1915, 1966, 1968, 2019]
[1916, 1967, 1969, 2020]
[1917, 1968, 1970, 2021]
[1918, 1969, 1971, 2022]
[1919, 1970, 1972, 2023]
[1920, 1971, 1973, 2024]
[1921, 1972, 1974, 2025]
[1922, 1973, 1975, 2026]
[1923, 1924, 1974, 2027]
[1924, 1977, 2027, 2028]
[1925, 1976, 1978, 2029]
[1926, 1977, 1979, 2030]
[1927, 1978, 1980, 2031]
[1928, 1979, 1981, 2032]
[1929, 1980, 1982, 2033]
[1930, 1981, 1983, 2034]
[1931, 1982, 1984, 2035]
[1932, 1983, 1985, 2036]
[1933, 1984, 1986, 2037]
[1934, 1985, 1987, 2038]
[1935, 1986, 1988, 2039]
[1936, 1987, 1989, 2040]
[1937, 1988, 1990, 2041]
[1938, 1989, 1991, 2042]
[1939, 1990, 1992, 2043]
[1940, 1991, 1993, 2044]
[1941, 1992, 1994, 2045]
[1942, 1993, 1995, 2046]
[1943, 1994, 1996, 2047]
[1944, 1995, 1997, 2048]
[1945, 1996, 1998, 2049]
[1946, 1997, 1999, 2050]
[1947, 1998, 2000, 2051]
[1948, 1999, 2001, 2052]
[1949, 2000, 2002, 2053]
[1950, 2001, 2003, 2054]
[1951, 2002, 2004, 2055]
[1952, 2003, 2005, 2056]
[1953, 2004, 2006, 2057]
[1954, 2005, 2007, 2058]
[1955, 2006, 2008, 2059]
[1956, 2007, 2009, 2060]
[1957, 2008, 2010, 2061]
[1958, 2009, 2011, 2062]
[1959, 2010, 2012, 2063]
[1960, 2011, 2013, 2064]
[1961, 2012, 2014, 2065]
[1962, 2013, 2015, 2066]
[1963, 2014, 2016, 2067]
[1964, 2015, 2017, 2068]
[1965, 2016, 2018, 2069]
[1966, 2017, 2019, 2070]
[1967, 2018, 2020, 2071]
[1968, 2019, 2021, 2072]
[1969, 2020, 2022, 2073]
[1970, 2021, 2023, 2074]
[1971, 2022, 2024, 2075]
[1972, 2023, 2025, 2076]
[1973, 2024, 2026, 2077]
[1974, 2025, 2027, 2078]
[1975, 1976, 2026, 2079]
[1976, 2029, 2079, 2080]
[1977, 2028, 2030, 2081]
[1978, 2029, 2031, 2082]
[1979, 2030, 2032, 2083]
[1980, 2031, 2033, 2084]
[1981, 2032, 2034, 2085]
[1982, 2033, 2035, 2086]
[1983, 2034, 2036, 2087]
[1984, 2035, 2037, 2088]
[1985, 2036, 2038, 2089]
[1986, 2037, 2039, 2090]
[1987, 2038, 2040, 2091]
[1988, 2039, 2041, 2092]
[1989, 2040, 2042, 2093]
[1990, 2041, 2043, 2094]
[1991, 2042, 2044, 2095]
[1992, 2043, 2045, 2096]
[1993, 2044, 2046, 2097]
[1994, 2045, 2047, 2098]
[1995, 2046, 2048, 2099]
[1996, 2047, 2049, 2100]
[1997, 2048, 2050, 2101]
[1998, 2049, 2051, 2102]
[1999, 2050, 2052, 2103]
[2000, 2051, 2053, 2104]
[2001, 2052, 2054, 2105]
[2002, 2053, 2055, 2106]
[2003, 2054, 2056, 2107]
[2004, 2055, 2057, 2108]
[2005, 2056, 2058, 2109]
[2006, 2057, 2059, 2110]
[2007, 2058, 2060, 2111]
[2008, 2059, 2061, 2112]
[2009, 2060, 2062, 2113]
[2010, 2061, 2063, 2114]
[2011, 2062, 2064, 2115]
[2012, 2063, 2065, 2116]
[2013, 2064, 2066, 2117]
[2014, 2065, 2067, 2118]
[2015, 2066, 2068, 2119]
[2016, 2067, 2069, 2120]
[2017, 2068, 2070, 2121]
[2018, 2069, 2071, 2122]
[2019, 2070, 2072, 2123]
[2020, 2071, 2073, 2124]
[2021, 2072, 2074, 2125]
[2022, 2073, 2075, 2126]
[2023, 2074, 2076, 2127]
[2024, 2075, 2077, 2128]
[2025, 2076, 2078, 2129]
[2026, 2077, 2079, 2130]
[2027, 2028, 2078, 2131]
[2028, 2081, 2131, 2132]
[2029, 2080, 2082, 2133]
[2030, 2081, 2083, 2134]
[2031, 2082, 2084, 2135]
[2032, 2083, 2085, 2136]
[2033, 2084, 2086, 2137]
[2034, 2085, 2087, 2138]
[2035, 2086, 2088, 2139]
[2036, 2087, 2089, 2140]
[2037, 2088, 2090, 2141]
[2038, 2089, 2091, 2142]
[2039, 2090, 2092, 2143]
[2040, 2091, 2093, 2144]
[2041, 2092, 2094, 2145]
[2042, 2093, 2095, 2146]
[2043, 2094, 2096, 2147]
[2044, 2095, 2097, 2148]
[2045, 2096, 2098, 2149]
[2046, 2097, 2099, 2150]
[2047, 2098, 2100, 2151]
[2048, 2099, 2101, 2152]
[2049, 2100, 2102, 2153]
[2050, 2101, 2103, 2154]
[2051, 2102, 2104, 2155]
[2052, 2103, 2105, 2156]
[2053, 2104, 2106, 2157]
[2054, 2105, 2107, 2158]
[2055, 2106, 2108, 2159]
[2056, 2107, 2109, 2160]
[2057, 2108, 2110, 2161]
[2058, 2109, 2111, 2162]
[2059, 2110, 2112, 2163]
[2060, 2111, 2113, 2164]
[2061, 2112, 2114, 2165]
[2062, 2113, 2115, 2166]
[2063, 2114, 2116, 2167]
[2064, 2115, 2117, 2168]
[2065, 2116, 2118, 2169]
[2066, 2117, 2119, 2170]
[2067, 2118, 2120, 2171]
[2068, 2119, 2121, 2172]
[2069, 2120, 2122, 2173]
[2070, 2121, 2123, 2174]
[2071, 2122, 2124, 2175]
[2072, 2123, 2125, 2176]
[2073, 2124, 2126, 2177]
[2074, 2125, 2127, 2178]
[2075, 2126, 2128, 2179]
[2076, 2127, 2129, 2180]
[2077, 2128, 2130, 2181]
[2078, 2129, 2131, 2182]
[2079, 2080, 2130, 2183]
[2080, 2133, 2183, 2184]
[2081, 2132, 2134, 2185]
[2082, 2133, 2135, 2186]
[2083, 2134, 2136, 2187]
[2084, 2135, 2137, 2188]
[2085, 2136, 2138, 2189]
[2086, 2137, 2139, 2190]
[2087, 2138, 2140, 2191]
[2088, 2139, 2141, 2192]
[2089, 2140, 2142, 2193]
[2090, 2141, 2143, 2194]
[2091, 2142, 2144, 2195]
[2092, 2143, 2145, 2196]
[2093, 2144, 2146, 2197]
[2094, 2145, 2147, 2198]
[2095, 2146, 2148, 2199]
[2096, 2147, 2149, 2200]
[2097, 2148, 2150, 2201]
[2098, 2149, 2151, 2202]
[2099, 2150, 2152, 2203]
[2100, 2151, 2153, 2204]
[2101, 2152, 2154, 2205]
[2102, 2153, 2155, 2206]
[2103, 2154, 2156, 2207]
[2104, 2155, 2157, 2208]
[2105, 2156, 2158, 2209]
[2106, 2157, 2159, 2210]
[2107, 2158, 2160, 2211]
[2108, 2159, 2161, 2212]
[2109, 2160, 2162, 2213]
[2110, 2161, 2163, 2214]
[2111, 2162, 2164, 2215]
[2112, 2163, 2165, 2216]
[2113, 2164, 2166, 2217]
[2114, 2165, 2167, 2218]
[2115, 2166, 2168, 2219]
[2116, 2167, 2169, 2220]
[2117, 2168, 2170, 2221]
[2118, 2169, 2171, 2222]
[2119, 2170, 2172, 2223]
[2120, 2171, 2173, 2224]
[2121, 2172, 2174, 2225]
[2122, 2173, 2175, 2226]
[2123, 2174, 2176, 2227]
[2124, 2175, 2177, 2228]
[2125, 2176, 2178, 2229]
[2126, 2177, 2179, 2230]
[2127, 2178, 2180, 2231]
[2128, 2179, 2181, 2232]
[2129, 2180, 2182, 2233]
[2130, 2181, 2183, 2234]
[2131, 2132, 2182, 2235]
[2132, 2185, 2235, 2236]
[2133, 2184, 2186, 2237]
[2134, 2185, 2187, 2238]
[2135, 2186, 2188, 2239]
[2136, 2187, 2189, 2240]
[2137, 2188, 2190, 2241]
[2138, 2189, 2191, 2242]
[2139, 2190, 2192, 2243]
[2140, 2191, 2193, 2244]
[2141, 2192, 2194, 2245]
[2142, 2193, 2195, 2246]
[2143, 2194, 2196, 2247]
[2144, 2195, 2197, 2248]
[2145, 2196, 2198, 2249]
[2146, 2197, 2199, 2250]
[2147, 2198, 2200, 2251]
[2148, 2199, 2201, 2252]
[2149, 2200, 2202, 2253]
[2150, 2201, 2203, 2254]
[2151, 2202, 2204, 2255]
[2152, 2203, 2205, 2256]
[2153, 2204, 2206, 2257]
[2154, 2205, 2207, 2258]
[2155, 2206, 2208, 2259]
[2156, 2207, 2209, 2260]
[2157, 2208, 2210, 2261]
[2158, 2209, 2211, 2262]
[2159, 2210, 2212, 2263]
[2160, 2211, 2213, 2264]
[2161, 2212, 2214, 2265]
[2162, 2213, 2215, 2266]
[2163, 2214, 2216, 2267]
[2164, 2215, 2217, 2268]
[2165, 2216, 2218, 2269]
[2166, 2217, 2219, 2270]
[2167, 2218, 2220, 2271]
[2168, 2219, 2221, 2272]
[2169, 2220, 2222, 2273]
[2170, 2221, 2223, 2274]
[2171, 2222, 2224, 2275]
[2172, 2223, 2225, 2276]
[2173, 2224, 2226, 2277]
[2174, 2225, 2227, 2278]
[2175, 2226, 2228, 2279]
[2176, 2227, 2229, 2280]
[2177, 2228, 2230, 2281]
[2178, 2229, 2231, 2282]
[2179, 2230, 2232, 2283]
[2180, 2231, 2233, 2284]
[2181, 2232, 2234, 2285]
[2182, 2233, 2235, 2286]
[2183, 2184, 2234, 2287]
[2184, 2237, 2287, 2288]
[2185, 2236, 2238, 2289]
[2186, 2237, 2239, 2290]
[2187, 2238, 2240, 2291]
[2188, 2239, 2241, 2292]
[2189, 2240, 2242, 2293]
[2190, 2241, 2243, 2294]
[2191, 2242, 2244, 2295]
[2192, 2243, 2245, 2296]
[2193, 2244, 2246, 2297]
[2194, 2245, 2247, 2298]
[2195, 2246, 2248, 2299]
[2196, 2247, 2249, 2300]
[2197, 2248, 2250, 2301]
[2198, 2249, 2251, 2302]
[2199, 2250, 2252, 2303]
[2200, 2251, 2253, 2304]
[2201, 2252, 2254, 2305]
[2202, 2253, 2255, 2306]
[2203, 2254, 2256, 2307]
[2204, 2255, 2257, 2308]
[2205, 2256, 2258, 2309]
[2206, 2257, 2259, 2310]
[2207, 2258, 2260, 2311]
[2208, 2259, 2261, 2312]
[2209, 2260, 2262, 2313]
[2210, 2261, 2263, 2314]
[2211, 2262, 2264, 2315]
[2212, 2263, 2265, 2316]
[2213, 2264, 2266, 2317]
[2214, 2265, 2267, 2318]
[2215, 2266, 2268, 2319]
[2216, 2267, 2269, 2320]
[2217, 2268, 2270, 2321]
[2218, 2269, 2271, 2322]
[2219, 2270, 2272, 2323]
[2220, 2271, 2273, 2324]
[2221, 2272, 2274, 2325]
[2222, 2273, 2275, 2326]
[2223, 2274, 2276, 2327]
[2224, 2275, 2277, 2328]
[2225, 2276, 2278, 2329]
[2226, 2277, 2279, 2330]
[2227, 2278, 2280, 2331]
[2228, 2279, 2281, 2332]
[2229, 2280, 2282, 2333]
[2230, 2281, 2283, 2334]
[2231, 2282, 2284, 2335]
[2232, 2283, 2285, 2336]
[2233, 2284, 2286, 2337]
[2234, 2285, 2287, 2338]
[2235, 2236, 2286, 2339]
[2236, 2289, 2339, 2340]
[2237, 2288, 2290, 2341]
[2238, 2289, 2291, 2342]
[2239, 2290, 2292, 2343]
[2240, 2291, 2293, 2344]
[2241, 2292, 2294, 2345]
[2242, 2293, 2295, 2346]
[2243, 2294, 2296, 2347]
[2244, 2295, 2297, 2348]
[2245, 2296, 2298, 2349]
[2246, 2297, 2299, 2350]
[2247, 2298, 2300, 2351]
[2248, 2299, 2301, 2352]
[2249, 2300, 2302, 2353]
[2250, 2301, 2303, 2354]
[2251, 2302, 2304, 2355]
[2252, 2303, 2305, 2356]
[2253, 2304, 2306, 2357]
[2254, 2305, 2307, 2358]
[2255, 2306, 2308, 2359]
[2256, 2307, 2309, 2360]
[2257, 2308, 2310, 2361]
[2258, 2309, 2311, 2362]
[2259, 2310, 2312, 2363]
[2260, 2311, 2313, 2364]
[2261, 2312, 2314, 2365]
[2262, 2313, 2315, 2366]
[2263, 2314, 2316, 2367]
[2264, 2315, 2317, 2368]
[2265, 2316, 2318, 2369]
[2266, 2317, 2319, 2370]
[2267, 2318, 2320, 2371]
[2268, 2319, 2321, 2372]
[2269, 2320, 2322, 2373]
[2270, 2321, 2323, 2374]
[2271, 2322, 2324, 2375]
[2272, 2323, 2325, 2376]
[2273, 2324, 2326, 2377]
[2274, 2325, 2327, 2378]
[2275, 2326, 2328, 2379]
[2276, 2327, 2329, 2380]
[2277, 2328, 2330, 2381]
[2278, 2329, 2331, 2382]
[2279, 2330, 2332, 2383]
[2280, 2331, 2333, 2384]
[2281, 2332, 2334, 2385]
[2282, 2333, 2335, 2386]
[2283, 2334, 2336, 2387]
[2284, 2335, 2337, 2388]
[2285, 2336, 2338, 2389]
[2286, 2337, 2339, 2390]
[2287, 2288, 2338, 2391]
[2288, 2341, 2391, 2392]
[2289, 2340, 2342, 2393]
[2290, 2341, 2343, 2394]
[2291, 2342, 2344, 2395]
[2292, 2343, 2345, 2396]
[2293, 2344, 2346, 2397]
[2294, 2345, 2347, 2398]
[2295, 2346, 2348, 2399]
[2296, 2347, 2349, 2400]
[2297, 2348, 2350, 2401]
[2298, 2349, 2351, 2402]
[2299, 2350, 2352, 2403]
[2300, 2351, 2353, 2404]
[2301, 2352, 2354, 2405]
[2302, 2353, 2355, 2406]
[2303, 2354, 2356, 2407]
[2304, 2355, 2357, 2408]
[2305, 2356, 2358, 2409]
[2306, 2357, 2359, 2410]
[2307, 2358, 2360, 2411]
[2308, 2359, 2361, 2412]
[2309, 2360, 2362, 2413]
[2310, 2361, 2363, 2414]
[2311, 2362, 2364, 2415]
[2312, 2363, 2365, 2416]
[2313, 2364, 2366, 2417]
[2314, 2365, 2367, 2418]
[2315, 2366, 2368, 2419]
[2316, 2367, 2369, 2420]
[2317, 2368, 2370, 2421]
[2318, 2369, 2371, 2422]
[2319, 2370, 2372, 2423]
[2320, 2371, 2373, 2424]
[2321, 2372, 2374, 2425]
[2322, 2373, 2375, 2426]
[2323, 2374, 2376, 2427]
[2324, 2375, 2377, 2428]
[2325, 2376, 2378, 2429]
[2326, 2377, 2379, 2430]
[2327, 2378, 2380, 2431]
[2328, 2379, 2381, 2432]
[2329, 2380, 2382, 2433]
[2330, 2381, 2383, 2434]
[2331, 2382, 2384, 2435]
[2332, 2383, 2385, 2436]
[2333, 2384, 2386, 2437]
[2334, 2385, 2387, 2438]
[2335, 2386, 2388, 2439]
[2336, 2387, 2389, 2440]
[2337, 2388, 2390, 2441]
[2338, 2389, 2391, 2442]
[2339, 2340, 2390, 2443]
[2340, 2393, 2443, 2444]
[2341, 2392, 2394, 2445]
[2342, 2393, 2395, 2446]
[2343, 2394, 2396, 2447]
[2344, 2395, 2397, 2448]
[2345, 2396, 2398, 2449]
[2346, 2397, 2399, 2450]
[2347, 2398, 2400, 2451]
[2348, 2399, 2401, 2452]
[2349, 2400, 2402, 2453]
[2350, 2401, 2403, 2454]
[2351, 2402, 2404, 2455]
[2352, 2403, 2405, 2456]
[2353, 2404, 2406, 2457]
[2354, 2405, 2407, 2458]
[2355, 2406, 2408, 2459]
[2356, 2407, 2409, 2460]
[2357, 2408, 2410, 2461]
[2358, 2409, 2411, 2462]
[2359, 2410, 2412, 2463]
[2360, 2411, 2413, 2464]
[2361, 2412, 2414, 2465]
[2362, 2413, 2415, 2466]
[2363, 2414, 2416, 2467]
[2364, 2415, 2417, 2468]
[2365, 2416, 2418, 2469]
[2366, 2417, 2419, 2470]
[2367, 2418, 2420, 2471]
[2368, 2419, 2421, 2472]
[2369, 2420, 2422, 2473]
[2370, 2421, 2423, 2474]
[2371, 2422, 2424, 2475]
[2372, 2423, 2425, 2476]
[2373, 2424, 2426, 2477]
[2374, 2425, 2427, 2478]
[2375, 2426, 2428, 2479]
[2376, 2427, 2429, 2480]
[2377, 2428, 2430, 2481]
[2378, 2429, 2431, 2482]
[2379, 2430, 2432, 2483]
[2380, 2431, 2433, 2484]
[2381, 2432, 2434, 2485]
[2382, 2433, 2435, 2486]
[2383, 2434, 2436, 2487]
[2384, 2435, 2437, 2488]
[2385, 2436, 2438, 2489]
[2386, 2437, 2439, 2490]
[2387, 2438, 2440, 2491]
[2388, 2439, 2441, 2492]
[2389, 2440, 2442, 2493]
[2390, 2441, 2443, 2494]
[2391, 2392, 2442, 2495]
[2392, 2445, 2495, 2496]
[2393, 2444, 2446, 2497]
[2394, 2445, 2447, 2498]
[2395, 2446, 2448, 2499]
[2396, 2447, 2449, 2500]
[2397, 2448, 2450, 2501]
[2398, 2449, 2451, 2502]
[2399, 2450, 2452, 2503]
[2400, 2451, 2453, 2504]
[2401, 2452, 2454, 2505]
[2402, 2453, 2455, 2506]
[2403, 2454, 2456, 2507]
[2404, 2455, 2457, 2508]
[2405, 2456, 2458, 2509]
[2406, 2457, 2459, 2510]
[2407, 2458, 2460, 2511]
[2408, 2459, 2461, 2512]
[2409, 2460, 2462, 2513]
[2410, 2461, 2463, 2514]
[2411, 2462, 2464, 2515]
[2412, 2463, 2465, 2516]
[2413, 2464, 2466, 2517]
[2414, 2465, 2467, 2518]
[2415, 2466, 2468, 2519]
[2416, 2467, 2469, 2520]
[2417, 2468, 2470, 2521]
[2418, 2469, 2471, 2522]
[2419, 2470, 2472, 2523]
[2420, 2471, 2473, 2524]
[2421, 2472, 2474, 2525]
[2422, 2473, 2475, 2526]
[2423, 2474, 2476, 2527]
[2424, 2475, 2477, 2528]
[2425, 2476, 2478, 2529]
[2426, 2477, 2479, 2530]
[2427, 2478, 2480, 2531]
[2428, 2479, 2481, 2532]
[2429, 2480, 2482, 2533]
[2430, 2481, 2483, 2534]
[2431, 2482, 2484, 2535]
[2432, 2483, 2485, 2536]
[2433, 2484, 2486, 2537]
[2434, 2485, 2487, 2538]
[2435, 2486, 2488, 2539]
[2436, 2487, 2489, 2540]
[2437, 2488, 2490, 2541]
[2438, 2489, 2491, 2542]
[2439, 2490, 2492, 2543]
[2440, 2491, 2493, 2544]
[2441, 2492, 2494, 2545]
[2442, 2493, 2495, 2546]
[2443, 2444, 2494, 2547]
[2444, 2497, 2547, 2548]
[2445, 2496, 2498, 2549]
[2446, 2497, 2499, 2550]
[2447, 2498, 2500, 2551]
[2448, 2499, 2501, 2552]
[2449, 2500, 2502, 2553]
[2450, 2501, 2503, 2554]
[2451, 2502, 2504, 2555]
[2452, 2503, 2505, 2556]
[2453, 2504, 2506, 2557]
[2454, 2505, 2507, 2558]
[2455, 2506, 2508, 2559]
[2456, 2507, 2509, 2560]
[2457, 2508, 2510, 2561]
[2458, 2509, 2511, 2562]
[2459, 2510, 2512, 2563]
[2460, 2511, 2513, 2564]
[2461, 2512, 2514, 2565]
[2462, 2513, 2515, 2566]
[2463, 2514, 2516, 2567]
[2464, 2515, 2517, 2568]
[2465, 2516, 2518, 2569]
[2466, 2517, 2519, 2570]
[2467, 2518, 2520, 2571]
[2468, 2519, 2521, 2572]
[2469, 2520, 2522, 2573]
[2470, 2521, 2523, 2574]
[2471, 2522, 2524, 2575]
[2472, 2523, 2525, 2576]
[2473, 2524, 2526, 2577]
[2474, 2525, 2527, 2578]
[2475, 2526, 2528, 2579]
[2476, 2527, 2529, 2580]
[2477, 2528, 2530, 2581]
[2478, 2529, 2531, 2582]
[2479, 2530, 2532, 2583]
[2480, 2531, 2533, 2584]
[2481, 2532, 2534, 2585]
[2482, 2533, 2535, 2586]
[2483, 2534, 2536, 2587]
[2484, 2535, 2537, 2588]
[2485, 2536, 2538, 2589]
[2486, 2537, 2539, 2590]
[2487, 2538, 2540, 2591]
[2488, 2539, 2541, 2592]
[2489, 2540, 2542, 2593]
[2490, 2541, 2543, 2594]
[2491, 2542, 2544, 2595]
[2492, 2543, 2545, 2596]
[2493, 2544, 2546, 2597]
[2494, 2545, 2547, 2598]
[2495, 2496, 2546, 2599]
[2496, 2549, 2599, 2600]
[2497, 2548, 2550, 2601]
[2498, 2549, 2551, 2602]
[2499, 2550, 2552, 2603]
[2500, 2551, 2553, 2604]
[2501, 2552, 2554, 2605]
[2502, 2553, 2555, 2606]
[2503, 2554, 2556, 2607]
[2504, 2555, 2557, 2608]
[2505, 2556, 2558, 2609]
[2506, 2557, 2559, 2610]
[2507, 2558, 2560, 2611]
[2508, 2559, 2561, 2612]
[2509, 2560, 2562, 2613]
[2510, 2561, 2563, 2614]
[2511, 2562, 2564, 2615]
[2512, 2563, 2565, 2616]
[2513, 2564, 2566, 2617]
[2514, 2565, 2567, 2618]
[2515, 2566, 2568, 2619]
[2516, 2567, 2569, 2620]
[2517, 2568, 2570, 2621]
[2518, 2569, 2571, 2622]
[2519, 2570, 2572, 2623]
[2520, 2571, 2573, 2624]
[2521, 2572, 2574, 2625]
[2522, 2573, 2575, 2626]
[2523, 2574, 2576, 2627]
[2524, 2575, 2577, 2628]
[2525, 2576, 2578, 2629]
[2526, 2577, 2579, 2630]
[2527, 2578, 2580, 2631]
[2528, 2579, 2581, 2632]
[2529, 2580, 2582, 2633]
[2530, 2581, 2583, 2634]
[2531, 2582, 2584, 2635]
[2532, 2583, 2585, 2636]
[2533, 2584, 2586, 2637]
[2534, 2585, 2587, 2638]
[2535, 2586, 2588, 2639]
[2536, 2587, 2589, 2640]
[2537, 2588, 2590, 2641]
[2538, 2589, 2591, 2642]
[2539, 2590, 2592, 2643]
[2540, 2591, 2593, 2644]
[2541, 2592, 2594, 2645]
[2542, 2593, 2595, 2646]
[2543, 2594, 2596, 2647]
[2544, 2595, 2597, 2648]
[2545, 2596, 2598, 2649]
[2546, 2597, 2599, 2650]
[2547, 2548, 2598, 2651]
[2548, 2601, 2651, 2652]
[2549, 2600, 2602, 2653]
[2550, 2601, 2603, 2654]
[2551, 2602, 2604, 2655]
[2552, 2603, 2605, 2656]
[2553, 2604, 2606, 2657]
[2554, 2605, 2607, 2658]
[2555, 2606, 2608, 2659]
[2556, 2607, 2609, 2660]
[2557, 2608, 2610, 2661]
[2558, 2609, 2611, 2662]
[2559, 2610, 2612, 2663]
[2560, 2611, 2613, 2664]
[2561, 2612, 2614, 2665]
[2562, 2613, 2615, 2666]
[2563, 2614, 2616, 2667]
[2564, 2615, 2617, 2668]
[2565, 2616, 2618, 2669]
[2566, 2617, 2619, 2670]
[2567, 2618, 2620, 2671]
[2568, 2619, 2621, 2672]
[2569, 2620, 2622, 2673]
[2570, 2621, 2623, 2674]
[2571, 2622, 2624, 2675]
[2572, 2623, 2625, 2676]
[2573, 2624, 2626, 2677]
[2574, 2625, 2627, 2678]
[2575, 2626, 2628, 2679]
[2576, 2627, 2629, 2680]
[2577, 2628, 2630, 2681]
[2578, 2629, 2631, 2682]
[2579, 2630, 2632, 2683]
[2580, 2631, 2633, 2684]
[2581, 2632, 2634, 2685]
[2582, 2633, 2635, 2686]
[2583, 2634, 2636, 2687]
[2584, 2635, 2637, 2688]
[2585, 2636, 2638, 2689]
[2586, 2637, 2639, 2690]
[2587, 2638, 2640, 2691]
[2588, 2639, 2641, 2692]
[2589, 2640, 2642, 2693]
[2590, 2641, 2643, 2694]
[2591, 2642, 2644, 2695]
[2592, 2643, 2645, 2696]
[2593, 2644, 2646, 2697]
[2594, 2645, 2647, 2698]
[2595, 2646, 2648, 2699]
[2596, 2647, 2649, 2700]
[2597, 2648, 2650, 2701]
[2598, 2649, 2651, 2702]
[2599, 2600, 2650, 2703]
[0, 2600, 2653, 2703]
[1, 2601, 2652, 2654]
[2, 2602, 2653, 2655]
[3, 2603, 2654, 2656]
[4, 2604, 2655, 2657]
[5, 2605, 2656, 2658]
[6, 2606, 2657, 2659]
[7, 2607, 2658, 2660]
[8, 2608, 2659, 2661]
[9, 2609, 2660, 2662]
[10, 2610, 2661, 2663]
[11, 2611, 2662, 2664]
[12, 2612, 2663, 2665]
[13, 2613, 2664, 2666]
[14, 2614, 2665, 2667]
[15, 2615, 2666, 2668]
[16, 2616, 2667, 2669]
[17, 2617, 2668, 2670]
[18, 2618, 2669, 2671]
[19, 2619, 2670, 2672]
[20, 2620, 2671, 2673]
[21, 2621, 2672, 2674]
[22, 2622, 2673, 2675]
[23, 2623, 2674, 2676]
[24, 2624, 2675, 2677]
[25, 2625, 2676, 2678]
[26, 2626, 2677, 2679]
[27, 2627, 2678, 2680]
[28, 2628, 2679, 2681]
[29, 2629, 2680, 2682]
[30, 2630, 2681, 2683]
[31, 2631, 2682, 2684]
[32, 2632, 2683, 2685]
[33, 2633, 2684, 2686]
[34, 2634, 2685, 2687]
[35, 2635, 2686, 2688]
[36, 2636, 2687, 2689]
[37, 2637, 2688, 2690]
[38, 2638, 2689, 2691]
[39, 2639, 2690, 2692]
[40, 2640, 2691, 2693]
[41, 2641, 2692, 2694]
[42, 2642, 2693, 2695]
[43, 2643, 2694, 2696]
[44, 2644, 2695, 2697]
[45, 2645, 2696, 2698]
[46, 2646, 2697, 2699]
[47, 2647, 2698, 2700]
[48, 2648, 2699, 2701]
[49, 2649, 2700, 2702]
[50, 2650, 2701, 2703]
[51, 2651, 2652, 2702]
