[1, 17, 145]
[0, 2, 18]
[1, 3, 147]
[2, 4, 20]
[3, 5, 149]
[4, 6, 22]
[5, 7, 151]
[6, 8, 24]
[7, 9, 153]
[8, 10, 26]
[9, 11, 155]
[10, 12, 28]
[11, 13, 157]
[12, 14, 30]
[13, 15, 159]
[14, 16, 32]
[15, 17, 161]
[0, 16, 34]
[1, 19, 35]
[18, 20, 36]
[3, 19, 21]
[20, 22, 38]
[5, 21, 23]
[22, 24, 40]
[7, 23, 25]
[24, 26, 42]
[9, 25, 27]
[26, 28, 44]
[11, 27, 29]
[28, 30, 46]
[13, 29, 31]
[30, 32, 48]
[15, 31, 33]
[32, 34, 50]
[17, 33, 35]
[18, 34, 52]
[19, 37, 53]
[36, 38, 54]
[21, 37, 39]
[38, 40, 56]
[23, 39, 41]
[40, 42, 58]
[25, 41, 43]
[42, 44, 60]
[27, 43, 45]
[44, 46, 62]
[29, 45, 47]
[46, 48, 64]
[31, 47, 49]
[48, 50, 66]
[33, 49, 51]
[50, 52, 68]
[35, 51, 53]
[36, 52, 70]
[37, 55, 71]
[54, 56, 72]
[39, 55, 57]
[56, 58, 74]
[41, 57, 59]
[58, 60, 76]
[43, 59, 61]
[60, 62, 78]
[45, 61, 63]
[62, 64, 80]
[47, 63, 65]
[64, 66, 82]
[49, 65, 67]
[66, 68, 84]
[51, 67, 69]
[68, 70, 86]
[53, 69, 71]
[54, 70, 88]
[55, 73, 89]
[72, 74, 90]
[57, 73, 75]
[74, 76, 92]
[59, 75, 77]
[76, 78, 94]
[61, 77, 79]
[78, 80, 96]
[63, 79, 81]
[80, 82, 98]
[65, 81, 83]
[82, 84, 100]
[67, 83, 85]
[84, 86, 102]
[69, 85, 87]
[86, 88, 104]
[71, 87, 89]
[72, 88, 106]
[73, 91, 107]
[90, 92, 108]
[75, 91, 93]
[92, 94, 110]
[77, 93, 95]
[94, 96, 112]
[79, 95, 97]
[96, 98, 114]
[81, 97, 99]
[98, 100, 116]
[83, 99, 101]
[100, 102, 118]
[85, 101, 103]
[102, 104, 120]
[87, 103, 105]
[104, 106, 122]
[89, 105, 107]
[90, 106, 124]
[91, 109, 125]
[108, 110, 126]
[93, 109, 111]
[110, 112, 128]
[95, 111, 113]
[112, 114, 130]
[97, 113, 115]
[114, 116, 132]
[99, 115, 117]
[116, 118, 134]
[101, 117, 119]
[118, 120, 136]
[103, 119, 121]
[120, 122, 138]
[105, 121, 123]
[122, 124, 140]
[107, 123, 125]
[108, 124, 142]
[109, 127, 143]
[126, 128, 144]
[111, 127, 129]
[128, 130, 146]
[113, 129, 131]
[130, 132, 148]
[115, 131, 133]
[132, 134, 150]
[117, 133, 135]
[134, 136, 152]
[119, 135, 137]
[136, 138, 154]
[121, 137, 139]
[138, 140, 156]
[123, 139, 141]
[140, 142, 158]
[125, 141, 143]
[126, 142, 160]
[127, 145, 161]
[0, 144, 146]
[129, 145, 147]
[2, 146, 148]
[131, 147, 149]
[4, 148, 150]
[133, 149, 151]
[6, 150, 152]
[135, 151, 153]
[8, 152, 154]
[137, 153, 155]
[10, 154, 156]
[139, 155, 157]
[12, 156, 158]
[141, 157, 159]
[14, 158, 160]
[143, 159, 161]
[16, 144, 160]
