[1, 9, 10, 90]
[0, 2, 11, 91]
[1, 3, 12, 92]
[2, 4, 13, 93]
[3, 5, 14, 94]
[4, 6, 15, 95]
[5, 7, 16, 96]
[6, 8, 17, 97]
[7, 9, 18, 98]
[0, 8, 19, 99]
[0, 11, 19, 20]
[1, 10, 12, 21]
[2, 11, 13, 22]
[3, 12, 14, 23]
[4, 13, 15, 24]
[5, 14, 16, 25]
[6, 15, 17, 26]
[7, 16, 18, 27]
[8, 17, 19, 28]
[9, 10, 18, 29]
[10, 21, 29, 30]
[11, 20, 22, 31]
[12, 21, 23, 32]
[13, 22, 24, 33]
[14, 23, 25, 34]
[15, 24, 26, 35]
[16, 25, 27, 36]
[17, 26, 28, 37]
[18, 27, 29, 38]
[19, 20, 28, 39]
[20, 31, 39, 40]
[21, 30, 32, 41]
[22, 31, 33, 42]
[23, 32, 34, 43]
[24, 33, 35, 44]
[25, 34, 36, 45]
[26, 35, 37, 46]
[27, 36, 38, 47]
[28, 37, 39, 48]
[29, 30, 38, 49]
[30, 41, 49, 50]
[31, 40, 42, 51]
[32, 41, 43, 52]
[33, 42, 44, 53]
[34, 43, 45, 54]
[35, 44, 46, 55]
[36, 45, 47, 56]
[37, 46, 48, 57]
[38, 47, 49, 58]
[39, 40, 48, 59]
[40, 51, 59, 60]
[41, 50, 52, 61]
[42, 51, 53, 62]
[43, 52, 54, 63]
[44, 53, 55, 64]
[45, 54, 56, 65]
[46, 55, 57, 66]
[47, 56, 58, 67]
[48, 57, 59, 68]
[49, 50, 58, 69]
[50, 61, 69, 70]
[51, 60, 62, 71]
[52, 61, 63, 72]
[53, 62, 64, 73]
[54, 63, 65, 74]
[55, 64, 66, 75]
[56, 65, 67, 76]
[57, 66, 68, 77]
[58, 67, 69, 78]
[59, 60, 68, 79]
[60, 71, 79, 80]
[61, 70, 72, 81]
[62, 71, 73, 82]
[63, 72, 74, 83]
[64, 73, 75, 84]
[65, 74, 76, 85]
[66, 75, 77, 86]
[67, 76, 78, 87]
[68, 77, 79, 88]
[69, 70, 78, 89]
[70, 81, 89, 90]
[71, 80, 82, 91]
[72, 81, 83, 92]
[73, 82, 84, 93]
[74, 83, 85, 94]
[75, 84, 86, 95]
[76, 85, 87, 96]
[77, 86, 88, 97]
[78, 87, 89, 98]
[79, 80, 88, 99]
[0, 80, 91, 99]
[1, 81, 90, 92]
[2, 82, 91, 93]
[3, 83, 92, 94]
[4, 84, 93, 95]
[5, 85, 94, 96]
[6, 86, 95, 97]
[7, 87, 96, 98]
[8, 88, 97, 99]
[9, 89, 90, 98]
