[1, 61, 62, 3782]
[0, 2, 63, 3783]
[1, 3, 64, 3784]
[2, 4, 65, 3785]
[3, 5, 66, 3786]
[4, 6, 67, 3787]
[5, 7, 68, 3788]
[6, 8, 69, 3789]
[7, 9, 70, 3790]
[8, 10, 71, 3791]
[9, 11, 72, 3792]
[10, 12, 73, 3793]
[11, 13, 74, 3794]
[12, 14, 75, 3795]
[13, 15, 76, 3796]
[14, 16, 77, 3797]
[15, 17, 78, 3798]
[16, 18, 79, 3799]
[17, 19, 80, 3800]
[18, 20, 81, 3801]
[19, 21, 82, 3802]
[20, 22, 83, 3803]
[21, 23, 84, 3804]
[22, 24, 85, 3805]
[23, 25, 86, 3806]
[24, 26, 87, 3807]
[25, 27, 88, 3808]
[26, 28, 89, 3809]
[27, 29, 90, 3810]
[28, 30, 91, 3811]
[29, 31, 92, 3812]
[30, 32, 93, 3813]
[31, 33, 94, 3814]
[32, 34, 95, 3815]
[33, 35, 96, 3816]
[34, 36, 97, 3817]
[35, 37, 98, 3818]
[36, 38, 99, 3819]
[37, 39, 100, 3820]
[38, 40, 101, 3821]
[39, 41, 102, 3822]
[40, 42, 103, 3823]
[41, 43, 104, 3824]
[42, 44, 105, 3825]
[43, 45, 106, 3826]
[44, 46, 107, 3827]
[45, 47, 108, 3828]
[46, 48, 109, 3829]
[47, 49, 110, 3830]
[48, 50, 111, 3831]
[49, 51, 112, 3832]
[50, 52, 113, 3833]
[51, 53, 114, 3834]
[52, 54, 115, 3835]
[53, 55, 116, 3836]
[54, 56, 117, 3837]
[55, 57, 118, 3838]
[56, 58, 119, 3839]
[57, 59, 120, 3840]
[58, 60, 121, 3841]
[59, 61, 122, 3842]
[0, 60, 123, 3843]
[0, 63, 123, 124]
[1, 62, 64, 125]
[2, 63, 65, 126]
[3, 64, 66, 127]
[4, 65, 67, 128]
[5, 66, 68, 129]
[6, 67, 69, 130]
[7, 68, 70, 131]
[8, 69, 71, 132]
[9, 70, 72, 133]
[10, 71, 73, 134]
[11, 72, 74, 135]
[12, 73, 75, 136]
[13, 74, 76, 137]
[14, 75, 77, 138]
[15, 76, 78, 139]
[16, 77, 79, 140]
[17, 78, 80, 141]
[18, 79, 81, 142]
[19, 80, 82, 143]
[20, 81, 83, 144]
[21, 82, 84, 145]
[22, 83, 85, 146]
[23, 84, 86, 147]
[24, 85, 87, 148]
[25, 86, 88, 149]
[26, 87, 89, 150]
[27, 88, 90, 151]
[28, 89, 91, 152]
[29, 90, 92, 153]
[30, 91, 93, 154]
[31, 92, 94, 155]
[32, 93, 95, 156]
[33, 94, 96, 157]
[34, 95, 97, 158]
[35, 96, 98, 159]
[36, 97, 99, 160]
[37, 98, 100, 161]
[38, 99, 101, 162]
[39, 100, 102, 163]
[40, 101, 103, 164]
[41, 102, 104, 165]
[42, 103, 105, 166]
[43, 104, 106, 167]
[44, 105, 107, 168]
[45, 106, 108, 169]
[46, 107, 109, 170]
[47, 108, 110, 171]
[48, 109, 111, 172]
[49, 110, 112, 173]
[50, 111, 113, 174]
[51, 112, 114, 175]
[52, 113, 115, 176]
[53, 114, 116, 177]
[54, 115, 117, 178]
[55, 116, 118, 179]
[56, 117, 119, 180]
[57, 118, 120, 181]
[58, 119, 121, 182]
[59, 120, 122, 183]
[60, 121, 123, 184]
[61, 62, 122, 185]
[62, 125, 185, 186]
[63, 124, 126, 187]
[64, 125, 127, 188]
[65, 126, 128, 189]
[66, 127, 129, 190]
[67, 128, 130, 191]
[68, 129, 131, 192]
[69, 130, 132, 193]
[70, 131, 133, 194]
[71, 132, 134, 195]
[72, 133, 135, 196]
[73, 134, 136, 197]
[74, 135, 137, 198]
[75, 136, 138, 199]
[76, 137, 139, 200]
[77, 138, 140, 201]
[78, 139, 141, 202]
[79, 140, 142, 203]
[80, 141, 143, 204]
[81, 142, 144, 205]
[82, 143, 145, 206]
[83, 144, 146, 207]
[84, 145, 147, 208]
[85, 146, 148, 209]
[86, 147, 149, 210]
[87, 148, 150, 211]
[88, 149, 151, 212]
[89, 150, 152, 213]
[90, 151, 153, 214]
[91, 152, 154, 215]
[92, 153, 155, 216]
[93, 154, 156, 217]
[94, 155, 157, 218]
[95, 156, 158, 219]
[96, 157, 159, 220]
[97, 158, 160, 221]
[98, 159, 161, 222]
[99, 160, 162, 223]
[100, 161, 163, 224]
[101, 162, 164, 225]
[102, 163, 165, 226]
[103, 164, 166, 227]
[104, 165, 167, 228]
[105, 166, 168, 229]
[106, 167, 169, 230]
[107, 168, 170, 231]
[108, 169, 171, 232]
[109, 170, 172, 233]
[110, 171, 173, 234]
[111, 172, 174, 235]
[112, 173, 175, 236]
[113, 174, 176, 237]
[114, 175, 177, 238]
[115, 176, 178, 239]
[116, 177, 179, 240]
[117, 178, 180, 241]
[118, 179, 181, 242]
[119, 180, 182, 243]
[120, 181, 183, 244]
[121, 182, 184, 245]
[122, 183, 185, 246]
[123, 124, 184, 247]
[124, 187, 247, 248]
[125, 186, 188, 249]
[126, 187, 189, 250]
[127, 188, 190, 251]
[128, 189, 191, 252]
[129, 190, 192, 253]
[130, 191, 193, 254]
[131, 192, 194, 255]
[132, 193, 195, 256]
[133, 194, 196, 257]
[134, 195, 197, 258]
[135, 196, 198, 259]
[136, 197, 199, 260]
[137, 198, 200, 261]
[138, 199, 201, 262]
[139, 200, 202, 263]
[140, 201, 203, 264]
[141, 202, 204, 265]
[142, 203, 205, 266]
[143, 204, 206, 267]
[144, 205, 207, 268]
[145, 206, 208, 269]
[146, 207, 209, 270]
[147, 208, 210, 271]
[148, 209, 211, 272]
[149, 210, 212, 273]
[150, 211, 213, 274]
[151, 212, 214, 275]
[152, 213, 215, 276]
[153, 214, 216, 277]
[154, 215, 217, 278]
[155, 216, 218, 279]
[156, 217, 219, 280]
[157, 218, 220, 281]
[158, 219, 221, 282]
[159, 220, 222, 283]
[160, 221, 223, 284]
[161, 222, 224, 285]
[162, 223, 225, 286]
[163, 224, 226, 287]
[164, 225, 227, 288]
[165, 226, 228, 289]
[166, 227, 229, 290]
[167, 228, 230, 291]
[168, 229, 231, 292]
[169, 230, 232, 293]
[170, 231, 233, 294]
[171, 232, 234, 295]
[172, 233, 235, 296]
[173, 234, 236, 297]
[174, 235, 237, 298]
[175, 236, 238, 299]
[176, 237, 239, 300]
[177, 238, 240, 301]
[178, 239, 241, 302]
[179, 240, 242, 303]
[180, 241, 243, 304]
[181, 242, 244, 305]
[182, 243, 245, 306]
[183, 244, 246, 307]
[184, 245, 247, 308]
[185, 186, 246, 309]
[186, 249, 309, 310]
[187, 248, 250, 311]
[188, 249, 251, 312]
[189, 250, 252, 313]
[190, 251, 253, 314]
[191, 252, 254, 315]
[192, 253, 255, 316]
[193, 254, 256, 317]
[194, 255, 257, 318]
[195, 256, 258, 319]
[196, 257, 259, 320]
[197, 258, 260, 321]
[198, 259, 261, 322]
[199, 260, 262, 323]
[200, 261, 263, 324]
[201, 262, 264, 325]
[202, 263, 265, 326]
[203, 264, 266, 327]
[204, 265, 267, 328]
[205, 266, 268, 329]
[206, 267, 269, 330]
[207, 268, 270, 331]
[208, 269, 271, 332]
[209, 270, 272, 333]
[210, 271, 273, 334]
[211, 272, 274, 335]
[212, 273, 275, 336]
[213, 274, 276, 337]
[214, 275, 277, 338]
[215, 276, 278, 339]
[216, 277, 279, 340]
[217, 278, 280, 341]
[218, 279, 281, 342]
[219, 280, 282, 343]
[220, 281, 283, 344]
[221, 282, 284, 345]
[222, 283, 285, 346]
[223, 284, 286, 347]
[224, 285, 287, 348]
[225, 286, 288, 349]
[226, 287, 289, 350]
[227, 288, 290, 351]
[228, 289, 291, 352]
[229, 290, 292, 353]
[230, 291, 293, 354]
[231, 292, 294, 355]
[232, 293, 295, 356]
[233, 294, 296, 357]
[234, 295, 297, 358]
[235, 296, 298, 359]
[236, 297, 299, 360]
[237, 298, 300, 361]
[238, 299, 301, 362]
[239, 300, 302, 363]
[240, 301, 303, 364]
[241, 302, 304, 365]
[242, 303, 305, 366]
[243, 304, 306, 367]
[244, 305, 307, 368]
[245, 306, 308, 369]
[246, 307, 309, 370]
[247, 248, 308, 371]
[248, 311, 371, 372]
[249, 310, 312, 373]
[250, 311, 313, 374]
[251, 312, 314, 375]
[252, 313, 315, 376]
[253, 314, 316, 377]
[254, 315, 317, 378]
[255, 316, 318, 379]
[256, 317, 319, 380]
[257, 318, 320, 381]
[258, 319, 321, 382]
[259, 320, 322, 383]
[260, 321, 323, 384]
[261, 322, 324, 385]
[262, 323, 325, 386]
[263, 324, 326, 387]
[264, 325, 327, 388]
[265, 326, 328, 389]
[266, 327, 329, 390]
[267, 328, 330, 391]
[268, 329, 331, 392]
[269, 330, 332, 393]
[270, 331, 333, 394]
[271, 332, 334, 395]
[272, 333, 335, 396]
[273, 334, 336, 397]
[274, 335, 337, 398]
[275, 336, 338, 399]
[276, 337, 339, 400]
[277, 338, 340, 401]
[278, 339, 341, 402]
[279, 340, 342, 403]
[280, 341, 343, 404]
[281, 342, 344, 405]
[282, 343, 345, 406]
[283, 344, 346, 407]
[284, 345, 347, 408]
[285, 346, 348, 409]
[286, 347, 349, 410]
[287, 348, 350, 411]
[288, 349, 351, 412]
[289, 350, 352, 413]
[290, 351, 353, 414]
[291, 352, 354, 415]
[292, 353, 355, 416]
[293, 354, 356, 417]
[294, 355, 357, 418]
[295, 356, 358, 419]
[296, 357, 359, 420]
[297, 358, 360, 421]
[298, 359, 361, 422]
[299, 360, 362, 423]
[300, 361, 363, 424]
[301, 362, 364, 425]
[302, 363, 365, 426]
[303, 364, 366, 427]
[304, 365, 367, 428]
[305, 366, 368, 429]
[306, 367, 369, 430]
[307, 368, 370, 431]
[308, 369, 371, 432]
[309, 310, 370, 433]
[310, 373, 433, 434]
[311, 372, 374, 435]
[312, 373, 375, 436]
[313, 374, 376, 437]
[314, 375, 377, 438]
[315, 376, 378, 439]
[316, 377, 379, 440]
[317, 378, 380, 441]
[318, 379, 381, 442]
[319, 380, 382, 443]
[320, 381, 383, 444]
[321, 382, 384, 445]
[322, 383, 385, 446]
[323, 384, 386, 447]
[324, 385, 387, 448]
[325, 386, 388, 449]
[326, 387, 389, 450]
[327, 388, 390, 451]
[328, 389, 391, 452]
[329, 390, 392, 453]
[330, 391, 393, 454]
[331, 392, 394, 455]
[332, 393, 395, 456]
[333, 394, 396, 457]
[334, 395, 397, 458]
[335, 396, 398, 459]
[336, 397, 399, 460]
[337, 398, 400, 461]
[338, 399, 401, 462]
[339, 400, 402, 463]
[340, 401, 403, 464]
[341, 402, 404, 465]
[342, 403, 405, 466]
[343, 404, 406, 467]
[344, 405, 407, 468]
[345, 406, 408, 469]
[346, 407, 409, 470]
[347, 408, 410, 471]
[348, 409, 411, 472]
[349, 410, 412, 473]
[350, 411, 413, 474]
[351, 412, 414, 475]
[352, 413, 415, 476]
[353, 414, 416, 477]
[354, 415, 417, 478]
[355, 416, 418, 479]
[356, 417, 419, 480]
[357, 418, 420, 481]
[358, 419, 421, 482]
[359, 420, 422, 483]
[360, 421, 423, 484]
[361, 422, 424, 485]
[362, 423, 425, 486]
[363, 424, 426, 487]
[364, 425, 427, 488]
[365, 426, 428, 489]
[366, 427, 429, 490]
[367, 428, 430, 491]
[368, 429, 431, 492]
[369, 430, 432, 493]
[370, 431, 433, 494]
[371, 372, 432, 495]
[372, 435, 495, 496]
[373, 434, 436, 497]
[374, 435, 437, 498]
[375, 436, 438, 499]
[376, 437, 439, 500]
[377, 438, 440, 501]
[378, 439, 441, 502]
[379, 440, 442, 503]
[380, 441, 443, 504]
[381, 442, 444, 505]
[382, 443, 445, 506]
[383, 444, 446, 507]
[384, 445, 447, 508]
[385, 446, 448, 509]
[386, 447, 449, 510]
[387, 448, 450, 511]
[388, 449, 451, 512]
[389, 450, 452, 513]
[390, 451, 453, 514]
[391, 452, 454, 515]
[392, 453, 455, 516]
[393, 454, 456, 517]
[394, 455, 457, 518]
[395, 456, 458, 519]
[396, 457, 459, 520]
[397, 458, 460, 521]
[398, 459, 461, 522]
[399, 460, 462, 523]
[400, 461, 463, 524]
[401, 462, 464, 525]
[402, 463, 465, 526]
[403, 464, 466, 527]
[404, 465, 467, 528]
[405, 466, 468, 529]
[406, 467, 469, 530]
[407, 468, 470, 531]
[408, 469, 471, 532]
[409, 470, 472, 533]
[410, 471, 473, 534]
[411, 472, 474, 535]
[412, 473, 475, 536]
[413, 474, 476, 537]
[414, 475, 477, 538]
[415, 476, 478, 539]
[416, 477, 479, 540]
[417, 478, 480, 541]
[418, 479, 481, 542]
[419, 480, 482, 543]
[420, 481, 483, 544]
[421, 482, 484, 545]
[422, 483, 485, 546]
[423, 484, 486, 547]
[424, 485, 487, 548]
[425, 486, 488, 549]
[426, 487, 489, 550]
[427, 488, 490, 551]
[428, 489, 491, 552]
[429, 490, 492, 553]
[430, 491, 493, 554]
[431, 492, 494, 555]
[432, 493, 495, 556]
[433, 434, 494, 557]
[434, 497, 557, 558]
[435, 496, 498, 559]
[436, 497, 499, 560]
[437, 498, 500, 561]
[438, 499, 501, 562]
[439, 500, 502, 563]
[440, 501, 503, 564]
[441, 502, 504, 565]
[442, 503, 505, 566]
[443, 504, 506, 567]
[444, 505, 507, 568]
[445, 506, 508, 569]
[446, 507, 509, 570]
[447, 508, 510, 571]
[448, 509, 511, 572]
[449, 510, 512, 573]
[450, 511, 513, 574]
[451, 512, 514, 575]
[452, 513, 515, 576]
[453, 514, 516, 577]
[454, 515, 517, 578]
[455, 516, 518, 579]
[456, 517, 519, 580]
[457, 518, 520, 581]
[458, 519, 521, 582]
[459, 520, 522, 583]
[460, 521, 523, 584]
[461, 522, 524, 585]
[462, 523, 525, 586]
[463, 524, 526, 587]
[464, 525, 527, 588]
[465, 526, 528, 589]
[466, 527, 529, 590]
[467, 528, 530, 591]
[468, 529, 531, 592]
[469, 530, 532, 593]
[470, 531, 533, 594]
[471, 532, 534, 595]
[472, 533, 535, 596]
[473, 534, 536, 597]
[474, 535, 537, 598]
[475, 536, 538, 599]
[476, 537, 539, 600]
[477, 538, 540, 601]
[478, 539, 541, 602]
[479, 540, 542, 603]
[480, 541, 543, 604]
[481, 542, 544, 605]
[482, 543, 545, 606]
[483, 544, 546, 607]
[484, 545, 547, 608]
[485, 546, 548, 609]
[486, 547, 549, 610]
[487, 548, 550, 611]
[488, 549, 551, 612]
[489, 550, 552, 613]
[490, 551, 553, 614]
[491, 552, 554, 615]
[492, 553, 555, 616]
[493, 554, 556, 617]
[494, 555, 557, 618]
[495, 496, 556, 619]
[496, 559, 619, 620]
[497, 558, 560, 621]
[498, 559, 561, 622]
[499, 560, 562, 623]
[500, 561, 563, 624]
[501, 562, 564, 625]
[502, 563, 565, 626]
[503, 564, 566, 627]
[504, 565, 567, 628]
[505, 566, 568, 629]
[506, 567, 569, 630]
[507, 568, 570, 631]
[508, 569, 571, 632]
[509, 570, 572, 633]
[510, 571, 573, 634]
[511, 572, 574, 635]
[512, 573, 575, 636]
[513, 574, 576, 637]
[514, 575, 577, 638]
[515, 576, 578, 639]
[516, 577, 579, 640]
[517, 578, 580, 641]
[518, 579, 581, 642]
[519, 580, 582, 643]
[520, 581, 583, 644]
[521, 582, 584, 645]
[522, 583, 585, 646]
[523, 584, 586, 647]
[524, 585, 587, 648]
[525, 586, 588, 649]
[526, 587, 589, 650]
[527, 588, 590, 651]
[528, 589, 591, 652]
[529, 590, 592, 653]
[530, 591, 593, 654]
[531, 592, 594, 655]
[532, 593, 595, 656]
[533, 594, 596, 657]
[534, 595, 597, 658]
[535, 596, 598, 659]
[536, 597, 599, 660]
[537, 598, 600, 661]
[538, 599, 601, 662]
[539, 600, 602, 663]
[540, 601, 603, 664]
[541, 602, 604, 665]
[542, 603, 605, 666]
[543, 604, 606, 667]
[544, 605, 607, 668]
[545, 606, 608, 669]
[546, 607, 609, 670]
[547, 608, 610, 671]
[548, 609, 611, 672]
[549, 610, 612, 673]
[550, 611, 613, 674]
[551, 612, 614, 675]
[552, 613, 615, 676]
[553, 614, 616, 677]
[554, 615, 617, 678]
[555, 616, 618, 679]
[556, 617, 619, 680]
[557, 558, 618, 681]
[558, 621, 681, 682]
[559, 620, 622, 683]
[560, 621, 623, 684]
[561, 622, 624, 685]
[562, 623, 625, 686]
[563, 624, 626, 687]
[564, 625, 627, 688]
[565, 626, 628, 689]
[566, 627, 629, 690]
[567, 628, 630, 691]
[568, 629, 631, 692]
[569, 630, 632, 693]
[570, 631, 633, 694]
[571, 632, 634, 695]
[572, 633, 635, 696]
[573, 634, 636, 697]
[574, 635, 637, 698]
[575, 636, 638, 699]
[576, 637, 639, 700]
[577, 638, 640, 701]
[578, 639, 641, 702]
[579, 640, 642, 703]
[580, 641, 643, 704]
[581, 642, 644, 705]
[582, 643, 645, 706]
[583, 644, 646, 707]
[584, 645, 647, 708]
[585, 646, 648, 709]
[586, 647, 649, 710]
[587, 648, 650, 711]
[588, 649, 651, 712]
[589, 650, 652, 713]
[590, 651, 653, 714]
[591, 652, 654, 715]
[592, 653, 655, 716]
[593, 654, 656, 717]
[594, 655, 657, 718]
[595, 656, 658, 719]
[596, 657, 659, 720]
[597, 658, 660, 721]
[598, 659, 661, 722]
[599, 660, 662, 723]
[600, 661, 663, 724]
[601, 662, 664, 725]
[602, 663, 665, 726]
[603, 664, 666, 727]
[604, 665, 667, 728]
[605, 666, 668, 729]
[606, 667, 669, 730]
[607, 668, 670, 731]
[608, 669, 671, 732]
[609, 670, 672, 733]
[610, 671, 673, 734]
[611, 672, 674, 735]
[612, 673, 675, 736]
[613, 674, 676, 737]
[614, 675, 677, 738]
[615, 676, 678, 739]
[616, 677, 679, 740]
[617, 678, 680, 741]
[618, 679, 681, 742]
[619, 620, 680, 743]
[620, 683, 743, 744]
[621, 682, 684, 745]
[622, 683, 685, 746]
[623, 684, 686, 747]
[624, 685, 687, 748]
[625, 686, 688, 749]
[626, 687, 689, 750]
[627, 688, 690, 751]
[628, 689, 691, 752]
[629, 690, 692, 753]
[630, 691, 693, 754]
[631, 692, 694, 755]
[632, 693, 695, 756]
[633, 694, 696, 757]
[634, 695, 697, 758]
[635, 696, 698, 759]
[636, 697, 699, 760]
[637, 698, 700, 761]
[638, 699, 701, 762]
[639, 700, 702, 763]
[640, 701, 703, 764]
[641, 702, 704, 765]
[642, 703, 705, 766]
[643, 704, 706, 767]
[644, 705, 707, 768]
[645, 706, 708, 769]
[646, 707, 709, 770]
[647, 708, 710, 771]
[648, 709, 711, 772]
[649, 710, 712, 773]
[650, 711, 713, 774]
[651, 712, 714, 775]
[652, 713, 715, 776]
[653, 714, 716, 777]
[654, 715, 717, 778]
[655, 716, 718, 779]
[656, 717, 719, 780]
[657, 718, 720, 781]
[658, 719, 721, 782]
[659, 720, 722, 783]
[660, 721, 723, 784]
[661, 722, 724, 785]
[662, 723, 725, 786]
[663, 724, 726, 787]
[664, 725, 727, 788]
[665, 726, 728, 789]
[666, 727, 729, 790]
[667, 728, 730, 791]
[668, 729, 731, 792]
[669, 730, 732, 793]
[670, 731, 733, 794]
[671, 732, 734, 795]
[672, 733, 735, 796]
[673, 734, 736, 797]
[674, 735, 737, 798]
[675, 736, 738, 799]
[676, 737, 739, 800]
[677, 738, 740, 801]
[678, 739, 741, 802]
[679, 740, 742, 803]
[680, 741, 743, 804]
[681, 682, 742, 805]
[682, 745, 805, 806]
[683, 744, 746, 807]
[684, 745, 747, 808]
[685, 746, 748, 809]
[686, 747, 749, 810]
[687, 748, 750, 811]
[688, 749, 751, 812]
[689, 750, 752, 813]
[690, 751, 753, 814]
[691, 752, 754, 815]
[692, 753, 755, 816]
[693, 754, 756, 817]
[694, 755, 757, 818]
[695, 756, 758, 819]
[696, 757, 759, 820]
[697, 758, 760, 821]
[698, 759, 761, 822]
[699, 760, 762, 823]
[700, 761, 763, 824]
[701, 762, 764, 825]
[702, 763, 765, 826]
[703, 764, 766, 827]
[704, 765, 767, 828]
[705, 766, 768, 829]
[706, 767, 769, 830]
[707, 768, 770, 831]
[708, 769, 771, 832]
[709, 770, 772, 833]
[710, 771, 773, 834]
[711, 772, 774, 835]
[712, 773, 775, 836]
[713, 774, 776, 837]
[714, 775, 777, 838]
[715, 776, 778, 839]
[716, 777, 779, 840]
[717, 778, 780, 841]
[718, 779, 781, 842]
[719, 780, 782, 843]
[720, 781, 783, 844]
[721, 782, 784, 845]
[722, 783, 785, 846]
[723, 784, 786, 847]
[724, 785, 787, 848]
[725, 786, 788, 849]
[726, 787, 789, 850]
[727, 788, 790, 851]
[728, 789, 791, 852]
[729, 790, 792, 853]
[730, 791, 793, 854]
[731, 792, 794, 855]
[732, 793, 795, 856]
[733, 794, 796, 857]
[734, 795, 797, 858]
[735, 796, 798, 859]
[736, 797, 799, 860]
[737, 798, 800, 861]
[738, 799, 801, 862]
[739, 800, 802, 863]
[740, 801, 803, 864]
[741, 802, 804, 865]
[742, 803, 805, 866]
[743, 744, 804, 867]
[744, 807, 867, 868]
[745, 806, 808, 869]
[746, 807, 809, 870]
[747, 808, 810, 871]
[748, 809, 811, 872]
[749, 810, 812, 873]
[750, 811, 813, 874]
[751, 812, 814, 875]
[752, 813, 815, 876]
[753, 814, 816, 877]
[754, 815, 817, 878]
[755, 816, 818, 879]
[756, 817, 819, 880]
[757, 818, 820, 881]
[758, 819, 821, 882]
[759, 820, 822, 883]
[760, 821, 823, 884]
[761, 822, 824, 885]
[762, 823, 825, 886]
[763, 824, 826, 887]
[764, 825, 827, 888]
[765, 826, 828, 889]
[766, 827, 829, 890]
[767, 828, 830, 891]
[768, 829, 831, 892]
[769, 830, 832, 893]
[770, 831, 833, 894]
[771, 832, 834, 895]
[772, 833, 835, 896]
[773, 834, 836, 897]
[774, 835, 837, 898]
[775, 836, 838, 899]
[776, 837, 839, 900]
[777, 838, 840, 901]
[778, 839, 841, 902]
[779, 840, 842, 903]
[780, 841, 843, 904]
[781, 842, 844, 905]
[782, 843, 845, 906]
[783, 844, 846, 907]
[784, 845, 847, 908]
[785, 846, 848, 909]
[786, 847, 849, 910]
[787, 848, 850, 911]
[788, 849, 851, 912]
[789, 850, 852, 913]
[790, 851, 853, 914]
[791, 852, 854, 915]
[792, 853, 855, 916]
[793, 854, 856, 917]
[794, 855, 857, 918]
[795, 856, 858, 919]
[796, 857, 859, 920]
[797, 858, 860, 921]
[798, 859, 861, 922]
[799, 860, 862, 923]
[800, 861, 863, 924]
[801, 862, 864, 925]
[802, 863, 865, 926]
[803, 864, 866, 927]
[804, 865, 867, 928]
[805, 806, 866, 929]
[806, 869, 929, 930]
[807, 868, 870, 931]
[808, 869, 871, 932]
[809, 870, 872, 933]
[810, 871, 873, 934]
[811, 872, 874, 935]
[812, 873, 875, 936]
[813, 874, 876, 937]
[814, 875, 877, 938]
[815, 876, 878, 939]
[816, 877, 879, 940]
[817, 878, 880, 941]
[818, 879, 881, 942]
[819, 880, 882, 943]
[820, 881, 883, 944]
[821, 882, 884, 945]
[822, 883, 885, 946]
[823, 884, 886, 947]
[824, 885, 887, 948]
[825, 886, 888, 949]
[826, 887, 889, 950]
[827, 888, 890, 951]
[828, 889, 891, 952]
[829, 890, 892, 953]
[830, 891, 893, 954]
[831, 892, 894, 955]
[832, 893, 895, 956]
[833, 894, 896, 957]
[834, 895, 897, 958]
[835, 896, 898, 959]
[836, 897, 899, 960]
[837, 898, 900, 961]
[838, 899, 901, 962]
[839, 900, 902, 963]
[840, 901, 903, 964]
[841, 902, 904, 965]
[842, 903, 905, 966]
[843, 904, 906, 967]
[844, 905, 907, 968]
[845, 906, 908, 969]
[846, 907, 909, 970]
[847, 908, 910, 971]
[848, 909, 911, 972]
[849, 910, 912, 973]
[850, 911, 913, 974]
[851, 912, 914, 975]
[852, 913, 915, 976]
[853, 914, 916, 977]
[854, 915, 917, 978]
[855, 916, 918, 979]
[856, 917, 919, 980]
[857, 918, 920, 981]
[858, 919, 921, 982]
[859, 920, 922, 983]
[860, 921, 923, 984]
[861, 922, 924, 985]
[862, 923, 925, 986]
[863, 924, 926, 987]
[864, 925, 927, 988]
[865, 926, 928, 989]
[866, 927, 929, 990]
[867, 868, 928, 991]
[868, 931, 991, 992]
[869, 930, 932, 993]
[870, 931, 933, 994]
[871, 932, 934, 995]
[872, 933, 935, 996]
[873, 934, 936, 997]
[874, 935, 937, 998]
[875, 936, 938, 999]
[876, 937, 939, 1000]
[877, 938, 940, 1001]
[878, 939, 941, 1002]
[879, 940, 942, 1003]
[880, 941, 943, 1004]
[881, 942, 944, 1005]
[882, 943, 945, 1006]
[883, 944, 946, 1007]
[884, 945, 947, 1008]
[885, 946, 948, 1009]
[886, 947, 949, 1010]
[887, 948, 950, 1011]
[888, 949, 951, 1012]
[889, 950, 952, 1013]
[890, 951, 953, 1014]
[891, 952, 954, 1015]
[892, 953, 955, 1016]
[893, 954, 956, 1017]
[894, 955, 957, 1018]
[895, 956, 958, 1019]
[896, 957, 959, 1020]
[897, 958, 960, 1021]
[898, 959, 961, 1022]
[899, 960, 962, 1023]
[900, 961, 963, 1024]
[901, 962, 964, 1025]
[902, 963, 965, 1026]
[903, 964, 966, 1027]
[904, 965, 967, 1028]
[905, 966, 968, 1029]
[906, 967, 969, 1030]
[907, 968, 970, 1031]
[908, 969, 971, 1032]
[909, 970, 972, 1033]
[910, 971, 973, 1034]
[911, 972, 974, 1035]
[912, 973, 975, 1036]
[913, 974, 976, 1037]
[914, 975, 977, 1038]
[915, 976, 978, 1039]
[916, 977, 979, 1040]
[917, 978, 980, 1041]
[918, 979, 981, 1042]
[919, 980, 982, 1043]
[920, 981, 983, 1044]
[921, 982, 984, 1045]
[922, 983, 985, 1046]
[923, 984, 986, 1047]
[924, 985, 987, 1048]
[925, 986, 988, 1049]
[926, 987, 989, 1050]
[927, 988, 990, 1051]
[928, 989, 991, 1052]
[929, 930, 990, 1053]
[930, 993, 1053, 1054]
[931, 992, 994, 1055]
[932, 993, 995, 1056]
[933, 994, 996, 1057]
[934, 995, 997, 1058]
[935, 996, 998, 1059]
[936, 997, 999, 1060]
[937, 998, 1000, 1061]
[938, 999, 1001, 1062]
[939, 1000, 1002, 1063]
[940, 1001, 1003, 1064]
[941, 1002, 1004, 1065]
[942, 1003, 1005, 1066]
[943, 1004, 1006, 1067]
[944, 1005, 1007, 1068]
[945, 1006, 1008, 1069]
[946, 1007, 1009, 1070]
[947, 1008, 1010, 1071]
[948, 1009, 1011, 1072]
[949, 1010, 1012, 1073]
[950, 1011, 1013, 1074]
[951, 1012, 1014, 1075]
[952, 1013, 1015, 1076]
[953, 1014, 1016, 1077]
[954, 1015, 1017, 1078]
[955, 1016, 1018, 1079]
[956, 1017, 1019, 1080]
[957, 1018, 1020, 1081]
[958, 1019, 1021, 1082]
[959, 1020, 1022, 1083]
[960, 1021, 1023, 1084]
[961, 1022, 1024, 1085]
[962, 1023, 1025, 1086]
[963, 1024, 1026, 1087]
[964, 1025, 1027, 1088]
[965, 1026, 1028, 1089]
[966, 1027, 1029, 1090]
[967, 1028, 1030, 1091]
[968, 1029, 1031, 1092]
[969, 1030, 1032, 1093]
[970, 1031, 1033, 1094]
[971, 1032, 1034, 1095]
[972, 1033, 1035, 1096]
[973, 1034, 1036, 1097]
[974, 1035, 1037, 1098]
[975, 1036, 1038, 1099]
[976, 1037, 1039, 1100]
[977, 1038, 1040, 1101]
[978, 1039, 1041, 1102]
[979, 1040, 1042, 1103]
[980, 1041, 1043, 1104]
[981, 1042, 1044, 1105]
[982, 1043, 1045, 1106]
[983, 1044, 1046, 1107]
[984, 1045, 1047, 1108]
[985, 1046, 1048, 1109]
[986, 1047, 1049, 1110]
[987, 1048, 1050, 1111]
[988, 1049, 1051, 1112]
[989, 1050, 1052, 1113]
[990, 1051, 1053, 1114]
[991, 992, 1052, 1115]
[992, 1055, 1115, 1116]
[993, 1054, 1056, 1117]
[994, 1055, 1057, 1118]
[995, 1056, 1058, 1119]
[996, 1057, 1059, 1120]
[997, 1058, 1060, 1121]
[998, 1059, 1061, 1122]
[999, 1060, 1062, 1123]
[1000, 1061, 1063, 1124]
[1001, 1062, 1064, 1125]
[1002, 1063, 1065, 1126]
[1003, 1064, 1066, 1127]
[1004, 1065, 1067, 1128]
[1005, 1066, 1068, 1129]
[1006, 1067, 1069, 1130]
[1007, 1068, 1070, 1131]
[1008, 1069, 1071, 1132]
[1009, 1070, 1072, 1133]
[1010, 1071, 1073, 1134]
[1011, 1072, 1074, 1135]
[1012, 1073, 1075, 1136]
[1013, 1074, 1076, 1137]
[1014, 1075, 1077, 1138]
[1015, 1076, 1078, 1139]
[1016, 1077, 1079, 1140]
[1017, 1078, 1080, 1141]
[1018, 1079, 1081, 1142]
[1019, 1080, 1082, 1143]
[1020, 1081, 1083, 1144]
[1021, 1082, 1084, 1145]
[1022, 1083, 1085, 1146]
[1023, 1084, 1086, 1147]
[1024, 1085, 1087, 1148]
[1025, 1086, 1088, 1149]
[1026, 1087, 1089, 1150]
[1027, 1088, 1090, 1151]
[1028, 1089, 1091, 1152]
[1029, 1090, 1092, 1153]
[1030, 1091, 1093, 1154]
[1031, 1092, 1094, 1155]
[1032, 1093, 1095, 1156]
[1033, 1094, 1096, 1157]
[1034, 1095, 1097, 1158]
[1035, 1096, 1098, 1159]
[1036, 1097, 1099, 1160]
[1037, 1098, 1100, 1161]
[1038, 1099, 1101, 1162]
[1039, 1100, 1102, 1163]
[1040, 1101, 1103, 1164]
[1041, 1102, 1104, 1165]
[1042, 1103, 1105, 1166]
[1043, 1104, 1106, 1167]
[1044, 1105, 1107, 1168]
[1045, 1106, 1108, 1169]
[1046, 1107, 1109, 1170]
[1047, 1108, 1110, 1171]
[1048, 1109, 1111, 1172]
[1049, 1110, 1112, 1173]
[1050, 1111, 1113, 1174]
[1051, 1112, 1114, 1175]
[1052, 1113, 1115, 1176]
[1053, 1054, 1114, 1177]
[1054, 1117, 1177, 1178]
[1055, 1116, 1118, 1179]
[1056, 1117, 1119, 1180]
[1057, 1118, 1120, 1181]
[1058, 1119, 1121, 1182]
[1059, 1120, 1122, 1183]
[1060, 1121, 1123, 1184]
[1061, 1122, 1124, 1185]
[1062, 1123, 1125, 1186]
[1063, 1124, 1126, 1187]
[1064, 1125, 1127, 1188]
[1065, 1126, 1128, 1189]
[1066, 1127, 1129, 1190]
[1067, 1128, 1130, 1191]
[1068, 1129, 1131, 1192]
[1069, 1130, 1132, 1193]
[1070, 1131, 1133, 1194]
[1071, 1132, 1134, 1195]
[1072, 1133, 1135, 1196]
[1073, 1134, 1136, 1197]
[1074, 1135, 1137, 1198]
[1075, 1136, 1138, 1199]
[1076, 1137, 1139, 1200]
[1077, 1138, 1140, 1201]
[1078, 1139, 1141, 1202]
[1079, 1140, 1142, 1203]
[1080, 1141, 1143, 1204]
[1081, 1142, 1144, 1205]
[1082, 1143, 1145, 1206]
[1083, 1144, 1146, 1207]
[1084, 1145, 1147, 1208]
[1085, 1146, 1148, 1209]
[1086, 1147, 1149, 1210]
[1087, 1148, 1150, 1211]
[1088, 1149, 1151, 1212]
[1089, 1150, 1152, 1213]
[1090, 1151, 1153, 1214]
[1091, 1152, 1154, 1215]
[1092, 1153, 1155, 1216]
[1093, 1154, 1156, 1217]
[1094, 1155, 1157, 1218]
[1095, 1156, 1158, 1219]
[1096, 1157, 1159, 1220]
[1097, 1158, 1160, 1221]
[1098, 1159, 1161, 1222]
[1099, 1160, 1162, 1223]
[1100, 1161, 1163, 1224]
[1101, 1162, 1164, 1225]
[1102, 1163, 1165, 1226]
[1103, 1164, 1166, 1227]
[1104, 1165, 1167, 1228]
[1105, 1166, 1168, 1229]
[1106, 1167, 1169, 1230]
[1107, 1168, 1170, 1231]
[1108, 1169, 1171, 1232]
[1109, 1170, 1172, 1233]
[1110, 1171, 1173, 1234]
[1111, 1172, 1174, 1235]
[1112, 1173, 1175, 1236]
[1113, 1174, 1176, 1237]
[1114, 1175, 1177, 1238]
[1115, 1116, 1176, 1239]
[1116, 1179, 1239, 1240]
[1117, 1178, 1180, 1241]
[1118, 1179, 1181, 1242]
[1119, 1180, 1182, 1243]
[1120, 1181, 1183, 1244]
[1121, 1182, 1184, 1245]
[1122, 1183, 1185, 1246]
[1123, 1184, 1186, 1247]
[1124, 1185, 1187, 1248]
[1125, 1186, 1188, 1249]
[1126, 1187, 1189, 1250]
[1127, 1188, 1190, 1251]
[1128, 1189, 1191, 1252]
[1129, 1190, 1192, 1253]
[1130, 1191, 1193, 1254]
[1131, 1192, 1194, 1255]
[1132, 1193, 1195, 1256]
[1133, 1194, 1196, 1257]
[1134, 1195, 1197, 1258]
[1135, 1196, 1198, 1259]
[1136, 1197, 1199, 1260]
[1137, 1198, 1200, 1261]
[1138, 1199, 1201, 1262]
[1139, 1200, 1202, 1263]
[1140, 1201, 1203, 1264]
[1141, 1202, 1204, 1265]
[1142, 1203, 1205, 1266]
[1143, 1204, 1206, 1267]
[1144, 1205, 1207, 1268]
[1145, 1206, 1208, 1269]
[1146, 1207, 1209, 1270]
[1147, 1208, 1210, 1271]
[1148, 1209, 1211, 1272]
[1149, 1210, 1212, 1273]
[1150, 1211, 1213, 1274]
[1151, 1212, 1214, 1275]
[1152, 1213, 1215, 1276]
[1153, 1214, 1216, 1277]
[1154, 1215, 1217, 1278]
[1155, 1216, 1218, 1279]
[1156, 1217, 1219, 1280]
[1157, 1218, 1220, 1281]
[1158, 1219, 1221, 1282]
[1159, 1220, 1222, 1283]
[1160, 1221, 1223, 1284]
[1161, 1222, 1224, 1285]
[1162, 1223, 1225, 1286]
[1163, 1224, 1226, 1287]
[1164, 1225, 1227, 1288]
[1165, 1226, 1228, 1289]
[1166, 1227, 1229, 1290]
[1167, 1228, 1230, 1291]
[1168, 1229, 1231, 1292]
[1169, 1230, 1232, 1293]
[1170, 1231, 1233, 1294]
[1171, 1232, 1234, 1295]
[1172, 1233, 1235, 1296]
[1173, 1234, 1236, 1297]
[1174, 1235, 1237, 1298]
[1175, 1236, 1238, 1299]
[1176, 1237, 1239, 1300]
[1177, 1178, 1238, 1301]
[1178, 1241, 1301, 1302]
[1179, 1240, 1242, 1303]
[1180, 1241, 1243, 1304]
[1181, 1242, 1244, 1305]
[1182, 1243, 1245, 1306]
[1183, 1244, 1246, 1307]
[1184, 1245, 1247, 1308]
[1185, 1246, 1248, 1309]
[1186, 1247, 1249, 1310]
[1187, 1248, 1250, 1311]
[1188, 1249, 1251, 1312]
[1189, 1250, 1252, 1313]
[1190, 1251, 1253, 1314]
[1191, 1252, 1254, 1315]
[1192, 1253, 1255, 1316]
[1193, 1254, 1256, 1317]
[1194, 1255, 1257, 1318]
[1195, 1256, 1258, 1319]
[1196, 1257, 1259, 1320]
[1197, 1258, 1260, 1321]
[1198, 1259, 1261, 1322]
[1199, 1260, 1262, 1323]
[1200, 1261, 1263, 1324]
[1201, 1262, 1264, 1325]
[1202, 1263, 1265, 1326]
[1203, 1264, 1266, 1327]
[1204, 1265, 1267, 1328]
[1205, 1266, 1268, 1329]
[1206, 1267, 1269, 1330]
[1207, 1268, 1270, 1331]
[1208, 1269, 1271, 1332]
[1209, 1270, 1272, 1333]
[1210, 1271, 1273, 1334]
[1211, 1272, 1274, 1335]
[1212, 1273, 1275, 1336]
[1213, 1274, 1276, 1337]
[1214, 1275, 1277, 1338]
[1215, 1276, 1278, 1339]
[1216, 1277, 1279, 1340]
[1217, 1278, 1280, 1341]
[1218, 1279, 1281, 1342]
[1219, 1280, 1282, 1343]
[1220, 1281, 1283, 1344]
[1221, 1282, 1284, 1345]
[1222, 1283, 1285, 1346]
[1223, 1284, 1286, 1347]
[1224, 1285, 1287, 1348]
[1225, 1286, 1288, 1349]
[1226, 1287, 1289, 1350]
[1227, 1288, 1290, 1351]
[1228, 1289, 1291, 1352]
[1229, 1290, 1292, 1353]
[1230, 1291, 1293, 1354]
[1231, 1292, 1294, 1355]
[1232, 1293, 1295, 1356]
[1233, 1294, 1296, 1357]
[1234, 1295, 1297, 1358]
[1235, 1296, 1298, 1359]
[1236, 1297, 1299, 1360]
[1237, 1298, 1300, 1361]
[1238, 1299, 1301, 1362]
[1239, 1240, 1300, 1363]
[1240, 1303, 1363, 1364]
[1241, 1302, 1304, 1365]
[1242, 1303, 1305, 1366]
[1243, 1304, 1306, 1367]
[1244, 1305, 1307, 1368]
[1245, 1306, 1308, 1369]
[1246, 1307, 1309, 1370]
[1247, 1308, 1310, 1371]
[1248, 1309, 1311, 1372]
[1249, 1310, 1312, 1373]
[1250, 1311, 1313, 1374]
[1251, 1312, 1314, 1375]
[1252, 1313, 1315, 1376]
[1253, 1314, 1316, 1377]
[1254, 1315, 1317, 1378]
[1255, 1316, 1318, 1379]
[1256, 1317, 1319, 1380]
[1257, 1318, 1320, 1381]
[1258, 1319, 1321, 1382]
[1259, 1320, 1322, 1383]
[1260, 1321, 1323, 1384]
[1261, 1322, 1324, 1385]
[1262, 1323, 1325, 1386]
[1263, 1324, 1326, 1387]
[1264, 1325, 1327, 1388]
[1265, 1326, 1328, 1389]
[1266, 1327, 1329, 1390]
[1267, 1328, 1330, 1391]
[1268, 1329, 1331, 1392]
[1269, 1330, 1332, 1393]
[1270, 1331, 1333, 1394]
[1271, 1332, 1334, 1395]
[1272, 1333, 1335, 1396]
[1273, 1334, 1336, 1397]
[1274, 1335, 1337, 1398]
[1275, 1336, 1338, 1399]
[1276, 1337, 1339, 1400]
[1277, 1338, 1340, 1401]
[1278, 1339, 1341, 1402]
[1279, 1340, 1342, 1403]
[1280, 1341, 1343, 1404]
[1281, 1342, 1344, 1405]
[1282, 1343, 1345, 1406]
[1283, 1344, 1346, 1407]
[1284, 1345, 1347, 1408]
[1285, 1346, 1348, 1409]
[1286, 1347, 1349, 1410]
[1287, 1348, 1350, 1411]
[1288, 1349, 1351, 1412]
[1289, 1350, 1352, 1413]
[1290, 1351, 1353, 1414]
[1291, 1352, 1354, 1415]
[1292, 1353, 1355, 1416]
[1293, 1354, 1356, 1417]
[1294, 1355, 1357, 1418]
[1295, 1356, 1358, 1419]
[1296, 1357, 1359, 1420]
[1297, 1358, 1360, 1421]
[1298, 1359, 1361, 1422]
[1299, 1360, 1362, 1423]
[1300, 1361, 1363, 1424]
[1301, 1302, 1362, 1425]
[1302, 1365, 1425, 1426]
[1303, 1364, 1366, 1427]
[1304, 1365, 1367, 1428]
[1305, 1366, 1368, 1429]
[1306, 1367, 1369, 1430]
[1307, 1368, 1370, 1431]
[1308, 1369, 1371, 1432]
[1309, 1370, 1372, 1433]
[1310, 1371, 1373, 1434]
[1311, 1372, 1374, 1435]
[1312, 1373, 1375, 1436]
[1313, 1374, 1376, 1437]
[1314, 1375, 1377, 1438]
[1315, 1376, 1378, 1439]
[1316, 1377, 1379, 1440]
[1317, 1378, 1380, 1441]
[1318, 1379, 1381, 1442]
[1319, 1380, 1382, 1443]
[1320, 1381, 1383, 1444]
[1321, 1382, 1384, 1445]
[1322, 1383, 1385, 1446]
[1323, 1384, 1386, 1447]
[1324, 1385, 1387, 1448]
[1325, 1386, 1388, 1449]
[1326, 1387, 1389, 1450]
[1327, 1388, 1390, 1451]
[1328, 1389, 1391, 1452]
[1329, 1390, 1392, 1453]
[1330, 1391, 1393, 1454]
[1331, 1392, 1394, 1455]
[1332, 1393, 1395, 1456]
[1333, 1394, 1396, 1457]
[1334, 1395, 1397, 1458]
[1335, 1396, 1398, 1459]
[1336, 1397, 1399, 1460]
[1337, 1398, 1400, 1461]
[1338, 1399, 1401, 1462]
[1339, 1400, 1402, 1463]
[1340, 1401, 1403, 1464]
[1341, 1402, 1404, 1465]
[1342, 1403, 1405, 1466]
[1343, 1404, 1406, 1467]
[1344, 1405, 1407, 1468]
[1345, 1406, 1408, 1469]
[1346, 1407, 1409, 1470]
[1347, 1408, 1410, 1471]
[1348, 1409, 1411, 1472]
[1349, 1410, 1412, 1473]
[1350, 1411, 1413, 1474]
[1351, 1412, 1414, 1475]
[1352, 1413, 1415, 1476]
[1353, 1414, 1416, 1477]
[1354, 1415, 1417, 1478]
[1355, 1416, 1418, 1479]
[1356, 1417, 1419, 1480]
[1357, 1418, 1420, 1481]
[1358, 1419, 1421, 1482]
[1359, 1420, 1422, 1483]
[1360, 1421, 1423, 1484]
[1361, 1422, 1424, 1485]
[1362, 1423, 1425, 1486]
[1363, 1364, 1424, 1487]
[1364, 1427, 1487, 1488]
[1365, 1426, 1428, 1489]
[1366, 1427, 1429, 1490]
[1367, 1428, 1430, 1491]
[1368, 1429, 1431, 1492]
[1369, 1430, 1432, 1493]
[1370, 1431, 1433, 1494]
[1371, 1432, 1434, 1495]
[1372, 1433, 1435, 1496]
[1373, 1434, 1436, 1497]
[1374, 1435, 1437, 1498]
[1375, 1436, 1438, 1499]
[1376, 1437, 1439, 1500]
[1377, 1438, 1440, 1501]
[1378, 1439, 1441, 1502]
[1379, 1440, 1442, 1503]
[1380, 1441, 1443, 1504]
[1381, 1442, 1444, 1505]
[1382, 1443, 1445, 1506]
[1383, 1444, 1446, 1507]
[1384, 1445, 1447, 1508]
[1385, 1446, 1448, 1509]
[1386, 1447, 1449, 1510]
[1387, 1448, 1450, 1511]
[1388, 1449, 1451, 1512]
[1389, 1450, 1452, 1513]
[1390, 1451, 1453, 1514]
[1391, 1452, 1454, 1515]
[1392, 1453, 1455, 1516]
[1393, 1454, 1456, 1517]
[1394, 1455, 1457, 1518]
[1395, 1456, 1458, 1519]
[1396, 1457, 1459, 1520]
[1397, 1458, 1460, 1521]
[1398, 1459, 1461, 1522]
[1399, 1460, 1462, 1523]
[1400, 1461, 1463, 1524]
[1401, 1462, 1464, 1525]
[1402, 1463, 1465, 1526]
[1403, 1464, 1466, 1527]
[1404, 1465, 1467, 1528]
[1405, 1466, 1468, 1529]
[1406, 1467, 1469, 1530]
[1407, 1468, 1470, 1531]
[1408, 1469, 1471, 1532]
[1409, 1470, 1472, 1533]
[1410, 1471, 1473, 1534]
[1411, 1472, 1474, 1535]
[1412, 1473, 1475, 1536]
[1413, 1474, 1476, 1537]
[1414, 1475, 1477, 1538]
[1415, 1476, 1478, 1539]
[1416, 1477, 1479, 1540]
[1417, 1478, 1480, 1541]
[1418, 1479, 1481, 1542]
[1419, 1480, 1482, 1543]
[1420, 1481, 1483, 1544]
[1421, 1482, 1484, 1545]
[1422, 1483, 1485, 1546]
[1423, 1484, 1486, 1547]
[1424, 1485, 1487, 1548]
[1425, 1426, 1486, 1549]
[1426, 1489, 1549, 1550]
[1427, 1488, 1490, 1551]
[1428, 1489, 1491, 1552]
[1429, 1490, 1492, 1553]
[1430, 1491, 1493, 1554]
[1431, 1492, 1494, 1555]
[1432, 1493, 1495, 1556]
[1433, 1494, 1496, 1557]
[1434, 1495, 1497, 1558]
[1435, 1496, 1498, 1559]
[1436, 1497, 1499, 1560]
[1437, 1498, 1500, 1561]
[1438, 1499, 1501, 1562]
[1439, 1500, 1502, 1563]
[1440, 1501, 1503, 1564]
[1441, 1502, 1504, 1565]
[1442, 1503, 1505, 1566]
[1443, 1504, 1506, 1567]
[1444, 1505, 1507, 1568]
[1445, 1506, 1508, 1569]
[1446, 1507, 1509, 1570]
[1447, 1508, 1510, 1571]
[1448, 1509, 1511, 1572]
[1449, 1510, 1512, 1573]
[1450, 1511, 1513, 1574]
[1451, 1512, 1514, 1575]
[1452, 1513, 1515, 1576]
[1453, 1514, 1516, 1577]
[1454, 1515, 1517, 1578]
[1455, 1516, 1518, 1579]
[1456, 1517, 1519, 1580]
[1457, 1518, 1520, 1581]
[1458, 1519, 1521, 1582]
[1459, 1520, 1522, 1583]
[1460, 1521, 1523, 1584]
[1461, 1522, 1524, 1585]
[1462, 1523, 1525, 1586]
[1463, 1524, 1526, 1587]
[1464, 1525, 1527, 1588]
[1465, 1526, 1528, 1589]
[1466, 1527, 1529, 1590]
[1467, 1528, 1530, 1591]
[1468, 1529, 1531, 1592]
[1469, 1530, 1532, 1593]
[1470, 1531, 1533, 1594]
[1471, 1532, 1534, 1595]
[1472, 1533, 1535, 1596]
[1473, 1534, 1536, 1597]
[1474, 1535, 1537, 1598]
[1475, 1536, 1538, 1599]
[1476, 1537, 1539, 1600]
[1477, 1538, 1540, 1601]
[1478, 1539, 1541, 1602]
[1479, 1540, 1542, 1603]
[1480, 1541, 1543, 1604]
[1481, 1542, 1544, 1605]
[1482, 1543, 1545, 1606]
[1483, 1544, 1546, 1607]
[1484, 1545, 1547, 1608]
[1485, 1546, 1548, 1609]
[1486, 1547, 1549, 1610]
[1487, 1488, 1548, 1611]
[1488, 1551, 1611, 1612]
[1489, 1550, 1552, 1613]
[1490, 1551, 1553, 1614]
[1491, 1552, 1554, 1615]
[1492, 1553, 1555, 1616]
[1493, 1554, 1556, 1617]
[1494, 1555, 1557, 1618]
[1495, 1556, 1558, 1619]
[1496, 1557, 1559, 1620]
[1497, 1558, 1560, 1621]
[1498, 1559, 1561, 1622]
[1499, 1560, 1562, 1623]
[1500, 1561, 1563, 1624]
[1501, 1562, 1564, 1625]
[1502, 1563, 1565, 1626]
[1503, 1564, 1566, 1627]
[1504, 1565, 1567, 1628]
[1505, 1566, 1568, 1629]
[1506, 1567, 1569, 1630]
[1507, 1568, 1570, 1631]
[1508, 1569, 1571, 1632]
[1509, 1570, 1572, 1633]
[1510, 1571, 1573, 1634]
[1511, 1572, 1574, 1635]
[1512, 1573, 1575, 1636]
[1513, 1574, 1576, 1637]
[1514, 1575, 1577, 1638]
[1515, 1576, 1578, 1639]
[1516, 1577, 1579, 1640]
[1517, 1578, 1580, 1641]
[1518, 1579, 1581, 1642]
[1519, 1580, 1582, 1643]
[1520, 1581, 1583, 1644]
[1521, 1582, 1584, 1645]
[1522, 1583, 1585, 1646]
[1523, 1584, 1586, 1647]
[1524, 1585, 1587, 1648]
[1525, 1586, 1588, 1649]
[1526, 1587, 1589, 1650]
[1527, 1588, 1590, 1651]
[1528, 1589, 1591, 1652]
[1529, 1590, 1592, 1653]
[1530, 1591, 1593, 1654]
[1531, 1592, 1594, 1655]
[1532, 1593, 1595, 1656]
[1533, 1594, 1596, 1657]
[1534, 1595, 1597, 1658]
[1535, 1596, 1598, 1659]
[1536, 1597, 1599, 1660]
[1537, 1598, 1600, 1661]
[1538, 1599, 1601, 1662]
[1539, 1600, 1602, 1663]
[1540, 1601, 1603, 1664]
[1541, 1602, 1604, 1665]
[1542, 1603, 1605, 1666]
[1543, 1604, 1606, 1667]
[1544, 1605, 1607, 1668]
[1545, 1606, 1608, 1669]
[1546, 1607, 1609, 1670]
[1547, 1608, 1610, 1671]
[1548, 1609, 1611, 1672]
[1549, 1550, 1610, 1673]
[1550, 1613, 1673, 1674]
[1551, 1612, 1614, 1675]
[1552, 1613, 1615, 1676]
[1553, 1614, 1616, 1677]
[1554, 1615, 1617, 1678]
[1555, 1616, 1618, 1679]
[1556, 1617, 1619, 1680]
[1557, 1618, 1620, 1681]
[1558, 1619, 1621, 1682]
[1559, 1620, 1622, 1683]
[1560, 1621, 1623, 1684]
[1561, 1622, 1624, 1685]
[1562, 1623, 1625, 1686]
[1563, 1624, 1626, 1687]
[1564, 1625, 1627, 1688]
[1565, 1626, 1628, 1689]
[1566, 1627, 1629, 1690]
[1567, 1628, 1630, 1691]
[1568, 1629, 1631, 1692]
[1569, 1630, 1632, 1693]
[1570, 1631, 1633, 1694]
[1571, 1632, 1634, 1695]
[1572, 1633, 1635, 1696]
[1573, 1634, 1636, 1697]
[1574, 1635, 1637, 1698]
[1575, 1636, 1638, 1699]
[1576, 1637, 1639, 1700]
[1577, 1638, 1640, 1701]
[1578, 1639, 1641, 1702]
[1579, 1640, 1642, 1703]
[1580, 1641, 1643, 1704]
[1581, 1642, 1644, 1705]
[1582, 1643, 1645, 1706]
[1583, 1644, 1646, 1707]
[1584, 1645, 1647, 1708]
[1585, 1646, 1648, 1709]
[1586, 1647, 1649, 1710]
[1587, 1648, 1650, 1711]
[1588, 1649, 1651, 1712]
[1589, 1650, 1652, 1713]
[1590, 1651, 1653, 1714]
[1591, 1652, 1654, 1715]
[1592, 1653, 1655, 1716]
[1593, 1654, 1656, 1717]
[1594, 1655, 1657, 1718]
[1595, 1656, 1658, 1719]
[1596, 1657, 1659, 1720]
[1597, 1658, 1660, 1721]
[1598, 1659, 1661, 1722]
[1599, 1660, 1662, 1723]
[1600, 1661, 1663, 1724]
[1601, 1662, 1664, 1725]
[1602, 1663, 1665, 1726]
[1603, 1664, 1666, 1727]
[1604, 1665, 1667, 1728]
[1605, 1666, 1668, 1729]
[1606, 1667, 1669, 1730]
[1607, 1668, 1670, 1731]
[1608, 1669, 1671, 1732]
[1609, 1670, 1672, 1733]
[1610, 1671, 1673, 1734]
[1611, 1612, 1672, 1735]
[1612, 1675, 1735, 1736]
[1613, 1674, 1676, 1737]
[1614, 1675, 1677, 1738]
[1615, 1676, 1678, 1739]
[1616, 1677, 1679, 1740]
[1617, 1678, 1680, 1741]
[1618, 1679, 1681, 1742]
[1619, 1680, 1682, 1743]
[1620, 1681, 1683, 1744]
[1621, 1682, 1684, 1745]
[1622, 1683, 1685, 1746]
[1623, 1684, 1686, 1747]
[1624, 1685, 1687, 1748]
[1625, 1686, 1688, 1749]
[1626, 1687, 1689, 1750]
[1627, 1688, 1690, 1751]
[1628, 1689, 1691, 1752]
[1629, 1690, 1692, 1753]
[1630, 1691, 1693, 1754]
[1631, 1692, 1694, 1755]
[1632, 1693, 1695, 1756]
[1633, 1694, 1696, 1757]
[1634, 1695, 1697, 1758]
[1635, 1696, 1698, 1759]
[1636, 1697, 1699, 1760]
[1637, 1698, 1700, 1761]
[1638, 1699, 1701, 1762]
[1639, 1700, 1702, 1763]
[1640, 1701, 1703, 1764]
[1641, 1702, 1704, 1765]
[1642, 1703, 1705, 1766]
[1643, 1704, 1706, 1767]
[1644, 1705, 1707, 1768]
[1645, 1706, 1708, 1769]
[1646, 1707, 1709, 1770]
[1647, 1708, 1710, 1771]
[1648, 1709, 1711, 1772]
[1649, 1710, 1712, 1773]
[1650, 1711, 1713, 1774]
[1651, 1712, 1714, 1775]
[1652, 1713, 1715, 1776]
[1653, 1714, 1716, 1777]
[1654, 1715, 1717, 1778]
[1655, 1716, 1718, 1779]
[1656, 1717, 1719, 1780]
[1657, 1718, 1720, 1781]
[1658, 1719, 1721, 1782]
[1659, 1720, 1722, 1783]
[1660, 1721, 1723, 1784]
[1661, 1722, 1724, 1785]
[1662, 1723, 1725, 1786]
[1663, 1724, 1726, 1787]
[1664, 1725, 1727, 1788]
[1665, 1726, 1728, 1789]
[1666, 1727, 1729, 1790]
[1667, 1728, 1730, 1791]
[1668, 1729, 1731, 1792]
[1669, 1730, 1732, 1793]
[1670, 1731, 1733, 1794]
[1671, 1732, 1734, 1795]
[1672, 1733, 1735, 1796]
[1673, 1674, 1734, 1797]
[1674, 1737, 1797, 1798]
[1675, 1736, 1738, 1799]
[1676, 1737, 1739, 1800]
[1677, 1738, 1740, 1801]
[1678, 1739, 1741, 1802]
[1679, 1740, 1742, 1803]
[1680, 1741, 1743, 1804]
[1681, 1742, 1744, 1805]
[1682, 1743, 1745, 1806]
[1683, 1744, 1746, 1807]
[1684, 1745, 1747, 1808]
[1685, 1746, 1748, 1809]
[1686, 1747, 1749, 1810]
[1687, 1748, 1750, 1811]
[1688, 1749, 1751, 1812]
[1689, 1750, 1752, 1813]
[1690, 1751, 1753, 1814]
[1691, 1752, 1754, 1815]
[1692, 1753, 1755, 1816]
[1693, 1754, 1756, 1817]
[1694, 1755, 1757, 1818]
[1695, 1756, 1758, 1819]
[1696, 1757, 1759, 1820]
[1697, 1758, 1760, 1821]
[1698, 1759, 1761, 1822]
[1699, 1760, 1762, 1823]
[1700, 1761, 1763, 1824]
[1701, 1762, 1764, 1825]
[1702, 1763, 1765, 1826]
[1703, 1764, 1766, 1827]
[1704, 1765, 1767, 1828]
[1705, 1766, 1768, 1829]
[1706, 1767, 1769, 1830]
[1707, 1768, 1770, 1831]
[1708, 1769, 1771, 1832]
[1709, 1770, 1772, 1833]
[1710, 1771, 1773, 1834]
[1711, 1772, 1774, 1835]
[1712, 1773, 1775, 1836]
[1713, 1774, 1776, 1837]
[1714, 1775, 1777, 1838]
[1715, 1776, 1778, 1839]
[1716, 1777, 1779, 1840]
[1717, 1778, 1780, 1841]
[1718, 1779, 1781, 1842]
[1719, 1780, 1782, 1843]
[1720, 1781, 1783, 1844]
[1721, 1782, 1784, 1845]
[1722, 1783, 1785, 1846]
[1723, 1784, 1786, 1847]
[1724, 1785, 1787, 1848]
[1725, 1786, 1788, 1849]
[1726, 1787, 1789, 1850]
[1727, 1788, 1790, 1851]
[1728, 1789, 1791, 1852]
[1729, 1790, 1792, 1853]
[1730, 1791, 1793, 1854]
[1731, 1792, 1794, 1855]
[1732, 1793, 1795, 1856]
[1733, 1794, 1796, 1857]
[1734, 1795, 1797, 1858]
[1735, 1736, 1796, 1859]
[1736, 1799, 1859, 1860]
[1737, 1798, 1800, 1861]
[1738, 1799, 1801, 1862]
[1739, 1800, 1802, 1863]
[1740, 1801, 1803, 1864]
[1741, 1802, 1804, 1865]
[1742, 1803, 1805, 1866]
[1743, 1804, 1806, 1867]
[1744, 1805, 1807, 1868]
[1745, 1806, 1808, 1869]
[1746, 1807, 1809, 1870]
[1747, 1808, 1810, 1871]
[1748, 1809, 1811, 1872]
[1749, 1810, 1812, 1873]
[1750, 1811, 1813, 1874]
[1751, 1812, 1814, 1875]
[1752, 1813, 1815, 1876]
[1753, 1814, 1816, 1877]
[1754, 1815, 1817, 1878]
[1755, 1816, 1818, 1879]
[1756, 1817, 1819, 1880]
[1757, 1818, 1820, 1881]
[1758, 1819, 1821, 1882]
[1759, 1820, 1822, 1883]
[1760, 1821, 1823, 1884]
[1761, 1822, 1824, 1885]
[1762, 1823, 1825, 1886]
[1763, 1824, 1826, 1887]
[1764, 1825, 1827, 1888]
[1765, 1826, 1828, 1889]
[1766, 1827, 1829, 1890]
[1767, 1828, 1830, 1891]
[1768, 1829, 1831, 1892]
[1769, 1830, 1832, 1893]
[1770, 1831, 1833, 1894]
[1771, 1832, 1834, 1895]
[1772, 1833, 1835, 1896]
[1773, 1834, 1836, 1897]
[1774, 1835, 1837, 1898]
[1775, 1836, 1838, 1899]
[1776, 1837, 1839, 1900]
[1777, 1838, 1840, 1901]
[1778, 1839, 1841, 1902]
[1779, 1840, 1842, 1903]
[1780, 1841, 1843, 1904]
[1781, 1842, 1844, 1905]
[1782, 1843, 1845, 1906]
[1783, 1844, 1846, 1907]
[1784, 1845, 1847, 1908]
[1785, 1846, 1848, 1909]
[1786, 1847, 1849, 1910]
[1787, 1848, 1850, 1911]
[1788, 1849, 1851, 1912]
[1789, 1850, 1852, 1913]
[1790, 1851, 1853, 1914]
[1791, 1852, 1854, 1915]
[1792, 1853, 1855, 1916]
[1793, 1854, 1856, 1917]
[1794, 1855, 1857, 1918]
[1795, 1856, 1858, 1919]
[1796, 1857, 1859, 1920]
[1797, 1798, 1858, 1921]
[1798, 1861, 1921, 1922]
[1799, 1860, 1862, 1923]
[1800, 1861, 1863, 1924]
[1801, 1862, 1864, 1925]
[1802, 1863, 1865, 1926]
[1803, 1864, 1866, 1927]
[1804, 1865, 1867, 1928]
[1805, 1866, 1868, 1929]
[1806, 1867, 1869, 1930]
[1807, 1868, 1870, 1931]
[1808, 1869, 1871, 1932]
[1809, 1870, 1872, 1933]
[1810, 1871, 1873, 1934]
[1811, 1872, 1874, 1935]
[1812, 1873, 1875, 1936]
[1813, 1874, 1876, 1937]
[1814, 1875, 1877, 1938]
[1815, 1876, 1878, 1939]
[1816, 1877, 1879, 1940]
[1817, 1878, 1880, 1941]
[1818, 1879, 1881, 1942]
[1819, 1880, 1882, 1943]
[1820, 1881, 1883, 1944]
[1821, 1882, 1884, 1945]
[1822, 1883, 1885, 1946]
[1823, 1884, 1886, 1947]
[1824, 1885, 1887, 1948]
[1825, 1886, 1888, 1949]
[1826, 1887, 1889, 1950]
[1827, 1888, 1890, 1951]
[1828, 1889, 1891, 1952]
[1829, 1890, 1892, 1953]
[1830, 1891, 1893, 1954]
[1831, 1892, 1894, 1955]
[1832, 1893, 1895, 1956]
[1833, 1894, 1896, 1957]
[1834, 1895, 1897, 1958]
[1835, 1896, 1898, 1959]
[1836, 1897, 1899, 1960]
[1837, 1898, 1900, 1961]
[1838, 1899, 1901, 1962]
[1839, 1900, 1902, 1963]
[1840, 1901, 1903, 1964]
[1841, 1902, 1904, 1965]
[1842, 1903, 1905, 1966]
[1843, 1904, 1906, 1967]
[1844, 1905, 1907, 1968]
[1845, 1906, 1908, 1969]
[1846, 1907, 1909, 1970]
[1847, 1908, 1910, 1971]
[1848, 1909, 1911, 1972]
[1849, 1910, 1912, 1973]
[1850, 1911, 1913, 1974]
[1851, 1912, 1914, 1975]
[1852, 1913, 1915, 1976]
[1853, 1914, 1916, 1977]
[1854, 1915, 1917, 1978]
[1855, 1916, 1918, 1979]
[1856, 1917, 1919, 1980]
[1857, 1918, 1920, 1981]
[1858, 1919, 1921, 1982]
[1859, 1860, 1920, 1983]
[1860, 1923, 1983, 1984]
[1861, 1922, 1924, 1985]
[1862, 1923, 1925, 1986]
[1863, 1924, 1926, 1987]
[1864, 1925, 1927, 1988]
[1865, 1926, 1928, 1989]
[1866, 1927, 1929, 1990]
[1867, 1928, 1930, 1991]
[1868, 1929, 1931, 1992]
[1869, 1930, 1932, 1993]
[1870, 1931, 1933, 1994]
[1871, 1932, 1934, 1995]
[1872, 1933, 1935, 1996]
[1873, 1934, 1936, 1997]
[1874, 1935, 1937, 1998]
[1875, 1936, 1938, 1999]
[1876, 1937, 1939, 2000]
[1877, 1938, 1940, 2001]
[1878, 1939, 1941, 2002]
[1879, 1940, 1942, 2003]
[1880, 1941, 1943, 2004]
[1881, 1942, 1944, 2005]
[1882, 1943, 1945, 2006]
[1883, 1944, 1946, 2007]
[1884, 1945, 1947, 2008]
[1885, 1946, 1948, 2009]
[1886, 1947, 1949, 2010]
[1887, 1948, 1950, 2011]
[1888, 1949, 1951, 2012]
[1889, 1950, 1952, 2013]
[1890, 1951, 1953, 2014]
[1891, 1952, 1954, 2015]
[1892, 1953, 1955, 2016]
[1893, 1954, 1956, 2017]
[1894, 1955, 1957, 2018]
[1895, 1956, 1958, 2019]
[1896, 1957, 1959, 2020]
[1897, 1958, 1960, 2021]
[1898, 1959, 1961, 2022]
[1899, 1960, 1962, 2023]
[1900, 1961, 1963, 2024]
[1901, 1962, 1964, 2025]
[1902, 1963, 1965, 2026]
[1903, 1964, 1966, 2027]
[1904, 1965, 1967, 2028]
[1905, 1966, 1968, 2029]
[1906, 1967, 1969, 2030]
[1907, 1968, 1970, 2031]
[1908, 1969, 1971, 2032]
[1909, 1970, 1972, 2033]
[1910, 1971, 1973, 2034]
[1911, 1972, 1974, 2035]
[1912, 1973, 1975, 2036]
[1913, 1974, 1976, 2037]
[1914, 1975, 1977, 2038]
[1915, 1976, 1978, 2039]
[1916, 1977, 1979, 2040]
[1917, 1978, 1980, 2041]
[1918, 1979, 1981, 2042]
[1919, 1980, 1982, 2043]
[1920, 1981, 1983, 2044]
[1921, 1922, 1982, 2045]
[1922, 1985, 2045, 2046]
[1923, 1984, 1986, 2047]
[1924, 1985, 1987, 2048]
[1925, 1986, 1988, 2049]
[1926, 1987, 1989, 2050]
[1927, 1988, 1990, 2051]
[1928, 1989, 1991, 2052]
[1929, 1990, 1992, 2053]
[1930, 1991, 1993, 2054]
[1931, 1992, 1994, 2055]
[1932, 1993, 1995, 2056]
[1933, 1994, 1996, 2057]
[1934, 1995, 1997, 2058]
[1935, 1996, 1998, 2059]
[1936, 1997, 1999, 2060]
[1937, 1998, 2000, 2061]
[1938, 1999, 2001, 2062]
[1939, 2000, 2002, 2063]
[1940, 2001, 2003, 2064]
[1941, 2002, 2004, 2065]
[1942, 2003, 2005, 2066]
[1943, 2004, 2006, 2067]
[1944, 2005, 2007, 2068]
[1945, 2006, 2008, 2069]
[1946, 2007, 2009, 2070]
[1947, 2008, 2010, 2071]
[1948, 2009, 2011, 2072]
[1949, 2010, 2012, 2073]
[1950, 2011, 2013, 2074]
[1951, 2012, 2014, 2075]
[1952, 2013, 2015, 2076]
[1953, 2014, 2016, 2077]
[1954, 2015, 2017, 2078]
[1955, 2016, 2018, 2079]
[1956, 2017, 2019, 2080]
[1957, 2018, 2020, 2081]
[1958, 2019, 2021, 2082]
[1959, 2020, 2022, 2083]
[1960, 2021, 2023, 2084]
[1961, 2022, 2024, 2085]
[1962, 2023, 2025, 2086]
[1963, 2024, 2026, 2087]
[1964, 2025, 2027, 2088]
[1965, 2026, 2028, 2089]
[1966, 2027, 2029, 2090]
[1967, 2028, 2030, 2091]
[1968, 2029, 2031, 2092]
[1969, 2030, 2032, 2093]
[1970, 2031, 2033, 2094]
[1971, 2032, 2034, 2095]
[1972, 2033, 2035, 2096]
[1973, 2034, 2036, 2097]
[1974, 2035, 2037, 2098]
[1975, 2036, 2038, 2099]
[1976, 2037, 2039, 2100]
[1977, 2038, 2040, 2101]
[1978, 2039, 2041, 2102]
[1979, 2040, 2042, 2103]
[1980, 2041, 2043, 2104]
[1981, 2042, 2044, 2105]
[1982, 2043, 2045, 2106]
[1983, 1984, 2044, 2107]
[1984, 2047, 2107, 2108]
[1985, 2046, 2048, 2109]
[1986, 2047, 2049, 2110]
[1987, 2048, 2050, 2111]
[1988, 2049, 2051, 2112]
[1989, 2050, 2052, 2113]
[1990, 2051, 2053, 2114]
[1991, 2052, 2054, 2115]
[1992, 2053, 2055, 2116]
[1993, 2054, 2056, 2117]
[1994, 2055, 2057, 2118]
[1995, 2056, 2058, 2119]
[1996, 2057, 2059, 2120]
[1997, 2058, 2060, 2121]
[1998, 2059, 2061, 2122]
[1999, 2060, 2062, 2123]
[2000, 2061, 2063, 2124]
[2001, 2062, 2064, 2125]
[2002, 2063, 2065, 2126]
[2003, 2064, 2066, 2127]
[2004, 2065, 2067, 2128]
[2005, 2066, 2068, 2129]
[2006, 2067, 2069, 2130]
[2007, 2068, 2070, 2131]
[2008, 2069, 2071, 2132]
[2009, 2070, 2072, 2133]
[2010, 2071, 2073, 2134]
[2011, 2072, 2074, 2135]
[2012, 2073, 2075, 2136]
[2013, 2074, 2076, 2137]
[2014, 2075, 2077, 2138]
[2015, 2076, 2078, 2139]
[2016, 2077, 2079, 2140]
[2017, 2078, 2080, 2141]
[2018, 2079, 2081, 2142]
[2019, 2080, 2082, 2143]
[2020, 2081, 2083, 2144]
[2021, 2082, 2084, 2145]
[2022, 2083, 2085, 2146]
[2023, 2084, 2086, 2147]
[2024, 2085, 2087, 2148]
[2025, 2086, 2088, 2149]
[2026, 2087, 2089, 2150]
[2027, 2088, 2090, 2151]
[2028, 2089, 2091, 2152]
[2029, 2090, 2092, 2153]
[2030, 2091, 2093, 2154]
[2031, 2092, 2094, 2155]
[2032, 2093, 2095, 2156]
[2033, 2094, 2096, 2157]
[2034, 2095, 2097, 2158]
[2035, 2096, 2098, 2159]
[2036, 2097, 2099, 2160]
[2037, 2098, 2100, 2161]
[2038, 2099, 2101, 2162]
[2039, 2100, 2102, 2163]
[2040, 2101, 2103, 2164]
[2041, 2102, 2104, 2165]
[2042, 2103, 2105, 2166]
[2043, 2104, 2106, 2167]
[2044, 2105, 2107, 2168]
[2045, 2046, 2106, 2169]
[2046, 2109, 2169, 2170]
[2047, 2108, 2110, 2171]
[2048, 2109, 2111, 2172]
[2049, 2110, 2112, 2173]
[2050, 2111, 2113, 2174]
[2051, 2112, 2114, 2175]
[2052, 2113, 2115, 2176]
[2053, 2114, 2116, 2177]
[2054, 2115, 2117, 2178]
[2055, 2116, 2118, 2179]
[2056, 2117, 2119, 2180]
[2057, 2118, 2120, 2181]
[2058, 2119, 2121, 2182]
[2059, 2120, 2122, 2183]
[2060, 2121, 2123, 2184]
[2061, 2122, 2124, 2185]
[2062, 2123, 2125, 2186]
[2063, 2124, 2126, 2187]
[2064, 2125, 2127, 2188]
[2065, 2126, 2128, 2189]
[2066, 2127, 2129, 2190]
[2067, 2128, 2130, 2191]
[2068, 2129, 2131, 2192]
[2069, 2130, 2132, 2193]
[2070, 2131, 2133, 2194]
[2071, 2132, 2134, 2195]
[2072, 2133, 2135, 2196]
[2073, 2134, 2136, 2197]
[2074, 2135, 2137, 2198]
[2075, 2136, 2138, 2199]
[2076, 2137, 2139, 2200]
[2077, 2138, 2140, 2201]
[2078, 2139, 2141, 2202]
[2079, 2140, 2142, 2203]
[2080, 2141, 2143, 2204]
[2081, 2142, 2144, 2205]
[2082, 2143, 2145, 2206]
[2083, 2144, 2146, 2207]
[2084, 2145, 2147, 2208]
[2085, 2146, 2148, 2209]
[2086, 2147, 2149, 2210]
[2087, 2148, 2150, 2211]
[2088, 2149, 2151, 2212]
[2089, 2150, 2152, 2213]
[2090, 2151, 2153, 2214]
[2091, 2152, 2154, 2215]
[2092, 2153, 2155, 2216]
[2093, 2154, 2156, 2217]
[2094, 2155, 2157, 2218]
[2095, 2156, 2158, 2219]
[2096, 2157, 2159, 2220]
[2097, 2158, 2160, 2221]
[2098, 2159, 2161, 2222]
[2099, 2160, 2162, 2223]
[2100, 2161, 2163, 2224]
[2101, 2162, 2164, 2225]
[2102, 2163, 2165, 2226]
[2103, 2164, 2166, 2227]
[2104, 2165, 2167, 2228]
[2105, 2166, 2168, 2229]
[2106, 2167, 2169, 2230]
[2107, 2108, 2168, 2231]
[2108, 2171, 2231, 2232]
[2109, 2170, 2172, 2233]
[2110, 2171, 2173, 2234]
[2111, 2172, 2174, 2235]
[2112, 2173, 2175, 2236]
[2113, 2174, 2176, 2237]
[2114, 2175, 2177, 2238]
[2115, 2176, 2178, 2239]
[2116, 2177, 2179, 2240]
[2117, 2178, 2180, 2241]
[2118, 2179, 2181, 2242]
[2119, 2180, 2182, 2243]
[2120, 2181, 2183, 2244]
[2121, 2182, 2184, 2245]
[2122, 2183, 2185, 2246]
[2123, 2184, 2186, 2247]
[2124, 2185, 2187, 2248]
[2125, 2186, 2188, 2249]
[2126, 2187, 2189, 2250]
[2127, 2188, 2190, 2251]
[2128, 2189, 2191, 2252]
[2129, 2190, 2192, 2253]
[2130, 2191, 2193, 2254]
[2131, 2192, 2194, 2255]
[2132, 2193, 2195, 2256]
[2133, 2194, 2196, 2257]
[2134, 2195, 2197, 2258]
[2135, 2196, 2198, 2259]
[2136, 2197, 2199, 2260]
[2137, 2198, 2200, 2261]
[2138, 2199, 2201, 2262]
[2139, 2200, 2202, 2263]
[2140, 2201, 2203, 2264]
[2141, 2202, 2204, 2265]
[2142, 2203, 2205, 2266]
[2143, 2204, 2206, 2267]
[2144, 2205, 2207, 2268]
[2145, 2206, 2208, 2269]
[2146, 2207, 2209, 2270]
[2147, 2208, 2210, 2271]
[2148, 2209, 2211, 2272]
[2149, 2210, 2212, 2273]
[2150, 2211, 2213, 2274]
[2151, 2212, 2214, 2275]
[2152, 2213, 2215, 2276]
[2153, 2214, 2216, 2277]
[2154, 2215, 2217, 2278]
[2155, 2216, 2218, 2279]
[2156, 2217, 2219, 2280]
[2157, 2218, 2220, 2281]
[2158, 2219, 2221, 2282]
[2159, 2220, 2222, 2283]
[2160, 2221, 2223, 2284]
[2161, 2222, 2224, 2285]
[2162, 2223, 2225, 2286]
[2163, 2224, 2226, 2287]
[2164, 2225, 2227, 2288]
[2165, 2226, 2228, 2289]
[2166, 2227, 2229, 2290]
[2167, 2228, 2230, 2291]
[2168, 2229, 2231, 2292]
[2169, 2170, 2230, 2293]
[2170, 2233, 2293, 2294]
[2171, 2232, 2234, 2295]
[2172, 2233, 2235, 2296]
[2173, 2234, 2236, 2297]
[2174, 2235, 2237, 2298]
[2175, 2236, 2238, 2299]
[2176, 2237, 2239, 2300]
[2177, 2238, 2240, 2301]
[2178, 2239, 2241, 2302]
[2179, 2240, 2242, 2303]
[2180, 2241, 2243, 2304]
[2181, 2242, 2244, 2305]
[2182, 2243, 2245, 2306]
[2183, 2244, 2246, 2307]
[2184, 2245, 2247, 2308]
[2185, 2246, 2248, 2309]
[2186, 2247, 2249, 2310]
[2187, 2248, 2250, 2311]
[2188, 2249, 2251, 2312]
[2189, 2250, 2252, 2313]
[2190, 2251, 2253, 2314]
[2191, 2252, 2254, 2315]
[2192, 2253, 2255, 2316]
[2193, 2254, 2256, 2317]
[2194, 2255, 2257, 2318]
[2195, 2256, 2258, 2319]
[2196, 2257, 2259, 2320]
[2197, 2258, 2260, 2321]
[2198, 2259, 2261, 2322]
[2199, 2260, 2262, 2323]
[2200, 2261, 2263, 2324]
[2201, 2262, 2264, 2325]
[2202, 2263, 2265, 2326]
[2203, 2264, 2266, 2327]
[2204, 2265, 2267, 2328]
[2205, 2266, 2268, 2329]
[2206, 2267, 2269, 2330]
[2207, 2268, 2270, 2331]
[2208, 2269, 2271, 2332]
[2209, 2270, 2272, 2333]
[2210, 2271, 2273, 2334]
[2211, 2272, 2274, 2335]
[2212, 2273, 2275, 2336]
[2213, 2274, 2276, 2337]
[2214, 2275, 2277, 2338]
[2215, 2276, 2278, 2339]
[2216, 2277, 2279, 2340]
[2217, 2278, 2280, 2341]
[2218, 2279, 2281, 2342]
[2219, 2280, 2282, 2343]
[2220, 2281, 2283, 2344]
[2221, 2282, 2284, 2345]
[2222, 2283, 2285, 2346]
[2223, 2284, 2286, 2347]
[2224, 2285, 2287, 2348]
[2225, 2286, 2288, 2349]
[2226, 2287, 2289, 2350]
[2227, 2288, 2290, 2351]
[2228, 2289, 2291, 2352]
[2229, 2290, 2292, 2353]
[2230, 2291, 2293, 2354]
[2231, 2232, 2292, 2355]
[2232, 2295, 2355, 2356]
[2233, 2294, 2296, 2357]
[2234, 2295, 2297, 2358]
[2235, 2296, 2298, 2359]
[2236, 2297, 2299, 2360]
[2237, 2298, 2300, 2361]
[2238, 2299, 2301, 2362]
[2239, 2300, 2302, 2363]
[2240, 2301, 2303, 2364]
[2241, 2302, 2304, 2365]
[2242, 2303, 2305, 2366]
[2243, 2304, 2306, 2367]
[2244, 2305, 2307, 2368]
[2245, 2306, 2308, 2369]
[2246, 2307, 2309, 2370]
[2247, 2308, 2310, 2371]
[2248, 2309, 2311, 2372]
[2249, 2310, 2312, 2373]
[2250, 2311, 2313, 2374]
[2251, 2312, 2314, 2375]
[2252, 2313, 2315, 2376]
[2253, 2314, 2316, 2377]
[2254, 2315, 2317, 2378]
[2255, 2316, 2318, 2379]
[2256, 2317, 2319, 2380]
[2257, 2318, 2320, 2381]
[2258, 2319, 2321, 2382]
[2259, 2320, 2322, 2383]
[2260, 2321, 2323, 2384]
[2261, 2322, 2324, 2385]
[2262, 2323, 2325, 2386]
[2263, 2324, 2326, 2387]
[2264, 2325, 2327, 2388]
[2265, 2326, 2328, 2389]
[2266, 2327, 2329, 2390]
[2267, 2328, 2330, 2391]
[2268, 2329, 2331, 2392]
[2269, 2330, 2332, 2393]
[2270, 2331, 2333, 2394]
[2271, 2332, 2334, 2395]
[2272, 2333, 2335, 2396]
[2273, 2334, 2336, 2397]
[2274, 2335, 2337, 2398]
[2275, 2336, 2338, 2399]
[2276, 2337, 2339, 2400]
[2277, 2338, 2340, 2401]
[2278, 2339, 2341, 2402]
[2279, 2340, 2342, 2403]
[2280, 2341, 2343, 2404]
[2281, 2342, 2344, 2405]
[2282, 2343, 2345, 2406]
[2283, 2344, 2346, 2407]
[2284, 2345, 2347, 2408]
[2285, 2346, 2348, 2409]
[2286, 2347, 2349, 2410]
[2287, 2348, 2350, 2411]
[2288, 2349, 2351, 2412]
[2289, 2350, 2352, 2413]
[2290, 2351, 2353, 2414]
[2291, 2352, 2354, 2415]
[2292, 2353, 2355, 2416]
[2293, 2294, 2354, 2417]
[2294, 2357, 2417, 2418]
[2295, 2356, 2358, 2419]
[2296, 2357, 2359, 2420]
[2297, 2358, 2360, 2421]
[2298, 2359, 2361, 2422]
[2299, 2360, 2362, 2423]
[2300, 2361, 2363, 2424]
[2301, 2362, 2364, 2425]
[2302, 2363, 2365, 2426]
[2303, 2364, 2366, 2427]
[2304, 2365, 2367, 2428]
[2305, 2366, 2368, 2429]
[2306, 2367, 2369, 2430]
[2307, 2368, 2370, 2431]
[2308, 2369, 2371, 2432]
[2309, 2370, 2372, 2433]
[2310, 2371, 2373, 2434]
[2311, 2372, 2374, 2435]
[2312, 2373, 2375, 2436]
[2313, 2374, 2376, 2437]
[2314, 2375, 2377, 2438]
[2315, 2376, 2378, 2439]
[2316, 2377, 2379, 2440]
[2317, 2378, 2380, 2441]
[2318, 2379, 2381, 2442]
[2319, 2380, 2382, 2443]
[2320, 2381, 2383, 2444]
[2321, 2382, 2384, 2445]
[2322, 2383, 2385, 2446]
[2323, 2384, 2386, 2447]
[2324, 2385, 2387, 2448]
[2325, 2386, 2388, 2449]
[2326, 2387, 2389, 2450]
[2327, 2388, 2390, 2451]
[2328, 2389, 2391, 2452]
[2329, 2390, 2392, 2453]
[2330, 2391, 2393, 2454]
[2331, 2392, 2394, 2455]
[2332, 2393, 2395, 2456]
[2333, 2394, 2396, 2457]
[2334, 2395, 2397, 2458]
[2335, 2396, 2398, 2459]
[2336, 2397, 2399, 2460]
[2337, 2398, 2400, 2461]
[2338, 2399, 2401, 2462]
[2339, 2400, 2402, 2463]
[2340, 2401, 2403, 2464]
[2341, 2402, 2404, 2465]
[2342, 2403, 2405, 2466]
[2343, 2404, 2406, 2467]
[2344, 2405, 2407, 2468]
[2345, 2406, 2408, 2469]
[2346, 2407, 2409, 2470]
[2347, 2408, 2410, 2471]
[2348, 2409, 2411, 2472]
[2349, 2410, 2412, 2473]
[2350, 2411, 2413, 2474]
[2351, 2412, 2414, 2475]
[2352, 2413, 2415, 2476]
[2353, 2414, 2416, 2477]
[2354, 2415, 2417, 2478]
[2355, 2356, 2416, 2479]
[2356, 2419, 2479, 2480]
[2357, 2418, 2420, 2481]
[2358, 2419, 2421, 2482]
[2359, 2420, 2422, 2483]
[2360, 2421, 2423, 2484]
[2361, 2422, 2424, 2485]
[2362, 2423, 2425, 2486]
[2363, 2424, 2426, 2487]
[2364, 2425, 2427, 2488]
[2365, 2426, 2428, 2489]
[2366, 2427, 2429, 2490]
[2367, 2428, 2430, 2491]
[2368, 2429, 2431, 2492]
[2369, 2430, 2432, 2493]
[2370, 2431, 2433, 2494]
[2371, 2432, 2434, 2495]
[2372, 2433, 2435, 2496]
[2373, 2434, 2436, 2497]
[2374, 2435, 2437, 2498]
[2375, 2436, 2438, 2499]
[2376, 2437, 2439, 2500]
[2377, 2438, 2440, 2501]
[2378, 2439, 2441, 2502]
[2379, 2440, 2442, 2503]
[2380, 2441, 2443, 2504]
[2381, 2442, 2444, 2505]
[2382, 2443, 2445, 2506]
[2383, 2444, 2446, 2507]
[2384, 2445, 2447, 2508]
[2385, 2446, 2448, 2509]
[2386, 2447, 2449, 2510]
[2387, 2448, 2450, 2511]
[2388, 2449, 2451, 2512]
[2389, 2450, 2452, 2513]
[2390, 2451, 2453, 2514]
[2391, 2452, 2454, 2515]
[2392, 2453, 2455, 2516]
[2393, 2454, 2456, 2517]
[2394, 2455, 2457, 2518]
[2395, 2456, 2458, 2519]
[2396, 2457, 2459, 2520]
[2397, 2458, 2460, 2521]
[2398, 2459, 2461, 2522]
[2399, 2460, 2462, 2523]
[2400, 2461, 2463, 2524]
[2401, 2462, 2464, 2525]
[2402, 2463, 2465, 2526]
[2403, 2464, 2466, 2527]
[2404, 2465, 2467, 2528]
[2405, 2466, 2468, 2529]
[2406, 2467, 2469, 2530]
[2407, 2468, 2470, 2531]
[2408, 2469, 2471, 2532]
[2409, 2470, 2472, 2533]
[2410, 2471, 2473, 2534]
[2411, 2472, 2474, 2535]
[2412, 2473, 2475, 2536]
[2413, 2474, 2476, 2537]
[2414, 2475, 2477, 2538]
[2415, 2476, 2478, 2539]
[2416, 2477, 2479, 2540]
[2417, 2418, 2478, 2541]
[2418, 2481, 2541, 2542]
[2419, 2480, 2482, 2543]
[2420, 2481, 2483, 2544]
[2421, 2482, 2484, 2545]
[2422, 2483, 2485, 2546]
[2423, 2484, 2486, 2547]
[2424, 2485, 2487, 2548]
[2425, 2486, 2488, 2549]
[2426, 2487, 2489, 2550]
[2427, 2488, 2490, 2551]
[2428, 2489, 2491, 2552]
[2429, 2490, 2492, 2553]
[2430, 2491, 2493, 2554]
[2431, 2492, 2494, 2555]
[2432, 2493, 2495, 2556]
[2433, 2494, 2496, 2557]
[2434, 2495, 2497, 2558]
[2435, 2496, 2498, 2559]
[2436, 2497, 2499, 2560]
[2437, 2498, 2500, 2561]
[2438, 2499, 2501, 2562]
[2439, 2500, 2502, 2563]
[2440, 2501, 2503, 2564]
[2441, 2502, 2504, 2565]
[2442, 2503, 2505, 2566]
[2443, 2504, 2506, 2567]
[2444, 2505, 2507, 2568]
[2445, 2506, 2508, 2569]
[2446, 2507, 2509, 2570]
[2447, 2508, 2510, 2571]
[2448, 2509, 2511, 2572]
[2449, 2510, 2512, 2573]
[2450, 2511, 2513, 2574]
[2451, 2512, 2514, 2575]
[2452, 2513, 2515, 2576]
[2453, 2514, 2516, 2577]
[2454, 2515, 2517, 2578]
[2455, 2516, 2518, 2579]
[2456, 2517, 2519, 2580]
[2457, 2518, 2520, 2581]
[2458, 2519, 2521, 2582]
[2459, 2520, 2522, 2583]
[2460, 2521, 2523, 2584]
[2461, 2522, 2524, 2585]
[2462, 2523, 2525, 2586]
[2463, 2524, 2526, 2587]
[2464, 2525, 2527, 2588]
[2465, 2526, 2528, 2589]
[2466, 2527, 2529, 2590]
[2467, 2528, 2530, 2591]
[2468, 2529, 2531, 2592]
[2469, 2530, 2532, 2593]
[2470, 2531, 2533, 2594]
[2471, 2532, 2534, 2595]
[2472, 2533, 2535, 2596]
[2473, 2534, 2536, 2597]
[2474, 2535, 2537, 2598]
[2475, 2536, 2538, 2599]
[2476, 2537, 2539, 2600]
[2477, 2538, 2540, 2601]
[2478, 2539, 2541, 2602]
[2479, 2480, 2540, 2603]
[2480, 2543, 2603, 2604]
[2481, 2542, 2544, 2605]
[2482, 2543, 2545, 2606]
[2483, 2544, 2546, 2607]
[2484, 2545, 2547, 2608]
[2485, 2546, 2548, 2609]
[2486, 2547, 2549, 2610]
[2487, 2548, 2550, 2611]
[2488, 2549, 2551, 2612]
[2489, 2550, 2552, 2613]
[2490, 2551, 2553, 2614]
[2491, 2552, 2554, 2615]
[2492, 2553, 2555, 2616]
[2493, 2554, 2556, 2617]
[2494, 2555, 2557, 2618]
[2495, 2556, 2558, 2619]
[2496, 2557, 2559, 2620]
[2497, 2558, 2560, 2621]
[2498, 2559, 2561, 2622]
[2499, 2560, 2562, 2623]
[2500, 2561, 2563, 2624]
[2501, 2562, 2564, 2625]
[2502, 2563, 2565, 2626]
[2503, 2564, 2566, 2627]
[2504, 2565, 2567, 2628]
[2505, 2566, 2568, 2629]
[2506, 2567, 2569, 2630]
[2507, 2568, 2570, 2631]
[2508, 2569, 2571, 2632]
[2509, 2570, 2572, 2633]
[2510, 2571, 2573, 2634]
[2511, 2572, 2574, 2635]
[2512, 2573, 2575, 2636]
[2513, 2574, 2576, 2637]
[2514, 2575, 2577, 2638]
[2515, 2576, 2578, 2639]
[2516, 2577, 2579, 2640]
[2517, 2578, 2580, 2641]
[2518, 2579, 2581, 2642]
[2519, 2580, 2582, 2643]
[2520, 2581, 2583, 2644]
[2521, 2582, 2584, 2645]
[2522, 2583, 2585, 2646]
[2523, 2584, 2586, 2647]
[2524, 2585, 2587, 2648]
[2525, 2586, 2588, 2649]
[2526, 2587, 2589, 2650]
[2527, 2588, 2590, 2651]
[2528, 2589, 2591, 2652]
[2529, 2590, 2592, 2653]
[2530, 2591, 2593, 2654]
[2531, 2592, 2594, 2655]
[2532, 2593, 2595, 2656]
[2533, 2594, 2596, 2657]
[2534, 2595, 2597, 2658]
[2535, 2596, 2598, 2659]
[2536, 2597, 2599, 2660]
[2537, 2598, 2600, 2661]
[2538, 2599, 2601, 2662]
[2539, 2600, 2602, 2663]
[2540, 2601, 2603, 2664]
[2541, 2542, 2602, 2665]
[2542, 2605, 2665, 2666]
[2543, 2604, 2606, 2667]
[2544, 2605, 2607, 2668]
[2545, 2606, 2608, 2669]
[2546, 2607, 2609, 2670]
[2547, 2608, 2610, 2671]
[2548, 2609, 2611, 2672]
[2549, 2610, 2612, 2673]
[2550, 2611, 2613, 2674]
[2551, 2612, 2614, 2675]
[2552, 2613, 2615, 2676]
[2553, 2614, 2616, 2677]
[2554, 2615, 2617, 2678]
[2555, 2616, 2618, 2679]
[2556, 2617, 2619, 2680]
[2557, 2618, 2620, 2681]
[2558, 2619, 2621, 2682]
[2559, 2620, 2622, 2683]
[2560, 2621, 2623, 2684]
[2561, 2622, 2624, 2685]
[2562, 2623, 2625, 2686]
[2563, 2624, 2626, 2687]
[2564, 2625, 2627, 2688]
[2565, 2626, 2628, 2689]
[2566, 2627, 2629, 2690]
[2567, 2628, 2630, 2691]
[2568, 2629, 2631, 2692]
[2569, 2630, 2632, 2693]
[2570, 2631, 2633, 2694]
[2571, 2632, 2634, 2695]
[2572, 2633, 2635, 2696]
[2573, 2634, 2636, 2697]
[2574, 2635, 2637, 2698]
[2575, 2636, 2638, 2699]
[2576, 2637, 2639, 2700]
[2577, 2638, 2640, 2701]
[2578, 2639, 2641, 2702]
[2579, 2640, 2642, 2703]
[2580, 2641, 2643, 2704]
[2581, 2642, 2644, 2705]
[2582, 2643, 2645, 2706]
[2583, 2644, 2646, 2707]
[2584, 2645, 2647, 2708]
[2585, 2646, 2648, 2709]
[2586, 2647, 2649, 2710]
[2587, 2648, 2650, 2711]
[2588, 2649, 2651, 2712]
[2589, 2650, 2652, 2713]
[2590, 2651, 2653, 2714]
[2591, 2652, 2654, 2715]
[2592, 2653, 2655, 2716]
[2593, 2654, 2656, 2717]
[2594, 2655, 2657, 2718]
[2595, 2656, 2658, 2719]
[2596, 2657, 2659, 2720]
[2597, 2658, 2660, 2721]
[2598, 2659, 2661, 2722]
[2599, 2660, 2662, 2723]
[2600, 2661, 2663, 2724]
[2601, 2662, 2664, 2725]
[2602, 2663, 2665, 2726]
[2603, 2604, 2664, 2727]
[2604, 2667, 2727, 2728]
[2605, 2666, 2668, 2729]
[2606, 2667, 2669, 2730]
[2607, 2668, 2670, 2731]
[2608, 2669, 2671, 2732]
[2609, 2670, 2672, 2733]
[2610, 2671, 2673, 2734]
[2611, 2672, 2674, 2735]
[2612, 2673, 2675, 2736]
[2613, 2674, 2676, 2737]
[2614, 2675, 2677, 2738]
[2615, 2676, 2678, 2739]
[2616, 2677, 2679, 2740]
[2617, 2678, 2680, 2741]
[2618, 2679, 2681, 2742]
[2619, 2680, 2682, 2743]
[2620, 2681, 2683, 2744]
[2621, 2682, 2684, 2745]
[2622, 2683, 2685, 2746]
[2623, 2684, 2686, 2747]
[2624, 2685, 2687, 2748]
[2625, 2686, 2688, 2749]
[2626, 2687, 2689, 2750]
[2627, 2688, 2690, 2751]
[2628, 2689, 2691, 2752]
[2629, 2690, 2692, 2753]
[2630, 2691, 2693, 2754]
[2631, 2692, 2694, 2755]
[2632, 2693, 2695, 2756]
[2633, 2694, 2696, 2757]
[2634, 2695, 2697, 2758]
[2635, 2696, 2698, 2759]
[2636, 2697, 2699, 2760]
[2637, 2698, 2700, 2761]
[2638, 2699, 2701, 2762]
[2639, 2700, 2702, 2763]
[2640, 2701, 2703, 2764]
[2641, 2702, 2704, 2765]
[2642, 2703, 2705, 2766]
[2643, 2704, 2706, 2767]
[2644, 2705, 2707, 2768]
[2645, 2706, 2708, 2769]
[2646, 2707, 2709, 2770]
[2647, 2708, 2710, 2771]
[2648, 2709, 2711, 2772]
[2649, 2710, 2712, 2773]
[2650, 2711, 2713, 2774]
[2651, 2712, 2714, 2775]
[2652, 2713, 2715, 2776]
[2653, 2714, 2716, 2777]
[2654, 2715, 2717, 2778]
[2655, 2716, 2718, 2779]
[2656, 2717, 2719, 2780]
[2657, 2718, 2720, 2781]
[2658, 2719, 2721, 2782]
[2659, 2720, 2722, 2783]
[2660, 2721, 2723, 2784]
[2661, 2722, 2724, 2785]
[2662, 2723, 2725, 2786]
[2663, 2724, 2726, 2787]
[2664, 2725, 2727, 2788]
[2665, 2666, 2726, 2789]
[2666, 2729, 2789, 2790]
[2667, 2728, 2730, 2791]
[2668, 2729, 2731, 2792]
[2669, 2730, 2732, 2793]
[2670, 2731, 2733, 2794]
[2671, 2732, 2734, 2795]
[2672, 2733, 2735, 2796]
[2673, 2734, 2736, 2797]
[2674, 2735, 2737, 2798]
[2675, 2736, 2738, 2799]
[2676, 2737, 2739, 2800]
[2677, 2738, 2740, 2801]
[2678, 2739, 2741, 2802]
[2679, 2740, 2742, 2803]
[2680, 2741, 2743, 2804]
[2681, 2742, 2744, 2805]
[2682, 2743, 2745, 2806]
[2683, 2744, 2746, 2807]
[2684, 2745, 2747, 2808]
[2685, 2746, 2748, 2809]
[2686, 2747, 2749, 2810]
[2687, 2748, 2750, 2811]
[2688, 2749, 2751, 2812]
[2689, 2750, 2752, 2813]
[2690, 2751, 2753, 2814]
[2691, 2752, 2754, 2815]
[2692, 2753, 2755, 2816]
[2693, 2754, 2756, 2817]
[2694, 2755, 2757, 2818]
[2695, 2756, 2758, 2819]
[2696, 2757, 2759, 2820]
[2697, 2758, 2760, 2821]
[2698, 2759, 2761, 2822]
[2699, 2760, 2762, 2823]
[2700, 2761, 2763, 2824]
[2701, 2762, 2764, 2825]
[2702, 2763, 2765, 2826]
[2703, 2764, 2766, 2827]
[2704, 2765, 2767, 2828]
[2705, 2766, 2768, 2829]
[2706, 2767, 2769, 2830]
[2707, 2768, 2770, 2831]
[2708, 2769, 2771, 2832]
[2709, 2770, 2772, 2833]
[2710, 2771, 2773, 2834]
[2711, 2772, 2774, 2835]
[2712, 2773, 2775, 2836]
[2713, 2774, 2776, 2837]
[2714, 2775, 2777, 2838]
[2715, 2776, 2778, 2839]
[2716, 2777, 2779, 2840]
[2717, 2778, 2780, 2841]
[2718, 2779, 2781, 2842]
[2719, 2780, 2782, 2843]
[2720, 2781, 2783, 2844]
[2721, 2782, 2784, 2845]
[2722, 2783, 2785, 2846]
[2723, 2784, 2786, 2847]
[2724, 2785, 2787, 2848]
[2725, 2786, 2788, 2849]
[2726, 2787, 2789, 2850]
[2727, 2728, 2788, 2851]
[2728, 2791, 2851, 2852]
[2729, 2790, 2792, 2853]
[2730, 2791, 2793, 2854]
[2731, 2792, 2794, 2855]
[2732, 2793, 2795, 2856]
[2733, 2794, 2796, 2857]
[2734, 2795, 2797, 2858]
[2735, 2796, 2798, 2859]
[2736, 2797, 2799, 2860]
[2737, 2798, 2800, 2861]
[2738, 2799, 2801, 2862]
[2739, 2800, 2802, 2863]
[2740, 2801, 2803, 2864]
[2741, 2802, 2804, 2865]
[2742, 2803, 2805, 2866]
[2743, 2804, 2806, 2867]
[2744, 2805, 2807, 2868]
[2745, 2806, 2808, 2869]
[2746, 2807, 2809, 2870]
[2747, 2808, 2810, 2871]
[2748, 2809, 2811, 2872]
[2749, 2810, 2812, 2873]
[2750, 2811, 2813, 2874]
[2751, 2812, 2814, 2875]
[2752, 2813, 2815, 2876]
[2753, 2814, 2816, 2877]
[2754, 2815, 2817, 2878]
[2755, 2816, 2818, 2879]
[2756, 2817, 2819, 2880]
[2757, 2818, 2820, 2881]
[2758, 2819, 2821, 2882]
[2759, 2820, 2822, 2883]
[2760, 2821, 2823, 2884]
[2761, 2822, 2824, 2885]
[2762, 2823, 2825, 2886]
[2763, 2824, 2826, 2887]
[2764, 2825, 2827, 2888]
[2765, 2826, 2828, 2889]
[2766, 2827, 2829, 2890]
[2767, 2828, 2830, 2891]
[2768, 2829, 2831, 2892]
[2769, 2830, 2832, 2893]
[2770, 2831, 2833, 2894]
[2771, 2832, 2834, 2895]
[2772, 2833, 2835, 2896]
[2773, 2834, 2836, 2897]
[2774, 2835, 2837, 2898]
[2775, 2836, 2838, 2899]
[2776, 2837, 2839, 2900]
[2777, 2838, 2840, 2901]
[2778, 2839, 2841, 2902]
[2779, 2840, 2842, 2903]
[2780, 2841, 2843, 2904]
[2781, 2842, 2844, 2905]
[2782, 2843, 2845, 2906]
[2783, 2844, 2846, 2907]
[2784, 2845, 2847, 2908]
[2785, 2846, 2848, 2909]
[2786, 2847, 2849, 2910]
[2787, 2848, 2850, 2911]
[2788, 2849, 2851, 2912]
[2789, 2790, 2850, 2913]
[2790, 2853, 2913, 2914]
[2791, 2852, 2854, 2915]
[2792, 2853, 2855, 2916]
[2793, 2854, 2856, 2917]
[2794, 2855, 2857, 2918]
[2795, 2856, 2858, 2919]
[2796, 2857, 2859, 2920]
[2797, 2858, 2860, 2921]
[2798, 2859, 2861, 2922]
[2799, 2860, 2862, 2923]
[2800, 2861, 2863, 2924]
[2801, 2862, 2864, 2925]
[2802, 2863, 2865, 2926]
[2803, 2864, 2866, 2927]
[2804, 2865, 2867, 2928]
[2805, 2866, 2868, 2929]
[2806, 2867, 2869, 2930]
[2807, 2868, 2870, 2931]
[2808, 2869, 2871, 2932]
[2809, 2870, 2872, 2933]
[2810, 2871, 2873, 2934]
[2811, 2872, 2874, 2935]
[2812, 2873, 2875, 2936]
[2813, 2874, 2876, 2937]
[2814, 2875, 2877, 2938]
[2815, 2876, 2878, 2939]
[2816, 2877, 2879, 2940]
[2817, 2878, 2880, 2941]
[2818, 2879, 2881, 2942]
[2819, 2880, 2882, 2943]
[2820, 2881, 2883, 2944]
[2821, 2882, 2884, 2945]
[2822, 2883, 2885, 2946]
[2823, 2884, 2886, 2947]
[2824, 2885, 2887, 2948]
[2825, 2886, 2888, 2949]
[2826, 2887, 2889, 2950]
[2827, 2888, 2890, 2951]
[2828, 2889, 2891, 2952]
[2829, 2890, 2892, 2953]
[2830, 2891, 2893, 2954]
[2831, 2892, 2894, 2955]
[2832, 2893, 2895, 2956]
[2833, 2894, 2896, 2957]
[2834, 2895, 2897, 2958]
[2835, 2896, 2898, 2959]
[2836, 2897, 2899, 2960]
[2837, 2898, 2900, 2961]
[2838, 2899, 2901, 2962]
[2839, 2900, 2902, 2963]
[2840, 2901, 2903, 2964]
[2841, 2902, 2904, 2965]
[2842, 2903, 2905, 2966]
[2843, 2904, 2906, 2967]
[2844, 2905, 2907, 2968]
[2845, 2906, 2908, 2969]
[2846, 2907, 2909, 2970]
[2847, 2908, 2910, 2971]
[2848, 2909, 2911, 2972]
[2849, 2910, 2912, 2973]
[2850, 2911, 2913, 2974]
[2851, 2852, 2912, 2975]
[2852, 2915, 2975, 2976]
[2853, 2914, 2916, 2977]
[2854, 2915, 2917, 2978]
[2855, 2916, 2918, 2979]
[2856, 2917, 2919, 2980]
[2857, 2918, 2920, 2981]
[2858, 2919, 2921, 2982]
[2859, 2920, 2922, 2983]
[2860, 2921, 2923, 2984]
[2861, 2922, 2924, 2985]
[2862, 2923, 2925, 2986]
[2863, 2924, 2926, 2987]
[2864, 2925, 2927, 2988]
[2865, 2926, 2928, 2989]
[2866, 2927, 2929, 2990]
[2867, 2928, 2930, 2991]
[2868, 2929, 2931, 2992]
[2869, 2930, 2932, 2993]
[2870, 2931, 2933, 2994]
[2871, 2932, 2934, 2995]
[2872, 2933, 2935, 2996]
[2873, 2934, 2936, 2997]
[2874, 2935, 2937, 2998]
[2875, 2936, 2938, 2999]
[2876, 2937, 2939, 3000]
[2877, 2938, 2940, 3001]
[2878, 2939, 2941, 3002]
[2879, 2940, 2942, 3003]
[2880, 2941, 2943, 3004]
[2881, 2942, 2944, 3005]
[2882, 2943, 2945, 3006]
[2883, 2944, 2946, 3007]
[2884, 2945, 2947, 3008]
[2885, 2946, 2948, 3009]
[2886, 2947, 2949, 3010]
[2887, 2948, 2950, 3011]
[2888, 2949, 2951, 3012]
[2889, 2950, 2952, 3013]
[2890, 2951, 2953, 3014]
[2891, 2952, 2954, 3015]
[2892, 2953, 2955, 3016]
[2893, 2954, 2956, 3017]
[2894, 2955, 2957, 3018]
[2895, 2956, 2958, 3019]
[2896, 2957, 2959, 3020]
[2897, 2958, 2960, 3021]
[2898, 2959, 2961, 3022]
[2899, 2960, 2962, 3023]
[2900, 2961, 2963, 3024]
[2901, 2962, 2964, 3025]
[2902, 2963, 2965, 3026]
[2903, 2964, 2966, 3027]
[2904, 2965, 2967, 3028]
[2905, 2966, 2968, 3029]
[2906, 2967, 2969, 3030]
[2907, 2968, 2970, 3031]
[2908, 2969, 2971, 3032]
[2909, 2970, 2972, 3033]
[2910, 2971, 2973, 3034]
[2911, 2972, 2974, 3035]
[2912, 2973, 2975, 3036]
[2913, 2914, 2974, 3037]
[2914, 2977, 3037, 3038]
[2915, 2976, 2978, 3039]
[2916, 2977, 2979, 3040]
[2917, 2978, 2980, 3041]
[2918, 2979, 2981, 3042]
[2919, 2980, 2982, 3043]
[2920, 2981, 2983, 3044]
[2921, 2982, 2984, 3045]
[2922, 2983, 2985, 3046]
[2923, 2984, 2986, 3047]
[2924, 2985, 2987, 3048]
[2925, 2986, 2988, 3049]
[2926, 2987, 2989, 3050]
[2927, 2988, 2990, 3051]
[2928, 2989, 2991, 3052]
[2929, 2990, 2992, 3053]
[2930, 2991, 2993, 3054]
[2931, 2992, 2994, 3055]
[2932, 2993, 2995, 3056]
[2933, 2994, 2996, 3057]
[2934, 2995, 2997, 3058]
[2935, 2996, 2998, 3059]
[2936, 2997, 2999, 3060]
[2937, 2998, 3000, 3061]
[2938, 2999, 3001, 3062]
[2939, 3000, 3002, 3063]
[2940, 3001, 3003, 3064]
[2941, 3002, 3004, 3065]
[2942, 3003, 3005, 3066]
[2943, 3004, 3006, 3067]
[2944, 3005, 3007, 3068]
[2945, 3006, 3008, 3069]
[2946, 3007, 3009, 3070]
[2947, 3008, 3010, 3071]
[2948, 3009, 3011, 3072]
[2949, 3010, 3012, 3073]
[2950, 3011, 3013, 3074]
[2951, 3012, 3014, 3075]
[2952, 3013, 3015, 3076]
[2953, 3014, 3016, 3077]
[2954, 3015, 3017, 3078]
[2955, 3016, 3018, 3079]
[2956, 3017, 3019, 3080]
[2957, 3018, 3020, 3081]
[2958, 3019, 3021, 3082]
[2959, 3020, 3022, 3083]
[2960, 3021, 3023, 3084]
[2961, 3022, 3024, 3085]
[2962, 3023, 3025, 3086]
[2963, 3024, 3026, 3087]
[2964, 3025, 3027, 3088]
[2965, 3026, 3028, 3089]
[2966, 3027, 3029, 3090]
[2967, 3028, 3030, 3091]
[2968, 3029, 3031, 3092]
[2969, 3030, 3032, 3093]
[2970, 3031, 3033, 3094]
[2971, 3032, 3034, 3095]
[2972, 3033, 3035, 3096]
[2973, 3034, 3036, 3097]
[2974, 3035, 3037, 3098]
[2975, 2976, 3036, 3099]
[2976, 3039, 3099, 3100]
[2977, 3038, 3040, 3101]
[2978, 3039, 3041, 3102]
[2979, 3040, 3042, 3103]
[2980, 3041, 3043, 3104]
[2981, 3042, 3044, 3105]
[2982, 3043, 3045, 3106]
[2983, 3044, 3046, 3107]
[2984, 3045, 3047, 3108]
[2985, 3046, 3048, 3109]
[2986, 3047, 3049, 3110]
[2987, 3048, 3050, 3111]
[2988, 3049, 3051, 3112]
[2989, 3050, 3052, 3113]
[2990, 3051, 3053, 3114]
[2991, 3052, 3054, 3115]
[2992, 3053, 3055, 3116]
[2993, 3054, 3056, 3117]
[2994, 3055, 3057, 3118]
[2995, 3056, 3058, 3119]
[2996, 3057, 3059, 3120]
[2997, 3058, 3060, 3121]
[2998, 3059, 3061, 3122]
[2999, 3060, 3062, 3123]
[3000, 3061, 3063, 3124]
[3001, 3062, 3064, 3125]
[3002, 3063, 3065, 3126]
[3003, 3064, 3066, 3127]
[3004, 3065, 3067, 3128]
[3005, 3066, 3068, 3129]
[3006, 3067, 3069, 3130]
[3007, 3068, 3070, 3131]
[3008, 3069, 3071, 3132]
[3009, 3070, 3072, 3133]
[3010, 3071, 3073, 3134]
[3011, 3072, 3074, 3135]
[3012, 3073, 3075, 3136]
[3013, 3074, 3076, 3137]
[3014, 3075, 3077, 3138]
[3015, 3076, 3078, 3139]
[3016, 3077, 3079, 3140]
[3017, 3078, 3080, 3141]
[3018, 3079, 3081, 3142]
[3019, 3080, 3082, 3143]
[3020, 3081, 3083, 3144]
[3021, 3082, 3084, 3145]
[3022, 3083, 3085, 3146]
[3023, 3084, 3086, 3147]
[3024, 3085, 3087, 3148]
[3025, 3086, 3088, 3149]
[3026, 3087, 3089, 3150]
[3027, 3088, 3090, 3151]
[3028, 3089, 3091, 3152]
[3029, 3090, 3092, 3153]
[3030, 3091, 3093, 3154]
[3031, 3092, 3094, 3155]
[3032, 3093, 3095, 3156]
[3033, 3094, 3096, 3157]
[3034, 3095, 3097, 3158]
[3035, 3096, 3098, 3159]
[3036, 3097, 3099, 3160]
[3037, 3038, 3098, 3161]
[3038, 3101, 3161, 3162]
[3039, 3100, 3102, 3163]
[3040, 3101, 3103, 3164]
[3041, 3102, 3104, 3165]
[3042, 3103, 3105, 3166]
[3043, 3104, 3106, 3167]
[3044, 3105, 3107, 3168]
[3045, 3106, 3108, 3169]
[3046, 3107, 3109, 3170]
[3047, 3108, 3110, 3171]
[3048, 3109, 3111, 3172]
[3049, 3110, 3112, 3173]
[3050, 3111, 3113, 3174]
[3051, 3112, 3114, 3175]
[3052, 3113, 3115, 3176]
[3053, 3114, 3116, 3177]
[3054, 3115, 3117, 3178]
[3055, 3116, 3118, 3179]
[3056, 3117, 3119, 3180]
[3057, 3118, 3120, 3181]
[3058, 3119, 3121, 3182]
[3059, 3120, 3122, 3183]
[3060, 3121, 3123, 3184]
[3061, 3122, 3124, 3185]
[3062, 3123, 3125, 3186]
[3063, 3124, 3126, 3187]
[3064, 3125, 3127, 3188]
[3065, 3126, 3128, 3189]
[3066, 3127, 3129, 3190]
[3067, 3128, 3130, 3191]
[3068, 3129, 3131, 3192]
[3069, 3130, 3132, 3193]
[3070, 3131, 3133, 3194]
[3071, 3132, 3134, 3195]
[3072, 3133, 3135, 3196]
[3073, 3134, 3136, 3197]
[3074, 3135, 3137, 3198]
[3075, 3136, 3138, 3199]
[3076, 3137, 3139, 3200]
[3077, 3138, 3140, 3201]
[3078, 3139, 3141, 3202]
[3079, 3140, 3142, 3203]
[3080, 3141, 3143, 3204]
[3081, 3142, 3144, 3205]
[3082, 3143, 3145, 3206]
[3083, 3144, 3146, 3207]
[3084, 3145, 3147, 3208]
[3085, 3146, 3148, 3209]
[3086, 3147, 3149, 3210]
[3087, 3148, 3150, 3211]
[3088, 3149, 3151, 3212]
[3089, 3150, 3152, 3213]
[3090, 3151, 3153, 3214]
[3091, 3152, 3154, 3215]
[3092, 3153, 3155, 3216]
[3093, 3154, 3156, 3217]
[3094, 3155, 3157, 3218]
[3095, 3156, 3158, 3219]
[3096, 3157, 3159, 3220]
[3097, 3158, 3160, 3221]
[3098, 3159, 3161, 3222]
[3099, 3100, 3160, 3223]
[3100, 3163, 3223, 3224]
[3101, 3162, 3164, 3225]
[3102, 3163, 3165, 3226]
[3103, 3164, 3166, 3227]
[3104, 3165, 3167, 3228]
[3105, 3166, 3168, 3229]
[3106, 3167, 3169, 3230]
[3107, 3168, 3170, 3231]
[3108, 3169, 3171, 3232]
[3109, 3170, 3172, 3233]
[3110, 3171, 3173, 3234]
[3111, 3172, 3174, 3235]
[3112, 3173, 3175, 3236]
[3113, 3174, 3176, 3237]
[3114, 3175, 3177, 3238]
[3115, 3176, 3178, 3239]
[3116, 3177, 3179, 3240]
[3117, 3178, 3180, 3241]
[3118, 3179, 3181, 3242]
[3119, 3180, 3182, 3243]
[3120, 3181, 3183, 3244]
[3121, 3182, 3184, 3245]
[3122, 3183, 3185, 3246]
[3123, 3184, 3186, 3247]
[3124, 3185, 3187, 3248]
[3125, 3186, 3188, 3249]
[3126, 3187, 3189, 3250]
[3127, 3188, 3190, 3251]
[3128, 3189, 3191, 3252]
[3129, 3190, 3192, 3253]
[3130, 3191, 3193, 3254]
[3131, 3192, 3194, 3255]
[3132, 3193, 3195, 3256]
[3133, 3194, 3196, 3257]
[3134, 3195, 3197, 3258]
[3135, 3196, 3198, 3259]
[3136, 3197, 3199, 3260]
[3137, 3198, 3200, 3261]
[3138, 3199, 3201, 3262]
[3139, 3200, 3202, 3263]
[3140, 3201, 3203, 3264]
[3141, 3202, 3204, 3265]
[3142, 3203, 3205, 3266]
[3143, 3204, 3206, 3267]
[3144, 3205, 3207, 3268]
[3145, 3206, 3208, 3269]
[3146, 3207, 3209, 3270]
[3147, 3208, 3210, 3271]
[3148, 3209, 3211, 3272]
[3149, 3210, 3212, 3273]
[3150, 3211, 3213, 3274]
[3151, 3212, 3214, 3275]
[3152, 3213, 3215, 3276]
[3153, 3214, 3216, 3277]
[3154, 3215, 3217, 3278]
[3155, 3216, 3218, 3279]
[3156, 3217, 3219, 3280]
[3157, 3218, 3220, 3281]
[3158, 3219, 3221, 3282]
[3159, 3220, 3222, 3283]
[3160, 3221, 3223, 3284]
[3161, 3162, 3222, 3285]
[3162, 3225, 3285, 3286]
[3163, 3224, 3226, 3287]
[3164, 3225, 3227, 3288]
[3165, 3226, 3228, 3289]
[3166, 3227, 3229, 3290]
[3167, 3228, 3230, 3291]
[3168, 3229, 3231, 3292]
[3169, 3230, 3232, 3293]
[3170, 3231, 3233, 3294]
[3171, 3232, 3234, 3295]
[3172, 3233, 3235, 3296]
[3173, 3234, 3236, 3297]
[3174, 3235, 3237, 3298]
[3175, 3236, 3238, 3299]
[3176, 3237, 3239, 3300]
[3177, 3238, 3240, 3301]
[3178, 3239, 3241, 3302]
[3179, 3240, 3242, 3303]
[3180, 3241, 3243, 3304]
[3181, 3242, 3244, 3305]
[3182, 3243, 3245, 3306]
[3183, 3244, 3246, 3307]
[3184, 3245, 3247, 3308]
[3185, 3246, 3248, 3309]
[3186, 3247, 3249, 3310]
[3187, 3248, 3250, 3311]
[3188, 3249, 3251, 3312]
[3189, 3250, 3252, 3313]
[3190, 3251, 3253, 3314]
[3191, 3252, 3254, 3315]
[3192, 3253, 3255, 3316]
[3193, 3254, 3256, 3317]
[3194, 3255, 3257, 3318]
[3195, 3256, 3258, 3319]
[3196, 3257, 3259, 3320]
[3197, 3258, 3260, 3321]
[3198, 3259, 3261, 3322]
[3199, 3260, 3262, 3323]
[3200, 3261, 3263, 3324]
[3201, 3262, 3264, 3325]
[3202, 3263, 3265, 3326]
[3203, 3264, 3266, 3327]
[3204, 3265, 3267, 3328]
[3205, 3266, 3268, 3329]
[3206, 3267, 3269, 3330]
[3207, 3268, 3270, 3331]
[3208, 3269, 3271, 3332]
[3209, 3270, 3272, 3333]
[3210, 3271, 3273, 3334]
[3211, 3272, 3274, 3335]
[3212, 3273, 3275, 3336]
[3213, 3274, 3276, 3337]
[3214, 3275, 3277, 3338]
[3215, 3276, 3278, 3339]
[3216, 3277, 3279, 3340]
[3217, 3278, 3280, 3341]
[3218, 3279, 3281, 3342]
[3219, 3280, 3282, 3343]
[3220, 3281, 3283, 3344]
[3221, 3282, 3284, 3345]
[3222, 3283, 3285, 3346]
[3223, 3224, 3284, 3347]
[3224, 3287, 3347, 3348]
[3225, 3286, 3288, 3349]
[3226, 3287, 3289, 3350]
[3227, 3288, 3290, 3351]
[3228, 3289, 3291, 3352]
[3229, 3290, 3292, 3353]
[3230, 3291, 3293, 3354]
[3231, 3292, 3294, 3355]
[3232, 3293, 3295, 3356]
[3233, 3294, 3296, 3357]
[3234, 3295, 3297, 3358]
[3235, 3296, 3298, 3359]
[3236, 3297, 3299, 3360]
[3237, 3298, 3300, 3361]
[3238, 3299, 3301, 3362]
[3239, 3300, 3302, 3363]
[3240, 3301, 3303, 3364]
[3241, 3302, 3304, 3365]
[3242, 3303, 3305, 3366]
[3243, 3304, 3306, 3367]
[3244, 3305, 3307, 3368]
[3245, 3306, 3308, 3369]
[3246, 3307, 3309, 3370]
[3247, 3308, 3310, 3371]
[3248, 3309, 3311, 3372]
[3249, 3310, 3312, 3373]
[3250, 3311, 3313, 3374]
[3251, 3312, 3314, 3375]
[3252, 3313, 3315, 3376]
[3253, 3314, 3316, 3377]
[3254, 3315, 3317, 3378]
[3255, 3316, 3318, 3379]
[3256, 3317, 3319, 3380]
[3257, 3318, 3320, 3381]
[3258, 3319, 3321, 3382]
[3259, 3320, 3322, 3383]
[3260, 3321, 3323, 3384]
[3261, 3322, 3324, 3385]
[3262, 3323, 3325, 3386]
[3263, 3324, 3326, 3387]
[3264, 3325, 3327, 3388]
[3265, 3326, 3328, 3389]
[3266, 3327, 3329, 3390]
[3267, 3328, 3330, 3391]
[3268, 3329, 3331, 3392]
[3269, 3330, 3332, 3393]
[3270, 3331, 3333, 3394]
[3271, 3332, 3334, 3395]
[3272, 3333, 3335, 3396]
[3273, 3334, 3336, 3397]
[3274, 3335, 3337, 3398]
[3275, 3336, 3338, 3399]
[3276, 3337, 3339, 3400]
[3277, 3338, 3340, 3401]
[3278, 3339, 3341, 3402]
[3279, 3340, 3342, 3403]
[3280, 3341, 3343, 3404]
[3281, 3342, 3344, 3405]
[3282, 3343, 3345, 3406]
[3283, 3344, 3346, 3407]
[3284, 3345, 3347, 3408]
[3285, 3286, 3346, 3409]
[3286, 3349, 3409, 3410]
[3287, 3348, 3350, 3411]
[3288, 3349, 3351, 3412]
[3289, 3350, 3352, 3413]
[3290, 3351, 3353, 3414]
[3291, 3352, 3354, 3415]
[3292, 3353, 3355, 3416]
[3293, 3354, 3356, 3417]
[3294, 3355, 3357, 3418]
[3295, 3356, 3358, 3419]
[3296, 3357, 3359, 3420]
[3297, 3358, 3360, 3421]
[3298, 3359, 3361, 3422]
[3299, 3360, 3362, 3423]
[3300, 3361, 3363, 3424]
[3301, 3362, 3364, 3425]
[3302, 3363, 3365, 3426]
[3303, 3364, 3366, 3427]
[3304, 3365, 3367, 3428]
[3305, 3366, 3368, 3429]
[3306, 3367, 3369, 3430]
[3307, 3368, 3370, 3431]
[3308, 3369, 3371, 3432]
[3309, 3370, 3372, 3433]
[3310, 3371, 3373, 3434]
[3311, 3372, 3374, 3435]
[3312, 3373, 3375, 3436]
[3313, 3374, 3376, 3437]
[3314, 3375, 3377, 3438]
[3315, 3376, 3378, 3439]
[3316, 3377, 3379, 3440]
[3317, 3378, 3380, 3441]
[3318, 3379, 3381, 3442]
[3319, 3380, 3382, 3443]
[3320, 3381, 3383, 3444]
[3321, 3382, 3384, 3445]
[3322, 3383, 3385, 3446]
[3323, 3384, 3386, 3447]
[3324, 3385, 3387, 3448]
[3325, 3386, 3388, 3449]
[3326, 3387, 3389, 3450]
[3327, 3388, 3390, 3451]
[3328, 3389, 3391, 3452]
[3329, 3390, 3392, 3453]
[3330, 3391, 3393, 3454]
[3331, 3392, 3394, 3455]
[3332, 3393, 3395, 3456]
[3333, 3394, 3396, 3457]
[3334, 3395, 3397, 3458]
[3335, 3396, 3398, 3459]
[3336, 3397, 3399, 3460]
[3337, 3398, 3400, 3461]
[3338, 3399, 3401, 3462]
[3339, 3400, 3402, 3463]
[3340, 3401, 3403, 3464]
[3341, 3402, 3404, 3465]
[3342, 3403, 3405, 3466]
[3343, 3404, 3406, 3467]
[3344, 3405, 3407, 3468]
[3345, 3406, 3408, 3469]
[3346, 3407, 3409, 3470]
[3347, 3348, 3408, 3471]
[3348, 3411, 3471, 3472]
[3349, 3410, 3412, 3473]
[3350, 3411, 3413, 3474]
[3351, 3412, 3414, 3475]
[3352, 3413, 3415, 3476]
[3353, 3414, 3416, 3477]
[3354, 3415, 3417, 3478]
[3355, 3416, 3418, 3479]
[3356, 3417, 3419, 3480]
[3357, 3418, 3420, 3481]
[3358, 3419, 3421, 3482]
[3359, 3420, 3422, 3483]
[3360, 3421, 3423, 3484]
[3361, 3422, 3424, 3485]
[3362, 3423, 3425, 3486]
[3363, 3424, 3426, 3487]
[3364, 3425, 3427, 3488]
[3365, 3426, 3428, 3489]
[3366, 3427, 3429, 3490]
[3367, 3428, 3430, 3491]
[3368, 3429, 3431, 3492]
[3369, 3430, 3432, 3493]
[3370, 3431, 3433, 3494]
[3371, 3432, 3434, 3495]
[3372, 3433, 3435, 3496]
[3373, 3434, 3436, 3497]
[3374, 3435, 3437, 3498]
[3375, 3436, 3438, 3499]
[3376, 3437, 3439, 3500]
[3377, 3438, 3440, 3501]
[3378, 3439, 3441, 3502]
[3379, 3440, 3442, 3503]
[3380, 3441, 3443, 3504]
[3381, 3442, 3444, 3505]
[3382, 3443, 3445, 3506]
[3383, 3444, 3446, 3507]
[3384, 3445, 3447, 3508]
[3385, 3446, 3448, 3509]
[3386, 3447, 3449, 3510]
[3387, 3448, 3450, 3511]
[3388, 3449, 3451, 3512]
[3389, 3450, 3452, 3513]
[3390, 3451, 3453, 3514]
[3391, 3452, 3454, 3515]
[3392, 3453, 3455, 3516]
[3393, 3454, 3456, 3517]
[3394, 3455, 3457, 3518]
[3395, 3456, 3458, 3519]
[3396, 3457, 3459, 3520]
[3397, 3458, 3460, 3521]
[3398, 3459, 3461, 3522]
[3399, 3460, 3462, 3523]
[3400, 3461, 3463, 3524]
[3401, 3462, 3464, 3525]
[3402, 3463, 3465, 3526]
[3403, 3464, 3466, 3527]
[3404, 3465, 3467, 3528]
[3405, 3466, 3468, 3529]
[3406, 3467, 3469, 3530]
[3407, 3468, 3470, 3531]
[3408, 3469, 3471, 3532]
[3409, 3410, 3470, 3533]
[3410, 3473, 3533, 3534]
[3411, 3472, 3474, 3535]
[3412, 3473, 3475, 3536]
[3413, 3474, 3476, 3537]
[3414, 3475, 3477, 3538]
[3415, 3476, 3478, 3539]
[3416, 3477, 3479, 3540]
[3417, 3478, 3480, 3541]
[3418, 3479, 3481, 3542]
[3419, 3480, 3482, 3543]
[3420, 3481, 3483, 3544]
[3421, 3482, 3484, 3545]
[3422, 3483, 3485, 3546]
[3423, 3484, 3486, 3547]
[3424, 3485, 3487, 3548]
[3425, 3486, 3488, 3549]
[3426, 3487, 3489, 3550]
[3427, 3488, 3490, 3551]
[3428, 3489, 3491, 3552]
[3429, 3490, 3492, 3553]
[3430, 3491, 3493, 3554]
[3431, 3492, 3494, 3555]
[3432, 3493, 3495, 3556]
[3433, 3494, 3496, 3557]
[3434, 3495, 3497, 3558]
[3435, 3496, 3498, 3559]
[3436, 3497, 3499, 3560]
[3437, 3498, 3500, 3561]
[3438, 3499, 3501, 3562]
[3439, 3500, 3502, 3563]
[3440, 3501, 3503, 3564]
[3441, 3502, 3504, 3565]
[3442, 3503, 3505, 3566]
[3443, 3504, 3506, 3567]
[3444, 3505, 3507, 3568]
[3445, 3506, 3508, 3569]
[3446, 3507, 3509, 3570]
[3447, 3508, 3510, 3571]
[3448, 3509, 3511, 3572]
[3449, 3510, 3512, 3573]
[3450, 3511, 3513, 3574]
[3451, 3512, 3514, 3575]
[3452, 3513, 3515, 3576]
[3453, 3514, 3516, 3577]
[3454, 3515, 3517, 3578]
[3455, 3516, 3518, 3579]
[3456, 3517, 3519, 3580]
[3457, 3518, 3520, 3581]
[3458, 3519, 3521, 3582]
[3459, 3520, 3522, 3583]
[3460, 3521, 3523, 3584]
[3461, 3522, 3524, 3585]
[3462, 3523, 3525, 3586]
[3463, 3524, 3526, 3587]
[3464, 3525, 3527, 3588]
[3465, 3526, 3528, 3589]
[3466, 3527, 3529, 3590]
[3467, 3528, 3530, 3591]
[3468, 3529, 3531, 3592]
[3469, 3530, 3532, 3593]
[3470, 3531, 3533, 3594]
[3471, 3472, 3532, 3595]
[3472, 3535, 3595, 3596]
[3473, 3534, 3536, 3597]
[3474, 3535, 3537, 3598]
[3475, 3536, 3538, 3599]
[3476, 3537, 3539, 3600]
[3477, 3538, 3540, 3601]
[3478, 3539, 3541, 3602]
[3479, 3540, 3542, 3603]
[3480, 3541, 3543, 3604]
[3481, 3542, 3544, 3605]
[3482, 3543, 3545, 3606]
[3483, 3544, 3546, 3607]
[3484, 3545, 3547, 3608]
[3485, 3546, 3548, 3609]
[3486, 3547, 3549, 3610]
[3487, 3548, 3550, 3611]
[3488, 3549, 3551, 3612]
[3489, 3550, 3552, 3613]
[3490, 3551, 3553, 3614]
[3491, 3552, 3554, 3615]
[3492, 3553, 3555, 3616]
[3493, 3554, 3556, 3617]
[3494, 3555, 3557, 3618]
[3495, 3556, 3558, 3619]
[3496, 3557, 3559, 3620]
[3497, 3558, 3560, 3621]
[3498, 3559, 3561, 3622]
[3499, 3560, 3562, 3623]
[3500, 3561, 3563, 3624]
[3501, 3562, 3564, 3625]
[3502, 3563, 3565, 3626]
[3503, 3564, 3566, 3627]
[3504, 3565, 3567, 3628]
[3505, 3566, 3568, 3629]
[3506, 3567, 3569, 3630]
[3507, 3568, 3570, 3631]
[3508, 3569, 3571, 3632]
[3509, 3570, 3572, 3633]
[3510, 3571, 3573, 3634]
[3511, 3572, 3574, 3635]
[3512, 3573, 3575, 3636]
[3513, 3574, 3576, 3637]
[3514, 3575, 3577, 3638]
[3515, 3576, 3578, 3639]
[3516, 3577, 3579, 3640]
[3517, 3578, 3580, 3641]
[3518, 3579, 3581, 3642]
[3519, 3580, 3582, 3643]
[3520, 3581, 3583, 3644]
[3521, 3582, 3584, 3645]
[3522, 3583, 3585, 3646]
[3523, 3584, 3586, 3647]
[3524, 3585, 3587, 3648]
[3525, 3586, 3588, 3649]
[3526, 3587, 3589, 3650]
[3527, 3588, 3590, 3651]
[3528, 3589, 3591, 3652]
[3529, 3590, 3592, 3653]
[3530, 3591, 3593, 3654]
[3531, 3592, 3594, 3655]
[3532, 3593, 3595, 3656]
[3533, 3534, 3594, 3657]
[3534, 3597, 3657, 3658]
[3535, 3596, 3598, 3659]
[3536, 3597, 3599, 3660]
[3537, 3598, 3600, 3661]
[3538, 3599, 3601, 3662]
[3539, 3600, 3602, 3663]
[3540, 3601, 3603, 3664]
[3541, 3602, 3604, 3665]
[3542, 3603, 3605, 3666]
[3543, 3604, 3606, 3667]
[3544, 3605, 3607, 3668]
[3545, 3606, 3608, 3669]
[3546, 3607, 3609, 3670]
[3547, 3608, 3610, 3671]
[3548, 3609, 3611, 3672]
[3549, 3610, 3612, 3673]
[3550, 3611, 3613, 3674]
[3551, 3612, 3614, 3675]
[3552, 3613, 3615, 3676]
[3553, 3614, 3616, 3677]
[3554, 3615, 3617, 3678]
[3555, 3616, 3618, 3679]
[3556, 3617, 3619, 3680]
[3557, 3618, 3620, 3681]
[3558, 3619, 3621, 3682]
[3559, 3620, 3622, 3683]
[3560, 3621, 3623, 3684]
[3561, 3622, 3624, 3685]
[3562, 3623, 3625, 3686]
[3563, 3624, 3626, 3687]
[3564, 3625, 3627, 3688]
[3565, 3626, 3628, 3689]
[3566, 3627, 3629, 3690]
[3567, 3628, 3630, 3691]
[3568, 3629, 3631, 3692]
[3569, 3630, 3632, 3693]
[3570, 3631, 3633, 3694]
[3571, 3632, 3634, 3695]
[3572, 3633, 3635, 3696]
[3573, 3634, 3636, 3697]
[3574, 3635, 3637, 3698]
[3575, 3636, 3638, 3699]
[3576, 3637, 3639, 3700]
[3577, 3638, 3640, 3701]
[3578, 3639, 3641, 3702]
[3579, 3640, 3642, 3703]
[3580, 3641, 3643, 3704]
[3581, 3642, 3644, 3705]
[3582, 3643, 3645, 3706]
[3583, 3644, 3646, 3707]
[3584, 3645, 3647, 3708]
[3585, 3646, 3648, 3709]
[3586, 3647, 3649, 3710]
[3587, 3648, 3650, 3711]
[3588, 3649, 3651, 3712]
[3589, 3650, 3652, 3713]
[3590, 3651, 3653, 3714]
[3591, 3652, 3654, 3715]
[3592, 3653, 3655, 3716]
[3593, 3654, 3656, 3717]
[3594, 3655, 3657, 3718]
[3595, 3596, 3656, 3719]
[3596, 3659, 3719, 3720]
[3597, 3658, 3660, 3721]
[3598, 3659, 3661, 3722]
[3599, 3660, 3662, 3723]
[3600, 3661, 3663, 3724]
[3601, 3662, 3664, 3725]
[3602, 3663, 3665, 3726]
[3603, 3664, 3666, 3727]
[3604, 3665, 3667, 3728]
[3605, 3666, 3668, 3729]
[3606, 3667, 3669, 3730]
[3607, 3668, 3670, 3731]
[3608, 3669, 3671, 3732]
[3609, 3670, 3672, 3733]
[3610, 3671, 3673, 3734]
[3611, 3672, 3674, 3735]
[3612, 3673, 3675, 3736]
[3613, 3674, 3676, 3737]
[3614, 3675, 3677, 3738]
[3615, 3676, 3678, 3739]
[3616, 3677, 3679, 3740]
[3617, 3678, 3680, 3741]
[3618, 3679, 3681, 3742]
[3619, 3680, 3682, 3743]
[3620, 3681, 3683, 3744]
[3621, 3682, 3684, 3745]
[3622, 3683, 3685, 3746]
[3623, 3684, 3686, 3747]
[3624, 3685, 3687, 3748]
[3625, 3686, 3688, 3749]
[3626, 3687, 3689, 3750]
[3627, 3688, 3690, 3751]
[3628, 3689, 3691, 3752]
[3629, 3690, 3692, 3753]
[3630, 3691, 3693, 3754]
[3631, 3692, 3694, 3755]
[3632, 3693, 3695, 3756]
[3633, 3694, 3696, 3757]
[3634, 3695, 3697, 3758]
[3635, 3696, 3698, 3759]
[3636, 3697, 3699, 3760]
[3637, 3698, 3700, 3761]
[3638, 3699, 3701, 3762]
[3639, 3700, 3702, 3763]
[3640, 3701, 3703, 3764]
[3641, 3702, 3704, 3765]
[3642, 3703, 3705, 3766]
[3643, 3704, 3706, 3767]
[3644, 3705, 3707, 3768]
[3645, 3706, 3708, 3769]
[3646, 3707, 3709, 3770]
[3647, 3708, 3710, 3771]
[3648, 3709, 3711, 3772]
[3649, 3710, 3712, 3773]
[3650, 3711, 3713, 3774]
[3651, 3712, 3714, 3775]
[3652, 3713, 3715, 3776]
[3653, 3714, 3716, 3777]
[3654, 3715, 3717, 3778]
[3655, 3716, 3718, 3779]
[3656, 3717, 3719, 3780]
[3657, 3658, 3718, 3781]
[3658, 3721, 3781, 3782]
[3659, 3720, 3722, 3783]
[3660, 3721, 3723, 3784]
[3661, 3722, 3724, 3785]
[3662, 3723, 3725, 3786]
[3663, 3724, 3726, 3787]
[3664, 3725, 3727, 3788]
[3665, 3726, 3728, 3789]
[3666, 3727, 3729, 3790]
[3667, 3728, 3730, 3791]
[3668, 3729, 3731, 3792]
[3669, 3730, 3732, 3793]
[3670, 3731, 3733, 3794]
[3671, 3732, 3734, 3795]
[3672, 3733, 3735, 3796]
[3673, 3734, 3736, 3797]
[3674, 3735, 3737, 3798]
[3675, 3736, 3738, 3799]
[3676, 3737, 3739, 3800]
[3677, 3738, 3740, 3801]
[3678, 3739, 3741, 3802]
[3679, 3740, 3742, 3803]
[3680, 3741, 3743, 3804]
[3681, 3742, 3744, 3805]
[3682, 3743, 3745, 3806]
[3683, 3744, 3746, 3807]
[3684, 3745, 3747, 3808]
[3685, 3746, 3748, 3809]
[3686, 3747, 3749, 3810]
[3687, 3748, 3750, 3811]
[3688, 3749, 3751, 3812]
[3689, 3750, 3752, 3813]
[3690, 3751, 3753, 3814]
[3691, 3752, 3754, 3815]
[3692, 3753, 3755, 3816]
[3693, 3754, 3756, 3817]
[3694, 3755, 3757, 3818]
[3695, 3756, 3758, 3819]
[3696, 3757, 3759, 3820]
[3697, 3758, 3760, 3821]
[3698, 3759, 3761, 3822]
[3699, 3760, 3762, 3823]
[3700, 3761, 3763, 3824]
[3701, 3762, 3764, 3825]
[3702, 3763, 3765, 3826]
[3703, 3764, 3766, 3827]
[3704, 3765, 3767, 3828]
[3705, 3766, 3768, 3829]
[3706, 3767, 3769, 3830]
[3707, 3768, 3770, 3831]
[3708, 3769, 3771, 3832]
[3709, 3770, 3772, 3833]
[3710, 3771, 3773, 3834]
[3711, 3772, 3774, 3835]
[3712, 3773, 3775, 3836]
[3713, 3774, 3776, 3837]
[3714, 3775, 3777, 3838]
[3715, 3776, 3778, 3839]
[3716, 3777, 3779, 3840]
[3717, 3778, 3780, 3841]
[3718, 3779, 3781, 3842]
[3719, 3720, 3780, 3843]
[0, 3720, 3783, 3843]
[1, 3721, 3782, 3784]
[2, 3722, 3783, 3785]
[3, 3723, 3784, 3786]
[4, 3724, 3785, 3787]
[5, 3725, 3786, 3788]
[6, 3726, 3787, 3789]
[7, 3727, 3788, 3790]
[8, 3728, 3789, 3791]
[9, 3729, 3790, 3792]
[10, 3730, 3791, 3793]
[11, 3731, 3792, 3794]
[12, 3732, 3793, 3795]
[13, 3733, 3794, 3796]
[14, 3734, 3795, 3797]
[15, 3735, 3796, 3798]
[16, 3736, 3797, 3799]
[17, 3737, 3798, 3800]
[18, 3738, 3799, 3801]
[19, 3739, 3800, 3802]
[20, 3740, 3801, 3803]
[21, 3741, 3802, 3804]
[22, 3742, 3803, 3805]
[23, 3743, 3804, 3806]
[24, 3744, 3805, 3807]
[25, 3745, 3806, 3808]
[26, 3746, 3807, 3809]
[27, 3747, 3808, 3810]
[28, 3748, 3809, 3811]
[29, 3749, 3810, 3812]
[30, 3750, 3811, 3813]
[31, 3751, 3812, 3814]
[32, 3752, 3813, 3815]
[33, 3753, 3814, 3816]
[34, 3754, 3815, 3817]
[35, 3755, 3816, 3818]
[36, 3756, 3817, 3819]
[37, 3757, 3818, 3820]
[38, 3758, 3819, 3821]
[39, 3759, 3820, 3822]
[40, 3760, 3821, 3823]
[41, 3761, 3822, 3824]
[42, 3762, 3823, 3825]
[43, 3763, 3824, 3826]
[44, 3764, 3825, 3827]
[45, 3765, 3826, 3828]
[46, 3766, 3827, 3829]
[47, 3767, 3828, 3830]
[48, 3768, 3829, 3831]
[49, 3769, 3830, 3832]
[50, 3770, 3831, 3833]
[51, 3771, 3832, 3834]
[52, 3772, 3833, 3835]
[53, 3773, 3834, 3836]
[54, 3774, 3835, 3837]
[55, 3775, 3836, 3838]
[56, 3776, 3837, 3839]
[57, 3777, 3838, 3840]
[58, 3778, 3839, 3841]
[59, 3779, 3840, 3842]
[60, 3780, 3841, 3843]
[61, 3781, 3782, 3842]
