[1, 19, 181]
[0, 2, 20]
[1, 3, 183]
[2, 4, 22]
[3, 5, 185]
[4, 6, 24]
[5, 7, 187]
[6, 8, 26]
[7, 9, 189]
[8, 10, 28]
[9, 11, 191]
[10, 12, 30]
[11, 13, 193]
[12, 14, 32]
[13, 15, 195]
[14, 16, 34]
[15, 17, 197]
[16, 18, 36]
[17, 19, 199]
[0, 18, 38]
[1, 21, 39]
[20, 22, 40]
[3, 21, 23]
[22, 24, 42]
[5, 23, 25]
[24, 26, 44]
[7, 25, 27]
[26, 28, 46]
[9, 27, 29]
[28, 30, 48]
[11, 29, 31]
[30, 32, 50]
[13, 31, 33]
[32, 34, 52]
[15, 33, 35]
[34, 36, 54]
[17, 35, 37]
[36, 38, 56]
[19, 37, 39]
[20, 38, 58]
[21, 41, 59]
[40, 42, 60]
[23, 41, 43]
[42, 44, 62]
[25, 43, 45]
[44, 46, 64]
[27, 45, 47]
[46, 48, 66]
[29, 47, 49]
[48, 50, 68]
[31, 49, 51]
[50, 52, 70]
[33, 51, 53]
[52, 54, 72]
[35, 53, 55]
[54, 56, 74]
[37, 55, 57]
[56, 58, 76]
[39, 57, 59]
[40, 58, 78]
[41, 61, 79]
[60, 62, 80]
[43, 61, 63]
[62, 64, 82]
[45, 63, 65]
[64, 66, 84]
[47, 65, 67]
[66, 68, 86]
[49, 67, 69]
[68, 70, 88]
[51, 69, 71]
[70, 72, 90]
[53, 71, 73]
[72, 74, 92]
[55, 73, 75]
[74, 76, 94]
[57, 75, 77]
[76, 78, 96]
[59, 77, 79]
[60, 78, 98]
[61, 81, 99]
[80, 82, 100]
[63, 81, 83]
[82, 84, 102]
[65, 83, 85]
[84, 86, 104]
[67, 85, 87]
[86, 88, 106]
[69, 87, 89]
[88, 90, 108]
[71, 89, 91]
[90, 92, 110]
[73, 91, 93]
[92, 94, 112]
[75, 93, 95]
[94, 96, 114]
[77, 95, 97]
[96, 98, 116]
[79, 97, 99]
[80, 98, 118]
[81, 101, 119]
[100, 102, 120]
[83, 101, 103]
[102, 104, 122]
[85, 103, 105]
[104, 106, 124]
[87, 105, 107]
[106, 108, 126]
[89, 107, 109]
[108, 110, 128]
[91, 109, 111]
[110, 112, 130]
[93, 111, 113]
[112, 114, 132]
[95, 113, 115]
[114, 116, 134]
[97, 115, 117]
[116, 118, 136]
[99, 117, 119]
[100, 118, 138]
[101, 121, 139]
[120, 122, 140]
[103, 121, 123]
[122, 124, 142]
[105, 123, 125]
[124, 126, 144]
[107, 125, 127]
[126, 128, 146]
[109, 127, 129]
[128, 130, 148]
[111, 129, 131]
[130, 132, 150]
[113, 131, 133]
[132, 134, 152]
[115, 133, 135]
[134, 136, 154]
[117, 135, 137]
[136, 138, 156]
[119, 137, 139]
[120, 138, 158]
[121, 141, 159]
[140, 142, 160]
[123, 141, 143]
[142, 144, 162]
[125, 143, 145]
[144, 146, 164]
[127, 145, 147]
[146, 148, 166]
[129, 147, 149]
[148, 150, 168]
[131, 149, 151]
[150, 152, 170]
[133, 151, 153]
[152, 154, 172]
[135, 153, 155]
[154, 156, 174]
[137, 155, 157]
[156, 158, 176]
[139, 157, 159]
[140, 158, 178]
[141, 161, 179]
[160, 162, 180]
[143, 161, 163]
[162, 164, 182]
[145, 163, 165]
[164, 166, 184]
[147, 165, 167]
[166, 168, 186]
[149, 167, 169]
[168, 170, 188]
[151, 169, 171]
[170, 172, 190]
[153, 171, 173]
[172, 174, 192]
[155, 173, 175]
[174, 176, 194]
[157, 175, 177]
[176, 178, 196]
[159, 177, 179]
[160, 178, 198]
[161, 181, 199]
[0, 180, 182]
[163, 181, 183]
[2, 182, 184]
[165, 183, 185]
[4, 184, 186]
[167, 185, 187]
[6, 186, 188]
[169, 187, 189]
[8, 188, 190]
[171, 189, 191]
[10, 190, 192]
[173, 191, 193]
[12, 192, 194]
[175, 193, 195]
[14, 194, 196]
[177, 195, 197]
[16, 196, 198]
[179, 197, 199]
[18, 180, 198]
