[1, 23, 24, 552]
[0, 2, 25, 553]
[1, 3, 26, 554]
[2, 4, 27, 555]
[3, 5, 28, 556]
[4, 6, 29, 557]
[5, 7, 30, 558]
[6, 8, 31, 559]
[7, 9, 32, 560]
[8, 10, 33, 561]
[9, 11, 34, 562]
[10, 12, 35, 563]
[11, 13, 36, 564]
[12, 14, 37, 565]
[13, 15, 38, 566]
[14, 16, 39, 567]
[15, 17, 40, 568]
[16, 18, 41, 569]
[17, 19, 42, 570]
[18, 20, 43, 571]
[19, 21, 44, 572]
[20, 22, 45, 573]
[21, 23, 46, 574]
[0, 22, 47, 575]
[0, 25, 47, 48]
[1, 24, 26, 49]
[2, 25, 27, 50]
[3, 26, 28, 51]
[4, 27, 29, 52]
[5, 28, 30, 53]
[6, 29, 31, 54]
[7, 30, 32, 55]
[8, 31, 33, 56]
[9, 32, 34, 57]
[10, 33, 35, 58]
[11, 34, 36, 59]
[12, 35, 37, 60]
[13, 36, 38, 61]
[14, 37, 39, 62]
[15, 38, 40, 63]
[16, 39, 41, 64]
[17, 40, 42, 65]
[18, 41, 43, 66]
[19, 42, 44, 67]
[20, 43, 45, 68]
[21, 44, 46, 69]
[22, 45, 47, 70]
[23, 24, 46, 71]
[24, 49, 71, 72]
[25, 48, 50, 73]
[26, 49, 51, 74]
[27, 50, 52, 75]
[28, 51, 53, 76]
[29, 52, 54, 77]
[30, 53, 55, 78]
[31, 54, 56, 79]
[32, 55, 57, 80]
[33, 56, 58, 81]
[34, 57, 59, 82]
[35, 58, 60, 83]
[36, 59, 61, 84]
[37, 60, 62, 85]
[38, 61, 63, 86]
[39, 62, 64, 87]
[40, 63, 65, 88]
[41, 64, 66, 89]
[42, 65, 67, 90]
[43, 66, 68, 91]
[44, 67, 69, 92]
[45, 68, 70, 93]
[46, 69, 71, 94]
[47, 48, 70, 95]
[48, 73, 95, 96]
[49, 72, 74, 97]
[50, 73, 75, 98]
[51, 74, 76, 99]
[52, 75, 77, 100]
[53, 76, 78, 101]
[54, 77, 79, 102]
[55, 78, 80, 103]
[56, 79, 81, 104]
[57, 80, 82, 105]
[58, 81, 83, 106]
[59, 82, 84, 107]
[60, 83, 85, 108]
[61, 84, 86, 109]
[62, 85, 87, 110]
[63, 86, 88, 111]
[64, 87, 89, 112]
[65, 88, 90, 113]
[66, 89, 91, 114]
[67, 90, 92, 115]
[68, 91, 93, 116]
[69, 92, 94, 117]
[70, 93, 95, 118]
[71, 72, 94, 119]
[72, 97, 119, 120]
[73, 96, 98, 121]
[74, 97, 99, 122]
[75, 98, 100, 123]
[76, 99, 101, 124]
[77, 100, 102, 125]
[78, 101, 103, 126]
[79, 102, 104, 127]
[80, 103, 105, 128]
[81, 104, 106, 129]
[82, 105, 107, 130]
[83, 106, 108, 131]
[84, 107, 109, 132]
[85, 108, 110, 133]
[86, 109, 111, 134]
[87, 110, 112, 135]
[88, 111, 113, 136]
[89, 112, 114, 137]
[90, 113, 115, 138]
[91, 114, 116, 139]
[92, 115, 117, 140]
[93, 116, 118, 141]
[94, 117, 119, 142]
[95, 96, 118, 143]
[96, 121, 143, 144]
[97, 120, 122, 145]
[98, 121, 123, 146]
[99, 122, 124, 147]
[100, 123, 125, 148]
[101, 124, 126, 149]
[102, 125, 127, 150]
[103, 126, 128, 151]
[104, 127, 129, 152]
[105, 128, 130, 153]
[106, 129, 131, 154]
[107, 130, 132, 155]
[108, 131, 133, 156]
[109, 132, 134, 157]
[110, 133, 135, 158]
[111, 134, 136, 159]
[112, 135, 137, 160]
[113, 136, 138, 161]
[114, 137, 139, 162]
[115, 138, 140, 163]
[116, 139, 141, 164]
[117, 140, 142, 165]
[118, 141, 143, 166]
[119, 120, 142, 167]
[120, 145, 167, 168]
[121, 144, 146, 169]
[122, 145, 147, 170]
[123, 146, 148, 171]
[124, 147, 149, 172]
[125, 148, 150, 173]
[126, 149, 151, 174]
[127, 150, 152, 175]
[128, 151, 153, 176]
[129, 152, 154, 177]
[130, 153, 155, 178]
[131, 154, 156, 179]
[132, 155, 157, 180]
[133, 156, 158, 181]
[134, 157, 159, 182]
[135, 158, 160, 183]
[136, 159, 161, 184]
[137, 160, 162, 185]
[138, 161, 163, 186]
[139, 162, 164, 187]
[140, 163, 165, 188]
[141, 164, 166, 189]
[142, 165, 167, 190]
[143, 144, 166, 191]
[144, 169, 191, 192]
[145, 168, 170, 193]
[146, 169, 171, 194]
[147, 170, 172, 195]
[148, 171, 173, 196]
[149, 172, 174, 197]
[150, 173, 175, 198]
[151, 174, 176, 199]
[152, 175, 177, 200]
[153, 176, 178, 201]
[154, 177, 179, 202]
[155, 178, 180, 203]
[156, 179, 181, 204]
[157, 180, 182, 205]
[158, 181, 183, 206]
[159, 182, 184, 207]
[160, 183, 185, 208]
[161, 184, 186, 209]
[162, 185, 187, 210]
[163, 186, 188, 211]
[164, 187, 189, 212]
[165, 188, 190, 213]
[166, 189, 191, 214]
[167, 168, 190, 215]
[168, 193, 215, 216]
[169, 192, 194, 217]
[170, 193, 195, 218]
[171, 194, 196, 219]
[172, 195, 197, 220]
[173, 196, 198, 221]
[174, 197, 199, 222]
[175, 198, 200, 223]
[176, 199, 201, 224]
[177, 200, 202, 225]
[178, 201, 203, 226]
[179, 202, 204, 227]
[180, 203, 205, 228]
[181, 204, 206, 229]
[182, 205, 207, 230]
[183, 206, 208, 231]
[184, 207, 209, 232]
[185, 208, 210, 233]
[186, 209, 211, 234]
[187, 210, 212, 235]
[188, 211, 213, 236]
[189, 212, 214, 237]
[190, 213, 215, 238]
[191, 192, 214, 239]
[192, 217, 239, 240]
[193, 216, 218, 241]
[194, 217, 219, 242]
[195, 218, 220, 243]
[196, 219, 221, 244]
[197, 220, 222, 245]
[198, 221, 223, 246]
[199, 222, 224, 247]
[200, 223, 225, 248]
[201, 224, 226, 249]
[202, 225, 227, 250]
[203, 226, 228, 251]
[204, 227, 229, 252]
[205, 228, 230, 253]
[206, 229, 231, 254]
[207, 230, 232, 255]
[208, 231, 233, 256]
[209, 232, 234, 257]
[210, 233, 235, 258]
[211, 234, 236, 259]
[212, 235, 237, 260]
[213, 236, 238, 261]
[214, 237, 239, 262]
[215, 216, 238, 263]
[216, 241, 263, 264]
[217, 240, 242, 265]
[218, 241, 243, 266]
[219, 242, 244, 267]
[220, 243, 245, 268]
[221, 244, 246, 269]
[222, 245, 247, 270]
[223, 246, 248, 271]
[224, 247, 249, 272]
[225, 248, 250, 273]
[226, 249, 251, 274]
[227, 250, 252, 275]
[228, 251, 253, 276]
[229, 252, 254, 277]
[230, 253, 255, 278]
[231, 254, 256, 279]
[232, 255, 257, 280]
[233, 256, 258, 281]
[234, 257, 259, 282]
[235, 258, 260, 283]
[236, 259, 261, 284]
[237, 260, 262, 285]
[238, 261, 263, 286]
[239, 240, 262, 287]
[240, 265, 287, 288]
[241, 264, 266, 289]
[242, 265, 267, 290]
[243, 266, 268, 291]
[244, 267, 269, 292]
[245, 268, 270, 293]
[246, 269, 271, 294]
[247, 270, 272, 295]
[248, 271, 273, 296]
[249, 272, 274, 297]
[250, 273, 275, 298]
[251, 274, 276, 299]
[252, 275, 277, 300]
[253, 276, 278, 301]
[254, 277, 279, 302]
[255, 278, 280, 303]
[256, 279, 281, 304]
[257, 280, 282, 305]
[258, 281, 283, 306]
[259, 282, 284, 307]
[260, 283, 285, 308]
[261, 284, 286, 309]
[262, 285, 287, 310]
[263, 264, 286, 311]
[264, 289, 311, 312]
[265, 288, 290, 313]
[266, 289, 291, 314]
[267, 290, 292, 315]
[268, 291, 293, 316]
[269, 292, 294, 317]
[270, 293, 295, 318]
[271, 294, 296, 319]
[272, 295, 297, 320]
[273, 296, 298, 321]
[274, 297, 299, 322]
[275, 298, 300, 323]
[276, 299, 301, 324]
[277, 300, 302, 325]
[278, 301, 303, 326]
[279, 302, 304, 327]
[280, 303, 305, 328]
[281, 304, 306, 329]
[282, 305, 307, 330]
[283, 306, 308, 331]
[284, 307, 309, 332]
[285, 308, 310, 333]
[286, 309, 311, 334]
[287, 288, 310, 335]
[288, 313, 335, 336]
[289, 312, 314, 337]
[290, 313, 315, 338]
[291, 314, 316, 339]
[292, 315, 317, 340]
[293, 316, 318, 341]
[294, 317, 319, 342]
[295, 318, 320, 343]
[296, 319, 321, 344]
[297, 320, 322, 345]
[298, 321, 323, 346]
[299, 322, 324, 347]
[300, 323, 325, 348]
[301, 324, 326, 349]
[302, 325, 327, 350]
[303, 326, 328, 351]
[304, 327, 329, 352]
[305, 328, 330, 353]
[306, 329, 331, 354]
[307, 330, 332, 355]
[308, 331, 333, 356]
[309, 332, 334, 357]
[310, 333, 335, 358]
[311, 312, 334, 359]
[312, 337, 359, 360]
[313, 336, 338, 361]
[314, 337, 339, 362]
[315, 338, 340, 363]
[316, 339, 341, 364]
[317, 340, 342, 365]
[318, 341, 343, 366]
[319, 342, 344, 367]
[320, 343, 345, 368]
[321, 344, 346, 369]
[322, 345, 347, 370]
[323, 346, 348, 371]
[324, 347, 349, 372]
[325, 348, 350, 373]
[326, 349, 351, 374]
[327, 350, 352, 375]
[328, 351, 353, 376]
[329, 352, 354, 377]
[330, 353, 355, 378]
[331, 354, 356, 379]
[332, 355, 357, 380]
[333, 356, 358, 381]
[334, 357, 359, 382]
[335, 336, 358, 383]
[336, 361, 383, 384]
[337, 360, 362, 385]
[338, 361, 363, 386]
[339, 362, 364, 387]
[340, 363, 365, 388]
[341, 364, 366, 389]
[342, 365, 367, 390]
[343, 366, 368, 391]
[344, 367, 369, 392]
[345, 368, 370, 393]
[346, 369, 371, 394]
[347, 370, 372, 395]
[348, 371, 373, 396]
[349, 372, 374, 397]
[350, 373, 375, 398]
[351, 374, 376, 399]
[352, 375, 377, 400]
[353, 376, 378, 401]
[354, 377, 379, 402]
[355, 378, 380, 403]
[356, 379, 381, 404]
[357, 380, 382, 405]
[358, 381, 383, 406]
[359, 360, 382, 407]
[360, 385, 407, 408]
[361, 384, 386, 409]
[362, 385, 387, 410]
[363, 386, 388, 411]
[364, 387, 389, 412]
[365, 388, 390, 413]
[366, 389, 391, 414]
[367, 390, 392, 415]
[368, 391, 393, 416]
[369, 392, 394, 417]
[370, 393, 395, 418]
[371, 394, 396, 419]
[372, 395, 397, 420]
[373, 396, 398, 421]
[374, 397, 399, 422]
[375, 398, 400, 423]
[376, 399, 401, 424]
[377, 400, 402, 425]
[378, 401, 403, 426]
[379, 402, 404, 427]
[380, 403, 405, 428]
[381, 404, 406, 429]
[382, 405, 407, 430]
[383, 384, 406, 431]
[384, 409, 431, 432]
[385, 408, 410, 433]
[386, 409, 411, 434]
[387, 410, 412, 435]
[388, 411, 413, 436]
[389, 412, 414, 437]
[390, 413, 415, 438]
[391, 414, 416, 439]
[392, 415, 417, 440]
[393, 416, 418, 441]
[394, 417, 419, 442]
[395, 418, 420, 443]
[396, 419, 421, 444]
[397, 420, 422, 445]
[398, 421, 423, 446]
[399, 422, 424, 447]
[400, 423, 425, 448]
[401, 424, 426, 449]
[402, 425, 427, 450]
[403, 426, 428, 451]
[404, 427, 429, 452]
[405, 428, 430, 453]
[406, 429, 431, 454]
[407, 408, 430, 455]
[408, 433, 455, 456]
[409, 432, 434, 457]
[410, 433, 435, 458]
[411, 434, 436, 459]
[412, 435, 437, 460]
[413, 436, 438, 461]
[414, 437, 439, 462]
[415, 438, 440, 463]
[416, 439, 441, 464]
[417, 440, 442, 465]
[418, 441, 443, 466]
[419, 442, 444, 467]
[420, 443, 445, 468]
[421, 444, 446, 469]
[422, 445, 447, 470]
[423, 446, 448, 471]
[424, 447, 449, 472]
[425, 448, 450, 473]
[426, 449, 451, 474]
[427, 450, 452, 475]
[428, 451, 453, 476]
[429, 452, 454, 477]
[430, 453, 455, 478]
[431, 432, 454, 479]
[432, 457, 479, 480]
[433, 456, 458, 481]
[434, 457, 459, 482]
[435, 458, 460, 483]
[436, 459, 461, 484]
[437, 460, 462, 485]
[438, 461, 463, 486]
[439, 462, 464, 487]
[440, 463, 465, 488]
[441, 464, 466, 489]
[442, 465, 467, 490]
[443, 466, 468, 491]
[444, 467, 469, 492]
[445, 468, 470, 493]
[446, 469, 471, 494]
[447, 470, 472, 495]
[448, 471, 473, 496]
[449, 472, 474, 497]
[450, 473, 475, 498]
[451, 474, 476, 499]
[452, 475, 477, 500]
[453, 476, 478, 501]
[454, 477, 479, 502]
[455, 456, 478, 503]
[456, 481, 503, 504]
[457, 480, 482, 505]
[458, 481, 483, 506]
[459, 482, 484, 507]
[460, 483, 485, 508]
[461, 484, 486, 509]
[462, 485, 487, 510]
[463, 486, 488, 511]
[464, 487, 489, 512]
[465, 488, 490, 513]
[466, 489, 491, 514]
[467, 490, 492, 515]
[468, 491, 493, 516]
[469, 492, 494, 517]
[470, 493, 495, 518]
[471, 494, 496, 519]
[472, 495, 497, 520]
[473, 496, 498, 521]
[474, 497, 499, 522]
[475, 498, 500, 523]
[476, 499, 501, 524]
[477, 500, 502, 525]
[478, 501, 503, 526]
[479, 480, 502, 527]
[480, 505, 527, 528]
[481, 504, 506, 529]
[482, 505, 507, 530]
[483, 506, 508, 531]
[484, 507, 509, 532]
[485, 508, 510, 533]
[486, 509, 511, 534]
[487, 510, 512, 535]
[488, 511, 513, 536]
[489, 512, 514, 537]
[490, 513, 515, 538]
[491, 514, 516, 539]
[492, 515, 517, 540]
[493, 516, 518, 541]
[494, 517, 519, 542]
[495, 518, 520, 543]
[496, 519, 521, 544]
[497, 520, 522, 545]
[498, 521, 523, 546]
[499, 522, 524, 547]
[500, 523, 525, 548]
[501, 524, 526, 549]
[502, 525, 527, 550]
[503, 504, 526, 551]
[504, 529, 551, 552]
[505, 528, 530, 553]
[506, 529, 531, 554]
[507, 530, 532, 555]
[508, 531, 533, 556]
[509, 532, 534, 557]
[510, 533, 535, 558]
[511, 534, 536, 559]
[512, 535, 537, 560]
[513, 536, 538, 561]
[514, 537, 539, 562]
[515, 538, 540, 563]
[516, 539, 541, 564]
[517, 540, 542, 565]
[518, 541, 543, 566]
[519, 542, 544, 567]
[520, 543, 545, 568]
[521, 544, 546, 569]
[522, 545, 547, 570]
[523, 546, 548, 571]
[524, 547, 549, 572]
[525, 548, 550, 573]
[526, 549, 551, 574]
[527, 528, 550, 575]
[0, 528, 553, 575]
[1, 529, 552, 554]
[2, 530, 553, 555]
[3, 531, 554, 556]
[4, 532, 555, 557]
[5, 533, 556, 558]
[6, 534, 557, 559]
[7, 535, 558, 560]
[8, 536, 559, 561]
[9, 537, 560, 562]
[10, 538, 561, 563]
[11, 539, 562, 564]
[12, 540, 563, 565]
[13, 541, 564, 566]
[14, 542, 565, 567]
[15, 543, 566, 568]
[16, 544, 567, 569]
[17, 545, 568, 570]
[18, 546, 569, 571]
[19, 547, 570, 572]
[20, 548, 571, 573]
[21, 549, 572, 574]
[22, 550, 573, 575]
[23, 551, 552, 574]
