[1, 17, 18, 306]
[0, 2, 19, 307]
[1, 3, 20, 308]
[2, 4, 21, 309]
[3, 5, 22, 310]
[4, 6, 23, 311]
[5, 7, 24, 312]
[6, 8, 25, 313]
[7, 9, 26, 314]
[8, 10, 27, 315]
[9, 11, 28, 316]
[10, 12, 29, 317]
[11, 13, 30, 318]
[12, 14, 31, 319]
[13, 15, 32, 320]
[14, 16, 33, 321]
[15, 17, 34, 322]
[0, 16, 35, 323]
[0, 19, 35, 36]
[1, 18, 20, 37]
[2, 19, 21, 38]
[3, 20, 22, 39]
[4, 21, 23, 40]
[5, 22, 24, 41]
[6, 23, 25, 42]
[7, 24, 26, 43]
[8, 25, 27, 44]
[9, 26, 28, 45]
[10, 27, 29, 46]
[11, 28, 30, 47]
[12, 29, 31, 48]
[13, 30, 32, 49]
[14, 31, 33, 50]
[15, 32, 34, 51]
[16, 33, 35, 52]
[17, 18, 34, 53]
[18, 37, 53, 54]
[19, 36, 38, 55]
[20, 37, 39, 56]
[21, 38, 40, 57]
[22, 39, 41, 58]
[23, 40, 42, 59]
[24, 41, 43, 60]
[25, 42, 44, 61]
[26, 43, 45, 62]
[27, 44, 46, 63]
[28, 45, 47, 64]
[29, 46, 48, 65]
[30, 47, 49, 66]
[31, 48, 50, 67]
[32, 49, 51, 68]
[33, 50, 52, 69]
[34, 51, 53, 70]
[35, 36, 52, 71]
[36, 55, 71, 72]
[37, 54, 56, 73]
[38, 55, 57, 74]
[39, 56, 58, 75]
[40, 57, 59, 76]
[41, 58, 60, 77]
[42, 59, 61, 78]
[43, 60, 62, 79]
[44, 61, 63, 80]
[45, 62, 64, 81]
[46, 63, 65, 82]
[47, 64, 66, 83]
[48, 65, 67, 84]
[49, 66, 68, 85]
[50, 67, 69, 86]
[51, 68, 70, 87]
[52, 69, 71, 88]
[53, 54, 70, 89]
[54, 73, 89, 90]
[55, 72, 74, 91]
[56, 73, 75, 92]
[57, 74, 76, 93]
[58, 75, 77, 94]
[59, 76, 78, 95]
[60, 77, 79, 96]
[61, 78, 80, 97]
[62, 79, 81, 98]
[63, 80, 82, 99]
[64, 81, 83, 100]
[65, 82, 84, 101]
[66, 83, 85, 102]
[67, 84, 86, 103]
[68, 85, 87, 104]
[69, 86, 88, 105]
[70, 87, 89, 106]
[71, 72, 88, 107]
[72, 91, 107, 108]
[73, 90, 92, 109]
[74, 91, 93, 110]
[75, 92, 94, 111]
[76, 93, 95, 112]
[77, 94, 96, 113]
[78, 95, 97, 114]
[79, 96, 98, 115]
[80, 97, 99, 116]
[81, 98, 100, 117]
[82, 99, 101, 118]
[83, 100, 102, 119]
[84, 101, 103, 120]
[85, 102, 104, 121]
[86, 103, 105, 122]
[87, 104, 106, 123]
[88, 105, 107, 124]
[89, 90, 106, 125]
[90, 109, 125, 126]
[91, 108, 110, 127]
[92, 109, 111, 128]
[93, 110, 112, 129]
[94, 111, 113, 130]
[95, 112, 114, 131]
[96, 113, 115, 132]
[97, 114, 116, 133]
[98, 115, 117, 134]
[99, 116, 118, 135]
[100, 117, 119, 136]
[101, 118, 120, 137]
[102, 119, 121, 138]
[103, 120, 122, 139]
[104, 121, 123, 140]
[105, 122, 124, 141]
[106, 123, 125, 142]
[107, 108, 124, 143]
[108, 127, 143, 144]
[109, 126, 128, 145]
[110, 127, 129, 146]
[111, 128, 130, 147]
[112, 129, 131, 148]
[113, 130, 132, 149]
[114, 131, 133, 150]
[115, 132, 134, 151]
[116, 133, 135, 152]
[117, 134, 136, 153]
[118, 135, 137, 154]
[119, 136, 138, 155]
[120, 137, 139, 156]
[121, 138, 140, 157]
[122, 139, 141, 158]
[123, 140, 142, 159]
[124, 141, 143, 160]
[125, 126, 142, 161]
[126, 145, 161, 162]
[127, 144, 146, 163]
[128, 145, 147, 164]
[129, 146, 148, 165]
[130, 147, 149, 166]
[131, 148, 150, 167]
[132, 149, 151, 168]
[133, 150, 152, 169]
[134, 151, 153, 170]
[135, 152, 154, 171]
[136, 153, 155, 172]
[137, 154, 156, 173]
[138, 155, 157, 174]
[139, 156, 158, 175]
[140, 157, 159, 176]
[141, 158, 160, 177]
[142, 159, 161, 178]
[143, 144, 160, 179]
[144, 163, 179, 180]
[145, 162, 164, 181]
[146, 163, 165, 182]
[147, 164, 166, 183]
[148, 165, 167, 184]
[149, 166, 168, 185]
[150, 167, 169, 186]
[151, 168, 170, 187]
[152, 169, 171, 188]
[153, 170, 172, 189]
[154, 171, 173, 190]
[155, 172, 174, 191]
[156, 173, 175, 192]
[157, 174, 176, 193]
[158, 175, 177, 194]
[159, 176, 178, 195]
[160, 177, 179, 196]
[161, 162, 178, 197]
[162, 181, 197, 198]
[163, 180, 182, 199]
[164, 181, 183, 200]
[165, 182, 184, 201]
[166, 183, 185, 202]
[167, 184, 186, 203]
[168, 185, 187, 204]
[169, 186, 188, 205]
[170, 187, 189, 206]
[171, 188, 190, 207]
[172, 189, 191, 208]
[173, 190, 192, 209]
[174, 191, 193, 210]
[175, 192, 194, 211]
[176, 193, 195, 212]
[177, 194, 196, 213]
[178, 195, 197, 214]
[179, 180, 196, 215]
[180, 199, 215, 216]
[181, 198, 200, 217]
[182, 199, 201, 218]
[183, 200, 202, 219]
[184, 201, 203, 220]
[185, 202, 204, 221]
[186, 203, 205, 222]
[187, 204, 206, 223]
[188, 205, 207, 224]
[189, 206, 208, 225]
[190, 207, 209, 226]
[191, 208, 210, 227]
[192, 209, 211, 228]
[193, 210, 212, 229]
[194, 211, 213, 230]
[195, 212, 214, 231]
[196, 213, 215, 232]
[197, 198, 214, 233]
[198, 217, 233, 234]
[199, 216, 218, 235]
[200, 217, 219, 236]
[201, 218, 220, 237]
[202, 219, 221, 238]
[203, 220, 222, 239]
[204, 221, 223, 240]
[205, 222, 224, 241]
[206, 223, 225, 242]
[207, 224, 226, 243]
[208, 225, 227, 244]
[209, 226, 228, 245]
[210, 227, 229, 246]
[211, 228, 230, 247]
[212, 229, 231, 248]
[213, 230, 232, 249]
[214, 231, 233, 250]
[215, 216, 232, 251]
[216, 235, 251, 252]
[217, 234, 236, 253]
[218, 235, 237, 254]
[219, 236, 238, 255]
[220, 237, 239, 256]
[221, 238, 240, 257]
[222, 239, 241, 258]
[223, 240, 242, 259]
[224, 241, 243, 260]
[225, 242, 244, 261]
[226, 243, 245, 262]
[227, 244, 246, 263]
[228, 245, 247, 264]
[229, 246, 248, 265]
[230, 247, 249, 266]
[231, 248, 250, 267]
[232, 249, 251, 268]
[233, 234, 250, 269]
[234, 253, 269, 270]
[235, 252, 254, 271]
[236, 253, 255, 272]
[237, 254, 256, 273]
[238, 255, 257, 274]
[239, 256, 258, 275]
[240, 257, 259, 276]
[241, 258, 260, 277]
[242, 259, 261, 278]
[243, 260, 262, 279]
[244, 261, 263, 280]
[245, 262, 264, 281]
[246, 263, 265, 282]
[247, 264, 266, 283]
[248, 265, 267, 284]
[249, 266, 268, 285]
[250, 267, 269, 286]
[251, 252, 268, 287]
[252, 271, 287, 288]
[253, 270, 272, 289]
[254, 271, 273, 290]
[255, 272, 274, 291]
[256, 273, 275, 292]
[257, 274, 276, 293]
[258, 275, 277, 294]
[259, 276, 278, 295]
[260, 277, 279, 296]
[261, 278, 280, 297]
[262, 279, 281, 298]
[263, 280, 282, 299]
[264, 281, 283, 300]
[265, 282, 284, 301]
[266, 283, 285, 302]
[267, 284, 286, 303]
[268, 285, 287, 304]
[269, 270, 286, 305]
[270, 289, 305, 306]
[271, 288, 290, 307]
[272, 289, 291, 308]
[273, 290, 292, 309]
[274, 291, 293, 310]
[275, 292, 294, 311]
[276, 293, 295, 312]
[277, 294, 296, 313]
[278, 295, 297, 314]
[279, 296, 298, 315]
[280, 297, 299, 316]
[281, 298, 300, 317]
[282, 299, 301, 318]
[283, 300, 302, 319]
[284, 301, 303, 320]
[285, 302, 304, 321]
[286, 303, 305, 322]
[287, 288, 304, 323]
[0, 288, 307, 323]
[1, 289, 306, 308]
[2, 290, 307, 309]
[3, 291, 308, 310]
[4, 292, 309, 311]
[5, 293, 310, 312]
[6, 294, 311, 313]
[7, 295, 312, 314]
[8, 296, 313, 315]
[9, 297, 314, 316]
[10, 298, 315, 317]
[11, 299, 316, 318]
[12, 300, 317, 319]
[13, 301, 318, 320]
[14, 302, 319, 321]
[15, 303, 320, 322]
[16, 304, 321, 323]
[17, 305, 306, 322]
