[1, 5, 6, 30]
[0, 2, 7, 31]
[1, 3, 8, 32]
[2, 4, 9, 33]
[3, 5, 10, 34]
[0, 4, 11, 35]
[0, 7, 11, 12]
[1, 6, 8, 13]
[2, 7, 9, 14]
[3, 8, 10, 15]
[4, 9, 11, 16]
[5, 6, 10, 17]
[6, 13, 17, 18]
[7, 12, 14, 19]
[8, 13, 15, 20]
[9, 14, 16, 21]
[10, 15, 17, 22]
[11, 12, 16, 23]
[12, 19, 23, 24]
[13, 18, 20, 25]
[14, 19, 21, 26]
[15, 20, 22, 27]
[16, 21, 23, 28]
[17, 18, 22, 29]
[18, 25, 29, 30]
[19, 24, 26, 31]
[20, 25, 27, 32]
[21, 26, 28, 33]
[22, 27, 29, 34]
[23, 24, 28, 35]
[0, 24, 31, 35]
[1, 25, 30, 32]
[2, 26, 31, 33]
[3, 27, 32, 34]
[4, 28, 33, 35]
[5, 29, 30, 34]
