[1, 47, 48, 2256]
[0, 2, 49, 2257]
[1, 3, 50, 2258]
[2, 4, 51, 2259]
[3, 5, 52, 2260]
[4, 6, 53, 2261]
[5, 7, 54, 2262]
[6, 8, 55, 2263]
[7, 9, 56, 2264]
[8, 10, 57, 2265]
[9, 11, 58, 2266]
[10, 12, 59, 2267]
[11, 13, 60, 2268]
[12, 14, 61, 2269]
[13, 15, 62, 2270]
[14, 16, 63, 2271]
[15, 17, 64, 2272]
[16, 18, 65, 2273]
[17, 19, 66, 2274]
[18, 20, 67, 2275]
[19, 21, 68, 2276]
[20, 22, 69, 2277]
[21, 23, 70, 2278]
[22, 24, 71, 2279]
[23, 25, 72, 2280]
[24, 26, 73, 2281]
[25, 27, 74, 2282]
[26, 28, 75, 2283]
[27, 29, 76, 2284]
[28, 30, 77, 2285]
[29, 31, 78, 2286]
[30, 32, 79, 2287]
[31, 33, 80, 2288]
[32, 34, 81, 2289]
[33, 35, 82, 2290]
[34, 36, 83, 2291]
[35, 37, 84, 2292]
[36, 38, 85, 2293]
[37, 39, 86, 2294]
[38, 40, 87, 2295]
[39, 41, 88, 2296]
[40, 42, 89, 2297]
[41, 43, 90, 2298]
[42, 44, 91, 2299]
[43, 45, 92, 2300]
[44, 46, 93, 2301]
[45, 47, 94, 2302]
[0, 46, 95, 2303]
[0, 49, 95, 96]
[1, 48, 50, 97]
[2, 49, 51, 98]
[3, 50, 52, 99]
[4, 51, 53, 100]
[5, 52, 54, 101]
[6, 53, 55, 102]
[7, 54, 56, 103]
[8, 55, 57, 104]
[9, 56, 58, 105]
[10, 57, 59, 106]
[11, 58, 60, 107]
[12, 59, 61, 108]
[13, 60, 62, 109]
[14, 61, 63, 110]
[15, 62, 64, 111]
[16, 63, 65, 112]
[17, 64, 66, 113]
[18, 65, 67, 114]
[19, 66, 68, 115]
[20, 67, 69, 116]
[21, 68, 70, 117]
[22, 69, 71, 118]
[23, 70, 72, 119]
[24, 71, 73, 120]
[25, 72, 74, 121]
[26, 73, 75, 122]
[27, 74, 76, 123]
[28, 75, 77, 124]
[29, 76, 78, 125]
[30, 77, 79, 126]
[31, 78, 80, 127]
[32, 79, 81, 128]
[33, 80, 82, 129]
[34, 81, 83, 130]
[35, 82, 84, 131]
[36, 83, 85, 132]
[37, 84, 86, 133]
[38, 85, 87, 134]
[39, 86, 88, 135]
[40, 87, 89, 136]
[41, 88, 90, 137]
[42, 89, 91, 138]
[43, 90, 92, 139]
[44, 91, 93, 140]
[45, 92, 94, 141]
[46, 93, 95, 142]
[47, 48, 94, 143]
[48, 97, 143, 144]
[49, 96, 98, 145]
[50, 97, 99, 146]
[51, 98, 100, 147]
[52, 99, 101, 148]
[53, 100, 102, 149]
[54, 101, 103, 150]
[55, 102, 104, 151]
[56, 103, 105, 152]
[57, 104, 106, 153]
[58, 105, 107, 154]
[59, 106, 108, 155]
[60, 107, 109, 156]
[61, 108, 110, 157]
[62, 109, 111, 158]
[63, 110, 112, 159]
[64, 111, 113, 160]
[65, 112, 114, 161]
[66, 113, 115, 162]
[67, 114, 116, 163]
[68, 115, 117, 164]
[69, 116, 118, 165]
[70, 117, 119, 166]
[71, 118, 120, 167]
[72, 119, 121, 168]
[73, 120, 122, 169]
[74, 121, 123, 170]
[75, 122, 124, 171]
[76, 123, 125, 172]
[77, 124, 126, 173]
[78, 125, 127, 174]
[79, 126, 128, 175]
[80, 127, 129, 176]
[81, 128, 130, 177]
[82, 129, 131, 178]
[83, 130, 132, 179]
[84, 131, 133, 180]
[85, 132, 134, 181]
[86, 133, 135, 182]
[87, 134, 136, 183]
[88, 135, 137, 184]
[89, 136, 138, 185]
[90, 137, 139, 186]
[91, 138, 140, 187]
[92, 139, 141, 188]
[93, 140, 142, 189]
[94, 141, 143, 190]
[95, 96, 142, 191]
[96, 145, 191, 192]
[97, 144, 146, 193]
[98, 145, 147, 194]
[99, 146, 148, 195]
[100, 147, 149, 196]
[101, 148, 150, 197]
[102, 149, 151, 198]
[103, 150, 152, 199]
[104, 151, 153, 200]
[105, 152, 154, 201]
[106, 153, 155, 202]
[107, 154, 156, 203]
[108, 155, 157, 204]
[109, 156, 158, 205]
[110, 157, 159, 206]
[111, 158, 160, 207]
[112, 159, 161, 208]
[113, 160, 162, 209]
[114, 161, 163, 210]
[115, 162, 164, 211]
[116, 163, 165, 212]
[117, 164, 166, 213]
[118, 165, 167, 214]
[119, 166, 168, 215]
[120, 167, 169, 216]
[121, 168, 170, 217]
[122, 169, 171, 218]
[123, 170, 172, 219]
[124, 171, 173, 220]
[125, 172, 174, 221]
[126, 173, 175, 222]
[127, 174, 176, 223]
[128, 175, 177, 224]
[129, 176, 178, 225]
[130, 177, 179, 226]
[131, 178, 180, 227]
[132, 179, 181, 228]
[133, 180, 182, 229]
[134, 181, 183, 230]
[135, 182, 184, 231]
[136, 183, 185, 232]
[137, 184, 186, 233]
[138, 185, 187, 234]
[139, 186, 188, 235]
[140, 187, 189, 236]
[141, 188, 190, 237]
[142, 189, 191, 238]
[143, 144, 190, 239]
[144, 193, 239, 240]
[145, 192, 194, 241]
[146, 193, 195, 242]
[147, 194, 196, 243]
[148, 195, 197, 244]
[149, 196, 198, 245]
[150, 197, 199, 246]
[151, 198, 200, 247]
[152, 199, 201, 248]
[153, 200, 202, 249]
[154, 201, 203, 250]
[155, 202, 204, 251]
[156, 203, 205, 252]
[157, 204, 206, 253]
[158, 205, 207, 254]
[159, 206, 208, 255]
[160, 207, 209, 256]
[161, 208, 210, 257]
[162, 209, 211, 258]
[163, 210, 212, 259]
[164, 211, 213, 260]
[165, 212, 214, 261]
[166, 213, 215, 262]
[167, 214, 216, 263]
[168, 215, 217, 264]
[169, 216, 218, 265]
[170, 217, 219, 266]
[171, 218, 220, 267]
[172, 219, 221, 268]
[173, 220, 222, 269]
[174, 221, 223, 270]
[175, 222, 224, 271]
[176, 223, 225, 272]
[177, 224, 226, 273]
[178, 225, 227, 274]
[179, 226, 228, 275]
[180, 227, 229, 276]
[181, 228, 230, 277]
[182, 229, 231, 278]
[183, 230, 232, 279]
[184, 231, 233, 280]
[185, 232, 234, 281]
[186, 233, 235, 282]
[187, 234, 236, 283]
[188, 235, 237, 284]
[189, 236, 238, 285]
[190, 237, 239, 286]
[191, 192, 238, 287]
[192, 241, 287, 288]
[193, 240, 242, 289]
[194, 241, 243, 290]
[195, 242, 244, 291]
[196, 243, 245, 292]
[197, 244, 246, 293]
[198, 245, 247, 294]
[199, 246, 248, 295]
[200, 247, 249, 296]
[201, 248, 250, 297]
[202, 249, 251, 298]
[203, 250, 252, 299]
[204, 251, 253, 300]
[205, 252, 254, 301]
[206, 253, 255, 302]
[207, 254, 256, 303]
[208, 255, 257, 304]
[209, 256, 258, 305]
[210, 257, 259, 306]
[211, 258, 260, 307]
[212, 259, 261, 308]
[213, 260, 262, 309]
[214, 261, 263, 310]
[215, 262, 264, 311]
[216, 263, 265, 312]
[217, 264, 266, 313]
[218, 265, 267, 314]
[219, 266, 268, 315]
[220, 267, 269, 316]
[221, 268, 270, 317]
[222, 269, 271, 318]
[223, 270, 272, 319]
[224, 271, 273, 320]
[225, 272, 274, 321]
[226, 273, 275, 322]
[227, 274, 276, 323]
[228, 275, 277, 324]
[229, 276, 278, 325]
[230, 277, 279, 326]
[231, 278, 280, 327]
[232, 279, 281, 328]
[233, 280, 282, 329]
[234, 281, 283, 330]
[235, 282, 284, 331]
[236, 283, 285, 332]
[237, 284, 286, 333]
[238, 285, 287, 334]
[239, 240, 286, 335]
[240, 289, 335, 336]
[241, 288, 290, 337]
[242, 289, 291, 338]
[243, 290, 292, 339]
[244, 291, 293, 340]
[245, 292, 294, 341]
[246, 293, 295, 342]
[247, 294, 296, 343]
[248, 295, 297, 344]
[249, 296, 298, 345]
[250, 297, 299, 346]
[251, 298, 300, 347]
[252, 299, 301, 348]
[253, 300, 302, 349]
[254, 301, 303, 350]
[255, 302, 304, 351]
[256, 303, 305, 352]
[257, 304, 306, 353]
[258, 305, 307, 354]
[259, 306, 308, 355]
[260, 307, 309, 356]
[261, 308, 310, 357]
[262, 309, 311, 358]
[263, 310, 312, 359]
[264, 311, 313, 360]
[265, 312, 314, 361]
[266, 313, 315, 362]
[267, 314, 316, 363]
[268, 315, 317, 364]
[269, 316, 318, 365]
[270, 317, 319, 366]
[271, 318, 320, 367]
[272, 319, 321, 368]
[273, 320, 322, 369]
[274, 321, 323, 370]
[275, 322, 324, 371]
[276, 323, 325, 372]
[277, 324, 326, 373]
[278, 325, 327, 374]
[279, 326, 328, 375]
[280, 327, 329, 376]
[281, 328, 330, 377]
[282, 329, 331, 378]
[283, 330, 332, 379]
[284, 331, 333, 380]
[285, 332, 334, 381]
[286, 333, 335, 382]
[287, 288, 334, 383]
[288, 337, 383, 384]
[289, 336, 338, 385]
[290, 337, 339, 386]
[291, 338, 340, 387]
[292, 339, 341, 388]
[293, 340, 342, 389]
[294, 341, 343, 390]
[295, 342, 344, 391]
[296, 343, 345, 392]
[297, 344, 346, 393]
[298, 345, 347, 394]
[299, 346, 348, 395]
[300, 347, 349, 396]
[301, 348, 350, 397]
[302, 349, 351, 398]
[303, 350, 352, 399]
[304, 351, 353, 400]
[305, 352, 354, 401]
[306, 353, 355, 402]
[307, 354, 356, 403]
[308, 355, 357, 404]
[309, 356, 358, 405]
[310, 357, 359, 406]
[311, 358, 360, 407]
[312, 359, 361, 408]
[313, 360, 362, 409]
[314, 361, 363, 410]
[315, 362, 364, 411]
[316, 363, 365, 412]
[317, 364, 366, 413]
[318, 365, 367, 414]
[319, 366, 368, 415]
[320, 367, 369, 416]
[321, 368, 370, 417]
[322, 369, 371, 418]
[323, 370, 372, 419]
[324, 371, 373, 420]
[325, 372, 374, 421]
[326, 373, 375, 422]
[327, 374, 376, 423]
[328, 375, 377, 424]
[329, 376, 378, 425]
[330, 377, 379, 426]
[331, 378, 380, 427]
[332, 379, 381, 428]
[333, 380, 382, 429]
[334, 381, 383, 430]
[335, 336, 382, 431]
[336, 385, 431, 432]
[337, 384, 386, 433]
[338, 385, 387, 434]
[339, 386, 388, 435]
[340, 387, 389, 436]
[341, 388, 390, 437]
[342, 389, 391, 438]
[343, 390, 392, 439]
[344, 391, 393, 440]
[345, 392, 394, 441]
[346, 393, 395, 442]
[347, 394, 396, 443]
[348, 395, 397, 444]
[349, 396, 398, 445]
[350, 397, 399, 446]
[351, 398, 400, 447]
[352, 399, 401, 448]
[353, 400, 402, 449]
[354, 401, 403, 450]
[355, 402, 404, 451]
[356, 403, 405, 452]
[357, 404, 406, 453]
[358, 405, 407, 454]
[359, 406, 408, 455]
[360, 407, 409, 456]
[361, 408, 410, 457]
[362, 409, 411, 458]
[363, 410, 412, 459]
[364, 411, 413, 460]
[365, 412, 414, 461]
[366, 413, 415, 462]
[367, 414, 416, 463]
[368, 415, 417, 464]
[369, 416, 418, 465]
[370, 417, 419, 466]
[371, 418, 420, 467]
[372, 419, 421, 468]
[373, 420, 422, 469]
[374, 421, 423, 470]
[375, 422, 424, 471]
[376, 423, 425, 472]
[377, 424, 426, 473]
[378, 425, 427, 474]
[379, 426, 428, 475]
[380, 427, 429, 476]
[381, 428, 430, 477]
[382, 429, 431, 478]
[383, 384, 430, 479]
[384, 433, 479, 480]
[385, 432, 434, 481]
[386, 433, 435, 482]
[387, 434, 436, 483]
[388, 435, 437, 484]
[389, 436, 438, 485]
[390, 437, 439, 486]
[391, 438, 440, 487]
[392, 439, 441, 488]
[393, 440, 442, 489]
[394, 441, 443, 490]
[395, 442, 444, 491]
[396, 443, 445, 492]
[397, 444, 446, 493]
[398, 445, 447, 494]
[399, 446, 448, 495]
[400, 447, 449, 496]
[401, 448, 450, 497]
[402, 449, 451, 498]
[403, 450, 452, 499]
[404, 451, 453, 500]
[405, 452, 454, 501]
[406, 453, 455, 502]
[407, 454, 456, 503]
[408, 455, 457, 504]
[409, 456, 458, 505]
[410, 457, 459, 506]
[411, 458, 460, 507]
[412, 459, 461, 508]
[413, 460, 462, 509]
[414, 461, 463, 510]
[415, 462, 464, 511]
[416, 463, 465, 512]
[417, 464, 466, 513]
[418, 465, 467, 514]
[419, 466, 468, 515]
[420, 467, 469, 516]
[421, 468, 470, 517]
[422, 469, 471, 518]
[423, 470, 472, 519]
[424, 471, 473, 520]
[425, 472, 474, 521]
[426, 473, 475, 522]
[427, 474, 476, 523]
[428, 475, 477, 524]
[429, 476, 478, 525]
[430, 477, 479, 526]
[431, 432, 478, 527]
[432, 481, 527, 528]
[433, 480, 482, 529]
[434, 481, 483, 530]
[435, 482, 484, 531]
[436, 483, 485, 532]
[437, 484, 486, 533]
[438, 485, 487, 534]
[439, 486, 488, 535]
[440, 487, 489, 536]
[441, 488, 490, 537]
[442, 489, 491, 538]
[443, 490, 492, 539]
[444, 491, 493, 540]
[445, 492, 494, 541]
[446, 493, 495, 542]
[447, 494, 496, 543]
[448, 495, 497, 544]
[449, 496, 498, 545]
[450, 497, 499, 546]
[451, 498, 500, 547]
[452, 499, 501, 548]
[453, 500, 502, 549]
[454, 501, 503, 550]
[455, 502, 504, 551]
[456, 503, 505, 552]
[457, 504, 506, 553]
[458, 505, 507, 554]
[459, 506, 508, 555]
[460, 507, 509, 556]
[461, 508, 510, 557]
[462, 509, 511, 558]
[463, 510, 512, 559]
[464, 511, 513, 560]
[465, 512, 514, 561]
[466, 513, 515, 562]
[467, 514, 516, 563]
[468, 515, 517, 564]
[469, 516, 518, 565]
[470, 517, 519, 566]
[471, 518, 520, 567]
[472, 519, 521, 568]
[473, 520, 522, 569]
[474, 521, 523, 570]
[475, 522, 524, 571]
[476, 523, 525, 572]
[477, 524, 526, 573]
[478, 525, 527, 574]
[479, 480, 526, 575]
[480, 529, 575, 576]
[481, 528, 530, 577]
[482, 529, 531, 578]
[483, 530, 532, 579]
[484, 531, 533, 580]
[485, 532, 534, 581]
[486, 533, 535, 582]
[487, 534, 536, 583]
[488, 535, 537, 584]
[489, 536, 538, 585]
[490, 537, 539, 586]
[491, 538, 540, 587]
[492, 539, 541, 588]
[493, 540, 542, 589]
[494, 541, 543, 590]
[495, 542, 544, 591]
[496, 543, 545, 592]
[497, 544, 546, 593]
[498, 545, 547, 594]
[499, 546, 548, 595]
[500, 547, 549, 596]
[501, 548, 550, 597]
[502, 549, 551, 598]
[503, 550, 552, 599]
[504, 551, 553, 600]
[505, 552, 554, 601]
[506, 553, 555, 602]
[507, 554, 556, 603]
[508, 555, 557, 604]
[509, 556, 558, 605]
[510, 557, 559, 606]
[511, 558, 560, 607]
[512, 559, 561, 608]
[513, 560, 562, 609]
[514, 561, 563, 610]
[515, 562, 564, 611]
[516, 563, 565, 612]
[517, 564, 566, 613]
[518, 565, 567, 614]
[519, 566, 568, 615]
[520, 567, 569, 616]
[521, 568, 570, 617]
[522, 569, 571, 618]
[523, 570, 572, 619]
[524, 571, 573, 620]
[525, 572, 574, 621]
[526, 573, 575, 622]
[527, 528, 574, 623]
[528, 577, 623, 624]
[529, 576, 578, 625]
[530, 577, 579, 626]
[531, 578, 580, 627]
[532, 579, 581, 628]
[533, 580, 582, 629]
[534, 581, 583, 630]
[535, 582, 584, 631]
[536, 583, 585, 632]
[537, 584, 586, 633]
[538, 585, 587, 634]
[539, 586, 588, 635]
[540, 587, 589, 636]
[541, 588, 590, 637]
[542, 589, 591, 638]
[543, 590, 592, 639]
[544, 591, 593, 640]
[545, 592, 594, 641]
[546, 593, 595, 642]
[547, 594, 596, 643]
[548, 595, 597, 644]
[549, 596, 598, 645]
[550, 597, 599, 646]
[551, 598, 600, 647]
[552, 599, 601, 648]
[553, 600, 602, 649]
[554, 601, 603, 650]
[555, 602, 604, 651]
[556, 603, 605, 652]
[557, 604, 606, 653]
[558, 605, 607, 654]
[559, 606, 608, 655]
[560, 607, 609, 656]
[561, 608, 610, 657]
[562, 609, 611, 658]
[563, 610, 612, 659]
[564, 611, 613, 660]
[565, 612, 614, 661]
[566, 613, 615, 662]
[567, 614, 616, 663]
[568, 615, 617, 664]
[569, 616, 618, 665]
[570, 617, 619, 666]
[571, 618, 620, 667]
[572, 619, 621, 668]
[573, 620, 622, 669]
[574, 621, 623, 670]
[575, 576, 622, 671]
[576, 625, 671, 672]
[577, 624, 626, 673]
[578, 625, 627, 674]
[579, 626, 628, 675]
[580, 627, 629, 676]
[581, 628, 630, 677]
[582, 629, 631, 678]
[583, 630, 632, 679]
[584, 631, 633, 680]
[585, 632, 634, 681]
[586, 633, 635, 682]
[587, 634, 636, 683]
[588, 635, 637, 684]
[589, 636, 638, 685]
[590, 637, 639, 686]
[591, 638, 640, 687]
[592, 639, 641, 688]
[593, 640, 642, 689]
[594, 641, 643, 690]
[595, 642, 644, 691]
[596, 643, 645, 692]
[597, 644, 646, 693]
[598, 645, 647, 694]
[599, 646, 648, 695]
[600, 647, 649, 696]
[601, 648, 650, 697]
[602, 649, 651, 698]
[603, 650, 652, 699]
[604, 651, 653, 700]
[605, 652, 654, 701]
[606, 653, 655, 702]
[607, 654, 656, 703]
[608, 655, 657, 704]
[609, 656, 658, 705]
[610, 657, 659, 706]
[611, 658, 660, 707]
[612, 659, 661, 708]
[613, 660, 662, 709]
[614, 661, 663, 710]
[615, 662, 664, 711]
[616, 663, 665, 712]
[617, 664, 666, 713]
[618, 665, 667, 714]
[619, 666, 668, 715]
[620, 667, 669, 716]
[621, 668, 670, 717]
[622, 669, 671, 718]
[623, 624, 670, 719]
[624, 673, 719, 720]
[625, 672, 674, 721]
[626, 673, 675, 722]
[627, 674, 676, 723]
[628, 675, 677, 724]
[629, 676, 678, 725]
[630, 677, 679, 726]
[631, 678, 680, 727]
[632, 679, 681, 728]
[633, 680, 682, 729]
[634, 681, 683, 730]
[635, 682, 684, 731]
[636, 683, 685, 732]
[637, 684, 686, 733]
[638, 685, 687, 734]
[639, 686, 688, 735]
[640, 687, 689, 736]
[641, 688, 690, 737]
[642, 689, 691, 738]
[643, 690, 692, 739]
[644, 691, 693, 740]
[645, 692, 694, 741]
[646, 693, 695, 742]
[647, 694, 696, 743]
[648, 695, 697, 744]
[649, 696, 698, 745]
[650, 697, 699, 746]
[651, 698, 700, 747]
[652, 699, 701, 748]
[653, 700, 702, 749]
[654, 701, 703, 750]
[655, 702, 704, 751]
[656, 703, 705, 752]
[657, 704, 706, 753]
[658, 705, 707, 754]
[659, 706, 708, 755]
[660, 707, 709, 756]
[661, 708, 710, 757]
[662, 709, 711, 758]
[663, 710, 712, 759]
[664, 711, 713, 760]
[665, 712, 714, 761]
[666, 713, 715, 762]
[667, 714, 716, 763]
[668, 715, 717, 764]
[669, 716, 718, 765]
[670, 717, 719, 766]
[671, 672, 718, 767]
[672, 721, 767, 768]
[673, 720, 722, 769]
[674, 721, 723, 770]
[675, 722, 724, 771]
[676, 723, 725, 772]
[677, 724, 726, 773]
[678, 725, 727, 774]
[679, 726, 728, 775]
[680, 727, 729, 776]
[681, 728, 730, 777]
[682, 729, 731, 778]
[683, 730, 732, 779]
[684, 731, 733, 780]
[685, 732, 734, 781]
[686, 733, 735, 782]
[687, 734, 736, 783]
[688, 735, 737, 784]
[689, 736, 738, 785]
[690, 737, 739, 786]
[691, 738, 740, 787]
[692, 739, 741, 788]
[693, 740, 742, 789]
[694, 741, 743, 790]
[695, 742, 744, 791]
[696, 743, 745, 792]
[697, 744, 746, 793]
[698, 745, 747, 794]
[699, 746, 748, 795]
[700, 747, 749, 796]
[701, 748, 750, 797]
[702, 749, 751, 798]
[703, 750, 752, 799]
[704, 751, 753, 800]
[705, 752, 754, 801]
[706, 753, 755, 802]
[707, 754, 756, 803]
[708, 755, 757, 804]
[709, 756, 758, 805]
[710, 757, 759, 806]
[711, 758, 760, 807]
[712, 759, 761, 808]
[713, 760, 762, 809]
[714, 761, 763, 810]
[715, 762, 764, 811]
[716, 763, 765, 812]
[717, 764, 766, 813]
[718, 765, 767, 814]
[719, 720, 766, 815]
[720, 769, 815, 816]
[721, 768, 770, 817]
[722, 769, 771, 818]
[723, 770, 772, 819]
[724, 771, 773, 820]
[725, 772, 774, 821]
[726, 773, 775, 822]
[727, 774, 776, 823]
[728, 775, 777, 824]
[729, 776, 778, 825]
[730, 777, 779, 826]
[731, 778, 780, 827]
[732, 779, 781, 828]
[733, 780, 782, 829]
[734, 781, 783, 830]
[735, 782, 784, 831]
[736, 783, 785, 832]
[737, 784, 786, 833]
[738, 785, 787, 834]
[739, 786, 788, 835]
[740, 787, 789, 836]
[741, 788, 790, 837]
[742, 789, 791, 838]
[743, 790, 792, 839]
[744, 791, 793, 840]
[745, 792, 794, 841]
[746, 793, 795, 842]
[747, 794, 796, 843]
[748, 795, 797, 844]
[749, 796, 798, 845]
[750, 797, 799, 846]
[751, 798, 800, 847]
[752, 799, 801, 848]
[753, 800, 802, 849]
[754, 801, 803, 850]
[755, 802, 804, 851]
[756, 803, 805, 852]
[757, 804, 806, 853]
[758, 805, 807, 854]
[759, 806, 808, 855]
[760, 807, 809, 856]
[761, 808, 810, 857]
[762, 809, 811, 858]
[763, 810, 812, 859]
[764, 811, 813, 860]
[765, 812, 814, 861]
[766, 813, 815, 862]
[767, 768, 814, 863]
[768, 817, 863, 864]
[769, 816, 818, 865]
[770, 817, 819, 866]
[771, 818, 820, 867]
[772, 819, 821, 868]
[773, 820, 822, 869]
[774, 821, 823, 870]
[775, 822, 824, 871]
[776, 823, 825, 872]
[777, 824, 826, 873]
[778, 825, 827, 874]
[779, 826, 828, 875]
[780, 827, 829, 876]
[781, 828, 830, 877]
[782, 829, 831, 878]
[783, 830, 832, 879]
[784, 831, 833, 880]
[785, 832, 834, 881]
[786, 833, 835, 882]
[787, 834, 836, 883]
[788, 835, 837, 884]
[789, 836, 838, 885]
[790, 837, 839, 886]
[791, 838, 840, 887]
[792, 839, 841, 888]
[793, 840, 842, 889]
[794, 841, 843, 890]
[795, 842, 844, 891]
[796, 843, 845, 892]
[797, 844, 846, 893]
[798, 845, 847, 894]
[799, 846, 848, 895]
[800, 847, 849, 896]
[801, 848, 850, 897]
[802, 849, 851, 898]
[803, 850, 852, 899]
[804, 851, 853, 900]
[805, 852, 854, 901]
[806, 853, 855, 902]
[807, 854, 856, 903]
[808, 855, 857, 904]
[809, 856, 858, 905]
[810, 857, 859, 906]
[811, 858, 860, 907]
[812, 859, 861, 908]
[813, 860, 862, 909]
[814, 861, 863, 910]
[815, 816, 862, 911]
[816, 865, 911, 912]
[817, 864, 866, 913]
[818, 865, 867, 914]
[819, 866, 868, 915]
[820, 867, 869, 916]
[821, 868, 870, 917]
[822, 869, 871, 918]
[823, 870, 872, 919]
[824, 871, 873, 920]
[825, 872, 874, 921]
[826, 873, 875, 922]
[827, 874, 876, 923]
[828, 875, 877, 924]
[829, 876, 878, 925]
[830, 877, 879, 926]
[831, 878, 880, 927]
[832, 879, 881, 928]
[833, 880, 882, 929]
[834, 881, 883, 930]
[835, 882, 884, 931]
[836, 883, 885, 932]
[837, 884, 886, 933]
[838, 885, 887, 934]
[839, 886, 888, 935]
[840, 887, 889, 936]
[841, 888, 890, 937]
[842, 889, 891, 938]
[843, 890, 892, 939]
[844, 891, 893, 940]
[845, 892, 894, 941]
[846, 893, 895, 942]
[847, 894, 896, 943]
[848, 895, 897, 944]
[849, 896, 898, 945]
[850, 897, 899, 946]
[851, 898, 900, 947]
[852, 899, 901, 948]
[853, 900, 902, 949]
[854, 901, 903, 950]
[855, 902, 904, 951]
[856, 903, 905, 952]
[857, 904, 906, 953]
[858, 905, 907, 954]
[859, 906, 908, 955]
[860, 907, 909, 956]
[861, 908, 910, 957]
[862, 909, 911, 958]
[863, 864, 910, 959]
[864, 913, 959, 960]
[865, 912, 914, 961]
[866, 913, 915, 962]
[867, 914, 916, 963]
[868, 915, 917, 964]
[869, 916, 918, 965]
[870, 917, 919, 966]
[871, 918, 920, 967]
[872, 919, 921, 968]
[873, 920, 922, 969]
[874, 921, 923, 970]
[875, 922, 924, 971]
[876, 923, 925, 972]
[877, 924, 926, 973]
[878, 925, 927, 974]
[879, 926, 928, 975]
[880, 927, 929, 976]
[881, 928, 930, 977]
[882, 929, 931, 978]
[883, 930, 932, 979]
[884, 931, 933, 980]
[885, 932, 934, 981]
[886, 933, 935, 982]
[887, 934, 936, 983]
[888, 935, 937, 984]
[889, 936, 938, 985]
[890, 937, 939, 986]
[891, 938, 940, 987]
[892, 939, 941, 988]
[893, 940, 942, 989]
[894, 941, 943, 990]
[895, 942, 944, 991]
[896, 943, 945, 992]
[897, 944, 946, 993]
[898, 945, 947, 994]
[899, 946, 948, 995]
[900, 947, 949, 996]
[901, 948, 950, 997]
[902, 949, 951, 998]
[903, 950, 952, 999]
[904, 951, 953, 1000]
[905, 952, 954, 1001]
[906, 953, 955, 1002]
[907, 954, 956, 1003]
[908, 955, 957, 1004]
[909, 956, 958, 1005]
[910, 957, 959, 1006]
[911, 912, 958, 1007]
[912, 961, 1007, 1008]
[913, 960, 962, 1009]
[914, 961, 963, 1010]
[915, 962, 964, 1011]
[916, 963, 965, 1012]
[917, 964, 966, 1013]
[918, 965, 967, 1014]
[919, 966, 968, 1015]
[920, 967, 969, 1016]
[921, 968, 970, 1017]
[922, 969, 971, 1018]
[923, 970, 972, 1019]
[924, 971, 973, 1020]
[925, 972, 974, 1021]
[926, 973, 975, 1022]
[927, 974, 976, 1023]
[928, 975, 977, 1024]
[929, 976, 978, 1025]
[930, 977, 979, 1026]
[931, 978, 980, 1027]
[932, 979, 981, 1028]
[933, 980, 982, 1029]
[934, 981, 983, 1030]
[935, 982, 984, 1031]
[936, 983, 985, 1032]
[937, 984, 986, 1033]
[938, 985, 987, 1034]
[939, 986, 988, 1035]
[940, 987, 989, 1036]
[941, 988, 990, 1037]
[942, 989, 991, 1038]
[943, 990, 992, 1039]
[944, 991, 993, 1040]
[945, 992, 994, 1041]
[946, 993, 995, 1042]
[947, 994, 996, 1043]
[948, 995, 997, 1044]
[949, 996, 998, 1045]
[950, 997, 999, 1046]
[951, 998, 1000, 1047]
[952, 999, 1001, 1048]
[953, 1000, 1002, 1049]
[954, 1001, 1003, 1050]
[955, 1002, 1004, 1051]
[956, 1003, 1005, 1052]
[957, 1004, 1006, 1053]
[958, 1005, 1007, 1054]
[959, 960, 1006, 1055]
[960, 1009, 1055, 1056]
[961, 1008, 1010, 1057]
[962, 1009, 1011, 1058]
[963, 1010, 1012, 1059]
[964, 1011, 1013, 1060]
[965, 1012, 1014, 1061]
[966, 1013, 1015, 1062]
[967, 1014, 1016, 1063]
[968, 1015, 1017, 1064]
[969, 1016, 1018, 1065]
[970, 1017, 1019, 1066]
[971, 1018, 1020, 1067]
[972, 1019, 1021, 1068]
[973, 1020, 1022, 1069]
[974, 1021, 1023, 1070]
[975, 1022, 1024, 1071]
[976, 1023, 1025, 1072]
[977, 1024, 1026, 1073]
[978, 1025, 1027, 1074]
[979, 1026, 1028, 1075]
[980, 1027, 1029, 1076]
[981, 1028, 1030, 1077]
[982, 1029, 1031, 1078]
[983, 1030, 1032, 1079]
[984, 1031, 1033, 1080]
[985, 1032, 1034, 1081]
[986, 1033, 1035, 1082]
[987, 1034, 1036, 1083]
[988, 1035, 1037, 1084]
[989, 1036, 1038, 1085]
[990, 1037, 1039, 1086]
[991, 1038, 1040, 1087]
[992, 1039, 1041, 1088]
[993, 1040, 1042, 1089]
[994, 1041, 1043, 1090]
[995, 1042, 1044, 1091]
[996, 1043, 1045, 1092]
[997, 1044, 1046, 1093]
[998, 1045, 1047, 1094]
[999, 1046, 1048, 1095]
[1000, 1047, 1049, 1096]
[1001, 1048, 1050, 1097]
[1002, 1049, 1051, 1098]
[1003, 1050, 1052, 1099]
[1004, 1051, 1053, 1100]
[1005, 1052, 1054, 1101]
[1006, 1053, 1055, 1102]
[1007, 1008, 1054, 1103]
[1008, 1057, 1103, 1104]
[1009, 1056, 1058, 1105]
[1010, 1057, 1059, 1106]
[1011, 1058, 1060, 1107]
[1012, 1059, 1061, 1108]
[1013, 1060, 1062, 1109]
[1014, 1061, 1063, 1110]
[1015, 1062, 1064, 1111]
[1016, 1063, 1065, 1112]
[1017, 1064, 1066, 1113]
[1018, 1065, 1067, 1114]
[1019, 1066, 1068, 1115]
[1020, 1067, 1069, 1116]
[1021, 1068, 1070, 1117]
[1022, 1069, 1071, 1118]
[1023, 1070, 1072, 1119]
[1024, 1071, 1073, 1120]
[1025, 1072, 1074, 1121]
[1026, 1073, 1075, 1122]
[1027, 1074, 1076, 1123]
[1028, 1075, 1077, 1124]
[1029, 1076, 1078, 1125]
[1030, 1077, 1079, 1126]
[1031, 1078, 1080, 1127]
[1032, 1079, 1081, 1128]
[1033, 1080, 1082, 1129]
[1034, 1081, 1083, 1130]
[1035, 1082, 1084, 1131]
[1036, 1083, 1085, 1132]
[1037, 1084, 1086, 1133]
[1038, 1085, 1087, 1134]
[1039, 1086, 1088, 1135]
[1040, 1087, 1089, 1136]
[1041, 1088, 1090, 1137]
[1042, 1089, 1091, 1138]
[1043, 1090, 1092, 1139]
[1044, 1091, 1093, 1140]
[1045, 1092, 1094, 1141]
[1046, 1093, 1095, 1142]
[1047, 1094, 1096, 1143]
[1048, 1095, 1097, 1144]
[1049, 1096, 1098, 1145]
[1050, 1097, 1099, 1146]
[1051, 1098, 1100, 1147]
[1052, 1099, 1101, 1148]
[1053, 1100, 1102, 1149]
[1054, 1101, 1103, 1150]
[1055, 1056, 1102, 1151]
[1056, 1105, 1151, 1152]
[1057, 1104, 1106, 1153]
[1058, 1105, 1107, 1154]
[1059, 1106, 1108, 1155]
[1060, 1107, 1109, 1156]
[1061, 1108, 1110, 1157]
[1062, 1109, 1111, 1158]
[1063, 1110, 1112, 1159]
[1064, 1111, 1113, 1160]
[1065, 1112, 1114, 1161]
[1066, 1113, 1115, 1162]
[1067, 1114, 1116, 1163]
[1068, 1115, 1117, 1164]
[1069, 1116, 1118, 1165]
[1070, 1117, 1119, 1166]
[1071, 1118, 1120, 1167]
[1072, 1119, 1121, 1168]
[1073, 1120, 1122, 1169]
[1074, 1121, 1123, 1170]
[1075, 1122, 1124, 1171]
[1076, 1123, 1125, 1172]
[1077, 1124, 1126, 1173]
[1078, 1125, 1127, 1174]
[1079, 1126, 1128, 1175]
[1080, 1127, 1129, 1176]
[1081, 1128, 1130, 1177]
[1082, 1129, 1131, 1178]
[1083, 1130, 1132, 1179]
[1084, 1131, 1133, 1180]
[1085, 1132, 1134, 1181]
[1086, 1133, 1135, 1182]
[1087, 1134, 1136, 1183]
[1088, 1135, 1137, 1184]
[1089, 1136, 1138, 1185]
[1090, 1137, 1139, 1186]
[1091, 1138, 1140, 1187]
[1092, 1139, 1141, 1188]
[1093, 1140, 1142, 1189]
[1094, 1141, 1143, 1190]
[1095, 1142, 1144, 1191]
[1096, 1143, 1145, 1192]
[1097, 1144, 1146, 1193]
[1098, 1145, 1147, 1194]
[1099, 1146, 1148, 1195]
[1100, 1147, 1149, 1196]
[1101, 1148, 1150, 1197]
[1102, 1149, 1151, 1198]
[1103, 1104, 1150, 1199]
[1104, 1153, 1199, 1200]
[1105, 1152, 1154, 1201]
[1106, 1153, 1155, 1202]
[1107, 1154, 1156, 1203]
[1108, 1155, 1157, 1204]
[1109, 1156, 1158, 1205]
[1110, 1157, 1159, 1206]
[1111, 1158, 1160, 1207]
[1112, 1159, 1161, 1208]
[1113, 1160, 1162, 1209]
[1114, 1161, 1163, 1210]
[1115, 1162, 1164, 1211]
[1116, 1163, 1165, 1212]
[1117, 1164, 1166, 1213]
[1118, 1165, 1167, 1214]
[1119, 1166, 1168, 1215]
[1120, 1167, 1169, 1216]
[1121, 1168, 1170, 1217]
[1122, 1169, 1171, 1218]
[1123, 1170, 1172, 1219]
[1124, 1171, 1173, 1220]
[1125, 1172, 1174, 1221]
[1126, 1173, 1175, 1222]
[1127, 1174, 1176, 1223]
[1128, 1175, 1177, 1224]
[1129, 1176, 1178, 1225]
[1130, 1177, 1179, 1226]
[1131, 1178, 1180, 1227]
[1132, 1179, 1181, 1228]
[1133, 1180, 1182, 1229]
[1134, 1181, 1183, 1230]
[1135, 1182, 1184, 1231]
[1136, 1183, 1185, 1232]
[1137, 1184, 1186, 1233]
[1138, 1185, 1187, 1234]
[1139, 1186, 1188, 1235]
[1140, 1187, 1189, 1236]
[1141, 1188, 1190, 1237]
[1142, 1189, 1191, 1238]
[1143, 1190, 1192, 1239]
[1144, 1191, 1193, 1240]
[1145, 1192, 1194, 1241]
[1146, 1193, 1195, 1242]
[1147, 1194, 1196, 1243]
[1148, 1195, 1197, 1244]
[1149, 1196, 1198, 1245]
[1150, 1197, 1199, 1246]
[1151, 1152, 1198, 1247]
[1152, 1201, 1247, 1248]
[1153, 1200, 1202, 1249]
[1154, 1201, 1203, 1250]
[1155, 1202, 1204, 1251]
[1156, 1203, 1205, 1252]
[1157, 1204, 1206, 1253]
[1158, 1205, 1207, 1254]
[1159, 1206, 1208, 1255]
[1160, 1207, 1209, 1256]
[1161, 1208, 1210, 1257]
[1162, 1209, 1211, 1258]
[1163, 1210, 1212, 1259]
[1164, 1211, 1213, 1260]
[1165, 1212, 1214, 1261]
[1166, 1213, 1215, 1262]
[1167, 1214, 1216, 1263]
[1168, 1215, 1217, 1264]
[1169, 1216, 1218, 1265]
[1170, 1217, 1219, 1266]
[1171, 1218, 1220, 1267]
[1172, 1219, 1221, 1268]
[1173, 1220, 1222, 1269]
[1174, 1221, 1223, 1270]
[1175, 1222, 1224, 1271]
[1176, 1223, 1225, 1272]
[1177, 1224, 1226, 1273]
[1178, 1225, 1227, 1274]
[1179, 1226, 1228, 1275]
[1180, 1227, 1229, 1276]
[1181, 1228, 1230, 1277]
[1182, 1229, 1231, 1278]
[1183, 1230, 1232, 1279]
[1184, 1231, 1233, 1280]
[1185, 1232, 1234, 1281]
[1186, 1233, 1235, 1282]
[1187, 1234, 1236, 1283]
[1188, 1235, 1237, 1284]
[1189, 1236, 1238, 1285]
[1190, 1237, 1239, 1286]
[1191, 1238, 1240, 1287]
[1192, 1239, 1241, 1288]
[1193, 1240, 1242, 1289]
[1194, 1241, 1243, 1290]
[1195, 1242, 1244, 1291]
[1196, 1243, 1245, 1292]
[1197, 1244, 1246, 1293]
[1198, 1245, 1247, 1294]
[1199, 1200, 1246, 1295]
[1200, 1249, 1295, 1296]
[1201, 1248, 1250, 1297]
[1202, 1249, 1251, 1298]
[1203, 1250, 1252, 1299]
[1204, 1251, 1253, 1300]
[1205, 1252, 1254, 1301]
[1206, 1253, 1255, 1302]
[1207, 1254, 1256, 1303]
[1208, 1255, 1257, 1304]
[1209, 1256, 1258, 1305]
[1210, 1257, 1259, 1306]
[1211, 1258, 1260, 1307]
[1212, 1259, 1261, 1308]
[1213, 1260, 1262, 1309]
[1214, 1261, 1263, 1310]
[1215, 1262, 1264, 1311]
[1216, 1263, 1265, 1312]
[1217, 1264, 1266, 1313]
[1218, 1265, 1267, 1314]
[1219, 1266, 1268, 1315]
[1220, 1267, 1269, 1316]
[1221, 1268, 1270, 1317]
[1222, 1269, 1271, 1318]
[1223, 1270, 1272, 1319]
[1224, 1271, 1273, 1320]
[1225, 1272, 1274, 1321]
[1226, 1273, 1275, 1322]
[1227, 1274, 1276, 1323]
[1228, 1275, 1277, 1324]
[1229, 1276, 1278, 1325]
[1230, 1277, 1279, 1326]
[1231, 1278, 1280, 1327]
[1232, 1279, 1281, 1328]
[1233, 1280, 1282, 1329]
[1234, 1281, 1283, 1330]
[1235, 1282, 1284, 1331]
[1236, 1283, 1285, 1332]
[1237, 1284, 1286, 1333]
[1238, 1285, 1287, 1334]
[1239, 1286, 1288, 1335]
[1240, 1287, 1289, 1336]
[1241, 1288, 1290, 1337]
[1242, 1289, 1291, 1338]
[1243, 1290, 1292, 1339]
[1244, 1291, 1293, 1340]
[1245, 1292, 1294, 1341]
[1246, 1293, 1295, 1342]
[1247, 1248, 1294, 1343]
[1248, 1297, 1343, 1344]
[1249, 1296, 1298, 1345]
[1250, 1297, 1299, 1346]
[1251, 1298, 1300, 1347]
[1252, 1299, 1301, 1348]
[1253, 1300, 1302, 1349]
[1254, 1301, 1303, 1350]
[1255, 1302, 1304, 1351]
[1256, 1303, 1305, 1352]
[1257, 1304, 1306, 1353]
[1258, 1305, 1307, 1354]
[1259, 1306, 1308, 1355]
[1260, 1307, 1309, 1356]
[1261, 1308, 1310, 1357]
[1262, 1309, 1311, 1358]
[1263, 1310, 1312, 1359]
[1264, 1311, 1313, 1360]
[1265, 1312, 1314, 1361]
[1266, 1313, 1315, 1362]
[1267, 1314, 1316, 1363]
[1268, 1315, 1317, 1364]
[1269, 1316, 1318, 1365]
[1270, 1317, 1319, 1366]
[1271, 1318, 1320, 1367]
[1272, 1319, 1321, 1368]
[1273, 1320, 1322, 1369]
[1274, 1321, 1323, 1370]
[1275, 1322, 1324, 1371]
[1276, 1323, 1325, 1372]
[1277, 1324, 1326, 1373]
[1278, 1325, 1327, 1374]
[1279, 1326, 1328, 1375]
[1280, 1327, 1329, 1376]
[1281, 1328, 1330, 1377]
[1282, 1329, 1331, 1378]
[1283, 1330, 1332, 1379]
[1284, 1331, 1333, 1380]
[1285, 1332, 1334, 1381]
[1286, 1333, 1335, 1382]
[1287, 1334, 1336, 1383]
[1288, 1335, 1337, 1384]
[1289, 1336, 1338, 1385]
[1290, 1337, 1339, 1386]
[1291, 1338, 1340, 1387]
[1292, 1339, 1341, 1388]
[1293, 1340, 1342, 1389]
[1294, 1341, 1343, 1390]
[1295, 1296, 1342, 1391]
[1296, 1345, 1391, 1392]
[1297, 1344, 1346, 1393]
[1298, 1345, 1347, 1394]
[1299, 1346, 1348, 1395]
[1300, 1347, 1349, 1396]
[1301, 1348, 1350, 1397]
[1302, 1349, 1351, 1398]
[1303, 1350, 1352, 1399]
[1304, 1351, 1353, 1400]
[1305, 1352, 1354, 1401]
[1306, 1353, 1355, 1402]
[1307, 1354, 1356, 1403]
[1308, 1355, 1357, 1404]
[1309, 1356, 1358, 1405]
[1310, 1357, 1359, 1406]
[1311, 1358, 1360, 1407]
[1312, 1359, 1361, 1408]
[1313, 1360, 1362, 1409]
[1314, 1361, 1363, 1410]
[1315, 1362, 1364, 1411]
[1316, 1363, 1365, 1412]
[1317, 1364, 1366, 1413]
[1318, 1365, 1367, 1414]
[1319, 1366, 1368, 1415]
[1320, 1367, 1369, 1416]
[1321, 1368, 1370, 1417]
[1322, 1369, 1371, 1418]
[1323, 1370, 1372, 1419]
[1324, 1371, 1373, 1420]
[1325, 1372, 1374, 1421]
[1326, 1373, 1375, 1422]
[1327, 1374, 1376, 1423]
[1328, 1375, 1377, 1424]
[1329, 1376, 1378, 1425]
[1330, 1377, 1379, 1426]
[1331, 1378, 1380, 1427]
[1332, 1379, 1381, 1428]
[1333, 1380, 1382, 1429]
[1334, 1381, 1383, 1430]
[1335, 1382, 1384, 1431]
[1336, 1383, 1385, 1432]
[1337, 1384, 1386, 1433]
[1338, 1385, 1387, 1434]
[1339, 1386, 1388, 1435]
[1340, 1387, 1389, 1436]
[1341, 1388, 1390, 1437]
[1342, 1389, 1391, 1438]
[1343, 1344, 1390, 1439]
[1344, 1393, 1439, 1440]
[1345, 1392, 1394, 1441]
[1346, 1393, 1395, 1442]
[1347, 1394, 1396, 1443]
[1348, 1395, 1397, 1444]
[1349, 1396, 1398, 1445]
[1350, 1397, 1399, 1446]
[1351, 1398, 1400, 1447]
[1352, 1399, 1401, 1448]
[1353, 1400, 1402, 1449]
[1354, 1401, 1403, 1450]
[1355, 1402, 1404, 1451]
[1356, 1403, 1405, 1452]
[1357, 1404, 1406, 1453]
[1358, 1405, 1407, 1454]
[1359, 1406, 1408, 1455]
[1360, 1407, 1409, 1456]
[1361, 1408, 1410, 1457]
[1362, 1409, 1411, 1458]
[1363, 1410, 1412, 1459]
[1364, 1411, 1413, 1460]
[1365, 1412, 1414, 1461]
[1366, 1413, 1415, 1462]
[1367, 1414, 1416, 1463]
[1368, 1415, 1417, 1464]
[1369, 1416, 1418, 1465]
[1370, 1417, 1419, 1466]
[1371, 1418, 1420, 1467]
[1372, 1419, 1421, 1468]
[1373, 1420, 1422, 1469]
[1374, 1421, 1423, 1470]
[1375, 1422, 1424, 1471]
[1376, 1423, 1425, 1472]
[1377, 1424, 1426, 1473]
[1378, 1425, 1427, 1474]
[1379, 1426, 1428, 1475]
[1380, 1427, 1429, 1476]
[1381, 1428, 1430, 1477]
[1382, 1429, 1431, 1478]
[1383, 1430, 1432, 1479]
[1384, 1431, 1433, 1480]
[1385, 1432, 1434, 1481]
[1386, 1433, 1435, 1482]
[1387, 1434, 1436, 1483]
[1388, 1435, 1437, 1484]
[1389, 1436, 1438, 1485]
[1390, 1437, 1439, 1486]
[1391, 1392, 1438, 1487]
[1392, 1441, 1487, 1488]
[1393, 1440, 1442, 1489]
[1394, 1441, 1443, 1490]
[1395, 1442, 1444, 1491]
[1396, 1443, 1445, 1492]
[1397, 1444, 1446, 1493]
[1398, 1445, 1447, 1494]
[1399, 1446, 1448, 1495]
[1400, 1447, 1449, 1496]
[1401, 1448, 1450, 1497]
[1402, 1449, 1451, 1498]
[1403, 1450, 1452, 1499]
[1404, 1451, 1453, 1500]
[1405, 1452, 1454, 1501]
[1406, 1453, 1455, 1502]
[1407, 1454, 1456, 1503]
[1408, 1455, 1457, 1504]
[1409, 1456, 1458, 1505]
[1410, 1457, 1459, 1506]
[1411, 1458, 1460, 1507]
[1412, 1459, 1461, 1508]
[1413, 1460, 1462, 1509]
[1414, 1461, 1463, 1510]
[1415, 1462, 1464, 1511]
[1416, 1463, 1465, 1512]
[1417, 1464, 1466, 1513]
[1418, 1465, 1467, 1514]
[1419, 1466, 1468, 1515]
[1420, 1467, 1469, 1516]
[1421, 1468, 1470, 1517]
[1422, 1469, 1471, 1518]
[1423, 1470, 1472, 1519]
[1424, 1471, 1473, 1520]
[1425, 1472, 1474, 1521]
[1426, 1473, 1475, 1522]
[1427, 1474, 1476, 1523]
[1428, 1475, 1477, 1524]
[1429, 1476, 1478, 1525]
[1430, 1477, 1479, 1526]
[1431, 1478, 1480, 1527]
[1432, 1479, 1481, 1528]
[1433, 1480, 1482, 1529]
[1434, 1481, 1483, 1530]
[1435, 1482, 1484, 1531]
[1436, 1483, 1485, 1532]
[1437, 1484, 1486, 1533]
[1438, 1485, 1487, 1534]
[1439, 1440, 1486, 1535]
[1440, 1489, 1535, 1536]
[1441, 1488, 1490, 1537]
[1442, 1489, 1491, 1538]
[1443, 1490, 1492, 1539]
[1444, 1491, 1493, 1540]
[1445, 1492, 1494, 1541]
[1446, 1493, 1495, 1542]
[1447, 1494, 1496, 1543]
[1448, 1495, 1497, 1544]
[1449, 1496, 1498, 1545]
[1450, 1497, 1499, 1546]
[1451, 1498, 1500, 1547]
[1452, 1499, 1501, 1548]
[1453, 1500, 1502, 1549]
[1454, 1501, 1503, 1550]
[1455, 1502, 1504, 1551]
[1456, 1503, 1505, 1552]
[1457, 1504, 1506, 1553]
[1458, 1505, 1507, 1554]
[1459, 1506, 1508, 1555]
[1460, 1507, 1509, 1556]
[1461, 1508, 1510, 1557]
[1462, 1509, 1511, 1558]
[1463, 1510, 1512, 1559]
[1464, 1511, 1513, 1560]
[1465, 1512, 1514, 1561]
[1466, 1513, 1515, 1562]
[1467, 1514, 1516, 1563]
[1468, 1515, 1517, 1564]
[1469, 1516, 1518, 1565]
[1470, 1517, 1519, 1566]
[1471, 1518, 1520, 1567]
[1472, 1519, 1521, 1568]
[1473, 1520, 1522, 1569]
[1474, 1521, 1523, 1570]
[1475, 1522, 1524, 1571]
[1476, 1523, 1525, 1572]
[1477, 1524, 1526, 1573]
[1478, 1525, 1527, 1574]
[1479, 1526, 1528, 1575]
[1480, 1527, 1529, 1576]
[1481, 1528, 1530, 1577]
[1482, 1529, 1531, 1578]
[1483, 1530, 1532, 1579]
[1484, 1531, 1533, 1580]
[1485, 1532, 1534, 1581]
[1486, 1533, 1535, 1582]
[1487, 1488, 1534, 1583]
[1488, 1537, 1583, 1584]
[1489, 1536, 1538, 1585]
[1490, 1537, 1539, 1586]
[1491, 1538, 1540, 1587]
[1492, 1539, 1541, 1588]
[1493, 1540, 1542, 1589]
[1494, 1541, 1543, 1590]
[1495, 1542, 1544, 1591]
[1496, 1543, 1545, 1592]
[1497, 1544, 1546, 1593]
[1498, 1545, 1547, 1594]
[1499, 1546, 1548, 1595]
[1500, 1547, 1549, 1596]
[1501, 1548, 1550, 1597]
[1502, 1549, 1551, 1598]
[1503, 1550, 1552, 1599]
[1504, 1551, 1553, 1600]
[1505, 1552, 1554, 1601]
[1506, 1553, 1555, 1602]
[1507, 1554, 1556, 1603]
[1508, 1555, 1557, 1604]
[1509, 1556, 1558, 1605]
[1510, 1557, 1559, 1606]
[1511, 1558, 1560, 1607]
[1512, 1559, 1561, 1608]
[1513, 1560, 1562, 1609]
[1514, 1561, 1563, 1610]
[1515, 1562, 1564, 1611]
[1516, 1563, 1565, 1612]
[1517, 1564, 1566, 1613]
[1518, 1565, 1567, 1614]
[1519, 1566, 1568, 1615]
[1520, 1567, 1569, 1616]
[1521, 1568, 1570, 1617]
[1522, 1569, 1571, 1618]
[1523, 1570, 1572, 1619]
[1524, 1571, 1573, 1620]
[1525, 1572, 1574, 1621]
[1526, 1573, 1575, 1622]
[1527, 1574, 1576, 1623]
[1528, 1575, 1577, 1624]
[1529, 1576, 1578, 1625]
[1530, 1577, 1579, 1626]
[1531, 1578, 1580, 1627]
[1532, 1579, 1581, 1628]
[1533, 1580, 1582, 1629]
[1534, 1581, 1583, 1630]
[1535, 1536, 1582, 1631]
[1536, 1585, 1631, 1632]
[1537, 1584, 1586, 1633]
[1538, 1585, 1587, 1634]
[1539, 1586, 1588, 1635]
[1540, 1587, 1589, 1636]
[1541, 1588, 1590, 1637]
[1542, 1589, 1591, 1638]
[1543, 1590, 1592, 1639]
[1544, 1591, 1593, 1640]
[1545, 1592, 1594, 1641]
[1546, 1593, 1595, 1642]
[1547, 1594, 1596, 1643]
[1548, 1595, 1597, 1644]
[1549, 1596, 1598, 1645]
[1550, 1597, 1599, 1646]
[1551, 1598, 1600, 1647]
[1552, 1599, 1601, 1648]
[1553, 1600, 1602, 1649]
[1554, 1601, 1603, 1650]
[1555, 1602, 1604, 1651]
[1556, 1603, 1605, 1652]
[1557, 1604, 1606, 1653]
[1558, 1605, 1607, 1654]
[1559, 1606, 1608, 1655]
[1560, 1607, 1609, 1656]
[1561, 1608, 1610, 1657]
[1562, 1609, 1611, 1658]
[1563, 1610, 1612, 1659]
[1564, 1611, 1613, 1660]
[1565, 1612, 1614, 1661]
[1566, 1613, 1615, 1662]
[1567, 1614, 1616, 1663]
[1568, 1615, 1617, 1664]
[1569, 1616, 1618, 1665]
[1570, 1617, 1619, 1666]
[1571, 1618, 1620, 1667]
[1572, 1619, 1621, 1668]
[1573, 1620, 1622, 1669]
[1574, 1621, 1623, 1670]
[1575, 1622, 1624, 1671]
[1576, 1623, 1625, 1672]
[1577, 1624, 1626, 1673]
[1578, 1625, 1627, 1674]
[1579, 1626, 1628, 1675]
[1580, 1627, 1629, 1676]
[1581, 1628, 1630, 1677]
[1582, 1629, 1631, 1678]
[1583, 1584, 1630, 1679]
[1584, 1633, 1679, 1680]
[1585, 1632, 1634, 1681]
[1586, 1633, 1635, 1682]
[1587, 1634, 1636, 1683]
[1588, 1635, 1637, 1684]
[1589, 1636, 1638, 1685]
[1590, 1637, 1639, 1686]
[1591, 1638, 1640, 1687]
[1592, 1639, 1641, 1688]
[1593, 1640, 1642, 1689]
[1594, 1641, 1643, 1690]
[1595, 1642, 1644, 1691]
[1596, 1643, 1645, 1692]
[1597, 1644, 1646, 1693]
[1598, 1645, 1647, 1694]
[1599, 1646, 1648, 1695]
[1600, 1647, 1649, 1696]
[1601, 1648, 1650, 1697]
[1602, 1649, 1651, 1698]
[1603, 1650, 1652, 1699]
[1604, 1651, 1653, 1700]
[1605, 1652, 1654, 1701]
[1606, 1653, 1655, 1702]
[1607, 1654, 1656, 1703]
[1608, 1655, 1657, 1704]
[1609, 1656, 1658, 1705]
[1610, 1657, 1659, 1706]
[1611, 1658, 1660, 1707]
[1612, 1659, 1661, 1708]
[1613, 1660, 1662, 1709]
[1614, 1661, 1663, 1710]
[1615, 1662, 1664, 1711]
[1616, 1663, 1665, 1712]
[1617, 1664, 1666, 1713]
[1618, 1665, 1667, 1714]
[1619, 1666, 1668, 1715]
[1620, 1667, 1669, 1716]
[1621, 1668, 1670, 1717]
[1622, 1669, 1671, 1718]
[1623, 1670, 1672, 1719]
[1624, 1671, 1673, 1720]
[1625, 1672, 1674, 1721]
[1626, 1673, 1675, 1722]
[1627, 1674, 1676, 1723]
[1628, 1675, 1677, 1724]
[1629, 1676, 1678, 1725]
[1630, 1677, 1679, 1726]
[1631, 1632, 1678, 1727]
[1632, 1681, 1727, 1728]
[1633, 1680, 1682, 1729]
[1634, 1681, 1683, 1730]
[1635, 1682, 1684, 1731]
[1636, 1683, 1685, 1732]
[1637, 1684, 1686, 1733]
[1638, 1685, 1687, 1734]
[1639, 1686, 1688, 1735]
[1640, 1687, 1689, 1736]
[1641, 1688, 1690, 1737]
[1642, 1689, 1691, 1738]
[1643, 1690, 1692, 1739]
[1644, 1691, 1693, 1740]
[1645, 1692, 1694, 1741]
[1646, 1693, 1695, 1742]
[1647, 1694, 1696, 1743]
[1648, 1695, 1697, 1744]
[1649, 1696, 1698, 1745]
[1650, 1697, 1699, 1746]
[1651, 1698, 1700, 1747]
[1652, 1699, 1701, 1748]
[1653, 1700, 1702, 1749]
[1654, 1701, 1703, 1750]
[1655, 1702, 1704, 1751]
[1656, 1703, 1705, 1752]
[1657, 1704, 1706, 1753]
[1658, 1705, 1707, 1754]
[1659, 1706, 1708, 1755]
[1660, 1707, 1709, 1756]
[1661, 1708, 1710, 1757]
[1662, 1709, 1711, 1758]
[1663, 1710, 1712, 1759]
[1664, 1711, 1713, 1760]
[1665, 1712, 1714, 1761]
[1666, 1713, 1715, 1762]
[1667, 1714, 1716, 1763]
[1668, 1715, 1717, 1764]
[1669, 1716, 1718, 1765]
[1670, 1717, 1719, 1766]
[1671, 1718, 1720, 1767]
[1672, 1719, 1721, 1768]
[1673, 1720, 1722, 1769]
[1674, 1721, 1723, 1770]
[1675, 1722, 1724, 1771]
[1676, 1723, 1725, 1772]
[1677, 1724, 1726, 1773]
[1678, 1725, 1727, 1774]
[1679, 1680, 1726, 1775]
[1680, 1729, 1775, 1776]
[1681, 1728, 1730, 1777]
[1682, 1729, 1731, 1778]
[1683, 1730, 1732, 1779]
[1684, 1731, 1733, 1780]
[1685, 1732, 1734, 1781]
[1686, 1733, 1735, 1782]
[1687, 1734, 1736, 1783]
[1688, 1735, 1737, 1784]
[1689, 1736, 1738, 1785]
[1690, 1737, 1739, 1786]
[1691, 1738, 1740, 1787]
[1692, 1739, 1741, 1788]
[1693, 1740, 1742, 1789]
[1694, 1741, 1743, 1790]
[1695, 1742, 1744, 1791]
[1696, 1743, 1745, 1792]
[1697, 1744, 1746, 1793]
[1698, 1745, 1747, 1794]
[1699, 1746, 1748, 1795]
[1700, 1747, 1749, 1796]
[1701, 1748, 1750, 1797]
[1702, 1749, 1751, 1798]
[1703, 1750, 1752, 1799]
[1704, 1751, 1753, 1800]
[1705, 1752, 1754, 1801]
[1706, 1753, 1755, 1802]
[1707, 1754, 1756, 1803]
[1708, 1755, 1757, 1804]
[1709, 1756, 1758, 1805]
[1710, 1757, 1759, 1806]
[1711, 1758, 1760, 1807]
[1712, 1759, 1761, 1808]
[1713, 1760, 1762, 1809]
[1714, 1761, 1763, 1810]
[1715, 1762, 1764, 1811]
[1716, 1763, 1765, 1812]
[1717, 1764, 1766, 1813]
[1718, 1765, 1767, 1814]
[1719, 1766, 1768, 1815]
[1720, 1767, 1769, 1816]
[1721, 1768, 1770, 1817]
[1722, 1769, 1771, 1818]
[1723, 1770, 1772, 1819]
[1724, 1771, 1773, 1820]
[1725, 1772, 1774, 1821]
[1726, 1773, 1775, 1822]
[1727, 1728, 1774, 1823]
[1728, 1777, 1823, 1824]
[1729, 1776, 1778, 1825]
[1730, 1777, 1779, 1826]
[1731, 1778, 1780, 1827]
[1732, 1779, 1781, 1828]
[1733, 1780, 1782, 1829]
[1734, 1781, 1783, 1830]
[1735, 1782, 1784, 1831]
[1736, 1783, 1785, 1832]
[1737, 1784, 1786, 1833]
[1738, 1785, 1787, 1834]
[1739, 1786, 1788, 1835]
[1740, 1787, 1789, 1836]
[1741, 1788, 1790, 1837]
[1742, 1789, 1791, 1838]
[1743, 1790, 1792, 1839]
[1744, 1791, 1793, 1840]
[1745, 1792, 1794, 1841]
[1746, 1793, 1795, 1842]
[1747, 1794, 1796, 1843]
[1748, 1795, 1797, 1844]
[1749, 1796, 1798, 1845]
[1750, 1797, 1799, 1846]
[1751, 1798, 1800, 1847]
[1752, 1799, 1801, 1848]
[1753, 1800, 1802, 1849]
[1754, 1801, 1803, 1850]
[1755, 1802, 1804, 1851]
[1756, 1803, 1805, 1852]
[1757, 1804, 1806, 1853]
[1758, 1805, 1807, 1854]
[1759, 1806, 1808, 1855]
[1760, 1807, 1809, 1856]
[1761, 1808, 1810, 1857]
[1762, 1809, 1811, 1858]
[1763, 1810, 1812, 1859]
[1764, 1811, 1813, 1860]
[1765, 1812, 1814, 1861]
[1766, 1813, 1815, 1862]
[1767, 1814, 1816, 1863]
[1768, 1815, 1817, 1864]
[1769, 1816, 1818, 1865]
[1770, 1817, 1819, 1866]
[1771, 1818, 1820, 1867]
[1772, 1819, 1821, 1868]
[1773, 1820, 1822, 1869]
[1774, 1821, 1823, 1870]
[1775, 1776, 1822, 1871]
[1776, 1825, 1871, 1872]
[1777, 1824, 1826, 1873]
[1778, 1825, 1827, 1874]
[1779, 1826, 1828, 1875]
[1780, 1827, 1829, 1876]
[1781, 1828, 1830, 1877]
[1782, 1829, 1831, 1878]
[1783, 1830, 1832, 1879]
[1784, 1831, 1833, 1880]
[1785, 1832, 1834, 1881]
[1786, 1833, 1835, 1882]
[1787, 1834, 1836, 1883]
[1788, 1835, 1837, 1884]
[1789, 1836, 1838, 1885]
[1790, 1837, 1839, 1886]
[1791, 1838, 1840, 1887]
[1792, 1839, 1841, 1888]
[1793, 1840, 1842, 1889]
[1794, 1841, 1843, 1890]
[1795, 1842, 1844, 1891]
[1796, 1843, 1845, 1892]
[1797, 1844, 1846, 1893]
[1798, 1845, 1847, 1894]
[1799, 1846, 1848, 1895]
[1800, 1847, 1849, 1896]
[1801, 1848, 1850, 1897]
[1802, 1849, 1851, 1898]
[1803, 1850, 1852, 1899]
[1804, 1851, 1853, 1900]
[1805, 1852, 1854, 1901]
[1806, 1853, 1855, 1902]
[1807, 1854, 1856, 1903]
[1808, 1855, 1857, 1904]
[1809, 1856, 1858, 1905]
[1810, 1857, 1859, 1906]
[1811, 1858, 1860, 1907]
[1812, 1859, 1861, 1908]
[1813, 1860, 1862, 1909]
[1814, 1861, 1863, 1910]
[1815, 1862, 1864, 1911]
[1816, 1863, 1865, 1912]
[1817, 1864, 1866, 1913]
[1818, 1865, 1867, 1914]
[1819, 1866, 1868, 1915]
[1820, 1867, 1869, 1916]
[1821, 1868, 1870, 1917]
[1822, 1869, 1871, 1918]
[1823, 1824, 1870, 1919]
[1824, 1873, 1919, 1920]
[1825, 1872, 1874, 1921]
[1826, 1873, 1875, 1922]
[1827, 1874, 1876, 1923]
[1828, 1875, 1877, 1924]
[1829, 1876, 1878, 1925]
[1830, 1877, 1879, 1926]
[1831, 1878, 1880, 1927]
[1832, 1879, 1881, 1928]
[1833, 1880, 1882, 1929]
[1834, 1881, 1883, 1930]
[1835, 1882, 1884, 1931]
[1836, 1883, 1885, 1932]
[1837, 1884, 1886, 1933]
[1838, 1885, 1887, 1934]
[1839, 1886, 1888, 1935]
[1840, 1887, 1889, 1936]
[1841, 1888, 1890, 1937]
[1842, 1889, 1891, 1938]
[1843, 1890, 1892, 1939]
[1844, 1891, 1893, 1940]
[1845, 1892, 1894, 1941]
[1846, 1893, 1895, 1942]
[1847, 1894, 1896, 1943]
[1848, 1895, 1897, 1944]
[1849, 1896, 1898, 1945]
[1850, 1897, 1899, 1946]
[1851, 1898, 1900, 1947]
[1852, 1899, 1901, 1948]
[1853, 1900, 1902, 1949]
[1854, 1901, 1903, 1950]
[1855, 1902, 1904, 1951]
[1856, 1903, 1905, 1952]
[1857, 1904, 1906, 1953]
[1858, 1905, 1907, 1954]
[1859, 1906, 1908, 1955]
[1860, 1907, 1909, 1956]
[1861, 1908, 1910, 1957]
[1862, 1909, 1911, 1958]
[1863, 1910, 1912, 1959]
[1864, 1911, 1913, 1960]
[1865, 1912, 1914, 1961]
[1866, 1913, 1915, 1962]
[1867, 1914, 1916, 1963]
[1868, 1915, 1917, 1964]
[1869, 1916, 1918, 1965]
[1870, 1917, 1919, 1966]
[1871, 1872, 1918, 1967]
[1872, 1921, 1967, 1968]
[1873, 1920, 1922, 1969]
[1874, 1921, 1923, 1970]
[1875, 1922, 1924, 1971]
[1876, 1923, 1925, 1972]
[1877, 1924, 1926, 1973]
[1878, 1925, 1927, 1974]
[1879, 1926, 1928, 1975]
[1880, 1927, 1929, 1976]
[1881, 1928, 1930, 1977]
[1882, 1929, 1931, 1978]
[1883, 1930, 1932, 1979]
[1884, 1931, 1933, 1980]
[1885, 1932, 1934, 1981]
[1886, 1933, 1935, 1982]
[1887, 1934, 1936, 1983]
[1888, 1935, 1937, 1984]
[1889, 1936, 1938, 1985]
[1890, 1937, 1939, 1986]
[1891, 1938, 1940, 1987]
[1892, 1939, 1941, 1988]
[1893, 1940, 1942, 1989]
[1894, 1941, 1943, 1990]
[1895, 1942, 1944, 1991]
[1896, 1943, 1945, 1992]
[1897, 1944, 1946, 1993]
[1898, 1945, 1947, 1994]
[1899, 1946, 1948, 1995]
[1900, 1947, 1949, 1996]
[1901, 1948, 1950, 1997]
[1902, 1949, 1951, 1998]
[1903, 1950, 1952, 1999]
[1904, 1951, 1953, 2000]
[1905, 1952, 1954, 2001]
[1906, 1953, 1955, 2002]
[1907, 1954, 1956, 2003]
[1908, 1955, 1957, 2004]
[1909, 1956, 1958, 2005]
[1910, 1957, 1959, 2006]
[1911, 1958, 1960, 2007]
[1912, 1959, 1961, 2008]
[1913, 1960, 1962, 2009]
[1914, 1961, 1963, 2010]
[1915, 1962, 1964, 2011]
[1916, 1963, 1965, 2012]
[1917, 1964, 1966, 2013]
[1918, 1965, 1967, 2014]
[1919, 1920, 1966, 2015]
[1920, 1969, 2015, 2016]
[1921, 1968, 1970, 2017]
[1922, 1969, 1971, 2018]
[1923, 1970, 1972, 2019]
[1924, 1971, 1973, 2020]
[1925, 1972, 1974, 2021]
[1926, 1973, 1975, 2022]
[1927, 1974, 1976, 2023]
[1928, 1975, 1977, 2024]
[1929, 1976, 1978, 2025]
[1930, 1977, 1979, 2026]
[1931, 1978, 1980, 2027]
[1932, 1979, 1981, 2028]
[1933, 1980, 1982, 2029]
[1934, 1981, 1983, 2030]
[1935, 1982, 1984, 2031]
[1936, 1983, 1985, 2032]
[1937, 1984, 1986, 2033]
[1938, 1985, 1987, 2034]
[1939, 1986, 1988, 2035]
[1940, 1987, 1989, 2036]
[1941, 1988, 1990, 2037]
[1942, 1989, 1991, 2038]
[1943, 1990, 1992, 2039]
[1944, 1991, 1993, 2040]
[1945, 1992, 1994, 2041]
[1946, 1993, 1995, 2042]
[1947, 1994, 1996, 2043]
[1948, 1995, 1997, 2044]
[1949, 1996, 1998, 2045]
[1950, 1997, 1999, 2046]
[1951, 1998, 2000, 2047]
[1952, 1999, 2001, 2048]
[1953, 2000, 2002, 2049]
[1954, 2001, 2003, 2050]
[1955, 2002, 2004, 2051]
[1956, 2003, 2005, 2052]
[1957, 2004, 2006, 2053]
[1958, 2005, 2007, 2054]
[1959, 2006, 2008, 2055]
[1960, 2007, 2009, 2056]
[1961, 2008, 2010, 2057]
[1962, 2009, 2011, 2058]
[1963, 2010, 2012, 2059]
[1964, 2011, 2013, 2060]
[1965, 2012, 2014, 2061]
[1966, 2013, 2015, 2062]
[1967, 1968, 2014, 2063]
[1968, 2017, 2063, 2064]
[1969, 2016, 2018, 2065]
[1970, 2017, 2019, 2066]
[1971, 2018, 2020, 2067]
[1972, 2019, 2021, 2068]
[1973, 2020, 2022, 2069]
[1974, 2021, 2023, 2070]
[1975, 2022, 2024, 2071]
[1976, 2023, 2025, 2072]
[1977, 2024, 2026, 2073]
[1978, 2025, 2027, 2074]
[1979, 2026, 2028, 2075]
[1980, 2027, 2029, 2076]
[1981, 2028, 2030, 2077]
[1982, 2029, 2031, 2078]
[1983, 2030, 2032, 2079]
[1984, 2031, 2033, 2080]
[1985, 2032, 2034, 2081]
[1986, 2033, 2035, 2082]
[1987, 2034, 2036, 2083]
[1988, 2035, 2037, 2084]
[1989, 2036, 2038, 2085]
[1990, 2037, 2039, 2086]
[1991, 2038, 2040, 2087]
[1992, 2039, 2041, 2088]
[1993, 2040, 2042, 2089]
[1994, 2041, 2043, 2090]
[1995, 2042, 2044, 2091]
[1996, 2043, 2045, 2092]
[1997, 2044, 2046, 2093]
[1998, 2045, 2047, 2094]
[1999, 2046, 2048, 2095]
[2000, 2047, 2049, 2096]
[2001, 2048, 2050, 2097]
[2002, 2049, 2051, 2098]
[2003, 2050, 2052, 2099]
[2004, 2051, 2053, 2100]
[2005, 2052, 2054, 2101]
[2006, 2053, 2055, 2102]
[2007, 2054, 2056, 2103]
[2008, 2055, 2057, 2104]
[2009, 2056, 2058, 2105]
[2010, 2057, 2059, 2106]
[2011, 2058, 2060, 2107]
[2012, 2059, 2061, 2108]
[2013, 2060, 2062, 2109]
[2014, 2061, 2063, 2110]
[2015, 2016, 2062, 2111]
[2016, 2065, 2111, 2112]
[2017, 2064, 2066, 2113]
[2018, 2065, 2067, 2114]
[2019, 2066, 2068, 2115]
[2020, 2067, 2069, 2116]
[2021, 2068, 2070, 2117]
[2022, 2069, 2071, 2118]
[2023, 2070, 2072, 2119]
[2024, 2071, 2073, 2120]
[2025, 2072, 2074, 2121]
[2026, 2073, 2075, 2122]
[2027, 2074, 2076, 2123]
[2028, 2075, 2077, 2124]
[2029, 2076, 2078, 2125]
[2030, 2077, 2079, 2126]
[2031, 2078, 2080, 2127]
[2032, 2079, 2081, 2128]
[2033, 2080, 2082, 2129]
[2034, 2081, 2083, 2130]
[2035, 2082, 2084, 2131]
[2036, 2083, 2085, 2132]
[2037, 2084, 2086, 2133]
[2038, 2085, 2087, 2134]
[2039, 2086, 2088, 2135]
[2040, 2087, 2089, 2136]
[2041, 2088, 2090, 2137]
[2042, 2089, 2091, 2138]
[2043, 2090, 2092, 2139]
[2044, 2091, 2093, 2140]
[2045, 2092, 2094, 2141]
[2046, 2093, 2095, 2142]
[2047, 2094, 2096, 2143]
[2048, 2095, 2097, 2144]
[2049, 2096, 2098, 2145]
[2050, 2097, 2099, 2146]
[2051, 2098, 2100, 2147]
[2052, 2099, 2101, 2148]
[2053, 2100, 2102, 2149]
[2054, 2101, 2103, 2150]
[2055, 2102, 2104, 2151]
[2056, 2103, 2105, 2152]
[2057, 2104, 2106, 2153]
[2058, 2105, 2107, 2154]
[2059, 2106, 2108, 2155]
[2060, 2107, 2109, 2156]
[2061, 2108, 2110, 2157]
[2062, 2109, 2111, 2158]
[2063, 2064, 2110, 2159]
[2064, 2113, 2159, 2160]
[2065, 2112, 2114, 2161]
[2066, 2113, 2115, 2162]
[2067, 2114, 2116, 2163]
[2068, 2115, 2117, 2164]
[2069, 2116, 2118, 2165]
[2070, 2117, 2119, 2166]
[2071, 2118, 2120, 2167]
[2072, 2119, 2121, 2168]
[2073, 2120, 2122, 2169]
[2074, 2121, 2123, 2170]
[2075, 2122, 2124, 2171]
[2076, 2123, 2125, 2172]
[2077, 2124, 2126, 2173]
[2078, 2125, 2127, 2174]
[2079, 2126, 2128, 2175]
[2080, 2127, 2129, 2176]
[2081, 2128, 2130, 2177]
[2082, 2129, 2131, 2178]
[2083, 2130, 2132, 2179]
[2084, 2131, 2133, 2180]
[2085, 2132, 2134, 2181]
[2086, 2133, 2135, 2182]
[2087, 2134, 2136, 2183]
[2088, 2135, 2137, 2184]
[2089, 2136, 2138, 2185]
[2090, 2137, 2139, 2186]
[2091, 2138, 2140, 2187]
[2092, 2139, 2141, 2188]
[2093, 2140, 2142, 2189]
[2094, 2141, 2143, 2190]
[2095, 2142, 2144, 2191]
[2096, 2143, 2145, 2192]
[2097, 2144, 2146, 2193]
[2098, 2145, 2147, 2194]
[2099, 2146, 2148, 2195]
[2100, 2147, 2149, 2196]
[2101, 2148, 2150, 2197]
[2102, 2149, 2151, 2198]
[2103, 2150, 2152, 2199]
[2104, 2151, 2153, 2200]
[2105, 2152, 2154, 2201]
[2106, 2153, 2155, 2202]
[2107, 2154, 2156, 2203]
[2108, 2155, 2157, 2204]
[2109, 2156, 2158, 2205]
[2110, 2157, 2159, 2206]
[2111, 2112, 2158, 2207]
[2112, 2161, 2207, 2208]
[2113, 2160, 2162, 2209]
[2114, 2161, 2163, 2210]
[2115, 2162, 2164, 2211]
[2116, 2163, 2165, 2212]
[2117, 2164, 2166, 2213]
[2118, 2165, 2167, 2214]
[2119, 2166, 2168, 2215]
[2120, 2167, 2169, 2216]
[2121, 2168, 2170, 2217]
[2122, 2169, 2171, 2218]
[2123, 2170, 2172, 2219]
[2124, 2171, 2173, 2220]
[2125, 2172, 2174, 2221]
[2126, 2173, 2175, 2222]
[2127, 2174, 2176, 2223]
[2128, 2175, 2177, 2224]
[2129, 2176, 2178, 2225]
[2130, 2177, 2179, 2226]
[2131, 2178, 2180, 2227]
[2132, 2179, 2181, 2228]
[2133, 2180, 2182, 2229]
[2134, 2181, 2183, 2230]
[2135, 2182, 2184, 2231]
[2136, 2183, 2185, 2232]
[2137, 2184, 2186, 2233]
[2138, 2185, 2187, 2234]
[2139, 2186, 2188, 2235]
[2140, 2187, 2189, 2236]
[2141, 2188, 2190, 2237]
[2142, 2189, 2191, 2238]
[2143, 2190, 2192, 2239]
[2144, 2191, 2193, 2240]
[2145, 2192, 2194, 2241]
[2146, 2193, 2195, 2242]
[2147, 2194, 2196, 2243]
[2148, 2195, 2197, 2244]
[2149, 2196, 2198, 2245]
[2150, 2197, 2199, 2246]
[2151, 2198, 2200, 2247]
[2152, 2199, 2201, 2248]
[2153, 2200, 2202, 2249]
[2154, 2201, 2203, 2250]
[2155, 2202, 2204, 2251]
[2156, 2203, 2205, 2252]
[2157, 2204, 2206, 2253]
[2158, 2205, 2207, 2254]
[2159, 2160, 2206, 2255]
[2160, 2209, 2255, 2256]
[2161, 2208, 2210, 2257]
[2162, 2209, 2211, 2258]
[2163, 2210, 2212, 2259]
[2164, 2211, 2213, 2260]
[2165, 2212, 2214, 2261]
[2166, 2213, 2215, 2262]
[2167, 2214, 2216, 2263]
[2168, 2215, 2217, 2264]
[2169, 2216, 2218, 2265]
[2170, 2217, 2219, 2266]
[2171, 2218, 2220, 2267]
[2172, 2219, 2221, 2268]
[2173, 2220, 2222, 2269]
[2174, 2221, 2223, 2270]
[2175, 2222, 2224, 2271]
[2176, 2223, 2225, 2272]
[2177, 2224, 2226, 2273]
[2178, 2225, 2227, 2274]
[2179, 2226, 2228, 2275]
[2180, 2227, 2229, 2276]
[2181, 2228, 2230, 2277]
[2182, 2229, 2231, 2278]
[2183, 2230, 2232, 2279]
[2184, 2231, 2233, 2280]
[2185, 2232, 2234, 2281]
[2186, 2233, 2235, 2282]
[2187, 2234, 2236, 2283]
[2188, 2235, 2237, 2284]
[2189, 2236, 2238, 2285]
[2190, 2237, 2239, 2286]
[2191, 2238, 2240, 2287]
[2192, 2239, 2241, 2288]
[2193, 2240, 2242, 2289]
[2194, 2241, 2243, 2290]
[2195, 2242, 2244, 2291]
[2196, 2243, 2245, 2292]
[2197, 2244, 2246, 2293]
[2198, 2245, 2247, 2294]
[2199, 2246, 2248, 2295]
[2200, 2247, 2249, 2296]
[2201, 2248, 2250, 2297]
[2202, 2249, 2251, 2298]
[2203, 2250, 2252, 2299]
[2204, 2251, 2253, 2300]
[2205, 2252, 2254, 2301]
[2206, 2253, 2255, 2302]
[2207, 2208, 2254, 2303]
[0, 2208, 2257, 2303]
[1, 2209, 2256, 2258]
[2, 2210, 2257, 2259]
[3, 2211, 2258, 2260]
[4, 2212, 2259, 2261]
[5, 2213, 2260, 2262]
[6, 2214, 2261, 2263]
[7, 2215, 2262, 2264]
[8, 2216, 2263, 2265]
[9, 2217, 2264, 2266]
[10, 2218, 2265, 2267]
[11, 2219, 2266, 2268]
[12, 2220, 2267, 2269]
[13, 2221, 2268, 2270]
[14, 2222, 2269, 2271]
[15, 2223, 2270, 2272]
[16, 2224, 2271, 2273]
[17, 2225, 2272, 2274]
[18, 2226, 2273, 2275]
[19, 2227, 2274, 2276]
[20, 2228, 2275, 2277]
[21, 2229, 2276, 2278]
[22, 2230, 2277, 2279]
[23, 2231, 2278, 2280]
[24, 2232, 2279, 2281]
[25, 2233, 2280, 2282]
[26, 2234, 2281, 2283]
[27, 2235, 2282, 2284]
[28, 2236, 2283, 2285]
[29, 2237, 2284, 2286]
[30, 2238, 2285, 2287]
[31, 2239, 2286, 2288]
[32, 2240, 2287, 2289]
[33, 2241, 2288, 2290]
[34, 2242, 2289, 2291]
[35, 2243, 2290, 2292]
[36, 2244, 2291, 2293]
[37, 2245, 2292, 2294]
[38, 2246, 2293, 2295]
[39, 2247, 2294, 2296]
[40, 2248, 2295, 2297]
[41, 2249, 2296, 2298]
[42, 2250, 2297, 2299]
[43, 2251, 2298, 2300]
[44, 2252, 2299, 2301]
[45, 2253, 2300, 2302]
[46, 2254, 2301, 2303]
[47, 2255, 2256, 2302]
