[1, 35, 36, 1260]
[0, 2, 37, 1261]
[1, 3, 38, 1262]
[2, 4, 39, 1263]
[3, 5, 40, 1264]
[4, 6, 41, 1265]
[5, 7, 42, 1266]
[6, 8, 43, 1267]
[7, 9, 44, 1268]
[8, 10, 45, 1269]
[9, 11, 46, 1270]
[10, 12, 47, 1271]
[11, 13, 48, 1272]
[12, 14, 49, 1273]
[13, 15, 50, 1274]
[14, 16, 51, 1275]
[15, 17, 52, 1276]
[16, 18, 53, 1277]
[17, 19, 54, 1278]
[18, 20, 55, 1279]
[19, 21, 56, 1280]
[20, 22, 57, 1281]
[21, 23, 58, 1282]
[22, 24, 59, 1283]
[23, 25, 60, 1284]
[24, 26, 61, 1285]
[25, 27, 62, 1286]
[26, 28, 63, 1287]
[27, 29, 64, 1288]
[28, 30, 65, 1289]
[29, 31, 66, 1290]
[30, 32, 67, 1291]
[31, 33, 68, 1292]
[32, 34, 69, 1293]
[33, 35, 70, 1294]
[0, 34, 71, 1295]
[0, 37, 71, 72]
[1, 36, 38, 73]
[2, 37, 39, 74]
[3, 38, 40, 75]
[4, 39, 41, 76]
[5, 40, 42, 77]
[6, 41, 43, 78]
[7, 42, 44, 79]
[8, 43, 45, 80]
[9, 44, 46, 81]
[10, 45, 47, 82]
[11, 46, 48, 83]
[12, 47, 49, 84]
[13, 48, 50, 85]
[14, 49, 51, 86]
[15, 50, 52, 87]
[16, 51, 53, 88]
[17, 52, 54, 89]
[18, 53, 55, 90]
[19, 54, 56, 91]
[20, 55, 57, 92]
[21, 56, 58, 93]
[22, 57, 59, 94]
[23, 58, 60, 95]
[24, 59, 61, 96]
[25, 60, 62, 97]
[26, 61, 63, 98]
[27, 62, 64, 99]
[28, 63, 65, 100]
[29, 64, 66, 101]
[30, 65, 67, 102]
[31, 66, 68, 103]
[32, 67, 69, 104]
[33, 68, 70, 105]
[34, 69, 71, 106]
[35, 36, 70, 107]
[36, 73, 107, 108]
[37, 72, 74, 109]
[38, 73, 75, 110]
[39, 74, 76, 111]
[40, 75, 77, 112]
[41, 76, 78, 113]
[42, 77, 79, 114]
[43, 78, 80, 115]
[44, 79, 81, 116]
[45, 80, 82, 117]
[46, 81, 83, 118]
[47, 82, 84, 119]
[48, 83, 85, 120]
[49, 84, 86, 121]
[50, 85, 87, 122]
[51, 86, 88, 123]
[52, 87, 89, 124]
[53, 88, 90, 125]
[54, 89, 91, 126]
[55, 90, 92, 127]
[56, 91, 93, 128]
[57, 92, 94, 129]
[58, 93, 95, 130]
[59, 94, 96, 131]
[60, 95, 97, 132]
[61, 96, 98, 133]
[62, 97, 99, 134]
[63, 98, 100, 135]
[64, 99, 101, 136]
[65, 100, 102, 137]
[66, 101, 103, 138]
[67, 102, 104, 139]
[68, 103, 105, 140]
[69, 104, 106, 141]
[70, 105, 107, 142]
[71, 72, 106, 143]
[72, 109, 143, 144]
[73, 108, 110, 145]
[74, 109, 111, 146]
[75, 110, 112, 147]
[76, 111, 113, 148]
[77, 112, 114, 149]
[78, 113, 115, 150]
[79, 114, 116, 151]
[80, 115, 117, 152]
[81, 116, 118, 153]
[82, 117, 119, 154]
[83, 118, 120, 155]
[84, 119, 121, 156]
[85, 120, 122, 157]
[86, 121, 123, 158]
[87, 122, 124, 159]
[88, 123, 125, 160]
[89, 124, 126, 161]
[90, 125, 127, 162]
[91, 126, 128, 163]
[92, 127, 129, 164]
[93, 128, 130, 165]
[94, 129, 131, 166]
[95, 130, 132, 167]
[96, 131, 133, 168]
[97, 132, 134, 169]
[98, 133, 135, 170]
[99, 134, 136, 171]
[100, 135, 137, 172]
[101, 136, 138, 173]
[102, 137, 139, 174]
[103, 138, 140, 175]
[104, 139, 141, 176]
[105, 140, 142, 177]
[106, 141, 143, 178]
[107, 108, 142, 179]
[108, 145, 179, 180]
[109, 144, 146, 181]
[110, 145, 147, 182]
[111, 146, 148, 183]
[112, 147, 149, 184]
[113, 148, 150, 185]
[114, 149, 151, 186]
[115, 150, 152, 187]
[116, 151, 153, 188]
[117, 152, 154, 189]
[118, 153, 155, 190]
[119, 154, 156, 191]
[120, 155, 157, 192]
[121, 156, 158, 193]
[122, 157, 159, 194]
[123, 158, 160, 195]
[124, 159, 161, 196]
[125, 160, 162, 197]
[126, 161, 163, 198]
[127, 162, 164, 199]
[128, 163, 165, 200]
[129, 164, 166, 201]
[130, 165, 167, 202]
[131, 166, 168, 203]
[132, 167, 169, 204]
[133, 168, 170, 205]
[134, 169, 171, 206]
[135, 170, 172, 207]
[136, 171, 173, 208]
[137, 172, 174, 209]
[138, 173, 175, 210]
[139, 174, 176, 211]
[140, 175, 177, 212]
[141, 176, 178, 213]
[142, 177, 179, 214]
[143, 144, 178, 215]
[144, 181, 215, 216]
[145, 180, 182, 217]
[146, 181, 183, 218]
[147, 182, 184, 219]
[148, 183, 185, 220]
[149, 184, 186, 221]
[150, 185, 187, 222]
[151, 186, 188, 223]
[152, 187, 189, 224]
[153, 188, 190, 225]
[154, 189, 191, 226]
[155, 190, 192, 227]
[156, 191, 193, 228]
[157, 192, 194, 229]
[158, 193, 195, 230]
[159, 194, 196, 231]
[160, 195, 197, 232]
[161, 196, 198, 233]
[162, 197, 199, 234]
[163, 198, 200, 235]
[164, 199, 201, 236]
[165, 200, 202, 237]
[166, 201, 203, 238]
[167, 202, 204, 239]
[168, 203, 205, 240]
[169, 204, 206, 241]
[170, 205, 207, 242]
[171, 206, 208, 243]
[172, 207, 209, 244]
[173, 208, 210, 245]
[174, 209, 211, 246]
[175, 210, 212, 247]
[176, 211, 213, 248]
[177, 212, 214, 249]
[178, 213, 215, 250]
[179, 180, 214, 251]
[180, 217, 251, 252]
[181, 216, 218, 253]
[182, 217, 219, 254]
[183, 218, 220, 255]
[184, 219, 221, 256]
[185, 220, 222, 257]
[186, 221, 223, 258]
[187, 222, 224, 259]
[188, 223, 225, 260]
[189, 224, 226, 261]
[190, 225, 227, 262]
[191, 226, 228, 263]
[192, 227, 229, 264]
[193, 228, 230, 265]
[194, 229, 231, 266]
[195, 230, 232, 267]
[196, 231, 233, 268]
[197, 232, 234, 269]
[198, 233, 235, 270]
[199, 234, 236, 271]
[200, 235, 237, 272]
[201, 236, 238, 273]
[202, 237, 239, 274]
[203, 238, 240, 275]
[204, 239, 241, 276]
[205, 240, 242, 277]
[206, 241, 243, 278]
[207, 242, 244, 279]
[208, 243, 245, 280]
[209, 244, 246, 281]
[210, 245, 247, 282]
[211, 246, 248, 283]
[212, 247, 249, 284]
[213, 248, 250, 285]
[214, 249, 251, 286]
[215, 216, 250, 287]
[216, 253, 287, 288]
[217, 252, 254, 289]
[218, 253, 255, 290]
[219, 254, 256, 291]
[220, 255, 257, 292]
[221, 256, 258, 293]
[222, 257, 259, 294]
[223, 258, 260, 295]
[224, 259, 261, 296]
[225, 260, 262, 297]
[226, 261, 263, 298]
[227, 262, 264, 299]
[228, 263, 265, 300]
[229, 264, 266, 301]
[230, 265, 267, 302]
[231, 266, 268, 303]
[232, 267, 269, 304]
[233, 268, 270, 305]
[234, 269, 271, 306]
[235, 270, 272, 307]
[236, 271, 273, 308]
[237, 272, 274, 309]
[238, 273, 275, 310]
[239, 274, 276, 311]
[240, 275, 277, 312]
[241, 276, 278, 313]
[242, 277, 279, 314]
[243, 278, 280, 315]
[244, 279, 281, 316]
[245, 280, 282, 317]
[246, 281, 283, 318]
[247, 282, 284, 319]
[248, 283, 285, 320]
[249, 284, 286, 321]
[250, 285, 287, 322]
[251, 252, 286, 323]
[252, 289, 323, 324]
[253, 288, 290, 325]
[254, 289, 291, 326]
[255, 290, 292, 327]
[256, 291, 293, 328]
[257, 292, 294, 329]
[258, 293, 295, 330]
[259, 294, 296, 331]
[260, 295, 297, 332]
[261, 296, 298, 333]
[262, 297, 299, 334]
[263, 298, 300, 335]
[264, 299, 301, 336]
[265, 300, 302, 337]
[266, 301, 303, 338]
[267, 302, 304, 339]
[268, 303, 305, 340]
[269, 304, 306, 341]
[270, 305, 307, 342]
[271, 306, 308, 343]
[272, 307, 309, 344]
[273, 308, 310, 345]
[274, 309, 311, 346]
[275, 310, 312, 347]
[276, 311, 313, 348]
[277, 312, 314, 349]
[278, 313, 315, 350]
[279, 314, 316, 351]
[280, 315, 317, 352]
[281, 316, 318, 353]
[282, 317, 319, 354]
[283, 318, 320, 355]
[284, 319, 321, 356]
[285, 320, 322, 357]
[286, 321, 323, 358]
[287, 288, 322, 359]
[288, 325, 359, 360]
[289, 324, 326, 361]
[290, 325, 327, 362]
[291, 326, 328, 363]
[292, 327, 329, 364]
[293, 328, 330, 365]
[294, 329, 331, 366]
[295, 330, 332, 367]
[296, 331, 333, 368]
[297, 332, 334, 369]
[298, 333, 335, 370]
[299, 334, 336, 371]
[300, 335, 337, 372]
[301, 336, 338, 373]
[302, 337, 339, 374]
[303, 338, 340, 375]
[304, 339, 341, 376]
[305, 340, 342, 377]
[306, 341, 343, 378]
[307, 342, 344, 379]
[308, 343, 345, 380]
[309, 344, 346, 381]
[310, 345, 347, 382]
[311, 346, 348, 383]
[312, 347, 349, 384]
[313, 348, 350, 385]
[314, 349, 351, 386]
[315, 350, 352, 387]
[316, 351, 353, 388]
[317, 352, 354, 389]
[318, 353, 355, 390]
[319, 354, 356, 391]
[320, 355, 357, 392]
[321, 356, 358, 393]
[322, 357, 359, 394]
[323, 324, 358, 395]
[324, 361, 395, 396]
[325, 360, 362, 397]
[326, 361, 363, 398]
[327, 362, 364, 399]
[328, 363, 365, 400]
[329, 364, 366, 401]
[330, 365, 367, 402]
[331, 366, 368, 403]
[332, 367, 369, 404]
[333, 368, 370, 405]
[334, 369, 371, 406]
[335, 370, 372, 407]
[336, 371, 373, 408]
[337, 372, 374, 409]
[338, 373, 375, 410]
[339, 374, 376, 411]
[340, 375, 377, 412]
[341, 376, 378, 413]
[342, 377, 379, 414]
[343, 378, 380, 415]
[344, 379, 381, 416]
[345, 380, 382, 417]
[346, 381, 383, 418]
[347, 382, 384, 419]
[348, 383, 385, 420]
[349, 384, 386, 421]
[350, 385, 387, 422]
[351, 386, 388, 423]
[352, 387, 389, 424]
[353, 388, 390, 425]
[354, 389, 391, 426]
[355, 390, 392, 427]
[356, 391, 393, 428]
[357, 392, 394, 429]
[358, 393, 395, 430]
[359, 360, 394, 431]
[360, 397, 431, 432]
[361, 396, 398, 433]
[362, 397, 399, 434]
[363, 398, 400, 435]
[364, 399, 401, 436]
[365, 400, 402, 437]
[366, 401, 403, 438]
[367, 402, 404, 439]
[368, 403, 405, 440]
[369, 404, 406, 441]
[370, 405, 407, 442]
[371, 406, 408, 443]
[372, 407, 409, 444]
[373, 408, 410, 445]
[374, 409, 411, 446]
[375, 410, 412, 447]
[376, 411, 413, 448]
[377, 412, 414, 449]
[378, 413, 415, 450]
[379, 414, 416, 451]
[380, 415, 417, 452]
[381, 416, 418, 453]
[382, 417, 419, 454]
[383, 418, 420, 455]
[384, 419, 421, 456]
[385, 420, 422, 457]
[386, 421, 423, 458]
[387, 422, 424, 459]
[388, 423, 425, 460]
[389, 424, 426, 461]
[390, 425, 427, 462]
[391, 426, 428, 463]
[392, 427, 429, 464]
[393, 428, 430, 465]
[394, 429, 431, 466]
[395, 396, 430, 467]
[396, 433, 467, 468]
[397, 432, 434, 469]
[398, 433, 435, 470]
[399, 434, 436, 471]
[400, 435, 437, 472]
[401, 436, 438, 473]
[402, 437, 439, 474]
[403, 438, 440, 475]
[404, 439, 441, 476]
[405, 440, 442, 477]
[406, 441, 443, 478]
[407, 442, 444, 479]
[408, 443, 445, 480]
[409, 444, 446, 481]
[410, 445, 447, 482]
[411, 446, 448, 483]
[412, 447, 449, 484]
[413, 448, 450, 485]
[414, 449, 451, 486]
[415, 450, 452, 487]
[416, 451, 453, 488]
[417, 452, 454, 489]
[418, 453, 455, 490]
[419, 454, 456, 491]
[420, 455, 457, 492]
[421, 456, 458, 493]
[422, 457, 459, 494]
[423, 458, 460, 495]
[424, 459, 461, 496]
[425, 460, 462, 497]
[426, 461, 463, 498]
[427, 462, 464, 499]
[428, 463, 465, 500]
[429, 464, 466, 501]
[430, 465, 467, 502]
[431, 432, 466, 503]
[432, 469, 503, 504]
[433, 468, 470, 505]
[434, 469, 471, 506]
[435, 470, 472, 507]
[436, 471, 473, 508]
[437, 472, 474, 509]
[438, 473, 475, 510]
[439, 474, 476, 511]
[440, 475, 477, 512]
[441, 476, 478, 513]
[442, 477, 479, 514]
[443, 478, 480, 515]
[444, 479, 481, 516]
[445, 480, 482, 517]
[446, 481, 483, 518]
[447, 482, 484, 519]
[448, 483, 485, 520]
[449, 484, 486, 521]
[450, 485, 487, 522]
[451, 486, 488, 523]
[452, 487, 489, 524]
[453, 488, 490, 525]
[454, 489, 491, 526]
[455, 490, 492, 527]
[456, 491, 493, 528]
[457, 492, 494, 529]
[458, 493, 495, 530]
[459, 494, 496, 531]
[460, 495, 497, 532]
[461, 496, 498, 533]
[462, 497, 499, 534]
[463, 498, 500, 535]
[464, 499, 501, 536]
[465, 500, 502, 537]
[466, 501, 503, 538]
[467, 468, 502, 539]
[468, 505, 539, 540]
[469, 504, 506, 541]
[470, 505, 507, 542]
[471, 506, 508, 543]
[472, 507, 509, 544]
[473, 508, 510, 545]
[474, 509, 511, 546]
[475, 510, 512, 547]
[476, 511, 513, 548]
[477, 512, 514, 549]
[478, 513, 515, 550]
[479, 514, 516, 551]
[480, 515, 517, 552]
[481, 516, 518, 553]
[482, 517, 519, 554]
[483, 518, 520, 555]
[484, 519, 521, 556]
[485, 520, 522, 557]
[486, 521, 523, 558]
[487, 522, 524, 559]
[488, 523, 525, 560]
[489, 524, 526, 561]
[490, 525, 527, 562]
[491, 526, 528, 563]
[492, 527, 529, 564]
[493, 528, 530, 565]
[494, 529, 531, 566]
[495, 530, 532, 567]
[496, 531, 533, 568]
[497, 532, 534, 569]
[498, 533, 535, 570]
[499, 534, 536, 571]
[500, 535, 537, 572]
[501, 536, 538, 573]
[502, 537, 539, 574]
[503, 504, 538, 575]
[504, 541, 575, 576]
[505, 540, 542, 577]
[506, 541, 543, 578]
[507, 542, 544, 579]
[508, 543, 545, 580]
[509, 544, 546, 581]
[510, 545, 547, 582]
[511, 546, 548, 583]
[512, 547, 549, 584]
[513, 548, 550, 585]
[514, 549, 551, 586]
[515, 550, 552, 587]
[516, 551, 553, 588]
[517, 552, 554, 589]
[518, 553, 555, 590]
[519, 554, 556, 591]
[520, 555, 557, 592]
[521, 556, 558, 593]
[522, 557, 559, 594]
[523, 558, 560, 595]
[524, 559, 561, 596]
[525, 560, 562, 597]
[526, 561, 563, 598]
[527, 562, 564, 599]
[528, 563, 565, 600]
[529, 564, 566, 601]
[530, 565, 567, 602]
[531, 566, 568, 603]
[532, 567, 569, 604]
[533, 568, 570, 605]
[534, 569, 571, 606]
[535, 570, 572, 607]
[536, 571, 573, 608]
[537, 572, 574, 609]
[538, 573, 575, 610]
[539, 540, 574, 611]
[540, 577, 611, 612]
[541, 576, 578, 613]
[542, 577, 579, 614]
[543, 578, 580, 615]
[544, 579, 581, 616]
[545, 580, 582, 617]
[546, 581, 583, 618]
[547, 582, 584, 619]
[548, 583, 585, 620]
[549, 584, 586, 621]
[550, 585, 587, 622]
[551, 586, 588, 623]
[552, 587, 589, 624]
[553, 588, 590, 625]
[554, 589, 591, 626]
[555, 590, 592, 627]
[556, 591, 593, 628]
[557, 592, 594, 629]
[558, 593, 595, 630]
[559, 594, 596, 631]
[560, 595, 597, 632]
[561, 596, 598, 633]
[562, 597, 599, 634]
[563, 598, 600, 635]
[564, 599, 601, 636]
[565, 600, 602, 637]
[566, 601, 603, 638]
[567, 602, 604, 639]
[568, 603, 605, 640]
[569, 604, 606, 641]
[570, 605, 607, 642]
[571, 606, 608, 643]
[572, 607, 609, 644]
[573, 608, 610, 645]
[574, 609, 611, 646]
[575, 576, 610, 647]
[576, 613, 647, 648]
[577, 612, 614, 649]
[578, 613, 615, 650]
[579, 614, 616, 651]
[580, 615, 617, 652]
[581, 616, 618, 653]
[582, 617, 619, 654]
[583, 618, 620, 655]
[584, 619, 621, 656]
[585, 620, 622, 657]
[586, 621, 623, 658]
[587, 622, 624, 659]
[588, 623, 625, 660]
[589, 624, 626, 661]
[590, 625, 627, 662]
[591, 626, 628, 663]
[592, 627, 629, 664]
[593, 628, 630, 665]
[594, 629, 631, 666]
[595, 630, 632, 667]
[596, 631, 633, 668]
[597, 632, 634, 669]
[598, 633, 635, 670]
[599, 634, 636, 671]
[600, 635, 637, 672]
[601, 636, 638, 673]
[602, 637, 639, 674]
[603, 638, 640, 675]
[604, 639, 641, 676]
[605, 640, 642, 677]
[606, 641, 643, 678]
[607, 642, 644, 679]
[608, 643, 645, 680]
[609, 644, 646, 681]
[610, 645, 647, 682]
[611, 612, 646, 683]
[612, 649, 683, 684]
[613, 648, 650, 685]
[614, 649, 651, 686]
[615, 650, 652, 687]
[616, 651, 653, 688]
[617, 652, 654, 689]
[618, 653, 655, 690]
[619, 654, 656, 691]
[620, 655, 657, 692]
[621, 656, 658, 693]
[622, 657, 659, 694]
[623, 658, 660, 695]
[624, 659, 661, 696]
[625, 660, 662, 697]
[626, 661, 663, 698]
[627, 662, 664, 699]
[628, 663, 665, 700]
[629, 664, 666, 701]
[630, 665, 667, 702]
[631, 666, 668, 703]
[632, 667, 669, 704]
[633, 668, 670, 705]
[634, 669, 671, 706]
[635, 670, 672, 707]
[636, 671, 673, 708]
[637, 672, 674, 709]
[638, 673, 675, 710]
[639, 674, 676, 711]
[640, 675, 677, 712]
[641, 676, 678, 713]
[642, 677, 679, 714]
[643, 678, 680, 715]
[644, 679, 681, 716]
[645, 680, 682, 717]
[646, 681, 683, 718]
[647, 648, 682, 719]
[648, 685, 719, 720]
[649, 684, 686, 721]
[650, 685, 687, 722]
[651, 686, 688, 723]
[652, 687, 689, 724]
[653, 688, 690, 725]
[654, 689, 691, 726]
[655, 690, 692, 727]
[656, 691, 693, 728]
[657, 692, 694, 729]
[658, 693, 695, 730]
[659, 694, 696, 731]
[660, 695, 697, 732]
[661, 696, 698, 733]
[662, 697, 699, 734]
[663, 698, 700, 735]
[664, 699, 701, 736]
[665, 700, 702, 737]
[666, 701, 703, 738]
[667, 702, 704, 739]
[668, 703, 705, 740]
[669, 704, 706, 741]
[670, 705, 707, 742]
[671, 706, 708, 743]
[672, 707, 709, 744]
[673, 708, 710, 745]
[674, 709, 711, 746]
[675, 710, 712, 747]
[676, 711, 713, 748]
[677, 712, 714, 749]
[678, 713, 715, 750]
[679, 714, 716, 751]
[680, 715, 717, 752]
[681, 716, 718, 753]
[682, 717, 719, 754]
[683, 684, 718, 755]
[684, 721, 755, 756]
[685, 720, 722, 757]
[686, 721, 723, 758]
[687, 722, 724, 759]
[688, 723, 725, 760]
[689, 724, 726, 761]
[690, 725, 727, 762]
[691, 726, 728, 763]
[692, 727, 729, 764]
[693, 728, 730, 765]
[694, 729, 731, 766]
[695, 730, 732, 767]
[696, 731, 733, 768]
[697, 732, 734, 769]
[698, 733, 735, 770]
[699, 734, 736, 771]
[700, 735, 737, 772]
[701, 736, 738, 773]
[702, 737, 739, 774]
[703, 738, 740, 775]
[704, 739, 741, 776]
[705, 740, 742, 777]
[706, 741, 743, 778]
[707, 742, 744, 779]
[708, 743, 745, 780]
[709, 744, 746, 781]
[710, 745, 747, 782]
[711, 746, 748, 783]
[712, 747, 749, 784]
[713, 748, 750, 785]
[714, 749, 751, 786]
[715, 750, 752, 787]
[716, 751, 753, 788]
[717, 752, 754, 789]
[718, 753, 755, 790]
[719, 720, 754, 791]
[720, 757, 791, 792]
[721, 756, 758, 793]
[722, 757, 759, 794]
[723, 758, 760, 795]
[724, 759, 761, 796]
[725, 760, 762, 797]
[726, 761, 763, 798]
[727, 762, 764, 799]
[728, 763, 765, 800]
[729, 764, 766, 801]
[730, 765, 767, 802]
[731, 766, 768, 803]
[732, 767, 769, 804]
[733, 768, 770, 805]
[734, 769, 771, 806]
[735, 770, 772, 807]
[736, 771, 773, 808]
[737, 772, 774, 809]
[738, 773, 775, 810]
[739, 774, 776, 811]
[740, 775, 777, 812]
[741, 776, 778, 813]
[742, 777, 779, 814]
[743, 778, 780, 815]
[744, 779, 781, 816]
[745, 780, 782, 817]
[746, 781, 783, 818]
[747, 782, 784, 819]
[748, 783, 785, 820]
[749, 784, 786, 821]
[750, 785, 787, 822]
[751, 786, 788, 823]
[752, 787, 789, 824]
[753, 788, 790, 825]
[754, 789, 791, 826]
[755, 756, 790, 827]
[756, 793, 827, 828]
[757, 792, 794, 829]
[758, 793, 795, 830]
[759, 794, 796, 831]
[760, 795, 797, 832]
[761, 796, 798, 833]
[762, 797, 799, 834]
[763, 798, 800, 835]
[764, 799, 801, 836]
[765, 800, 802, 837]
[766, 801, 803, 838]
[767, 802, 804, 839]
[768, 803, 805, 840]
[769, 804, 806, 841]
[770, 805, 807, 842]
[771, 806, 808, 843]
[772, 807, 809, 844]
[773, 808, 810, 845]
[774, 809, 811, 846]
[775, 810, 812, 847]
[776, 811, 813, 848]
[777, 812, 814, 849]
[778, 813, 815, 850]
[779, 814, 816, 851]
[780, 815, 817, 852]
[781, 816, 818, 853]
[782, 817, 819, 854]
[783, 818, 820, 855]
[784, 819, 821, 856]
[785, 820, 822, 857]
[786, 821, 823, 858]
[787, 822, 824, 859]
[788, 823, 825, 860]
[789, 824, 826, 861]
[790, 825, 827, 862]
[791, 792, 826, 863]
[792, 829, 863, 864]
[793, 828, 830, 865]
[794, 829, 831, 866]
[795, 830, 832, 867]
[796, 831, 833, 868]
[797, 832, 834, 869]
[798, 833, 835, 870]
[799, 834, 836, 871]
[800, 835, 837, 872]
[801, 836, 838, 873]
[802, 837, 839, 874]
[803, 838, 840, 875]
[804, 839, 841, 876]
[805, 840, 842, 877]
[806, 841, 843, 878]
[807, 842, 844, 879]
[808, 843, 845, 880]
[809, 844, 846, 881]
[810, 845, 847, 882]
[811, 846, 848, 883]
[812, 847, 849, 884]
[813, 848, 850, 885]
[814, 849, 851, 886]
[815, 850, 852, 887]
[816, 851, 853, 888]
[817, 852, 854, 889]
[818, 853, 855, 890]
[819, 854, 856, 891]
[820, 855, 857, 892]
[821, 856, 858, 893]
[822, 857, 859, 894]
[823, 858, 860, 895]
[824, 859, 861, 896]
[825, 860, 862, 897]
[826, 861, 863, 898]
[827, 828, 862, 899]
[828, 865, 899, 900]
[829, 864, 866, 901]
[830, 865, 867, 902]
[831, 866, 868, 903]
[832, 867, 869, 904]
[833, 868, 870, 905]
[834, 869, 871, 906]
[835, 870, 872, 907]
[836, 871, 873, 908]
[837, 872, 874, 909]
[838, 873, 875, 910]
[839, 874, 876, 911]
[840, 875, 877, 912]
[841, 876, 878, 913]
[842, 877, 879, 914]
[843, 878, 880, 915]
[844, 879, 881, 916]
[845, 880, 882, 917]
[846, 881, 883, 918]
[847, 882, 884, 919]
[848, 883, 885, 920]
[849, 884, 886, 921]
[850, 885, 887, 922]
[851, 886, 888, 923]
[852, 887, 889, 924]
[853, 888, 890, 925]
[854, 889, 891, 926]
[855, 890, 892, 927]
[856, 891, 893, 928]
[857, 892, 894, 929]
[858, 893, 895, 930]
[859, 894, 896, 931]
[860, 895, 897, 932]
[861, 896, 898, 933]
[862, 897, 899, 934]
[863, 864, 898, 935]
[864, 901, 935, 936]
[865, 900, 902, 937]
[866, 901, 903, 938]
[867, 902, 904, 939]
[868, 903, 905, 940]
[869, 904, 906, 941]
[870, 905, 907, 942]
[871, 906, 908, 943]
[872, 907, 909, 944]
[873, 908, 910, 945]
[874, 909, 911, 946]
[875, 910, 912, 947]
[876, 911, 913, 948]
[877, 912, 914, 949]
[878, 913, 915, 950]
[879, 914, 916, 951]
[880, 915, 917, 952]
[881, 916, 918, 953]
[882, 917, 919, 954]
[883, 918, 920, 955]
[884, 919, 921, 956]
[885, 920, 922, 957]
[886, 921, 923, 958]
[887, 922, 924, 959]
[888, 923, 925, 960]
[889, 924, 926, 961]
[890, 925, 927, 962]
[891, 926, 928, 963]
[892, 927, 929, 964]
[893, 928, 930, 965]
[894, 929, 931, 966]
[895, 930, 932, 967]
[896, 931, 933, 968]
[897, 932, 934, 969]
[898, 933, 935, 970]
[899, 900, 934, 971]
[900, 937, 971, 972]
[901, 936, 938, 973]
[902, 937, 939, 974]
[903, 938, 940, 975]
[904, 939, 941, 976]
[905, 940, 942, 977]
[906, 941, 943, 978]
[907, 942, 944, 979]
[908, 943, 945, 980]
[909, 944, 946, 981]
[910, 945, 947, 982]
[911, 946, 948, 983]
[912, 947, 949, 984]
[913, 948, 950, 985]
[914, 949, 951, 986]
[915, 950, 952, 987]
[916, 951, 953, 988]
[917, 952, 954, 989]
[918, 953, 955, 990]
[919, 954, 956, 991]
[920, 955, 957, 992]
[921, 956, 958, 993]
[922, 957, 959, 994]
[923, 958, 960, 995]
[924, 959, 961, 996]
[925, 960, 962, 997]
[926, 961, 963, 998]
[927, 962, 964, 999]
[928, 963, 965, 1000]
[929, 964, 966, 1001]
[930, 965, 967, 1002]
[931, 966, 968, 1003]
[932, 967, 969, 1004]
[933, 968, 970, 1005]
[934, 969, 971, 1006]
[935, 936, 970, 1007]
[936, 973, 1007, 1008]
[937, 972, 974, 1009]
[938, 973, 975, 1010]
[939, 974, 976, 1011]
[940, 975, 977, 1012]
[941, 976, 978, 1013]
[942, 977, 979, 1014]
[943, 978, 980, 1015]
[944, 979, 981, 1016]
[945, 980, 982, 1017]
[946, 981, 983, 1018]
[947, 982, 984, 1019]
[948, 983, 985, 1020]
[949, 984, 986, 1021]
[950, 985, 987, 1022]
[951, 986, 988, 1023]
[952, 987, 989, 1024]
[953, 988, 990, 1025]
[954, 989, 991, 1026]
[955, 990, 992, 1027]
[956, 991, 993, 1028]
[957, 992, 994, 1029]
[958, 993, 995, 1030]
[959, 994, 996, 1031]
[960, 995, 997, 1032]
[961, 996, 998, 1033]
[962, 997, 999, 1034]
[963, 998, 1000, 1035]
[964, 999, 1001, 1036]
[965, 1000, 1002, 1037]
[966, 1001, 1003, 1038]
[967, 1002, 1004, 1039]
[968, 1003, 1005, 1040]
[969, 1004, 1006, 1041]
[970, 1005, 1007, 1042]
[971, 972, 1006, 1043]
[972, 1009, 1043, 1044]
[973, 1008, 1010, 1045]
[974, 1009, 1011, 1046]
[975, 1010, 1012, 1047]
[976, 1011, 1013, 1048]
[977, 1012, 1014, 1049]
[978, 1013, 1015, 1050]
[979, 1014, 1016, 1051]
[980, 1015, 1017, 1052]
[981, 1016, 1018, 1053]
[982, 1017, 1019, 1054]
[983, 1018, 1020, 1055]
[984, 1019, 1021, 1056]
[985, 1020, 1022, 1057]
[986, 1021, 1023, 1058]
[987, 1022, 1024, 1059]
[988, 1023, 1025, 1060]
[989, 1024, 1026, 1061]
[990, 1025, 1027, 1062]
[991, 1026, 1028, 1063]
[992, 1027, 1029, 1064]
[993, 1028, 1030, 1065]
[994, 1029, 1031, 1066]
[995, 1030, 1032, 1067]
[996, 1031, 1033, 1068]
[997, 1032, 1034, 1069]
[998, 1033, 1035, 1070]
[999, 1034, 1036, 1071]
[1000, 1035, 1037, 1072]
[1001, 1036, 1038, 1073]
[1002, 1037, 1039, 1074]
[1003, 1038, 1040, 1075]
[1004, 1039, 1041, 1076]
[1005, 1040, 1042, 1077]
[1006, 1041, 1043, 1078]
[1007, 1008, 1042, 1079]
[1008, 1045, 1079, 1080]
[1009, 1044, 1046, 1081]
[1010, 1045, 1047, 1082]
[1011, 1046, 1048, 1083]
[1012, 1047, 1049, 1084]
[1013, 1048, 1050, 1085]
[1014, 1049, 1051, 1086]
[1015, 1050, 1052, 1087]
[1016, 1051, 1053, 1088]
[1017, 1052, 1054, 1089]
[1018, 1053, 1055, 1090]
[1019, 1054, 1056, 1091]
[1020, 1055, 1057, 1092]
[1021, 1056, 1058, 1093]
[1022, 1057, 1059, 1094]
[1023, 1058, 1060, 1095]
[1024, 1059, 1061, 1096]
[1025, 1060, 1062, 1097]
[1026, 1061, 1063, 1098]
[1027, 1062, 1064, 1099]
[1028, 1063, 1065, 1100]
[1029, 1064, 1066, 1101]
[1030, 1065, 1067, 1102]
[1031, 1066, 1068, 1103]
[1032, 1067, 1069, 1104]
[1033, 1068, 1070, 1105]
[1034, 1069, 1071, 1106]
[1035, 1070, 1072, 1107]
[1036, 1071, 1073, 1108]
[1037, 1072, 1074, 1109]
[1038, 1073, 1075, 1110]
[1039, 1074, 1076, 1111]
[1040, 1075, 1077, 1112]
[1041, 1076, 1078, 1113]
[1042, 1077, 1079, 1114]
[1043, 1044, 1078, 1115]
[1044, 1081, 1115, 1116]
[1045, 1080, 1082, 1117]
[1046, 1081, 1083, 1118]
[1047, 1082, 1084, 1119]
[1048, 1083, 1085, 1120]
[1049, 1084, 1086, 1121]
[1050, 1085, 1087, 1122]
[1051, 1086, 1088, 1123]
[1052, 1087, 1089, 1124]
[1053, 1088, 1090, 1125]
[1054, 1089, 1091, 1126]
[1055, 1090, 1092, 1127]
[1056, 1091, 1093, 1128]
[1057, 1092, 1094, 1129]
[1058, 1093, 1095, 1130]
[1059, 1094, 1096, 1131]
[1060, 1095, 1097, 1132]
[1061, 1096, 1098, 1133]
[1062, 1097, 1099, 1134]
[1063, 1098, 1100, 1135]
[1064, 1099, 1101, 1136]
[1065, 1100, 1102, 1137]
[1066, 1101, 1103, 1138]
[1067, 1102, 1104, 1139]
[1068, 1103, 1105, 1140]
[1069, 1104, 1106, 1141]
[1070, 1105, 1107, 1142]
[1071, 1106, 1108, 1143]
[1072, 1107, 1109, 1144]
[1073, 1108, 1110, 1145]
[1074, 1109, 1111, 1146]
[1075, 1110, 1112, 1147]
[1076, 1111, 1113, 1148]
[1077, 1112, 1114, 1149]
[1078, 1113, 1115, 1150]
[1079, 1080, 1114, 1151]
[1080, 1117, 1151, 1152]
[1081, 1116, 1118, 1153]
[1082, 1117, 1119, 1154]
[1083, 1118, 1120, 1155]
[1084, 1119, 1121, 1156]
[1085, 1120, 1122, 1157]
[1086, 1121, 1123, 1158]
[1087, 1122, 1124, 1159]
[1088, 1123, 1125, 1160]
[1089, 1124, 1126, 1161]
[1090, 1125, 1127, 1162]
[1091, 1126, 1128, 1163]
[1092, 1127, 1129, 1164]
[1093, 1128, 1130, 1165]
[1094, 1129, 1131, 1166]
[1095, 1130, 1132, 1167]
[1096, 1131, 1133, 1168]
[1097, 1132, 1134, 1169]
[1098, 1133, 1135, 1170]
[1099, 1134, 1136, 1171]
[1100, 1135, 1137, 1172]
[1101, 1136, 1138, 1173]
[1102, 1137, 1139, 1174]
[1103, 1138, 1140, 1175]
[1104, 1139, 1141, 1176]
[1105, 1140, 1142, 1177]
[1106, 1141, 1143, 1178]
[1107, 1142, 1144, 1179]
[1108, 1143, 1145, 1180]
[1109, 1144, 1146, 1181]
[1110, 1145, 1147, 1182]
[1111, 1146, 1148, 1183]
[1112, 1147, 1149, 1184]
[1113, 1148, 1150, 1185]
[1114, 1149, 1151, 1186]
[1115, 1116, 1150, 1187]
[1116, 1153, 1187, 1188]
[1117, 1152, 1154, 1189]
[1118, 1153, 1155, 1190]
[1119, 1154, 1156, 1191]
[1120, 1155, 1157, 1192]
[1121, 1156, 1158, 1193]
[1122, 1157, 1159, 1194]
[1123, 1158, 1160, 1195]
[1124, 1159, 1161, 1196]
[1125, 1160, 1162, 1197]
[1126, 1161, 1163, 1198]
[1127, 1162, 1164, 1199]
[1128, 1163, 1165, 1200]
[1129, 1164, 1166, 1201]
[1130, 1165, 1167, 1202]
[1131, 1166, 1168, 1203]
[1132, 1167, 1169, 1204]
[1133, 1168, 1170, 1205]
[1134, 1169, 1171, 1206]
[1135, 1170, 1172, 1207]
[1136, 1171, 1173, 1208]
[1137, 1172, 1174, 1209]
[1138, 1173, 1175, 1210]
[1139, 1174, 1176, 1211]
[1140, 1175, 1177, 1212]
[1141, 1176, 1178, 1213]
[1142, 1177, 1179, 1214]
[1143, 1178, 1180, 1215]
[1144, 1179, 1181, 1216]
[1145, 1180, 1182, 1217]
[1146, 1181, 1183, 1218]
[1147, 1182, 1184, 1219]
[1148, 1183, 1185, 1220]
[1149, 1184, 1186, 1221]
[1150, 1185, 1187, 1222]
[1151, 1152, 1186, 1223]
[1152, 1189, 1223, 1224]
[1153, 1188, 1190, 1225]
[1154, 1189, 1191, 1226]
[1155, 1190, 1192, 1227]
[1156, 1191, 1193, 1228]
[1157, 1192, 1194, 1229]
[1158, 1193, 1195, 1230]
[1159, 1194, 1196, 1231]
[1160, 1195, 1197, 1232]
[1161, 1196, 1198, 1233]
[1162, 1197, 1199, 1234]
[1163, 1198, 1200, 1235]
[1164, 1199, 1201, 1236]
[1165, 1200, 1202, 1237]
[1166, 1201, 1203, 1238]
[1167, 1202, 1204, 1239]
[1168, 1203, 1205, 1240]
[1169, 1204, 1206, 1241]
[1170, 1205, 1207, 1242]
[1171, 1206, 1208, 1243]
[1172, 1207, 1209, 1244]
[1173, 1208, 1210, 1245]
[1174, 1209, 1211, 1246]
[1175, 1210, 1212, 1247]
[1176, 1211, 1213, 1248]
[1177, 1212, 1214, 1249]
[1178, 1213, 1215, 1250]
[1179, 1214, 1216, 1251]
[1180, 1215, 1217, 1252]
[1181, 1216, 1218, 1253]
[1182, 1217, 1219, 1254]
[1183, 1218, 1220, 1255]
[1184, 1219, 1221, 1256]
[1185, 1220, 1222, 1257]
[1186, 1221, 1223, 1258]
[1187, 1188, 1222, 1259]
[1188, 1225, 1259, 1260]
[1189, 1224, 1226, 1261]
[1190, 1225, 1227, 1262]
[1191, 1226, 1228, 1263]
[1192, 1227, 1229, 1264]
[1193, 1228, 1230, 1265]
[1194, 1229, 1231, 1266]
[1195, 1230, 1232, 1267]
[1196, 1231, 1233, 1268]
[1197, 1232, 1234, 1269]
[1198, 1233, 1235, 1270]
[1199, 1234, 1236, 1271]
[1200, 1235, 1237, 1272]
[1201, 1236, 1238, 1273]
[1202, 1237, 1239, 1274]
[1203, 1238, 1240, 1275]
[1204, 1239, 1241, 1276]
[1205, 1240, 1242, 1277]
[1206, 1241, 1243, 1278]
[1207, 1242, 1244, 1279]
[1208, 1243, 1245, 1280]
[1209, 1244, 1246, 1281]
[1210, 1245, 1247, 1282]
[1211, 1246, 1248, 1283]
[1212, 1247, 1249, 1284]
[1213, 1248, 1250, 1285]
[1214, 1249, 1251, 1286]
[1215, 1250, 1252, 1287]
[1216, 1251, 1253, 1288]
[1217, 1252, 1254, 1289]
[1218, 1253, 1255, 1290]
[1219, 1254, 1256, 1291]
[1220, 1255, 1257, 1292]
[1221, 1256, 1258, 1293]
[1222, 1257, 1259, 1294]
[1223, 1224, 1258, 1295]
[0, 1224, 1261, 1295]
[1, 1225, 1260, 1262]
[2, 1226, 1261, 1263]
[3, 1227, 1262, 1264]
[4, 1228, 1263, 1265]
[5, 1229, 1264, 1266]
[6, 1230, 1265, 1267]
[7, 1231, 1266, 1268]
[8, 1232, 1267, 1269]
[9, 1233, 1268, 1270]
[10, 1234, 1269, 1271]
[11, 1235, 1270, 1272]
[12, 1236, 1271, 1273]
[13, 1237, 1272, 1274]
[14, 1238, 1273, 1275]
[15, 1239, 1274, 1276]
[16, 1240, 1275, 1277]
[17, 1241, 1276, 1278]
[18, 1242, 1277, 1279]
[19, 1243, 1278, 1280]
[20, 1244, 1279, 1281]
[21, 1245, 1280, 1282]
[22, 1246, 1281, 1283]
[23, 1247, 1282, 1284]
[24, 1248, 1283, 1285]
[25, 1249, 1284, 1286]
[26, 1250, 1285, 1287]
[27, 1251, 1286, 1288]
[28, 1252, 1287, 1289]
[29, 1253, 1288, 1290]
[30, 1254, 1289, 1291]
[31, 1255, 1290, 1292]
[32, 1256, 1291, 1293]
[33, 1257, 1292, 1294]
[34, 1258, 1293, 1295]
[35, 1259, 1260, 1294]
