[1, 24, 25, 600]
[0, 2, 26, 601]
[1, 3, 27, 602]
[2, 4, 28, 603]
[3, 5, 29, 604]
[4, 6, 30, 605]
[5, 7, 31, 606]
[6, 8, 32, 607]
[7, 9, 33, 608]
[8, 10, 34, 609]
[9, 11, 35, 610]
[10, 12, 36, 611]
[11, 13, 37, 612]
[12, 14, 38, 613]
[13, 15, 39, 614]
[14, 16, 40, 615]
[15, 17, 41, 616]
[16, 18, 42, 617]
[17, 19, 43, 618]
[18, 20, 44, 619]
[19, 21, 45, 620]
[20, 22, 46, 621]
[21, 23, 47, 622]
[22, 24, 48, 623]
[0, 23, 49, 624]
[0, 26, 49, 50]
[1, 25, 27, 51]
[2, 26, 28, 52]
[3, 27, 29, 53]
[4, 28, 30, 54]
[5, 29, 31, 55]
[6, 30, 32, 56]
[7, 31, 33, 57]
[8, 32, 34, 58]
[9, 33, 35, 59]
[10, 34, 36, 60]
[11, 35, 37, 61]
[12, 36, 38, 62]
[13, 37, 39, 63]
[14, 38, 40, 64]
[15, 39, 41, 65]
[16, 40, 42, 66]
[17, 41, 43, 67]
[18, 42, 44, 68]
[19, 43, 45, 69]
[20, 44, 46, 70]
[21, 45, 47, 71]
[22, 46, 48, 72]
[23, 47, 49, 73]
[24, 25, 48, 74]
[25, 51, 74, 75]
[26, 50, 52, 76]
[27, 51, 53, 77]
[28, 52, 54, 78]
[29, 53, 55, 79]
[30, 54, 56, 80]
[31, 55, 57, 81]
[32, 56, 58, 82]
[33, 57, 59, 83]
[34, 58, 60, 84]
[35, 59, 61, 85]
[36, 60, 62, 86]
[37, 61, 63, 87]
[38, 62, 64, 88]
[39, 63, 65, 89]
[40, 64, 66, 90]
[41, 65, 67, 91]
[42, 66, 68, 92]
[43, 67, 69, 93]
[44, 68, 70, 94]
[45, 69, 71, 95]
[46, 70, 72, 96]
[47, 71, 73, 97]
[48, 72, 74, 98]
[49, 50, 73, 99]
[50, 76, 99, 100]
[51, 75, 77, 101]
[52, 76, 78, 102]
[53, 77, 79, 103]
[54, 78, 80, 104]
[55, 79, 81, 105]
[56, 80, 82, 106]
[57, 81, 83, 107]
[58, 82, 84, 108]
[59, 83, 85, 109]
[60, 84, 86, 110]
[61, 85, 87, 111]
[62, 86, 88, 112]
[63, 87, 89, 113]
[64, 88, 90, 114]
[65, 89, 91, 115]
[66, 90, 92, 116]
[67, 91, 93, 117]
[68, 92, 94, 118]
[69, 93, 95, 119]
[70, 94, 96, 120]
[71, 95, 97, 121]
[72, 96, 98, 122]
[73, 97, 99, 123]
[74, 75, 98, 124]
[75, 101, 124, 125]
[76, 100, 102, 126]
[77, 101, 103, 127]
[78, 102, 104, 128]
[79, 103, 105, 129]
[80, 104, 106, 130]
[81, 105, 107, 131]
[82, 106, 108, 132]
[83, 107, 109, 133]
[84, 108, 110, 134]
[85, 109, 111, 135]
[86, 110, 112, 136]
[87, 111, 113, 137]
[88, 112, 114, 138]
[89, 113, 115, 139]
[90, 114, 116, 140]
[91, 115, 117, 141]
[92, 116, 118, 142]
[93, 117, 119, 143]
[94, 118, 120, 144]
[95, 119, 121, 145]
[96, 120, 122, 146]
[97, 121, 123, 147]
[98, 122, 124, 148]
[99, 100, 123, 149]
[100, 126, 149, 150]
[101, 125, 127, 151]
[102, 126, 128, 152]
[103, 127, 129, 153]
[104, 128, 130, 154]
[105, 129, 131, 155]
[106, 130, 132, 156]
[107, 131, 133, 157]
[108, 132, 134, 158]
[109, 133, 135, 159]
[110, 134, 136, 160]
[111, 135, 137, 161]
[112, 136, 138, 162]
[113, 137, 139, 163]
[114, 138, 140, 164]
[115, 139, 141, 165]
[116, 140, 142, 166]
[117, 141, 143, 167]
[118, 142, 144, 168]
[119, 143, 145, 169]
[120, 144, 146, 170]
[121, 145, 147, 171]
[122, 146, 148, 172]
[123, 147, 149, 173]
[124, 125, 148, 174]
[125, 151, 174, 175]
[126, 150, 152, 176]
[127, 151, 153, 177]
[128, 152, 154, 178]
[129, 153, 155, 179]
[130, 154, 156, 180]
[131, 155, 157, 181]
[132, 156, 158, 182]
[133, 157, 159, 183]
[134, 158, 160, 184]
[135, 159, 161, 185]
[136, 160, 162, 186]
[137, 161, 163, 187]
[138, 162, 164, 188]
[139, 163, 165, 189]
[140, 164, 166, 190]
[141, 165, 167, 191]
[142, 166, 168, 192]
[143, 167, 169, 193]
[144, 168, 170, 194]
[145, 169, 171, 195]
[146, 170, 172, 196]
[147, 171, 173, 197]
[148, 172, 174, 198]
[149, 150, 173, 199]
[150, 176, 199, 200]
[151, 175, 177, 201]
[152, 176, 178, 202]
[153, 177, 179, 203]
[154, 178, 180, 204]
[155, 179, 181, 205]
[156, 180, 182, 206]
[157, 181, 183, 207]
[158, 182, 184, 208]
[159, 183, 185, 209]
[160, 184, 186, 210]
[161, 185, 187, 211]
[162, 186, 188, 212]
[163, 187, 189, 213]
[164, 188, 190, 214]
[165, 189, 191, 215]
[166, 190, 192, 216]
[167, 191, 193, 217]
[168, 192, 194, 218]
[169, 193, 195, 219]
[170, 194, 196, 220]
[171, 195, 197, 221]
[172, 196, 198, 222]
[173, 197, 199, 223]
[174, 175, 198, 224]
[175, 201, 224, 225]
[176, 200, 202, 226]
[177, 201, 203, 227]
[178, 202, 204, 228]
[179, 203, 205, 229]
[180, 204, 206, 230]
[181, 205, 207, 231]
[182, 206, 208, 232]
[183, 207, 209, 233]
[184, 208, 210, 234]
[185, 209, 211, 235]
[186, 210, 212, 236]
[187, 211, 213, 237]
[188, 212, 214, 238]
[189, 213, 215, 239]
[190, 214, 216, 240]
[191, 215, 217, 241]
[192, 216, 218, 242]
[193, 217, 219, 243]
[194, 218, 220, 244]
[195, 219, 221, 245]
[196, 220, 222, 246]
[197, 221, 223, 247]
[198, 222, 224, 248]
[199, 200, 223, 249]
[200, 226, 249, 250]
[201, 225, 227, 251]
[202, 226, 228, 252]
[203, 227, 229, 253]
[204, 228, 230, 254]
[205, 229, 231, 255]
[206, 230, 232, 256]
[207, 231, 233, 257]
[208, 232, 234, 258]
[209, 233, 235, 259]
[210, 234, 236, 260]
[211, 235, 237, 261]
[212, 236, 238, 262]
[213, 237, 239, 263]
[214, 238, 240, 264]
[215, 239, 241, 265]
[216, 240, 242, 266]
[217, 241, 243, 267]
[218, 242, 244, 268]
[219, 243, 245, 269]
[220, 244, 246, 270]
[221, 245, 247, 271]
[222, 246, 248, 272]
[223, 247, 249, 273]
[224, 225, 248, 274]
[225, 251, 274, 275]
[226, 250, 252, 276]
[227, 251, 253, 277]
[228, 252, 254, 278]
[229, 253, 255, 279]
[230, 254, 256, 280]
[231, 255, 257, 281]
[232, 256, 258, 282]
[233, 257, 259, 283]
[234, 258, 260, 284]
[235, 259, 261, 285]
[236, 260, 262, 286]
[237, 261, 263, 287]
[238, 262, 264, 288]
[239, 263, 265, 289]
[240, 264, 266, 290]
[241, 265, 267, 291]
[242, 266, 268, 292]
[243, 267, 269, 293]
[244, 268, 270, 294]
[245, 269, 271, 295]
[246, 270, 272, 296]
[247, 271, 273, 297]
[248, 272, 274, 298]
[249, 250, 273, 299]
[250, 276, 299, 300]
[251, 275, 277, 301]
[252, 276, 278, 302]
[253, 277, 279, 303]
[254, 278, 280, 304]
[255, 279, 281, 305]
[256, 280, 282, 306]
[257, 281, 283, 307]
[258, 282, 284, 308]
[259, 283, 285, 309]
[260, 284, 286, 310]
[261, 285, 287, 311]
[262, 286, 288, 312]
[263, 287, 289, 313]
[264, 288, 290, 314]
[265, 289, 291, 315]
[266, 290, 292, 316]
[267, 291, 293, 317]
[268, 292, 294, 318]
[269, 293, 295, 319]
[270, 294, 296, 320]
[271, 295, 297, 321]
[272, 296, 298, 322]
[273, 297, 299, 323]
[274, 275, 298, 324]
[275, 301, 324, 325]
[276, 300, 302, 326]
[277, 301, 303, 327]
[278, 302, 304, 328]
[279, 303, 305, 329]
[280, 304, 306, 330]
[281, 305, 307, 331]
[282, 306, 308, 332]
[283, 307, 309, 333]
[284, 308, 310, 334]
[285, 309, 311, 335]
[286, 310, 312, 336]
[287, 311, 313, 337]
[288, 312, 314, 338]
[289, 313, 315, 339]
[290, 314, 316, 340]
[291, 315, 317, 341]
[292, 316, 318, 342]
[293, 317, 319, 343]
[294, 318, 320, 344]
[295, 319, 321, 345]
[296, 320, 322, 346]
[297, 321, 323, 347]
[298, 322, 324, 348]
[299, 300, 323, 349]
[300, 326, 349, 350]
[301, 325, 327, 351]
[302, 326, 328, 352]
[303, 327, 329, 353]
[304, 328, 330, 354]
[305, 329, 331, 355]
[306, 330, 332, 356]
[307, 331, 333, 357]
[308, 332, 334, 358]
[309, 333, 335, 359]
[310, 334, 336, 360]
[311, 335, 337, 361]
[312, 336, 338, 362]
[313, 337, 339, 363]
[314, 338, 340, 364]
[315, 339, 341, 365]
[316, 340, 342, 366]
[317, 341, 343, 367]
[318, 342, 344, 368]
[319, 343, 345, 369]
[320, 344, 346, 370]
[321, 345, 347, 371]
[322, 346, 348, 372]
[323, 347, 349, 373]
[324, 325, 348, 374]
[325, 351, 374, 375]
[326, 350, 352, 376]
[327, 351, 353, 377]
[328, 352, 354, 378]
[329, 353, 355, 379]
[330, 354, 356, 380]
[331, 355, 357, 381]
[332, 356, 358, 382]
[333, 357, 359, 383]
[334, 358, 360, 384]
[335, 359, 361, 385]
[336, 360, 362, 386]
[337, 361, 363, 387]
[338, 362, 364, 388]
[339, 363, 365, 389]
[340, 364, 366, 390]
[341, 365, 367, 391]
[342, 366, 368, 392]
[343, 367, 369, 393]
[344, 368, 370, 394]
[345, 369, 371, 395]
[346, 370, 372, 396]
[347, 371, 373, 397]
[348, 372, 374, 398]
[349, 350, 373, 399]
[350, 376, 399, 400]
[351, 375, 377, 401]
[352, 376, 378, 402]
[353, 377, 379, 403]
[354, 378, 380, 404]
[355, 379, 381, 405]
[356, 380, 382, 406]
[357, 381, 383, 407]
[358, 382, 384, 408]
[359, 383, 385, 409]
[360, 384, 386, 410]
[361, 385, 387, 411]
[362, 386, 388, 412]
[363, 387, 389, 413]
[364, 388, 390, 414]
[365, 389, 391, 415]
[366, 390, 392, 416]
[367, 391, 393, 417]
[368, 392, 394, 418]
[369, 393, 395, 419]
[370, 394, 396, 420]
[371, 395, 397, 421]
[372, 396, 398, 422]
[373, 397, 399, 423]
[374, 375, 398, 424]
[375, 401, 424, 425]
[376, 400, 402, 426]
[377, 401, 403, 427]
[378, 402, 404, 428]
[379, 403, 405, 429]
[380, 404, 406, 430]
[381, 405, 407, 431]
[382, 406, 408, 432]
[383, 407, 409, 433]
[384, 408, 410, 434]
[385, 409, 411, 435]
[386, 410, 412, 436]
[387, 411, 413, 437]
[388, 412, 414, 438]
[389, 413, 415, 439]
[390, 414, 416, 440]
[391, 415, 417, 441]
[392, 416, 418, 442]
[393, 417, 419, 443]
[394, 418, 420, 444]
[395, 419, 421, 445]
[396, 420, 422, 446]
[397, 421, 423, 447]
[398, 422, 424, 448]
[399, 400, 423, 449]
[400, 426, 449, 450]
[401, 425, 427, 451]
[402, 426, 428, 452]
[403, 427, 429, 453]
[404, 428, 430, 454]
[405, 429, 431, 455]
[406, 430, 432, 456]
[407, 431, 433, 457]
[408, 432, 434, 458]
[409, 433, 435, 459]
[410, 434, 436, 460]
[411, 435, 437, 461]
[412, 436, 438, 462]
[413, 437, 439, 463]
[414, 438, 440, 464]
[415, 439, 441, 465]
[416, 440, 442, 466]
[417, 441, 443, 467]
[418, 442, 444, 468]
[419, 443, 445, 469]
[420, 444, 446, 470]
[421, 445, 447, 471]
[422, 446, 448, 472]
[423, 447, 449, 473]
[424, 425, 448, 474]
[425, 451, 474, 475]
[426, 450, 452, 476]
[427, 451, 453, 477]
[428, 452, 454, 478]
[429, 453, 455, 479]
[430, 454, 456, 480]
[431, 455, 457, 481]
[432, 456, 458, 482]
[433, 457, 459, 483]
[434, 458, 460, 484]
[435, 459, 461, 485]
[436, 460, 462, 486]
[437, 461, 463, 487]
[438, 462, 464, 488]
[439, 463, 465, 489]
[440, 464, 466, 490]
[441, 465, 467, 491]
[442, 466, 468, 492]
[443, 467, 469, 493]
[444, 468, 470, 494]
[445, 469, 471, 495]
[446, 470, 472, 496]
[447, 471, 473, 497]
[448, 472, 474, 498]
[449, 450, 473, 499]
[450, 476, 499, 500]
[451, 475, 477, 501]
[452, 476, 478, 502]
[453, 477, 479, 503]
[454, 478, 480, 504]
[455, 479, 481, 505]
[456, 480, 482, 506]
[457, 481, 483, 507]
[458, 482, 484, 508]
[459, 483, 485, 509]
[460, 484, 486, 510]
[461, 485, 487, 511]
[462, 486, 488, 512]
[463, 487, 489, 513]
[464, 488, 490, 514]
[465, 489, 491, 515]
[466, 490, 492, 516]
[467, 491, 493, 517]
[468, 492, 494, 518]
[469, 493, 495, 519]
[470, 494, 496, 520]
[471, 495, 497, 521]
[472, 496, 498, 522]
[473, 497, 499, 523]
[474, 475, 498, 524]
[475, 501, 524, 525]
[476, 500, 502, 526]
[477, 501, 503, 527]
[478, 502, 504, 528]
[479, 503, 505, 529]
[480, 504, 506, 530]
[481, 505, 507, 531]
[482, 506, 508, 532]
[483, 507, 509, 533]
[484, 508, 510, 534]
[485, 509, 511, 535]
[486, 510, 512, 536]
[487, 511, 513, 537]
[488, 512, 514, 538]
[489, 513, 515, 539]
[490, 514, 516, 540]
[491, 515, 517, 541]
[492, 516, 518, 542]
[493, 517, 519, 543]
[494, 518, 520, 544]
[495, 519, 521, 545]
[496, 520, 522, 546]
[497, 521, 523, 547]
[498, 522, 524, 548]
[499, 500, 523, 549]
[500, 526, 549, 550]
[501, 525, 527, 551]
[502, 526, 528, 552]
[503, 527, 529, 553]
[504, 528, 530, 554]
[505, 529, 531, 555]
[506, 530, 532, 556]
[507, 531, 533, 557]
[508, 532, 534, 558]
[509, 533, 535, 559]
[510, 534, 536, 560]
[511, 535, 537, 561]
[512, 536, 538, 562]
[513, 537, 539, 563]
[514, 538, 540, 564]
[515, 539, 541, 565]
[516, 540, 542, 566]
[517, 541, 543, 567]
[518, 542, 544, 568]
[519, 543, 545, 569]
[520, 544, 546, 570]
[521, 545, 547, 571]
[522, 546, 548, 572]
[523, 547, 549, 573]
[524, 525, 548, 574]
[525, 551, 574, 575]
[526, 550, 552, 576]
[527, 551, 553, 577]
[528, 552, 554, 578]
[529, 553, 555, 579]
[530, 554, 556, 580]
[531, 555, 557, 581]
[532, 556, 558, 582]
[533, 557, 559, 583]
[534, 558, 560, 584]
[535, 559, 561, 585]
[536, 560, 562, 586]
[537, 561, 563, 587]
[538, 562, 564, 588]
[539, 563, 565, 589]
[540, 564, 566, 590]
[541, 565, 567, 591]
[542, 566, 568, 592]
[543, 567, 569, 593]
[544, 568, 570, 594]
[545, 569, 571, 595]
[546, 570, 572, 596]
[547, 571, 573, 597]
[548, 572, 574, 598]
[549, 550, 573, 599]
[550, 576, 599, 600]
[551, 575, 577, 601]
[552, 576, 578, 602]
[553, 577, 579, 603]
[554, 578, 580, 604]
[555, 579, 581, 605]
[556, 580, 582, 606]
[557, 581, 583, 607]
[558, 582, 584, 608]
[559, 583, 585, 609]
[560, 584, 586, 610]
[561, 585, 587, 611]
[562, 586, 588, 612]
[563, 587, 589, 613]
[564, 588, 590, 614]
[565, 589, 591, 615]
[566, 590, 592, 616]
[567, 591, 593, 617]
[568, 592, 594, 618]
[569, 593, 595, 619]
[570, 594, 596, 620]
[571, 595, 597, 621]
[572, 596, 598, 622]
[573, 597, 599, 623]
[574, 575, 598, 624]
[0, 575, 601, 624]
[1, 576, 600, 602]
[2, 577, 601, 603]
[3, 578, 602, 604]
[4, 579, 603, 605]
[5, 580, 604, 606]
[6, 581, 605, 607]
[7, 582, 606, 608]
[8, 583, 607, 609]
[9, 584, 608, 610]
[10, 585, 609, 611]
[11, 586, 610, 612]
[12, 587, 611, 613]
[13, 588, 612, 614]
[14, 589, 613, 615]
[15, 590, 614, 616]
[16, 591, 615, 617]
[17, 592, 616, 618]
[18, 593, 617, 619]
[19, 594, 618, 620]
[20, 595, 619, 621]
[21, 596, 620, 622]
[22, 597, 621, 623]
[23, 598, 622, 624]
[24, 599, 600, 623]
