[1, 15, 113]
[0, 2, 16]
[1, 3, 115]
[2, 4, 18]
[3, 5, 117]
[4, 6, 20]
[5, 7, 119]
[6, 8, 22]
[7, 9, 121]
[8, 10, 24]
[9, 11, 123]
[10, 12, 26]
[11, 13, 125]
[12, 14, 28]
[13, 15, 127]
[0, 14, 30]
[1, 17, 31]
[16, 18, 32]
[3, 17, 19]
[18, 20, 34]
[5, 19, 21]
[20, 22, 36]
[7, 21, 23]
[22, 24, 38]
[9, 23, 25]
[24, 26, 40]
[11, 25, 27]
[26, 28, 42]
[13, 27, 29]
[28, 30, 44]
[15, 29, 31]
[16, 30, 46]
[17, 33, 47]
[32, 34, 48]
[19, 33, 35]
[34, 36, 50]
[21, 35, 37]
[36, 38, 52]
[23, 37, 39]
[38, 40, 54]
[25, 39, 41]
[40, 42, 56]
[27, 41, 43]
[42, 44, 58]
[29, 43, 45]
[44, 46, 60]
[31, 45, 47]
[32, 46, 62]
[33, 49, 63]
[48, 50, 64]
[35, 49, 51]
[50, 52, 66]
[37, 51, 53]
[52, 54, 68]
[39, 53, 55]
[54, 56, 70]
[41, 55, 57]
[56, 58, 72]
[43, 57, 59]
[58, 60, 74]
[45, 59, 61]
[60, 62, 76]
[47, 61, 63]
[48, 62, 78]
[49, 65, 79]
[64, 66, 80]
[51, 65, 67]
[66, 68, 82]
[53, 67, 69]
[68, 70, 84]
[55, 69, 71]
[70, 72, 86]
[57, 71, 73]
[72, 74, 88]
[59, 73, 75]
[74, 76, 90]
[61, 75, 77]
[76, 78, 92]
[63, 77, 79]
[64, 78, 94]
[65, 81, 95]
[80, 82, 96]
[67, 81, 83]
[82, 84, 98]
[69, 83, 85]
[84, 86, 100]
[71, 85, 87]
[86, 88, 102]
[73, 87, 89]
[88, 90, 104]
[75, 89, 91]
[90, 92, 106]
[77, 91, 93]
[92, 94, 108]
[79, 93, 95]
[80, 94, 110]
[81, 97, 111]
[96, 98, 112]
[83, 97, 99]
[98, 100, 114]
[85, 99, 101]
[100, 102, 116]
[87, 101, 103]
[102, 104, 118]
[89, 103, 105]
[104, 106, 120]
[91, 105, 107]
[106, 108, 122]
[93, 107, 109]
[108, 110, 124]
[95, 109, 111]
[96, 110, 126]
[97, 113, 127]
[0, 112, 114]
[99, 113, 115]
[2, 114, 116]
[101, 115, 117]
[4, 116, 118]
[103, 117, 119]
[6, 118, 120]
[105, 119, 121]
[8, 120, 122]
[107, 121, 123]
[10, 122, 124]
[109, 123, 125]
[12, 124, 126]
[111, 125, 127]
[14, 112, 126]
