[1, 33, 34, 1122]
[0, 2, 35, 1123]
[1, 3, 36, 1124]
[2, 4, 37, 1125]
[3, 5, 38, 1126]
[4, 6, 39, 1127]
[5, 7, 40, 1128]
[6, 8, 41, 1129]
[7, 9, 42, 1130]
[8, 10, 43, 1131]
[9, 11, 44, 1132]
[10, 12, 45, 1133]
[11, 13, 46, 1134]
[12, 14, 47, 1135]
[13, 15, 48, 1136]
[14, 16, 49, 1137]
[15, 17, 50, 1138]
[16, 18, 51, 1139]
[17, 19, 52, 1140]
[18, 20, 53, 1141]
[19, 21, 54, 1142]
[20, 22, 55, 1143]
[21, 23, 56, 1144]
[22, 24, 57, 1145]
[23, 25, 58, 1146]
[24, 26, 59, 1147]
[25, 27, 60, 1148]
[26, 28, 61, 1149]
[27, 29, 62, 1150]
[28, 30, 63, 1151]
[29, 31, 64, 1152]
[30, 32, 65, 1153]
[31, 33, 66, 1154]
[0, 32, 67, 1155]
[0, 35, 67, 68]
[1, 34, 36, 69]
[2, 35, 37, 70]
[3, 36, 38, 71]
[4, 37, 39, 72]
[5, 38, 40, 73]
[6, 39, 41, 74]
[7, 40, 42, 75]
[8, 41, 43, 76]
[9, 42, 44, 77]
[10, 43, 45, 78]
[11, 44, 46, 79]
[12, 45, 47, 80]
[13, 46, 48, 81]
[14, 47, 49, 82]
[15, 48, 50, 83]
[16, 49, 51, 84]
[17, 50, 52, 85]
[18, 51, 53, 86]
[19, 52, 54, 87]
[20, 53, 55, 88]
[21, 54, 56, 89]
[22, 55, 57, 90]
[23, 56, 58, 91]
[24, 57, 59, 92]
[25, 58, 60, 93]
[26, 59, 61, 94]
[27, 60, 62, 95]
[28, 61, 63, 96]
[29, 62, 64, 97]
[30, 63, 65, 98]
[31, 64, 66, 99]
[32, 65, 67, 100]
[33, 34, 66, 101]
[34, 69, 101, 102]
[35, 68, 70, 103]
[36, 69, 71, 104]
[37, 70, 72, 105]
[38, 71, 73, 106]
[39, 72, 74, 107]
[40, 73, 75, 108]
[41, 74, 76, 109]
[42, 75, 77, 110]
[43, 76, 78, 111]
[44, 77, 79, 112]
[45, 78, 80, 113]
[46, 79, 81, 114]
[47, 80, 82, 115]
[48, 81, 83, 116]
[49, 82, 84, 117]
[50, 83, 85, 118]
[51, 84, 86, 119]
[52, 85, 87, 120]
[53, 86, 88, 121]
[54, 87, 89, 122]
[55, 88, 90, 123]
[56, 89, 91, 124]
[57, 90, 92, 125]
[58, 91, 93, 126]
[59, 92, 94, 127]
[60, 93, 95, 128]
[61, 94, 96, 129]
[62, 95, 97, 130]
[63, 96, 98, 131]
[64, 97, 99, 132]
[65, 98, 100, 133]
[66, 99, 101, 134]
[67, 68, 100, 135]
[68, 103, 135, 136]
[69, 102, 104, 137]
[70, 103, 105, 138]
[71, 104, 106, 139]
[72, 105, 107, 140]
[73, 106, 108, 141]
[74, 107, 109, 142]
[75, 108, 110, 143]
[76, 109, 111, 144]
[77, 110, 112, 145]
[78, 111, 113, 146]
[79, 112, 114, 147]
[80, 113, 115, 148]
[81, 114, 116, 149]
[82, 115, 117, 150]
[83, 116, 118, 151]
[84, 117, 119, 152]
[85, 118, 120, 153]
[86, 119, 121, 154]
[87, 120, 122, 155]
[88, 121, 123, 156]
[89, 122, 124, 157]
[90, 123, 125, 158]
[91, 124, 126, 159]
[92, 125, 127, 160]
[93, 126, 128, 161]
[94, 127, 129, 162]
[95, 128, 130, 163]
[96, 129, 131, 164]
[97, 130, 132, 165]
[98, 131, 133, 166]
[99, 132, 134, 167]
[100, 133, 135, 168]
[101, 102, 134, 169]
[102, 137, 169, 170]
[103, 136, 138, 171]
[104, 137, 139, 172]
[105, 138, 140, 173]
[106, 139, 141, 174]
[107, 140, 142, 175]
[108, 141, 143, 176]
[109, 142, 144, 177]
[110, 143, 145, 178]
[111, 144, 146, 179]
[112, 145, 147, 180]
[113, 146, 148, 181]
[114, 147, 149, 182]
[115, 148, 150, 183]
[116, 149, 151, 184]
[117, 150, 152, 185]
[118, 151, 153, 186]
[119, 152, 154, 187]
[120, 153, 155, 188]
[121, 154, 156, 189]
[122, 155, 157, 190]
[123, 156, 158, 191]
[124, 157, 159, 192]
[125, 158, 160, 193]
[126, 159, 161, 194]
[127, 160, 162, 195]
[128, 161, 163, 196]
[129, 162, 164, 197]
[130, 163, 165, 198]
[131, 164, 166, 199]
[132, 165, 167, 200]
[133, 166, 168, 201]
[134, 167, 169, 202]
[135, 136, 168, 203]
[136, 171, 203, 204]
[137, 170, 172, 205]
[138, 171, 173, 206]
[139, 172, 174, 207]
[140, 173, 175, 208]
[141, 174, 176, 209]
[142, 175, 177, 210]
[143, 176, 178, 211]
[144, 177, 179, 212]
[145, 178, 180, 213]
[146, 179, 181, 214]
[147, 180, 182, 215]
[148, 181, 183, 216]
[149, 182, 184, 217]
[150, 183, 185, 218]
[151, 184, 186, 219]
[152, 185, 187, 220]
[153, 186, 188, 221]
[154, 187, 189, 222]
[155, 188, 190, 223]
[156, 189, 191, 224]
[157, 190, 192, 225]
[158, 191, 193, 226]
[159, 192, 194, 227]
[160, 193, 195, 228]
[161, 194, 196, 229]
[162, 195, 197, 230]
[163, 196, 198, 231]
[164, 197, 199, 232]
[165, 198, 200, 233]
[166, 199, 201, 234]
[167, 200, 202, 235]
[168, 201, 203, 236]
[169, 170, 202, 237]
[170, 205, 237, 238]
[171, 204, 206, 239]
[172, 205, 207, 240]
[173, 206, 208, 241]
[174, 207, 209, 242]
[175, 208, 210, 243]
[176, 209, 211, 244]
[177, 210, 212, 245]
[178, 211, 213, 246]
[179, 212, 214, 247]
[180, 213, 215, 248]
[181, 214, 216, 249]
[182, 215, 217, 250]
[183, 216, 218, 251]
[184, 217, 219, 252]
[185, 218, 220, 253]
[186, 219, 221, 254]
[187, 220, 222, 255]
[188, 221, 223, 256]
[189, 222, 224, 257]
[190, 223, 225, 258]
[191, 224, 226, 259]
[192, 225, 227, 260]
[193, 226, 228, 261]
[194, 227, 229, 262]
[195, 228, 230, 263]
[196, 229, 231, 264]
[197, 230, 232, 265]
[198, 231, 233, 266]
[199, 232, 234, 267]
[200, 233, 235, 268]
[201, 234, 236, 269]
[202, 235, 237, 270]
[203, 204, 236, 271]
[204, 239, 271, 272]
[205, 238, 240, 273]
[206, 239, 241, 274]
[207, 240, 242, 275]
[208, 241, 243, 276]
[209, 242, 244, 277]
[210, 243, 245, 278]
[211, 244, 246, 279]
[212, 245, 247, 280]
[213, 246, 248, 281]
[214, 247, 249, 282]
[215, 248, 250, 283]
[216, 249, 251, 284]
[217, 250, 252, 285]
[218, 251, 253, 286]
[219, 252, 254, 287]
[220, 253, 255, 288]
[221, 254, 256, 289]
[222, 255, 257, 290]
[223, 256, 258, 291]
[224, 257, 259, 292]
[225, 258, 260, 293]
[226, 259, 261, 294]
[227, 260, 262, 295]
[228, 261, 263, 296]
[229, 262, 264, 297]
[230, 263, 265, 298]
[231, 264, 266, 299]
[232, 265, 267, 300]
[233, 266, 268, 301]
[234, 267, 269, 302]
[235, 268, 270, 303]
[236, 269, 271, 304]
[237, 238, 270, 305]
[238, 273, 305, 306]
[239, 272, 274, 307]
[240, 273, 275, 308]
[241, 274, 276, 309]
[242, 275, 277, 310]
[243, 276, 278, 311]
[244, 277, 279, 312]
[245, 278, 280, 313]
[246, 279, 281, 314]
[247, 280, 282, 315]
[248, 281, 283, 316]
[249, 282, 284, 317]
[250, 283, 285, 318]
[251, 284, 286, 319]
[252, 285, 287, 320]
[253, 286, 288, 321]
[254, 287, 289, 322]
[255, 288, 290, 323]
[256, 289, 291, 324]
[257, 290, 292, 325]
[258, 291, 293, 326]
[259, 292, 294, 327]
[260, 293, 295, 328]
[261, 294, 296, 329]
[262, 295, 297, 330]
[263, 296, 298, 331]
[264, 297, 299, 332]
[265, 298, 300, 333]
[266, 299, 301, 334]
[267, 300, 302, 335]
[268, 301, 303, 336]
[269, 302, 304, 337]
[270, 303, 305, 338]
[271, 272, 304, 339]
[272, 307, 339, 340]
[273, 306, 308, 341]
[274, 307, 309, 342]
[275, 308, 310, 343]
[276, 309, 311, 344]
[277, 310, 312, 345]
[278, 311, 313, 346]
[279, 312, 314, 347]
[280, 313, 315, 348]
[281, 314, 316, 349]
[282, 315, 317, 350]
[283, 316, 318, 351]
[284, 317, 319, 352]
[285, 318, 320, 353]
[286, 319, 321, 354]
[287, 320, 322, 355]
[288, 321, 323, 356]
[289, 322, 324, 357]
[290, 323, 325, 358]
[291, 324, 326, 359]
[292, 325, 327, 360]
[293, 326, 328, 361]
[294, 327, 329, 362]
[295, 328, 330, 363]
[296, 329, 331, 364]
[297, 330, 332, 365]
[298, 331, 333, 366]
[299, 332, 334, 367]
[300, 333, 335, 368]
[301, 334, 336, 369]
[302, 335, 337, 370]
[303, 336, 338, 371]
[304, 337, 339, 372]
[305, 306, 338, 373]
[306, 341, 373, 374]
[307, 340, 342, 375]
[308, 341, 343, 376]
[309, 342, 344, 377]
[310, 343, 345, 378]
[311, 344, 346, 379]
[312, 345, 347, 380]
[313, 346, 348, 381]
[314, 347, 349, 382]
[315, 348, 350, 383]
[316, 349, 351, 384]
[317, 350, 352, 385]
[318, 351, 353, 386]
[319, 352, 354, 387]
[320, 353, 355, 388]
[321, 354, 356, 389]
[322, 355, 357, 390]
[323, 356, 358, 391]
[324, 357, 359, 392]
[325, 358, 360, 393]
[326, 359, 361, 394]
[327, 360, 362, 395]
[328, 361, 363, 396]
[329, 362, 364, 397]
[330, 363, 365, 398]
[331, 364, 366, 399]
[332, 365, 367, 400]
[333, 366, 368, 401]
[334, 367, 369, 402]
[335, 368, 370, 403]
[336, 369, 371, 404]
[337, 370, 372, 405]
[338, 371, 373, 406]
[339, 340, 372, 407]
[340, 375, 407, 408]
[341, 374, 376, 409]
[342, 375, 377, 410]
[343, 376, 378, 411]
[344, 377, 379, 412]
[345, 378, 380, 413]
[346, 379, 381, 414]
[347, 380, 382, 415]
[348, 381, 383, 416]
[349, 382, 384, 417]
[350, 383, 385, 418]
[351, 384, 386, 419]
[352, 385, 387, 420]
[353, 386, 388, 421]
[354, 387, 389, 422]
[355, 388, 390, 423]
[356, 389, 391, 424]
[357, 390, 392, 425]
[358, 391, 393, 426]
[359, 392, 394, 427]
[360, 393, 395, 428]
[361, 394, 396, 429]
[362, 395, 397, 430]
[363, 396, 398, 431]
[364, 397, 399, 432]
[365, 398, 400, 433]
[366, 399, 401, 434]
[367, 400, 402, 435]
[368, 401, 403, 436]
[369, 402, 404, 437]
[370, 403, 405, 438]
[371, 404, 406, 439]
[372, 405, 407, 440]
[373, 374, 406, 441]
[374, 409, 441, 442]
[375, 408, 410, 443]
[376, 409, 411, 444]
[377, 410, 412, 445]
[378, 411, 413, 446]
[379, 412, 414, 447]
[380, 413, 415, 448]
[381, 414, 416, 449]
[382, 415, 417, 450]
[383, 416, 418, 451]
[384, 417, 419, 452]
[385, 418, 420, 453]
[386, 419, 421, 454]
[387, 420, 422, 455]
[388, 421, 423, 456]
[389, 422, 424, 457]
[390, 423, 425, 458]
[391, 424, 426, 459]
[392, 425, 427, 460]
[393, 426, 428, 461]
[394, 427, 429, 462]
[395, 428, 430, 463]
[396, 429, 431, 464]
[397, 430, 432, 465]
[398, 431, 433, 466]
[399, 432, 434, 467]
[400, 433, 435, 468]
[401, 434, 436, 469]
[402, 435, 437, 470]
[403, 436, 438, 471]
[404, 437, 439, 472]
[405, 438, 440, 473]
[406, 439, 441, 474]
[407, 408, 440, 475]
[408, 443, 475, 476]
[409, 442, 444, 477]
[410, 443, 445, 478]
[411, 444, 446, 479]
[412, 445, 447, 480]
[413, 446, 448, 481]
[414, 447, 449, 482]
[415, 448, 450, 483]
[416, 449, 451, 484]
[417, 450, 452, 485]
[418, 451, 453, 486]
[419, 452, 454, 487]
[420, 453, 455, 488]
[421, 454, 456, 489]
[422, 455, 457, 490]
[423, 456, 458, 491]
[424, 457, 459, 492]
[425, 458, 460, 493]
[426, 459, 461, 494]
[427, 460, 462, 495]
[428, 461, 463, 496]
[429, 462, 464, 497]
[430, 463, 465, 498]
[431, 464, 466, 499]
[432, 465, 467, 500]
[433, 466, 468, 501]
[434, 467, 469, 502]
[435, 468, 470, 503]
[436, 469, 471, 504]
[437, 470, 472, 505]
[438, 471, 473, 506]
[439, 472, 474, 507]
[440, 473, 475, 508]
[441, 442, 474, 509]
[442, 477, 509, 510]
[443, 476, 478, 511]
[444, 477, 479, 512]
[445, 478, 480, 513]
[446, 479, 481, 514]
[447, 480, 482, 515]
[448, 481, 483, 516]
[449, 482, 484, 517]
[450, 483, 485, 518]
[451, 484, 486, 519]
[452, 485, 487, 520]
[453, 486, 488, 521]
[454, 487, 489, 522]
[455, 488, 490, 523]
[456, 489, 491, 524]
[457, 490, 492, 525]
[458, 491, 493, 526]
[459, 492, 494, 527]
[460, 493, 495, 528]
[461, 494, 496, 529]
[462, 495, 497, 530]
[463, 496, 498, 531]
[464, 497, 499, 532]
[465, 498, 500, 533]
[466, 499, 501, 534]
[467, 500, 502, 535]
[468, 501, 503, 536]
[469, 502, 504, 537]
[470, 503, 505, 538]
[471, 504, 506, 539]
[472, 505, 507, 540]
[473, 506, 508, 541]
[474, 507, 509, 542]
[475, 476, 508, 543]
[476, 511, 543, 544]
[477, 510, 512, 545]
[478, 511, 513, 546]
[479, 512, 514, 547]
[480, 513, 515, 548]
[481, 514, 516, 549]
[482, 515, 517, 550]
[483, 516, 518, 551]
[484, 517, 519, 552]
[485, 518, 520, 553]
[486, 519, 521, 554]
[487, 520, 522, 555]
[488, 521, 523, 556]
[489, 522, 524, 557]
[490, 523, 525, 558]
[491, 524, 526, 559]
[492, 525, 527, 560]
[493, 526, 528, 561]
[494, 527, 529, 562]
[495, 528, 530, 563]
[496, 529, 531, 564]
[497, 530, 532, 565]
[498, 531, 533, 566]
[499, 532, 534, 567]
[500, 533, 535, 568]
[501, 534, 536, 569]
[502, 535, 537, 570]
[503, 536, 538, 571]
[504, 537, 539, 572]
[505, 538, 540, 573]
[506, 539, 541, 574]
[507, 540, 542, 575]
[508, 541, 543, 576]
[509, 510, 542, 577]
[510, 545, 577, 578]
[511, 544, 546, 579]
[512, 545, 547, 580]
[513, 546, 548, 581]
[514, 547, 549, 582]
[515, 548, 550, 583]
[516, 549, 551, 584]
[517, 550, 552, 585]
[518, 551, 553, 586]
[519, 552, 554, 587]
[520, 553, 555, 588]
[521, 554, 556, 589]
[522, 555, 557, 590]
[523, 556, 558, 591]
[524, 557, 559, 592]
[525, 558, 560, 593]
[526, 559, 561, 594]
[527, 560, 562, 595]
[528, 561, 563, 596]
[529, 562, 564, 597]
[530, 563, 565, 598]
[531, 564, 566, 599]
[532, 565, 567, 600]
[533, 566, 568, 601]
[534, 567, 569, 602]
[535, 568, 570, 603]
[536, 569, 571, 604]
[537, 570, 572, 605]
[538, 571, 573, 606]
[539, 572, 574, 607]
[540, 573, 575, 608]
[541, 574, 576, 609]
[542, 575, 577, 610]
[543, 544, 576, 611]
[544, 579, 611, 612]
[545, 578, 580, 613]
[546, 579, 581, 614]
[547, 580, 582, 615]
[548, 581, 583, 616]
[549, 582, 584, 617]
[550, 583, 585, 618]
[551, 584, 586, 619]
[552, 585, 587, 620]
[553, 586, 588, 621]
[554, 587, 589, 622]
[555, 588, 590, 623]
[556, 589, 591, 624]
[557, 590, 592, 625]
[558, 591, 593, 626]
[559, 592, 594, 627]
[560, 593, 595, 628]
[561, 594, 596, 629]
[562, 595, 597, 630]
[563, 596, 598, 631]
[564, 597, 599, 632]
[565, 598, 600, 633]
[566, 599, 601, 634]
[567, 600, 602, 635]
[568, 601, 603, 636]
[569, 602, 604, 637]
[570, 603, 605, 638]
[571, 604, 606, 639]
[572, 605, 607, 640]
[573, 606, 608, 641]
[574, 607, 609, 642]
[575, 608, 610, 643]
[576, 609, 611, 644]
[577, 578, 610, 645]
[578, 613, 645, 646]
[579, 612, 614, 647]
[580, 613, 615, 648]
[581, 614, 616, 649]
[582, 615, 617, 650]
[583, 616, 618, 651]
[584, 617, 619, 652]
[585, 618, 620, 653]
[586, 619, 621, 654]
[587, 620, 622, 655]
[588, 621, 623, 656]
[589, 622, 624, 657]
[590, 623, 625, 658]
[591, 624, 626, 659]
[592, 625, 627, 660]
[593, 626, 628, 661]
[594, 627, 629, 662]
[595, 628, 630, 663]
[596, 629, 631, 664]
[597, 630, 632, 665]
[598, 631, 633, 666]
[599, 632, 634, 667]
[600, 633, 635, 668]
[601, 634, 636, 669]
[602, 635, 637, 670]
[603, 636, 638, 671]
[604, 637, 639, 672]
[605, 638, 640, 673]
[606, 639, 641, 674]
[607, 640, 642, 675]
[608, 641, 643, 676]
[609, 642, 644, 677]
[610, 643, 645, 678]
[611, 612, 644, 679]
[612, 647, 679, 680]
[613, 646, 648, 681]
[614, 647, 649, 682]
[615, 648, 650, 683]
[616, 649, 651, 684]
[617, 650, 652, 685]
[618, 651, 653, 686]
[619, 652, 654, 687]
[620, 653, 655, 688]
[621, 654, 656, 689]
[622, 655, 657, 690]
[623, 656, 658, 691]
[624, 657, 659, 692]
[625, 658, 660, 693]
[626, 659, 661, 694]
[627, 660, 662, 695]
[628, 661, 663, 696]
[629, 662, 664, 697]
[630, 663, 665, 698]
[631, 664, 666, 699]
[632, 665, 667, 700]
[633, 666, 668, 701]
[634, 667, 669, 702]
[635, 668, 670, 703]
[636, 669, 671, 704]
[637, 670, 672, 705]
[638, 671, 673, 706]
[639, 672, 674, 707]
[640, 673, 675, 708]
[641, 674, 676, 709]
[642, 675, 677, 710]
[643, 676, 678, 711]
[644, 677, 679, 712]
[645, 646, 678, 713]
[646, 681, 713, 714]
[647, 680, 682, 715]
[648, 681, 683, 716]
[649, 682, 684, 717]
[650, 683, 685, 718]
[651, 684, 686, 719]
[652, 685, 687, 720]
[653, 686, 688, 721]
[654, 687, 689, 722]
[655, 688, 690, 723]
[656, 689, 691, 724]
[657, 690, 692, 725]
[658, 691, 693, 726]
[659, 692, 694, 727]
[660, 693, 695, 728]
[661, 694, 696, 729]
[662, 695, 697, 730]
[663, 696, 698, 731]
[664, 697, 699, 732]
[665, 698, 700, 733]
[666, 699, 701, 734]
[667, 700, 702, 735]
[668, 701, 703, 736]
[669, 702, 704, 737]
[670, 703, 705, 738]
[671, 704, 706, 739]
[672, 705, 707, 740]
[673, 706, 708, 741]
[674, 707, 709, 742]
[675, 708, 710, 743]
[676, 709, 711, 744]
[677, 710, 712, 745]
[678, 711, 713, 746]
[679, 680, 712, 747]
[680, 715, 747, 748]
[681, 714, 716, 749]
[682, 715, 717, 750]
[683, 716, 718, 751]
[684, 717, 719, 752]
[685, 718, 720, 753]
[686, 719, 721, 754]
[687, 720, 722, 755]
[688, 721, 723, 756]
[689, 722, 724, 757]
[690, 723, 725, 758]
[691, 724, 726, 759]
[692, 725, 727, 760]
[693, 726, 728, 761]
[694, 727, 729, 762]
[695, 728, 730, 763]
[696, 729, 731, 764]
[697, 730, 732, 765]
[698, 731, 733, 766]
[699, 732, 734, 767]
[700, 733, 735, 768]
[701, 734, 736, 769]
[702, 735, 737, 770]
[703, 736, 738, 771]
[704, 737, 739, 772]
[705, 738, 740, 773]
[706, 739, 741, 774]
[707, 740, 742, 775]
[708, 741, 743, 776]
[709, 742, 744, 777]
[710, 743, 745, 778]
[711, 744, 746, 779]
[712, 745, 747, 780]
[713, 714, 746, 781]
[714, 749, 781, 782]
[715, 748, 750, 783]
[716, 749, 751, 784]
[717, 750, 752, 785]
[718, 751, 753, 786]
[719, 752, 754, 787]
[720, 753, 755, 788]
[721, 754, 756, 789]
[722, 755, 757, 790]
[723, 756, 758, 791]
[724, 757, 759, 792]
[725, 758, 760, 793]
[726, 759, 761, 794]
[727, 760, 762, 795]
[728, 761, 763, 796]
[729, 762, 764, 797]
[730, 763, 765, 798]
[731, 764, 766, 799]
[732, 765, 767, 800]
[733, 766, 768, 801]
[734, 767, 769, 802]
[735, 768, 770, 803]
[736, 769, 771, 804]
[737, 770, 772, 805]
[738, 771, 773, 806]
[739, 772, 774, 807]
[740, 773, 775, 808]
[741, 774, 776, 809]
[742, 775, 777, 810]
[743, 776, 778, 811]
[744, 777, 779, 812]
[745, 778, 780, 813]
[746, 779, 781, 814]
[747, 748, 780, 815]
[748, 783, 815, 816]
[749, 782, 784, 817]
[750, 783, 785, 818]
[751, 784, 786, 819]
[752, 785, 787, 820]
[753, 786, 788, 821]
[754, 787, 789, 822]
[755, 788, 790, 823]
[756, 789, 791, 824]
[757, 790, 792, 825]
[758, 791, 793, 826]
[759, 792, 794, 827]
[760, 793, 795, 828]
[761, 794, 796, 829]
[762, 795, 797, 830]
[763, 796, 798, 831]
[764, 797, 799, 832]
[765, 798, 800, 833]
[766, 799, 801, 834]
[767, 800, 802, 835]
[768, 801, 803, 836]
[769, 802, 804, 837]
[770, 803, 805, 838]
[771, 804, 806, 839]
[772, 805, 807, 840]
[773, 806, 808, 841]
[774, 807, 809, 842]
[775, 808, 810, 843]
[776, 809, 811, 844]
[777, 810, 812, 845]
[778, 811, 813, 846]
[779, 812, 814, 847]
[780, 813, 815, 848]
[781, 782, 814, 849]
[782, 817, 849, 850]
[783, 816, 818, 851]
[784, 817, 819, 852]
[785, 818, 820, 853]
[786, 819, 821, 854]
[787, 820, 822, 855]
[788, 821, 823, 856]
[789, 822, 824, 857]
[790, 823, 825, 858]
[791, 824, 826, 859]
[792, 825, 827, 860]
[793, 826, 828, 861]
[794, 827, 829, 862]
[795, 828, 830, 863]
[796, 829, 831, 864]
[797, 830, 832, 865]
[798, 831, 833, 866]
[799, 832, 834, 867]
[800, 833, 835, 868]
[801, 834, 836, 869]
[802, 835, 837, 870]
[803, 836, 838, 871]
[804, 837, 839, 872]
[805, 838, 840, 873]
[806, 839, 841, 874]
[807, 840, 842, 875]
[808, 841, 843, 876]
[809, 842, 844, 877]
[810, 843, 845, 878]
[811, 844, 846, 879]
[812, 845, 847, 880]
[813, 846, 848, 881]
[814, 847, 849, 882]
[815, 816, 848, 883]
[816, 851, 883, 884]
[817, 850, 852, 885]
[818, 851, 853, 886]
[819, 852, 854, 887]
[820, 853, 855, 888]
[821, 854, 856, 889]
[822, 855, 857, 890]
[823, 856, 858, 891]
[824, 857, 859, 892]
[825, 858, 860, 893]
[826, 859, 861, 894]
[827, 860, 862, 895]
[828, 861, 863, 896]
[829, 862, 864, 897]
[830, 863, 865, 898]
[831, 864, 866, 899]
[832, 865, 867, 900]
[833, 866, 868, 901]
[834, 867, 869, 902]
[835, 868, 870, 903]
[836, 869, 871, 904]
[837, 870, 872, 905]
[838, 871, 873, 906]
[839, 872, 874, 907]
[840, 873, 875, 908]
[841, 874, 876, 909]
[842, 875, 877, 910]
[843, 876, 878, 911]
[844, 877, 879, 912]
[845, 878, 880, 913]
[846, 879, 881, 914]
[847, 880, 882, 915]
[848, 881, 883, 916]
[849, 850, 882, 917]
[850, 885, 917, 918]
[851, 884, 886, 919]
[852, 885, 887, 920]
[853, 886, 888, 921]
[854, 887, 889, 922]
[855, 888, 890, 923]
[856, 889, 891, 924]
[857, 890, 892, 925]
[858, 891, 893, 926]
[859, 892, 894, 927]
[860, 893, 895, 928]
[861, 894, 896, 929]
[862, 895, 897, 930]
[863, 896, 898, 931]
[864, 897, 899, 932]
[865, 898, 900, 933]
[866, 899, 901, 934]
[867, 900, 902, 935]
[868, 901, 903, 936]
[869, 902, 904, 937]
[870, 903, 905, 938]
[871, 904, 906, 939]
[872, 905, 907, 940]
[873, 906, 908, 941]
[874, 907, 909, 942]
[875, 908, 910, 943]
[876, 909, 911, 944]
[877, 910, 912, 945]
[878, 911, 913, 946]
[879, 912, 914, 947]
[880, 913, 915, 948]
[881, 914, 916, 949]
[882, 915, 917, 950]
[883, 884, 916, 951]
[884, 919, 951, 952]
[885, 918, 920, 953]
[886, 919, 921, 954]
[887, 920, 922, 955]
[888, 921, 923, 956]
[889, 922, 924, 957]
[890, 923, 925, 958]
[891, 924, 926, 959]
[892, 925, 927, 960]
[893, 926, 928, 961]
[894, 927, 929, 962]
[895, 928, 930, 963]
[896, 929, 931, 964]
[897, 930, 932, 965]
[898, 931, 933, 966]
[899, 932, 934, 967]
[900, 933, 935, 968]
[901, 934, 936, 969]
[902, 935, 937, 970]
[903, 936, 938, 971]
[904, 937, 939, 972]
[905, 938, 940, 973]
[906, 939, 941, 974]
[907, 940, 942, 975]
[908, 941, 943, 976]
[909, 942, 944, 977]
[910, 943, 945, 978]
[911, 944, 946, 979]
[912, 945, 947, 980]
[913, 946, 948, 981]
[914, 947, 949, 982]
[915, 948, 950, 983]
[916, 949, 951, 984]
[917, 918, 950, 985]
[918, 953, 985, 986]
[919, 952, 954, 987]
[920, 953, 955, 988]
[921, 954, 956, 989]
[922, 955, 957, 990]
[923, 956, 958, 991]
[924, 957, 959, 992]
[925, 958, 960, 993]
[926, 959, 961, 994]
[927, 960, 962, 995]
[928, 961, 963, 996]
[929, 962, 964, 997]
[930, 963, 965, 998]
[931, 964, 966, 999]
[932, 965, 967, 1000]
[933, 966, 968, 1001]
[934, 967, 969, 1002]
[935, 968, 970, 1003]
[936, 969, 971, 1004]
[937, 970, 972, 1005]
[938, 971, 973, 1006]
[939, 972, 974, 1007]
[940, 973, 975, 1008]
[941, 974, 976, 1009]
[942, 975, 977, 1010]
[943, 976, 978, 1011]
[944, 977, 979, 1012]
[945, 978, 980, 1013]
[946, 979, 981, 1014]
[947, 980, 982, 1015]
[948, 981, 983, 1016]
[949, 982, 984, 1017]
[950, 983, 985, 1018]
[951, 952, 984, 1019]
[952, 987, 1019, 1020]
[953, 986, 988, 1021]
[954, 987, 989, 1022]
[955, 988, 990, 1023]
[956, 989, 991, 1024]
[957, 990, 992, 1025]
[958, 991, 993, 1026]
[959, 992, 994, 1027]
[960, 993, 995, 1028]
[961, 994, 996, 1029]
[962, 995, 997, 1030]
[963, 996, 998, 1031]
[964, 997, 999, 1032]
[965, 998, 1000, 1033]
[966, 999, 1001, 1034]
[967, 1000, 1002, 1035]
[968, 1001, 1003, 1036]
[969, 1002, 1004, 1037]
[970, 1003, 1005, 1038]
[971, 1004, 1006, 1039]
[972, 1005, 1007, 1040]
[973, 1006, 1008, 1041]
[974, 1007, 1009, 1042]
[975, 1008, 1010, 1043]
[976, 1009, 1011, 1044]
[977, 1010, 1012, 1045]
[978, 1011, 1013, 1046]
[979, 1012, 1014, 1047]
[980, 1013, 1015, 1048]
[981, 1014, 1016, 1049]
[982, 1015, 1017, 1050]
[983, 1016, 1018, 1051]
[984, 1017, 1019, 1052]
[985, 986, 1018, 1053]
[986, 1021, 1053, 1054]
[987, 1020, 1022, 1055]
[988, 1021, 1023, 1056]
[989, 1022, 1024, 1057]
[990, 1023, 1025, 1058]
[991, 1024, 1026, 1059]
[992, 1025, 1027, 1060]
[993, 1026, 1028, 1061]
[994, 1027, 1029, 1062]
[995, 1028, 1030, 1063]
[996, 1029, 1031, 1064]
[997, 1030, 1032, 1065]
[998, 1031, 1033, 1066]
[999, 1032, 1034, 1067]
[1000, 1033, 1035, 1068]
[1001, 1034, 1036, 1069]
[1002, 1035, 1037, 1070]
[1003, 1036, 1038, 1071]
[1004, 1037, 1039, 1072]
[1005, 1038, 1040, 1073]
[1006, 1039, 1041, 1074]
[1007, 1040, 1042, 1075]
[1008, 1041, 1043, 1076]
[1009, 1042, 1044, 1077]
[1010, 1043, 1045, 1078]
[1011, 1044, 1046, 1079]
[1012, 1045, 1047, 1080]
[1013, 1046, 1048, 1081]
[1014, 1047, 1049, 1082]
[1015, 1048, 1050, 1083]
[1016, 1049, 1051, 1084]
[1017, 1050, 1052, 1085]
[1018, 1051, 1053, 1086]
[1019, 1020, 1052, 1087]
[1020, 1055, 1087, 1088]
[1021, 1054, 1056, 1089]
[1022, 1055, 1057, 1090]
[1023, 1056, 1058, 1091]
[1024, 1057, 1059, 1092]
[1025, 1058, 1060, 1093]
[1026, 1059, 1061, 1094]
[1027, 1060, 1062, 1095]
[1028, 1061, 1063, 1096]
[1029, 1062, 1064, 1097]
[1030, 1063, 1065, 1098]
[1031, 1064, 1066, 1099]
[1032, 1065, 1067, 1100]
[1033, 1066, 1068, 1101]
[1034, 1067, 1069, 1102]
[1035, 1068, 1070, 1103]
[1036, 1069, 1071, 1104]
[1037, 1070, 1072, 1105]
[1038, 1071, 1073, 1106]
[1039, 1072, 1074, 1107]
[1040, 1073, 1075, 1108]
[1041, 1074, 1076, 1109]
[1042, 1075, 1077, 1110]
[1043, 1076, 1078, 1111]
[1044, 1077, 1079, 1112]
[1045, 1078, 1080, 1113]
[1046, 1079, 1081, 1114]
[1047, 1080, 1082, 1115]
[1048, 1081, 1083, 1116]
[1049, 1082, 1084, 1117]
[1050, 1083, 1085, 1118]
[1051, 1084, 1086, 1119]
[1052, 1085, 1087, 1120]
[1053, 1054, 1086, 1121]
[1054, 1089, 1121, 1122]
[1055, 1088, 1090, 1123]
[1056, 1089, 1091, 1124]
[1057, 1090, 1092, 1125]
[1058, 1091, 1093, 1126]
[1059, 1092, 1094, 1127]
[1060, 1093, 1095, 1128]
[1061, 1094, 1096, 1129]
[1062, 1095, 1097, 1130]
[1063, 1096, 1098, 1131]
[1064, 1097, 1099, 1132]
[1065, 1098, 1100, 1133]
[1066, 1099, 1101, 1134]
[1067, 1100, 1102, 1135]
[1068, 1101, 1103, 1136]
[1069, 1102, 1104, 1137]
[1070, 1103, 1105, 1138]
[1071, 1104, 1106, 1139]
[1072, 1105, 1107, 1140]
[1073, 1106, 1108, 1141]
[1074, 1107, 1109, 1142]
[1075, 1108, 1110, 1143]
[1076, 1109, 1111, 1144]
[1077, 1110, 1112, 1145]
[1078, 1111, 1113, 1146]
[1079, 1112, 1114, 1147]
[1080, 1113, 1115, 1148]
[1081, 1114, 1116, 1149]
[1082, 1115, 1117, 1150]
[1083, 1116, 1118, 1151]
[1084, 1117, 1119, 1152]
[1085, 1118, 1120, 1153]
[1086, 1119, 1121, 1154]
[1087, 1088, 1120, 1155]
[0, 1088, 1123, 1155]
[1, 1089, 1122, 1124]
[2, 1090, 1123, 1125]
[3, 1091, 1124, 1126]
[4, 1092, 1125, 1127]
[5, 1093, 1126, 1128]
[6, 1094, 1127, 1129]
[7, 1095, 1128, 1130]
[8, 1096, 1129, 1131]
[9, 1097, 1130, 1132]
[10, 1098, 1131, 1133]
[11, 1099, 1132, 1134]
[12, 1100, 1133, 1135]
[13, 1101, 1134, 1136]
[14, 1102, 1135, 1137]
[15, 1103, 1136, 1138]
[16, 1104, 1137, 1139]
[17, 1105, 1138, 1140]
[18, 1106, 1139, 1141]
[19, 1107, 1140, 1142]
[20, 1108, 1141, 1143]
[21, 1109, 1142, 1144]
[22, 1110, 1143, 1145]
[23, 1111, 1144, 1146]
[24, 1112, 1145, 1147]
[25, 1113, 1146, 1148]
[26, 1114, 1147, 1149]
[27, 1115, 1148, 1150]
[28, 1116, 1149, 1151]
[29, 1117, 1150, 1152]
[30, 1118, 1151, 1153]
[31, 1119, 1152, 1154]
[32, 1120, 1153, 1155]
[33, 1121, 1122, 1154]
