[1, 31, 481]
[0, 2, 32]
[1, 3, 483]
[2, 4, 34]
[3, 5, 485]
[4, 6, 36]
[5, 7, 487]
[6, 8, 38]
[7, 9, 489]
[8, 10, 40]
[9, 11, 491]
[10, 12, 42]
[11, 13, 493]
[12, 14, 44]
[13, 15, 495]
[14, 16, 46]
[15, 17, 497]
[16, 18, 48]
[17, 19, 499]
[18, 20, 50]
[19, 21, 501]
[20, 22, 52]
[21, 23, 503]
[22, 24, 54]
[23, 25, 505]
[24, 26, 56]
[25, 27, 507]
[26, 28, 58]
[27, 29, 509]
[28, 30, 60]
[29, 31, 511]
[0, 30, 62]
[1, 33, 63]
[32, 34, 64]
[3, 33, 35]
[34, 36, 66]
[5, 35, 37]
[36, 38, 68]
[7, 37, 39]
[38, 40, 70]
[9, 39, 41]
[40, 42, 72]
[11, 41, 43]
[42, 44, 74]
[13, 43, 45]
[44, 46, 76]
[15, 45, 47]
[46, 48, 78]
[17, 47, 49]
[48, 50, 80]
[19, 49, 51]
[50, 52, 82]
[21, 51, 53]
[52, 54, 84]
[23, 53, 55]
[54, 56, 86]
[25, 55, 57]
[56, 58, 88]
[27, 57, 59]
[58, 60, 90]
[29, 59, 61]
[60, 62, 92]
[31, 61, 63]
[32, 62, 94]
[33, 65, 95]
[64, 66, 96]
[35, 65, 67]
[66, 68, 98]
[37, 67, 69]
[68, 70, 100]
[39, 69, 71]
[70, 72, 102]
[41, 71, 73]
[72, 74, 104]
[43, 73, 75]
[74, 76, 106]
[45, 75, 77]
[76, 78, 108]
[47, 77, 79]
[78, 80, 110]
[49, 79, 81]
[80, 82, 112]
[51, 81, 83]
[82, 84, 114]
[53, 83, 85]
[84, 86, 116]
[55, 85, 87]
[86, 88, 118]
[57, 87, 89]
[88, 90, 120]
[59, 89, 91]
[90, 92, 122]
[61, 91, 93]
[92, 94, 124]
[63, 93, 95]
[64, 94, 126]
[65, 97, 127]
[96, 98, 128]
[67, 97, 99]
[98, 100, 130]
[69, 99, 101]
[100, 102, 132]
[71, 101, 103]
[102, 104, 134]
[73, 103, 105]
[104, 106, 136]
[75, 105, 107]
[106, 108, 138]
[77, 107, 109]
[108, 110, 140]
[79, 109, 111]
[110, 112, 142]
[81, 111, 113]
[112, 114, 144]
[83, 113, 115]
[114, 116, 146]
[85, 115, 117]
[116, 118, 148]
[87, 117, 119]
[118, 120, 150]
[89, 119, 121]
[120, 122, 152]
[91, 121, 123]
[122, 124, 154]
[93, 123, 125]
[124, 126, 156]
[95, 125, 127]
[96, 126, 158]
[97, 129, 159]
[128, 130, 160]
[99, 129, 131]
[130, 132, 162]
[101, 131, 133]
[132, 134, 164]
[103, 133, 135]
[134, 136, 166]
[105, 135, 137]
[136, 138, 168]
[107, 137, 139]
[138, 140, 170]
[109, 139, 141]
[140, 142, 172]
[111, 141, 143]
[142, 144, 174]
[113, 143, 145]
[144, 146, 176]
[115, 145, 147]
[146, 148, 178]
[117, 147, 149]
[148, 150, 180]
[119, 149, 151]
[150, 152, 182]
[121, 151, 153]
[152, 154, 184]
[123, 153, 155]
[154, 156, 186]
[125, 155, 157]
[156, 158, 188]
[127, 157, 159]
[128, 158, 190]
[129, 161, 191]
[160, 162, 192]
[131, 161, 163]
[162, 164, 194]
[133, 163, 165]
[164, 166, 196]
[135, 165, 167]
[166, 168, 198]
[137, 167, 169]
[168, 170, 200]
[139, 169, 171]
[170, 172, 202]
[141, 171, 173]
[172, 174, 204]
[143, 173, 175]
[174, 176, 206]
[145, 175, 177]
[176, 178, 208]
[147, 177, 179]
[178, 180, 210]
[149, 179, 181]
[180, 182, 212]
[151, 181, 183]
[182, 184, 214]
[153, 183, 185]
[184, 186, 216]
[155, 185, 187]
[186, 188, 218]
[157, 187, 189]
[188, 190, 220]
[159, 189, 191]
[160, 190, 222]
[161, 193, 223]
[192, 194, 224]
[163, 193, 195]
[194, 196, 226]
[165, 195, 197]
[196, 198, 228]
[167, 197, 199]
[198, 200, 230]
[169, 199, 201]
[200, 202, 232]
[171, 201, 203]
[202, 204, 234]
[173, 203, 205]
[204, 206, 236]
[175, 205, 207]
[206, 208, 238]
[177, 207, 209]
[208, 210, 240]
[179, 209, 211]
[210, 212, 242]
[181, 211, 213]
[212, 214, 244]
[183, 213, 215]
[214, 216, 246]
[185, 215, 217]
[216, 218, 248]
[187, 217, 219]
[218, 220, 250]
[189, 219, 221]
[220, 222, 252]
[191, 221, 223]
[192, 222, 254]
[193, 225, 255]
[224, 226, 256]
[195, 225, 227]
[226, 228, 258]
[197, 227, 229]
[228, 230, 260]
[199, 229, 231]
[230, 232, 262]
[201, 231, 233]
[232, 234, 264]
[203, 233, 235]
[234, 236, 266]
[205, 235, 237]
[236, 238, 268]
[207, 237, 239]
[238, 240, 270]
[209, 239, 241]
[240, 242, 272]
[211, 241, 243]
[242, 244, 274]
[213, 243, 245]
[244, 246, 276]
[215, 245, 247]
[246, 248, 278]
[217, 247, 249]
[248, 250, 280]
[219, 249, 251]
[250, 252, 282]
[221, 251, 253]
[252, 254, 284]
[223, 253, 255]
[224, 254, 286]
[225, 257, 287]
[256, 258, 288]
[227, 257, 259]
[258, 260, 290]
[229, 259, 261]
[260, 262, 292]
[231, 261, 263]
[262, 264, 294]
[233, 263, 265]
[264, 266, 296]
[235, 265, 267]
[266, 268, 298]
[237, 267, 269]
[268, 270, 300]
[239, 269, 271]
[270, 272, 302]
[241, 271, 273]
[272, 274, 304]
[243, 273, 275]
[274, 276, 306]
[245, 275, 277]
[276, 278, 308]
[247, 277, 279]
[278, 280, 310]
[249, 279, 281]
[280, 282, 312]
[251, 281, 283]
[282, 284, 314]
[253, 283, 285]
[284, 286, 316]
[255, 285, 287]
[256, 286, 318]
[257, 289, 319]
[288, 290, 320]
[259, 289, 291]
[290, 292, 322]
[261, 291, 293]
[292, 294, 324]
[263, 293, 295]
[294, 296, 326]
[265, 295, 297]
[296, 298, 328]
[267, 297, 299]
[298, 300, 330]
[269, 299, 301]
[300, 302, 332]
[271, 301, 303]
[302, 304, 334]
[273, 303, 305]
[304, 306, 336]
[275, 305, 307]
[306, 308, 338]
[277, 307, 309]
[308, 310, 340]
[279, 309, 311]
[310, 312, 342]
[281, 311, 313]
[312, 314, 344]
[283, 313, 315]
[314, 316, 346]
[285, 315, 317]
[316, 318, 348]
[287, 317, 319]
[288, 318, 350]
[289, 321, 351]
[320, 322, 352]
[291, 321, 323]
[322, 324, 354]
[293, 323, 325]
[324, 326, 356]
[295, 325, 327]
[326, 328, 358]
[297, 327, 329]
[328, 330, 360]
[299, 329, 331]
[330, 332, 362]
[301, 331, 333]
[332, 334, 364]
[303, 333, 335]
[334, 336, 366]
[305, 335, 337]
[336, 338, 368]
[307, 337, 339]
[338, 340, 370]
[309, 339, 341]
[340, 342, 372]
[311, 341, 343]
[342, 344, 374]
[313, 343, 345]
[344, 346, 376]
[315, 345, 347]
[346, 348, 378]
[317, 347, 349]
[348, 350, 380]
[319, 349, 351]
[320, 350, 382]
[321, 353, 383]
[352, 354, 384]
[323, 353, 355]
[354, 356, 386]
[325, 355, 357]
[356, 358, 388]
[327, 357, 359]
[358, 360, 390]
[329, 359, 361]
[360, 362, 392]
[331, 361, 363]
[362, 364, 394]
[333, 363, 365]
[364, 366, 396]
[335, 365, 367]
[366, 368, 398]
[337, 367, 369]
[368, 370, 400]
[339, 369, 371]
[370, 372, 402]
[341, 371, 373]
[372, 374, 404]
[343, 373, 375]
[374, 376, 406]
[345, 375, 377]
[376, 378, 408]
[347, 377, 379]
[378, 380, 410]
[349, 379, 381]
[380, 382, 412]
[351, 381, 383]
[352, 382, 414]
[353, 385, 415]
[384, 386, 416]
[355, 385, 387]
[386, 388, 418]
[357, 387, 389]
[388, 390, 420]
[359, 389, 391]
[390, 392, 422]
[361, 391, 393]
[392, 394, 424]
[363, 393, 395]
[394, 396, 426]
[365, 395, 397]
[396, 398, 428]
[367, 397, 399]
[398, 400, 430]
[369, 399, 401]
[400, 402, 432]
[371, 401, 403]
[402, 404, 434]
[373, 403, 405]
[404, 406, 436]
[375, 405, 407]
[406, 408, 438]
[377, 407, 409]
[408, 410, 440]
[379, 409, 411]
[410, 412, 442]
[381, 411, 413]
[412, 414, 444]
[383, 413, 415]
[384, 414, 446]
[385, 417, 447]
[416, 418, 448]
[387, 417, 419]
[418, 420, 450]
[389, 419, 421]
[420, 422, 452]
[391, 421, 423]
[422, 424, 454]
[393, 423, 425]
[424, 426, 456]
[395, 425, 427]
[426, 428, 458]
[397, 427, 429]
[428, 430, 460]
[399, 429, 431]
[430, 432, 462]
[401, 431, 433]
[432, 434, 464]
[403, 433, 435]
[434, 436, 466]
[405, 435, 437]
[436, 438, 468]
[407, 437, 439]
[438, 440, 470]
[409, 439, 441]
[440, 442, 472]
[411, 441, 443]
[442, 444, 474]
[413, 443, 445]
[444, 446, 476]
[415, 445, 447]
[416, 446, 478]
[417, 449, 479]
[448, 450, 480]
[419, 449, 451]
[450, 452, 482]
[421, 451, 453]
[452, 454, 484]
[423, 453, 455]
[454, 456, 486]
[425, 455, 457]
[456, 458, 488]
[427, 457, 459]
[458, 460, 490]
[429, 459, 461]
[460, 462, 492]
[431, 461, 463]
[462, 464, 494]
[433, 463, 465]
[464, 466, 496]
[435, 465, 467]
[466, 468, 498]
[437, 467, 469]
[468, 470, 500]
[439, 469, 471]
[470, 472, 502]
[441, 471, 473]
[472, 474, 504]
[443, 473, 475]
[474, 476, 506]
[445, 475, 477]
[476, 478, 508]
[447, 477, 479]
[448, 478, 510]
[449, 481, 511]
[0, 480, 482]
[451, 481, 483]
[2, 482, 484]
[453, 483, 485]
[4, 484, 486]
[455, 485, 487]
[6, 486, 488]
[457, 487, 489]
[8, 488, 490]
[459, 489, 491]
[10, 490, 492]
[461, 491, 493]
[12, 492, 494]
[463, 493, 495]
[14, 494, 496]
[465, 495, 497]
[16, 496, 498]
[467, 497, 499]
[18, 498, 500]
[469, 499, 501]
[20, 500, 502]
[471, 501, 503]
[22, 502, 504]
[473, 503, 505]
[24, 504, 506]
[475, 505, 507]
[26, 506, 508]
[477, 507, 509]
[28, 508, 510]
[479, 509, 511]
[30, 480, 510]
