[1, 41, 42, 1722]
[0, 2, 43, 1723]
[1, 3, 44, 1724]
[2, 4, 45, 1725]
[3, 5, 46, 1726]
[4, 6, 47, 1727]
[5, 7, 48, 1728]
[6, 8, 49, 1729]
[7, 9, 50, 1730]
[8, 10, 51, 1731]
[9, 11, 52, 1732]
[10, 12, 53, 1733]
[11, 13, 54, 1734]
[12, 14, 55, 1735]
[13, 15, 56, 1736]
[14, 16, 57, 1737]
[15, 17, 58, 1738]
[16, 18, 59, 1739]
[17, 19, 60, 1740]
[18, 20, 61, 1741]
[19, 21, 62, 1742]
[20, 22, 63, 1743]
[21, 23, 64, 1744]
[22, 24, 65, 1745]
[23, 25, 66, 1746]
[24, 26, 67, 1747]
[25, 27, 68, 1748]
[26, 28, 69, 1749]
[27, 29, 70, 1750]
[28, 30, 71, 1751]
[29, 31, 72, 1752]
[30, 32, 73, 1753]
[31, 33, 74, 1754]
[32, 34, 75, 1755]
[33, 35, 76, 1756]
[34, 36, 77, 1757]
[35, 37, 78, 1758]
[36, 38, 79, 1759]
[37, 39, 80, 1760]
[38, 40, 81, 1761]
[39, 41, 82, 1762]
[0, 40, 83, 1763]
[0, 43, 83, 84]
[1, 42, 44, 85]
[2, 43, 45, 86]
[3, 44, 46, 87]
[4, 45, 47, 88]
[5, 46, 48, 89]
[6, 47, 49, 90]
[7, 48, 50, 91]
[8, 49, 51, 92]
[9, 50, 52, 93]
[10, 51, 53, 94]
[11, 52, 54, 95]
[12, 53, 55, 96]
[13, 54, 56, 97]
[14, 55, 57, 98]
[15, 56, 58, 99]
[16, 57, 59, 100]
[17, 58, 60, 101]
[18, 59, 61, 102]
[19, 60, 62, 103]
[20, 61, 63, 104]
[21, 62, 64, 105]
[22, 63, 65, 106]
[23, 64, 66, 107]
[24, 65, 67, 108]
[25, 66, 68, 109]
[26, 67, 69, 110]
[27, 68, 70, 111]
[28, 69, 71, 112]
[29, 70, 72, 113]
[30, 71, 73, 114]
[31, 72, 74, 115]
[32, 73, 75, 116]
[33, 74, 76, 117]
[34, 75, 77, 118]
[35, 76, 78, 119]
[36, 77, 79, 120]
[37, 78, 80, 121]
[38, 79, 81, 122]
[39, 80, 82, 123]
[40, 81, 83, 124]
[41, 42, 82, 125]
[42, 85, 125, 126]
[43, 84, 86, 127]
[44, 85, 87, 128]
[45, 86, 88, 129]
[46, 87, 89, 130]
[47, 88, 90, 131]
[48, 89, 91, 132]
[49, 90, 92, 133]
[50, 91, 93, 134]
[51, 92, 94, 135]
[52, 93, 95, 136]
[53, 94, 96, 137]
[54, 95, 97, 138]
[55, 96, 98, 139]
[56, 97, 99, 140]
[57, 98, 100, 141]
[58, 99, 101, 142]
[59, 100, 102, 143]
[60, 101, 103, 144]
[61, 102, 104, 145]
[62, 103, 105, 146]
[63, 104, 106, 147]
[64, 105, 107, 148]
[65, 106, 108, 149]
[66, 107, 109, 150]
[67, 108, 110, 151]
[68, 109, 111, 152]
[69, 110, 112, 153]
[70, 111, 113, 154]
[71, 112, 114, 155]
[72, 113, 115, 156]
[73, 114, 116, 157]
[74, 115, 117, 158]
[75, 116, 118, 159]
[76, 117, 119, 160]
[77, 118, 120, 161]
[78, 119, 121, 162]
[79, 120, 122, 163]
[80, 121, 123, 164]
[81, 122, 124, 165]
[82, 123, 125, 166]
[83, 84, 124, 167]
[84, 127, 167, 168]
[85, 126, 128, 169]
[86, 127, 129, 170]
[87, 128, 130, 171]
[88, 129, 131, 172]
[89, 130, 132, 173]
[90, 131, 133, 174]
[91, 132, 134, 175]
[92, 133, 135, 176]
[93, 134, 136, 177]
[94, 135, 137, 178]
[95, 136, 138, 179]
[96, 137, 139, 180]
[97, 138, 140, 181]
[98, 139, 141, 182]
[99, 140, 142, 183]
[100, 141, 143, 184]
[101, 142, 144, 185]
[102, 143, 145, 186]
[103, 144, 146, 187]
[104, 145, 147, 188]
[105, 146, 148, 189]
[106, 147, 149, 190]
[107, 148, 150, 191]
[108, 149, 151, 192]
[109, 150, 152, 193]
[110, 151, 153, 194]
[111, 152, 154, 195]
[112, 153, 155, 196]
[113, 154, 156, 197]
[114, 155, 157, 198]
[115, 156, 158, 199]
[116, 157, 159, 200]
[117, 158, 160, 201]
[118, 159, 161, 202]
[119, 160, 162, 203]
[120, 161, 163, 204]
[121, 162, 164, 205]
[122, 163, 165, 206]
[123, 164, 166, 207]
[124, 165, 167, 208]
[125, 126, 166, 209]
[126, 169, 209, 210]
[127, 168, 170, 211]
[128, 169, 171, 212]
[129, 170, 172, 213]
[130, 171, 173, 214]
[131, 172, 174, 215]
[132, 173, 175, 216]
[133, 174, 176, 217]
[134, 175, 177, 218]
[135, 176, 178, 219]
[136, 177, 179, 220]
[137, 178, 180, 221]
[138, 179, 181, 222]
[139, 180, 182, 223]
[140, 181, 183, 224]
[141, 182, 184, 225]
[142, 183, 185, 226]
[143, 184, 186, 227]
[144, 185, 187, 228]
[145, 186, 188, 229]
[146, 187, 189, 230]
[147, 188, 190, 231]
[148, 189, 191, 232]
[149, 190, 192, 233]
[150, 191, 193, 234]
[151, 192, 194, 235]
[152, 193, 195, 236]
[153, 194, 196, 237]
[154, 195, 197, 238]
[155, 196, 198, 239]
[156, 197, 199, 240]
[157, 198, 200, 241]
[158, 199, 201, 242]
[159, 200, 202, 243]
[160, 201, 203, 244]
[161, 202, 204, 245]
[162, 203, 205, 246]
[163, 204, 206, 247]
[164, 205, 207, 248]
[165, 206, 208, 249]
[166, 207, 209, 250]
[167, 168, 208, 251]
[168, 211, 251, 252]
[169, 210, 212, 253]
[170, 211, 213, 254]
[171, 212, 214, 255]
[172, 213, 215, 256]
[173, 214, 216, 257]
[174, 215, 217, 258]
[175, 216, 218, 259]
[176, 217, 219, 260]
[177, 218, 220, 261]
[178, 219, 221, 262]
[179, 220, 222, 263]
[180, 221, 223, 264]
[181, 222, 224, 265]
[182, 223, 225, 266]
[183, 224, 226, 267]
[184, 225, 227, 268]
[185, 226, 228, 269]
[186, 227, 229, 270]
[187, 228, 230, 271]
[188, 229, 231, 272]
[189, 230, 232, 273]
[190, 231, 233, 274]
[191, 232, 234, 275]
[192, 233, 235, 276]
[193, 234, 236, 277]
[194, 235, 237, 278]
[195, 236, 238, 279]
[196, 237, 239, 280]
[197, 238, 240, 281]
[198, 239, 241, 282]
[199, 240, 242, 283]
[200, 241, 243, 284]
[201, 242, 244, 285]
[202, 243, 245, 286]
[203, 244, 246, 287]
[204, 245, 247, 288]
[205, 246, 248, 289]
[206, 247, 249, 290]
[207, 248, 250, 291]
[208, 249, 251, 292]
[209, 210, 250, 293]
[210, 253, 293, 294]
[211, 252, 254, 295]
[212, 253, 255, 296]
[213, 254, 256, 297]
[214, 255, 257, 298]
[215, 256, 258, 299]
[216, 257, 259, 300]
[217, 258, 260, 301]
[218, 259, 261, 302]
[219, 260, 262, 303]
[220, 261, 263, 304]
[221, 262, 264, 305]
[222, 263, 265, 306]
[223, 264, 266, 307]
[224, 265, 267, 308]
[225, 266, 268, 309]
[226, 267, 269, 310]
[227, 268, 270, 311]
[228, 269, 271, 312]
[229, 270, 272, 313]
[230, 271, 273, 314]
[231, 272, 274, 315]
[232, 273, 275, 316]
[233, 274, 276, 317]
[234, 275, 277, 318]
[235, 276, 278, 319]
[236, 277, 279, 320]
[237, 278, 280, 321]
[238, 279, 281, 322]
[239, 280, 282, 323]
[240, 281, 283, 324]
[241, 282, 284, 325]
[242, 283, 285, 326]
[243, 284, 286, 327]
[244, 285, 287, 328]
[245, 286, 288, 329]
[246, 287, 289, 330]
[247, 288, 290, 331]
[248, 289, 291, 332]
[249, 290, 292, 333]
[250, 291, 293, 334]
[251, 252, 292, 335]
[252, 295, 335, 336]
[253, 294, 296, 337]
[254, 295, 297, 338]
[255, 296, 298, 339]
[256, 297, 299, 340]
[257, 298, 300, 341]
[258, 299, 301, 342]
[259, 300, 302, 343]
[260, 301, 303, 344]
[261, 302, 304, 345]
[262, 303, 305, 346]
[263, 304, 306, 347]
[264, 305, 307, 348]
[265, 306, 308, 349]
[266, 307, 309, 350]
[267, 308, 310, 351]
[268, 309, 311, 352]
[269, 310, 312, 353]
[270, 311, 313, 354]
[271, 312, 314, 355]
[272, 313, 315, 356]
[273, 314, 316, 357]
[274, 315, 317, 358]
[275, 316, 318, 359]
[276, 317, 319, 360]
[277, 318, 320, 361]
[278, 319, 321, 362]
[279, 320, 322, 363]
[280, 321, 323, 364]
[281, 322, 324, 365]
[282, 323, 325, 366]
[283, 324, 326, 367]
[284, 325, 327, 368]
[285, 326, 328, 369]
[286, 327, 329, 370]
[287, 328, 330, 371]
[288, 329, 331, 372]
[289, 330, 332, 373]
[290, 331, 333, 374]
[291, 332, 334, 375]
[292, 333, 335, 376]
[293, 294, 334, 377]
[294, 337, 377, 378]
[295, 336, 338, 379]
[296, 337, 339, 380]
[297, 338, 340, 381]
[298, 339, 341, 382]
[299, 340, 342, 383]
[300, 341, 343, 384]
[301, 342, 344, 385]
[302, 343, 345, 386]
[303, 344, 346, 387]
[304, 345, 347, 388]
[305, 346, 348, 389]
[306, 347, 349, 390]
[307, 348, 350, 391]
[308, 349, 351, 392]
[309, 350, 352, 393]
[310, 351, 353, 394]
[311, 352, 354, 395]
[312, 353, 355, 396]
[313, 354, 356, 397]
[314, 355, 357, 398]
[315, 356, 358, 399]
[316, 357, 359, 400]
[317, 358, 360, 401]
[318, 359, 361, 402]
[319, 360, 362, 403]
[320, 361, 363, 404]
[321, 362, 364, 405]
[322, 363, 365, 406]
[323, 364, 366, 407]
[324, 365, 367, 408]
[325, 366, 368, 409]
[326, 367, 369, 410]
[327, 368, 370, 411]
[328, 369, 371, 412]
[329, 370, 372, 413]
[330, 371, 373, 414]
[331, 372, 374, 415]
[332, 373, 375, 416]
[333, 374, 376, 417]
[334, 375, 377, 418]
[335, 336, 376, 419]
[336, 379, 419, 420]
[337, 378, 380, 421]
[338, 379, 381, 422]
[339, 380, 382, 423]
[340, 381, 383, 424]
[341, 382, 384, 425]
[342, 383, 385, 426]
[343, 384, 386, 427]
[344, 385, 387, 428]
[345, 386, 388, 429]
[346, 387, 389, 430]
[347, 388, 390, 431]
[348, 389, 391, 432]
[349, 390, 392, 433]
[350, 391, 393, 434]
[351, 392, 394, 435]
[352, 393, 395, 436]
[353, 394, 396, 437]
[354, 395, 397, 438]
[355, 396, 398, 439]
[356, 397, 399, 440]
[357, 398, 400, 441]
[358, 399, 401, 442]
[359, 400, 402, 443]
[360, 401, 403, 444]
[361, 402, 404, 445]
[362, 403, 405, 446]
[363, 404, 406, 447]
[364, 405, 407, 448]
[365, 406, 408, 449]
[366, 407, 409, 450]
[367, 408, 410, 451]
[368, 409, 411, 452]
[369, 410, 412, 453]
[370, 411, 413, 454]
[371, 412, 414, 455]
[372, 413, 415, 456]
[373, 414, 416, 457]
[374, 415, 417, 458]
[375, 416, 418, 459]
[376, 417, 419, 460]
[377, 378, 418, 461]
[378, 421, 461, 462]
[379, 420, 422, 463]
[380, 421, 423, 464]
[381, 422, 424, 465]
[382, 423, 425, 466]
[383, 424, 426, 467]
[384, 425, 427, 468]
[385, 426, 428, 469]
[386, 427, 429, 470]
[387, 428, 430, 471]
[388, 429, 431, 472]
[389, 430, 432, 473]
[390, 431, 433, 474]
[391, 432, 434, 475]
[392, 433, 435, 476]
[393, 434, 436, 477]
[394, 435, 437, 478]
[395, 436, 438, 479]
[396, 437, 439, 480]
[397, 438, 440, 481]
[398, 439, 441, 482]
[399, 440, 442, 483]
[400, 441, 443, 484]
[401, 442, 444, 485]
[402, 443, 445, 486]
[403, 444, 446, 487]
[404, 445, 447, 488]
[405, 446, 448, 489]
[406, 447, 449, 490]
[407, 448, 450, 491]
[408, 449, 451, 492]
[409, 450, 452, 493]
[410, 451, 453, 494]
[411, 452, 454, 495]
[412, 453, 455, 496]
[413, 454, 456, 497]
[414, 455, 457, 498]
[415, 456, 458, 499]
[416, 457, 459, 500]
[417, 458, 460, 501]
[418, 459, 461, 502]
[419, 420, 460, 503]
[420, 463, 503, 504]
[421, 462, 464, 505]
[422, 463, 465, 506]
[423, 464, 466, 507]
[424, 465, 467, 508]
[425, 466, 468, 509]
[426, 467, 469, 510]
[427, 468, 470, 511]
[428, 469, 471, 512]
[429, 470, 472, 513]
[430, 471, 473, 514]
[431, 472, 474, 515]
[432, 473, 475, 516]
[433, 474, 476, 517]
[434, 475, 477, 518]
[435, 476, 478, 519]
[436, 477, 479, 520]
[437, 478, 480, 521]
[438, 479, 481, 522]
[439, 480, 482, 523]
[440, 481, 483, 524]
[441, 482, 484, 525]
[442, 483, 485, 526]
[443, 484, 486, 527]
[444, 485, 487, 528]
[445, 486, 488, 529]
[446, 487, 489, 530]
[447, 488, 490, 531]
[448, 489, 491, 532]
[449, 490, 492, 533]
[450, 491, 493, 534]
[451, 492, 494, 535]
[452, 493, 495, 536]
[453, 494, 496, 537]
[454, 495, 497, 538]
[455, 496, 498, 539]
[456, 497, 499, 540]
[457, 498, 500, 541]
[458, 499, 501, 542]
[459, 500, 502, 543]
[460, 501, 503, 544]
[461, 462, 502, 545]
[462, 505, 545, 546]
[463, 504, 506, 547]
[464, 505, 507, 548]
[465, 506, 508, 549]
[466, 507, 509, 550]
[467, 508, 510, 551]
[468, 509, 511, 552]
[469, 510, 512, 553]
[470, 511, 513, 554]
[471, 512, 514, 555]
[472, 513, 515, 556]
[473, 514, 516, 557]
[474, 515, 517, 558]
[475, 516, 518, 559]
[476, 517, 519, 560]
[477, 518, 520, 561]
[478, 519, 521, 562]
[479, 520, 522, 563]
[480, 521, 523, 564]
[481, 522, 524, 565]
[482, 523, 525, 566]
[483, 524, 526, 567]
[484, 525, 527, 568]
[485, 526, 528, 569]
[486, 527, 529, 570]
[487, 528, 530, 571]
[488, 529, 531, 572]
[489, 530, 532, 573]
[490, 531, 533, 574]
[491, 532, 534, 575]
[492, 533, 535, 576]
[493, 534, 536, 577]
[494, 535, 537, 578]
[495, 536, 538, 579]
[496, 537, 539, 580]
[497, 538, 540, 581]
[498, 539, 541, 582]
[499, 540, 542, 583]
[500, 541, 543, 584]
[501, 542, 544, 585]
[502, 543, 545, 586]
[503, 504, 544, 587]
[504, 547, 587, 588]
[505, 546, 548, 589]
[506, 547, 549, 590]
[507, 548, 550, 591]
[508, 549, 551, 592]
[509, 550, 552, 593]
[510, 551, 553, 594]
[511, 552, 554, 595]
[512, 553, 555, 596]
[513, 554, 556, 597]
[514, 555, 557, 598]
[515, 556, 558, 599]
[516, 557, 559, 600]
[517, 558, 560, 601]
[518, 559, 561, 602]
[519, 560, 562, 603]
[520, 561, 563, 604]
[521, 562, 564, 605]
[522, 563, 565, 606]
[523, 564, 566, 607]
[524, 565, 567, 608]
[525, 566, 568, 609]
[526, 567, 569, 610]
[527, 568, 570, 611]
[528, 569, 571, 612]
[529, 570, 572, 613]
[530, 571, 573, 614]
[531, 572, 574, 615]
[532, 573, 575, 616]
[533, 574, 576, 617]
[534, 575, 577, 618]
[535, 576, 578, 619]
[536, 577, 579, 620]
[537, 578, 580, 621]
[538, 579, 581, 622]
[539, 580, 582, 623]
[540, 581, 583, 624]
[541, 582, 584, 625]
[542, 583, 585, 626]
[543, 584, 586, 627]
[544, 585, 587, 628]
[545, 546, 586, 629]
[546, 589, 629, 630]
[547, 588, 590, 631]
[548, 589, 591, 632]
[549, 590, 592, 633]
[550, 591, 593, 634]
[551, 592, 594, 635]
[552, 593, 595, 636]
[553, 594, 596, 637]
[554, 595, 597, 638]
[555, 596, 598, 639]
[556, 597, 599, 640]
[557, 598, 600, 641]
[558, 599, 601, 642]
[559, 600, 602, 643]
[560, 601, 603, 644]
[561, 602, 604, 645]
[562, 603, 605, 646]
[563, 604, 606, 647]
[564, 605, 607, 648]
[565, 606, 608, 649]
[566, 607, 609, 650]
[567, 608, 610, 651]
[568, 609, 611, 652]
[569, 610, 612, 653]
[570, 611, 613, 654]
[571, 612, 614, 655]
[572, 613, 615, 656]
[573, 614, 616, 657]
[574, 615, 617, 658]
[575, 616, 618, 659]
[576, 617, 619, 660]
[577, 618, 620, 661]
[578, 619, 621, 662]
[579, 620, 622, 663]
[580, 621, 623, 664]
[581, 622, 624, 665]
[582, 623, 625, 666]
[583, 624, 626, 667]
[584, 625, 627, 668]
[585, 626, 628, 669]
[586, 627, 629, 670]
[587, 588, 628, 671]
[588, 631, 671, 672]
[589, 630, 632, 673]
[590, 631, 633, 674]
[591, 632, 634, 675]
[592, 633, 635, 676]
[593, 634, 636, 677]
[594, 635, 637, 678]
[595, 636, 638, 679]
[596, 637, 639, 680]
[597, 638, 640, 681]
[598, 639, 641, 682]
[599, 640, 642, 683]
[600, 641, 643, 684]
[601, 642, 644, 685]
[602, 643, 645, 686]
[603, 644, 646, 687]
[604, 645, 647, 688]
[605, 646, 648, 689]
[606, 647, 649, 690]
[607, 648, 650, 691]
[608, 649, 651, 692]
[609, 650, 652, 693]
[610, 651, 653, 694]
[611, 652, 654, 695]
[612, 653, 655, 696]
[613, 654, 656, 697]
[614, 655, 657, 698]
[615, 656, 658, 699]
[616, 657, 659, 700]
[617, 658, 660, 701]
[618, 659, 661, 702]
[619, 660, 662, 703]
[620, 661, 663, 704]
[621, 662, 664, 705]
[622, 663, 665, 706]
[623, 664, 666, 707]
[624, 665, 667, 708]
[625, 666, 668, 709]
[626, 667, 669, 710]
[627, 668, 670, 711]
[628, 669, 671, 712]
[629, 630, 670, 713]
[630, 673, 713, 714]
[631, 672, 674, 715]
[632, 673, 675, 716]
[633, 674, 676, 717]
[634, 675, 677, 718]
[635, 676, 678, 719]
[636, 677, 679, 720]
[637, 678, 680, 721]
[638, 679, 681, 722]
[639, 680, 682, 723]
[640, 681, 683, 724]
[641, 682, 684, 725]
[642, 683, 685, 726]
[643, 684, 686, 727]
[644, 685, 687, 728]
[645, 686, 688, 729]
[646, 687, 689, 730]
[647, 688, 690, 731]
[648, 689, 691, 732]
[649, 690, 692, 733]
[650, 691, 693, 734]
[651, 692, 694, 735]
[652, 693, 695, 736]
[653, 694, 696, 737]
[654, 695, 697, 738]
[655, 696, 698, 739]
[656, 697, 699, 740]
[657, 698, 700, 741]
[658, 699, 701, 742]
[659, 700, 702, 743]
[660, 701, 703, 744]
[661, 702, 704, 745]
[662, 703, 705, 746]
[663, 704, 706, 747]
[664, 705, 707, 748]
[665, 706, 708, 749]
[666, 707, 709, 750]
[667, 708, 710, 751]
[668, 709, 711, 752]
[669, 710, 712, 753]
[670, 711, 713, 754]
[671, 672, 712, 755]
[672, 715, 755, 756]
[673, 714, 716, 757]
[674, 715, 717, 758]
[675, 716, 718, 759]
[676, 717, 719, 760]
[677, 718, 720, 761]
[678, 719, 721, 762]
[679, 720, 722, 763]
[680, 721, 723, 764]
[681, 722, 724, 765]
[682, 723, 725, 766]
[683, 724, 726, 767]
[684, 725, 727, 768]
[685, 726, 728, 769]
[686, 727, 729, 770]
[687, 728, 730, 771]
[688, 729, 731, 772]
[689, 730, 732, 773]
[690, 731, 733, 774]
[691, 732, 734, 775]
[692, 733, 735, 776]
[693, 734, 736, 777]
[694, 735, 737, 778]
[695, 736, 738, 779]
[696, 737, 739, 780]
[697, 738, 740, 781]
[698, 739, 741, 782]
[699, 740, 742, 783]
[700, 741, 743, 784]
[701, 742, 744, 785]
[702, 743, 745, 786]
[703, 744, 746, 787]
[704, 745, 747, 788]
[705, 746, 748, 789]
[706, 747, 749, 790]
[707, 748, 750, 791]
[708, 749, 751, 792]
[709, 750, 752, 793]
[710, 751, 753, 794]
[711, 752, 754, 795]
[712, 753, 755, 796]
[713, 714, 754, 797]
[714, 757, 797, 798]
[715, 756, 758, 799]
[716, 757, 759, 800]
[717, 758, 760, 801]
[718, 759, 761, 802]
[719, 760, 762, 803]
[720, 761, 763, 804]
[721, 762, 764, 805]
[722, 763, 765, 806]
[723, 764, 766, 807]
[724, 765, 767, 808]
[725, 766, 768, 809]
[726, 767, 769, 810]
[727, 768, 770, 811]
[728, 769, 771, 812]
[729, 770, 772, 813]
[730, 771, 773, 814]
[731, 772, 774, 815]
[732, 773, 775, 816]
[733, 774, 776, 817]
[734, 775, 777, 818]
[735, 776, 778, 819]
[736, 777, 779, 820]
[737, 778, 780, 821]
[738, 779, 781, 822]
[739, 780, 782, 823]
[740, 781, 783, 824]
[741, 782, 784, 825]
[742, 783, 785, 826]
[743, 784, 786, 827]
[744, 785, 787, 828]
[745, 786, 788, 829]
[746, 787, 789, 830]
[747, 788, 790, 831]
[748, 789, 791, 832]
[749, 790, 792, 833]
[750, 791, 793, 834]
[751, 792, 794, 835]
[752, 793, 795, 836]
[753, 794, 796, 837]
[754, 795, 797, 838]
[755, 756, 796, 839]
[756, 799, 839, 840]
[757, 798, 800, 841]
[758, 799, 801, 842]
[759, 800, 802, 843]
[760, 801, 803, 844]
[761, 802, 804, 845]
[762, 803, 805, 846]
[763, 804, 806, 847]
[764, 805, 807, 848]
[765, 806, 808, 849]
[766, 807, 809, 850]
[767, 808, 810, 851]
[768, 809, 811, 852]
[769, 810, 812, 853]
[770, 811, 813, 854]
[771, 812, 814, 855]
[772, 813, 815, 856]
[773, 814, 816, 857]
[774, 815, 817, 858]
[775, 816, 818, 859]
[776, 817, 819, 860]
[777, 818, 820, 861]
[778, 819, 821, 862]
[779, 820, 822, 863]
[780, 821, 823, 864]
[781, 822, 824, 865]
[782, 823, 825, 866]
[783, 824, 826, 867]
[784, 825, 827, 868]
[785, 826, 828, 869]
[786, 827, 829, 870]
[787, 828, 830, 871]
[788, 829, 831, 872]
[789, 830, 832, 873]
[790, 831, 833, 874]
[791, 832, 834, 875]
[792, 833, 835, 876]
[793, 834, 836, 877]
[794, 835, 837, 878]
[795, 836, 838, 879]
[796, 837, 839, 880]
[797, 798, 838, 881]
[798, 841, 881, 882]
[799, 840, 842, 883]
[800, 841, 843, 884]
[801, 842, 844, 885]
[802, 843, 845, 886]
[803, 844, 846, 887]
[804, 845, 847, 888]
[805, 846, 848, 889]
[806, 847, 849, 890]
[807, 848, 850, 891]
[808, 849, 851, 892]
[809, 850, 852, 893]
[810, 851, 853, 894]
[811, 852, 854, 895]
[812, 853, 855, 896]
[813, 854, 856, 897]
[814, 855, 857, 898]
[815, 856, 858, 899]
[816, 857, 859, 900]
[817, 858, 860, 901]
[818, 859, 861, 902]
[819, 860, 862, 903]
[820, 861, 863, 904]
[821, 862, 864, 905]
[822, 863, 865, 906]
[823, 864, 866, 907]
[824, 865, 867, 908]
[825, 866, 868, 909]
[826, 867, 869, 910]
[827, 868, 870, 911]
[828, 869, 871, 912]
[829, 870, 872, 913]
[830, 871, 873, 914]
[831, 872, 874, 915]
[832, 873, 875, 916]
[833, 874, 876, 917]
[834, 875, 877, 918]
[835, 876, 878, 919]
[836, 877, 879, 920]
[837, 878, 880, 921]
[838, 879, 881, 922]
[839, 840, 880, 923]
[840, 883, 923, 924]
[841, 882, 884, 925]
[842, 883, 885, 926]
[843, 884, 886, 927]
[844, 885, 887, 928]
[845, 886, 888, 929]
[846, 887, 889, 930]
[847, 888, 890, 931]
[848, 889, 891, 932]
[849, 890, 892, 933]
[850, 891, 893, 934]
[851, 892, 894, 935]
[852, 893, 895, 936]
[853, 894, 896, 937]
[854, 895, 897, 938]
[855, 896, 898, 939]
[856, 897, 899, 940]
[857, 898, 900, 941]
[858, 899, 901, 942]
[859, 900, 902, 943]
[860, 901, 903, 944]
[861, 902, 904, 945]
[862, 903, 905, 946]
[863, 904, 906, 947]
[864, 905, 907, 948]
[865, 906, 908, 949]
[866, 907, 909, 950]
[867, 908, 910, 951]
[868, 909, 911, 952]
[869, 910, 912, 953]
[870, 911, 913, 954]
[871, 912, 914, 955]
[872, 913, 915, 956]
[873, 914, 916, 957]
[874, 915, 917, 958]
[875, 916, 918, 959]
[876, 917, 919, 960]
[877, 918, 920, 961]
[878, 919, 921, 962]
[879, 920, 922, 963]
[880, 921, 923, 964]
[881, 882, 922, 965]
[882, 925, 965, 966]
[883, 924, 926, 967]
[884, 925, 927, 968]
[885, 926, 928, 969]
[886, 927, 929, 970]
[887, 928, 930, 971]
[888, 929, 931, 972]
[889, 930, 932, 973]
[890, 931, 933, 974]
[891, 932, 934, 975]
[892, 933, 935, 976]
[893, 934, 936, 977]
[894, 935, 937, 978]
[895, 936, 938, 979]
[896, 937, 939, 980]
[897, 938, 940, 981]
[898, 939, 941, 982]
[899, 940, 942, 983]
[900, 941, 943, 984]
[901, 942, 944, 985]
[902, 943, 945, 986]
[903, 944, 946, 987]
[904, 945, 947, 988]
[905, 946, 948, 989]
[906, 947, 949, 990]
[907, 948, 950, 991]
[908, 949, 951, 992]
[909, 950, 952, 993]
[910, 951, 953, 994]
[911, 952, 954, 995]
[912, 953, 955, 996]
[913, 954, 956, 997]
[914, 955, 957, 998]
[915, 956, 958, 999]
[916, 957, 959, 1000]
[917, 958, 960, 1001]
[918, 959, 961, 1002]
[919, 960, 962, 1003]
[920, 961, 963, 1004]
[921, 962, 964, 1005]
[922, 963, 965, 1006]
[923, 924, 964, 1007]
[924, 967, 1007, 1008]
[925, 966, 968, 1009]
[926, 967, 969, 1010]
[927, 968, 970, 1011]
[928, 969, 971, 1012]
[929, 970, 972, 1013]
[930, 971, 973, 1014]
[931, 972, 974, 1015]
[932, 973, 975, 1016]
[933, 974, 976, 1017]
[934, 975, 977, 1018]
[935, 976, 978, 1019]
[936, 977, 979, 1020]
[937, 978, 980, 1021]
[938, 979, 981, 1022]
[939, 980, 982, 1023]
[940, 981, 983, 1024]
[941, 982, 984, 1025]
[942, 983, 985, 1026]
[943, 984, 986, 1027]
[944, 985, 987, 1028]
[945, 986, 988, 1029]
[946, 987, 989, 1030]
[947, 988, 990, 1031]
[948, 989, 991, 1032]
[949, 990, 992, 1033]
[950, 991, 993, 1034]
[951, 992, 994, 1035]
[952, 993, 995, 1036]
[953, 994, 996, 1037]
[954, 995, 997, 1038]
[955, 996, 998, 1039]
[956, 997, 999, 1040]
[957, 998, 1000, 1041]
[958, 999, 1001, 1042]
[959, 1000, 1002, 1043]
[960, 1001, 1003, 1044]
[961, 1002, 1004, 1045]
[962, 1003, 1005, 1046]
[963, 1004, 1006, 1047]
[964, 1005, 1007, 1048]
[965, 966, 1006, 1049]
[966, 1009, 1049, 1050]
[967, 1008, 1010, 1051]
[968, 1009, 1011, 1052]
[969, 1010, 1012, 1053]
[970, 1011, 1013, 1054]
[971, 1012, 1014, 1055]
[972, 1013, 1015, 1056]
[973, 1014, 1016, 1057]
[974, 1015, 1017, 1058]
[975, 1016, 1018, 1059]
[976, 1017, 1019, 1060]
[977, 1018, 1020, 1061]
[978, 1019, 1021, 1062]
[979, 1020, 1022, 1063]
[980, 1021, 1023, 1064]
[981, 1022, 1024, 1065]
[982, 1023, 1025, 1066]
[983, 1024, 1026, 1067]
[984, 1025, 1027, 1068]
[985, 1026, 1028, 1069]
[986, 1027, 1029, 1070]
[987, 1028, 1030, 1071]
[988, 1029, 1031, 1072]
[989, 1030, 1032, 1073]
[990, 1031, 1033, 1074]
[991, 1032, 1034, 1075]
[992, 1033, 1035, 1076]
[993, 1034, 1036, 1077]
[994, 1035, 1037, 1078]
[995, 1036, 1038, 1079]
[996, 1037, 1039, 1080]
[997, 1038, 1040, 1081]
[998, 1039, 1041, 1082]
[999, 1040, 1042, 1083]
[1000, 1041, 1043, 1084]
[1001, 1042, 1044, 1085]
[1002, 1043, 1045, 1086]
[1003, 1044, 1046, 1087]
[1004, 1045, 1047, 1088]
[1005, 1046, 1048, 1089]
[1006, 1047, 1049, 1090]
[1007, 1008, 1048, 1091]
[1008, 1051, 1091, 1092]
[1009, 1050, 1052, 1093]
[1010, 1051, 1053, 1094]
[1011, 1052, 1054, 1095]
[1012, 1053, 1055, 1096]
[1013, 1054, 1056, 1097]
[1014, 1055, 1057, 1098]
[1015, 1056, 1058, 1099]
[1016, 1057, 1059, 1100]
[1017, 1058, 1060, 1101]
[1018, 1059, 1061, 1102]
[1019, 1060, 1062, 1103]
[1020, 1061, 1063, 1104]
[1021, 1062, 1064, 1105]
[1022, 1063, 1065, 1106]
[1023, 1064, 1066, 1107]
[1024, 1065, 1067, 1108]
[1025, 1066, 1068, 1109]
[1026, 1067, 1069, 1110]
[1027, 1068, 1070, 1111]
[1028, 1069, 1071, 1112]
[1029, 1070, 1072, 1113]
[1030, 1071, 1073, 1114]
[1031, 1072, 1074, 1115]
[1032, 1073, 1075, 1116]
[1033, 1074, 1076, 1117]
[1034, 1075, 1077, 1118]
[1035, 1076, 1078, 1119]
[1036, 1077, 1079, 1120]
[1037, 1078, 1080, 1121]
[1038, 1079, 1081, 1122]
[1039, 1080, 1082, 1123]
[1040, 1081, 1083, 1124]
[1041, 1082, 1084, 1125]
[1042, 1083, 1085, 1126]
[1043, 1084, 1086, 1127]
[1044, 1085, 1087, 1128]
[1045, 1086, 1088, 1129]
[1046, 1087, 1089, 1130]
[1047, 1088, 1090, 1131]
[1048, 1089, 1091, 1132]
[1049, 1050, 1090, 1133]
[1050, 1093, 1133, 1134]
[1051, 1092, 1094, 1135]
[1052, 1093, 1095, 1136]
[1053, 1094, 1096, 1137]
[1054, 1095, 1097, 1138]
[1055, 1096, 1098, 1139]
[1056, 1097, 1099, 1140]
[1057, 1098, 1100, 1141]
[1058, 1099, 1101, 1142]
[1059, 1100, 1102, 1143]
[1060, 1101, 1103, 1144]
[1061, 1102, 1104, 1145]
[1062, 1103, 1105, 1146]
[1063, 1104, 1106, 1147]
[1064, 1105, 1107, 1148]
[1065, 1106, 1108, 1149]
[1066, 1107, 1109, 1150]
[1067, 1108, 1110, 1151]
[1068, 1109, 1111, 1152]
[1069, 1110, 1112, 1153]
[1070, 1111, 1113, 1154]
[1071, 1112, 1114, 1155]
[1072, 1113, 1115, 1156]
[1073, 1114, 1116, 1157]
[1074, 1115, 1117, 1158]
[1075, 1116, 1118, 1159]
[1076, 1117, 1119, 1160]
[1077, 1118, 1120, 1161]
[1078, 1119, 1121, 1162]
[1079, 1120, 1122, 1163]
[1080, 1121, 1123, 1164]
[1081, 1122, 1124, 1165]
[1082, 1123, 1125, 1166]
[1083, 1124, 1126, 1167]
[1084, 1125, 1127, 1168]
[1085, 1126, 1128, 1169]
[1086, 1127, 1129, 1170]
[1087, 1128, 1130, 1171]
[1088, 1129, 1131, 1172]
[1089, 1130, 1132, 1173]
[1090, 1131, 1133, 1174]
[1091, 1092, 1132, 1175]
[1092, 1135, 1175, 1176]
[1093, 1134, 1136, 1177]
[1094, 1135, 1137, 1178]
[1095, 1136, 1138, 1179]
[1096, 1137, 1139, 1180]
[1097, 1138, 1140, 1181]
[1098, 1139, 1141, 1182]
[1099, 1140, 1142, 1183]
[1100, 1141, 1143, 1184]
[1101, 1142, 1144, 1185]
[1102, 1143, 1145, 1186]
[1103, 1144, 1146, 1187]
[1104, 1145, 1147, 1188]
[1105, 1146, 1148, 1189]
[1106, 1147, 1149, 1190]
[1107, 1148, 1150, 1191]
[1108, 1149, 1151, 1192]
[1109, 1150, 1152, 1193]
[1110, 1151, 1153, 1194]
[1111, 1152, 1154, 1195]
[1112, 1153, 1155, 1196]
[1113, 1154, 1156, 1197]
[1114, 1155, 1157, 1198]
[1115, 1156, 1158, 1199]
[1116, 1157, 1159, 1200]
[1117, 1158, 1160, 1201]
[1118, 1159, 1161, 1202]
[1119, 1160, 1162, 1203]
[1120, 1161, 1163, 1204]
[1121, 1162, 1164, 1205]
[1122, 1163, 1165, 1206]
[1123, 1164, 1166, 1207]
[1124, 1165, 1167, 1208]
[1125, 1166, 1168, 1209]
[1126, 1167, 1169, 1210]
[1127, 1168, 1170, 1211]
[1128, 1169, 1171, 1212]
[1129, 1170, 1172, 1213]
[1130, 1171, 1173, 1214]
[1131, 1172, 1174, 1215]
[1132, 1173, 1175, 1216]
[1133, 1134, 1174, 1217]
[1134, 1177, 1217, 1218]
[1135, 1176, 1178, 1219]
[1136, 1177, 1179, 1220]
[1137, 1178, 1180, 1221]
[1138, 1179, 1181, 1222]
[1139, 1180, 1182, 1223]
[1140, 1181, 1183, 1224]
[1141, 1182, 1184, 1225]
[1142, 1183, 1185, 1226]
[1143, 1184, 1186, 1227]
[1144, 1185, 1187, 1228]
[1145, 1186, 1188, 1229]
[1146, 1187, 1189, 1230]
[1147, 1188, 1190, 1231]
[1148, 1189, 1191, 1232]
[1149, 1190, 1192, 1233]
[1150, 1191, 1193, 1234]
[1151, 1192, 1194, 1235]
[1152, 1193, 1195, 1236]
[1153, 1194, 1196, 1237]
[1154, 1195, 1197, 1238]
[1155, 1196, 1198, 1239]
[1156, 1197, 1199, 1240]
[1157, 1198, 1200, 1241]
[1158, 1199, 1201, 1242]
[1159, 1200, 1202, 1243]
[1160, 1201, 1203, 1244]
[1161, 1202, 1204, 1245]
[1162, 1203, 1205, 1246]
[1163, 1204, 1206, 1247]
[1164, 1205, 1207, 1248]
[1165, 1206, 1208, 1249]
[1166, 1207, 1209, 1250]
[1167, 1208, 1210, 1251]
[1168, 1209, 1211, 1252]
[1169, 1210, 1212, 1253]
[1170, 1211, 1213, 1254]
[1171, 1212, 1214, 1255]
[1172, 1213, 1215, 1256]
[1173, 1214, 1216, 1257]
[1174, 1215, 1217, 1258]
[1175, 1176, 1216, 1259]
[1176, 1219, 1259, 1260]
[1177, 1218, 1220, 1261]
[1178, 1219, 1221, 1262]
[1179, 1220, 1222, 1263]
[1180, 1221, 1223, 1264]
[1181, 1222, 1224, 1265]
[1182, 1223, 1225, 1266]
[1183, 1224, 1226, 1267]
[1184, 1225, 1227, 1268]
[1185, 1226, 1228, 1269]
[1186, 1227, 1229, 1270]
[1187, 1228, 1230, 1271]
[1188, 1229, 1231, 1272]
[1189, 1230, 1232, 1273]
[1190, 1231, 1233, 1274]
[1191, 1232, 1234, 1275]
[1192, 1233, 1235, 1276]
[1193, 1234, 1236, 1277]
[1194, 1235, 1237, 1278]
[1195, 1236, 1238, 1279]
[1196, 1237, 1239, 1280]
[1197, 1238, 1240, 1281]
[1198, 1239, 1241, 1282]
[1199, 1240, 1242, 1283]
[1200, 1241, 1243, 1284]
[1201, 1242, 1244, 1285]
[1202, 1243, 1245, 1286]
[1203, 1244, 1246, 1287]
[1204, 1245, 1247, 1288]
[1205, 1246, 1248, 1289]
[1206, 1247, 1249, 1290]
[1207, 1248, 1250, 1291]
[1208, 1249, 1251, 1292]
[1209, 1250, 1252, 1293]
[1210, 1251, 1253, 1294]
[1211, 1252, 1254, 1295]
[1212, 1253, 1255, 1296]
[1213, 1254, 1256, 1297]
[1214, 1255, 1257, 1298]
[1215, 1256, 1258, 1299]
[1216, 1257, 1259, 1300]
[1217, 1218, 1258, 1301]
[1218, 1261, 1301, 1302]
[1219, 1260, 1262, 1303]
[1220, 1261, 1263, 1304]
[1221, 1262, 1264, 1305]
[1222, 1263, 1265, 1306]
[1223, 1264, 1266, 1307]
[1224, 1265, 1267, 1308]
[1225, 1266, 1268, 1309]
[1226, 1267, 1269, 1310]
[1227, 1268, 1270, 1311]
[1228, 1269, 1271, 1312]
[1229, 1270, 1272, 1313]
[1230, 1271, 1273, 1314]
[1231, 1272, 1274, 1315]
[1232, 1273, 1275, 1316]
[1233, 1274, 1276, 1317]
[1234, 1275, 1277, 1318]
[1235, 1276, 1278, 1319]
[1236, 1277, 1279, 1320]
[1237, 1278, 1280, 1321]
[1238, 1279, 1281, 1322]
[1239, 1280, 1282, 1323]
[1240, 1281, 1283, 1324]
[1241, 1282, 1284, 1325]
[1242, 1283, 1285, 1326]
[1243, 1284, 1286, 1327]
[1244, 1285, 1287, 1328]
[1245, 1286, 1288, 1329]
[1246, 1287, 1289, 1330]
[1247, 1288, 1290, 1331]
[1248, 1289, 1291, 1332]
[1249, 1290, 1292, 1333]
[1250, 1291, 1293, 1334]
[1251, 1292, 1294, 1335]
[1252, 1293, 1295, 1336]
[1253, 1294, 1296, 1337]
[1254, 1295, 1297, 1338]
[1255, 1296, 1298, 1339]
[1256, 1297, 1299, 1340]
[1257, 1298, 1300, 1341]
[1258, 1299, 1301, 1342]
[1259, 1260, 1300, 1343]
[1260, 1303, 1343, 1344]
[1261, 1302, 1304, 1345]
[1262, 1303, 1305, 1346]
[1263, 1304, 1306, 1347]
[1264, 1305, 1307, 1348]
[1265, 1306, 1308, 1349]
[1266, 1307, 1309, 1350]
[1267, 1308, 1310, 1351]
[1268, 1309, 1311, 1352]
[1269, 1310, 1312, 1353]
[1270, 1311, 1313, 1354]
[1271, 1312, 1314, 1355]
[1272, 1313, 1315, 1356]
[1273, 1314, 1316, 1357]
[1274, 1315, 1317, 1358]
[1275, 1316, 1318, 1359]
[1276, 1317, 1319, 1360]
[1277, 1318, 1320, 1361]
[1278, 1319, 1321, 1362]
[1279, 1320, 1322, 1363]
[1280, 1321, 1323, 1364]
[1281, 1322, 1324, 1365]
[1282, 1323, 1325, 1366]
[1283, 1324, 1326, 1367]
[1284, 1325, 1327, 1368]
[1285, 1326, 1328, 1369]
[1286, 1327, 1329, 1370]
[1287, 1328, 1330, 1371]
[1288, 1329, 1331, 1372]
[1289, 1330, 1332, 1373]
[1290, 1331, 1333, 1374]
[1291, 1332, 1334, 1375]
[1292, 1333, 1335, 1376]
[1293, 1334, 1336, 1377]
[1294, 1335, 1337, 1378]
[1295, 1336, 1338, 1379]
[1296, 1337, 1339, 1380]
[1297, 1338, 1340, 1381]
[1298, 1339, 1341, 1382]
[1299, 1340, 1342, 1383]
[1300, 1341, 1343, 1384]
[1301, 1302, 1342, 1385]
[1302, 1345, 1385, 1386]
[1303, 1344, 1346, 1387]
[1304, 1345, 1347, 1388]
[1305, 1346, 1348, 1389]
[1306, 1347, 1349, 1390]
[1307, 1348, 1350, 1391]
[1308, 1349, 1351, 1392]
[1309, 1350, 1352, 1393]
[1310, 1351, 1353, 1394]
[1311, 1352, 1354, 1395]
[1312, 1353, 1355, 1396]
[1313, 1354, 1356, 1397]
[1314, 1355, 1357, 1398]
[1315, 1356, 1358, 1399]
[1316, 1357, 1359, 1400]
[1317, 1358, 1360, 1401]
[1318, 1359, 1361, 1402]
[1319, 1360, 1362, 1403]
[1320, 1361, 1363, 1404]
[1321, 1362, 1364, 1405]
[1322, 1363, 1365, 1406]
[1323, 1364, 1366, 1407]
[1324, 1365, 1367, 1408]
[1325, 1366, 1368, 1409]
[1326, 1367, 1369, 1410]
[1327, 1368, 1370, 1411]
[1328, 1369, 1371, 1412]
[1329, 1370, 1372, 1413]
[1330, 1371, 1373, 1414]
[1331, 1372, 1374, 1415]
[1332, 1373, 1375, 1416]
[1333, 1374, 1376, 1417]
[1334, 1375, 1377, 1418]
[1335, 1376, 1378, 1419]
[1336, 1377, 1379, 1420]
[1337, 1378, 1380, 1421]
[1338, 1379, 1381, 1422]
[1339, 1380, 1382, 1423]
[1340, 1381, 1383, 1424]
[1341, 1382, 1384, 1425]
[1342, 1383, 1385, 1426]
[1343, 1344, 1384, 1427]
[1344, 1387, 1427, 1428]
[1345, 1386, 1388, 1429]
[1346, 1387, 1389, 1430]
[1347, 1388, 1390, 1431]
[1348, 1389, 1391, 1432]
[1349, 1390, 1392, 1433]
[1350, 1391, 1393, 1434]
[1351, 1392, 1394, 1435]
[1352, 1393, 1395, 1436]
[1353, 1394, 1396, 1437]
[1354, 1395, 1397, 1438]
[1355, 1396, 1398, 1439]
[1356, 1397, 1399, 1440]
[1357, 1398, 1400, 1441]
[1358, 1399, 1401, 1442]
[1359, 1400, 1402, 1443]
[1360, 1401, 1403, 1444]
[1361, 1402, 1404, 1445]
[1362, 1403, 1405, 1446]
[1363, 1404, 1406, 1447]
[1364, 1405, 1407, 1448]
[1365, 1406, 1408, 1449]
[1366, 1407, 1409, 1450]
[1367, 1408, 1410, 1451]
[1368, 1409, 1411, 1452]
[1369, 1410, 1412, 1453]
[1370, 1411, 1413, 1454]
[1371, 1412, 1414, 1455]
[1372, 1413, 1415, 1456]
[1373, 1414, 1416, 1457]
[1374, 1415, 1417, 1458]
[1375, 1416, 1418, 1459]
[1376, 1417, 1419, 1460]
[1377, 1418, 1420, 1461]
[1378, 1419, 1421, 1462]
[1379, 1420, 1422, 1463]
[1380, 1421, 1423, 1464]
[1381, 1422, 1424, 1465]
[1382, 1423, 1425, 1466]
[1383, 1424, 1426, 1467]
[1384, 1425, 1427, 1468]
[1385, 1386, 1426, 1469]
[1386, 1429, 1469, 1470]
[1387, 1428, 1430, 1471]
[1388, 1429, 1431, 1472]
[1389, 1430, 1432, 1473]
[1390, 1431, 1433, 1474]
[1391, 1432, 1434, 1475]
[1392, 1433, 1435, 1476]
[1393, 1434, 1436, 1477]
[1394, 1435, 1437, 1478]
[1395, 1436, 1438, 1479]
[1396, 1437, 1439, 1480]
[1397, 1438, 1440, 1481]
[1398, 1439, 1441, 1482]
[1399, 1440, 1442, 1483]
[1400, 1441, 1443, 1484]
[1401, 1442, 1444, 1485]
[1402, 1443, 1445, 1486]
[1403, 1444, 1446, 1487]
[1404, 1445, 1447, 1488]
[1405, 1446, 1448, 1489]
[1406, 1447, 1449, 1490]
[1407, 1448, 1450, 1491]
[1408, 1449, 1451, 1492]
[1409, 1450, 1452, 1493]
[1410, 1451, 1453, 1494]
[1411, 1452, 1454, 1495]
[1412, 1453, 1455, 1496]
[1413, 1454, 1456, 1497]
[1414, 1455, 1457, 1498]
[1415, 1456, 1458, 1499]
[1416, 1457, 1459, 1500]
[1417, 1458, 1460, 1501]
[1418, 1459, 1461, 1502]
[1419, 1460, 1462, 1503]
[1420, 1461, 1463, 1504]
[1421, 1462, 1464, 1505]
[1422, 1463, 1465, 1506]
[1423, 1464, 1466, 1507]
[1424, 1465, 1467, 1508]
[1425, 1466, 1468, 1509]
[1426, 1467, 1469, 1510]
[1427, 1428, 1468, 1511]
[1428, 1471, 1511, 1512]
[1429, 1470, 1472, 1513]
[1430, 1471, 1473, 1514]
[1431, 1472, 1474, 1515]
[1432, 1473, 1475, 1516]
[1433, 1474, 1476, 1517]
[1434, 1475, 1477, 1518]
[1435, 1476, 1478, 1519]
[1436, 1477, 1479, 1520]
[1437, 1478, 1480, 1521]
[1438, 1479, 1481, 1522]
[1439, 1480, 1482, 1523]
[1440, 1481, 1483, 1524]
[1441, 1482, 1484, 1525]
[1442, 1483, 1485, 1526]
[1443, 1484, 1486, 1527]
[1444, 1485, 1487, 1528]
[1445, 1486, 1488, 1529]
[1446, 1487, 1489, 1530]
[1447, 1488, 1490, 1531]
[1448, 1489, 1491, 1532]
[1449, 1490, 1492, 1533]
[1450, 1491, 1493, 1534]
[1451, 1492, 1494, 1535]
[1452, 1493, 1495, 1536]
[1453, 1494, 1496, 1537]
[1454, 1495, 1497, 1538]
[1455, 1496, 1498, 1539]
[1456, 1497, 1499, 1540]
[1457, 1498, 1500, 1541]
[1458, 1499, 1501, 1542]
[1459, 1500, 1502, 1543]
[1460, 1501, 1503, 1544]
[1461, 1502, 1504, 1545]
[1462, 1503, 1505, 1546]
[1463, 1504, 1506, 1547]
[1464, 1505, 1507, 1548]
[1465, 1506, 1508, 1549]
[1466, 1507, 1509, 1550]
[1467, 1508, 1510, 1551]
[1468, 1509, 1511, 1552]
[1469, 1470, 1510, 1553]
[1470, 1513, 1553, 1554]
[1471, 1512, 1514, 1555]
[1472, 1513, 1515, 1556]
[1473, 1514, 1516, 1557]
[1474, 1515, 1517, 1558]
[1475, 1516, 1518, 1559]
[1476, 1517, 1519, 1560]
[1477, 1518, 1520, 1561]
[1478, 1519, 1521, 1562]
[1479, 1520, 1522, 1563]
[1480, 1521, 1523, 1564]
[1481, 1522, 1524, 1565]
[1482, 1523, 1525, 1566]
[1483, 1524, 1526, 1567]
[1484, 1525, 1527, 1568]
[1485, 1526, 1528, 1569]
[1486, 1527, 1529, 1570]
[1487, 1528, 1530, 1571]
[1488, 1529, 1531, 1572]
[1489, 1530, 1532, 1573]
[1490, 1531, 1533, 1574]
[1491, 1532, 1534, 1575]
[1492, 1533, 1535, 1576]
[1493, 1534, 1536, 1577]
[1494, 1535, 1537, 1578]
[1495, 1536, 1538, 1579]
[1496, 1537, 1539, 1580]
[1497, 1538, 1540, 1581]
[1498, 1539, 1541, 1582]
[1499, 1540, 1542, 1583]
[1500, 1541, 1543, 1584]
[1501, 1542, 1544, 1585]
[1502, 1543, 1545, 1586]
[1503, 1544, 1546, 1587]
[1504, 1545, 1547, 1588]
[1505, 1546, 1548, 1589]
[1506, 1547, 1549, 1590]
[1507, 1548, 1550, 1591]
[1508, 1549, 1551, 1592]
[1509, 1550, 1552, 1593]
[1510, 1551, 1553, 1594]
[1511, 1512, 1552, 1595]
[1512, 1555, 1595, 1596]
[1513, 1554, 1556, 1597]
[1514, 1555, 1557, 1598]
[1515, 1556, 1558, 1599]
[1516, 1557, 1559, 1600]
[1517, 1558, 1560, 1601]
[1518, 1559, 1561, 1602]
[1519, 1560, 1562, 1603]
[1520, 1561, 1563, 1604]
[1521, 1562, 1564, 1605]
[1522, 1563, 1565, 1606]
[1523, 1564, 1566, 1607]
[1524, 1565, 1567, 1608]
[1525, 1566, 1568, 1609]
[1526, 1567, 1569, 1610]
[1527, 1568, 1570, 1611]
[1528, 1569, 1571, 1612]
[1529, 1570, 1572, 1613]
[1530, 1571, 1573, 1614]
[1531, 1572, 1574, 1615]
[1532, 1573, 1575, 1616]
[1533, 1574, 1576, 1617]
[1534, 1575, 1577, 1618]
[1535, 1576, 1578, 1619]
[1536, 1577, 1579, 1620]
[1537, 1578, 1580, 1621]
[1538, 1579, 1581, 1622]
[1539, 1580, 1582, 1623]
[1540, 1581, 1583, 1624]
[1541, 1582, 1584, 1625]
[1542, 1583, 1585, 1626]
[1543, 1584, 1586, 1627]
[1544, 1585, 1587, 1628]
[1545, 1586, 1588, 1629]
[1546, 1587, 1589, 1630]
[1547, 1588, 1590, 1631]
[1548, 1589, 1591, 1632]
[1549, 1590, 1592, 1633]
[1550, 1591, 1593, 1634]
[1551, 1592, 1594, 1635]
[1552, 1593, 1595, 1636]
[1553, 1554, 1594, 1637]
[1554, 1597, 1637, 1638]
[1555, 1596, 1598, 1639]
[1556, 1597, 1599, 1640]
[1557, 1598, 1600, 1641]
[1558, 1599, 1601, 1642]
[1559, 1600, 1602, 1643]
[1560, 1601, 1603, 1644]
[1561, 1602, 1604, 1645]
[1562, 1603, 1605, 1646]
[1563, 1604, 1606, 1647]
[1564, 1605, 1607, 1648]
[1565, 1606, 1608, 1649]
[1566, 1607, 1609, 1650]
[1567, 1608, 1610, 1651]
[1568, 1609, 1611, 1652]
[1569, 1610, 1612, 1653]
[1570, 1611, 1613, 1654]
[1571, 1612, 1614, 1655]
[1572, 1613, 1615, 1656]
[1573, 1614, 1616, 1657]
[1574, 1615, 1617, 1658]
[1575, 1616, 1618, 1659]
[1576, 1617, 1619, 1660]
[1577, 1618, 1620, 1661]
[1578, 1619, 1621, 1662]
[1579, 1620, 1622, 1663]
[1580, 1621, 1623, 1664]
[1581, 1622, 1624, 1665]
[1582, 1623, 1625, 1666]
[1583, 1624, 1626, 1667]
[1584, 1625, 1627, 1668]
[1585, 1626, 1628, 1669]
[1586, 1627, 1629, 1670]
[1587, 1628, 1630, 1671]
[1588, 1629, 1631, 1672]
[1589, 1630, 1632, 1673]
[1590, 1631, 1633, 1674]
[1591, 1632, 1634, 1675]
[1592, 1633, 1635, 1676]
[1593, 1634, 1636, 1677]
[1594, 1635, 1637, 1678]
[1595, 1596, 1636, 1679]
[1596, 1639, 1679, 1680]
[1597, 1638, 1640, 1681]
[1598, 1639, 1641, 1682]
[1599, 1640, 1642, 1683]
[1600, 1641, 1643, 1684]
[1601, 1642, 1644, 1685]
[1602, 1643, 1645, 1686]
[1603, 1644, 1646, 1687]
[1604, 1645, 1647, 1688]
[1605, 1646, 1648, 1689]
[1606, 1647, 1649, 1690]
[1607, 1648, 1650, 1691]
[1608, 1649, 1651, 1692]
[1609, 1650, 1652, 1693]
[1610, 1651, 1653, 1694]
[1611, 1652, 1654, 1695]
[1612, 1653, 1655, 1696]
[1613, 1654, 1656, 1697]
[1614, 1655, 1657, 1698]
[1615, 1656, 1658, 1699]
[1616, 1657, 1659, 1700]
[1617, 1658, 1660, 1701]
[1618, 1659, 1661, 1702]
[1619, 1660, 1662, 1703]
[1620, 1661, 1663, 1704]
[1621, 1662, 1664, 1705]
[1622, 1663, 1665, 1706]
[1623, 1664, 1666, 1707]
[1624, 1665, 1667, 1708]
[1625, 1666, 1668, 1709]
[1626, 1667, 1669, 1710]
[1627, 1668, 1670, 1711]
[1628, 1669, 1671, 1712]
[1629, 1670, 1672, 1713]
[1630, 1671, 1673, 1714]
[1631, 1672, 1674, 1715]
[1632, 1673, 1675, 1716]
[1633, 1674, 1676, 1717]
[1634, 1675, 1677, 1718]
[1635, 1676, 1678, 1719]
[1636, 1677, 1679, 1720]
[1637, 1638, 1678, 1721]
[1638, 1681, 1721, 1722]
[1639, 1680, 1682, 1723]
[1640, 1681, 1683, 1724]
[1641, 1682, 1684, 1725]
[1642, 1683, 1685, 1726]
[1643, 1684, 1686, 1727]
[1644, 1685, 1687, 1728]
[1645, 1686, 1688, 1729]
[1646, 1687, 1689, 1730]
[1647, 1688, 1690, 1731]
[1648, 1689, 1691, 1732]
[1649, 1690, 1692, 1733]
[1650, 1691, 1693, 1734]
[1651, 1692, 1694, 1735]
[1652, 1693, 1695, 1736]
[1653, 1694, 1696, 1737]
[1654, 1695, 1697, 1738]
[1655, 1696, 1698, 1739]
[1656, 1697, 1699, 1740]
[1657, 1698, 1700, 1741]
[1658, 1699, 1701, 1742]
[1659, 1700, 1702, 1743]
[1660, 1701, 1703, 1744]
[1661, 1702, 1704, 1745]
[1662, 1703, 1705, 1746]
[1663, 1704, 1706, 1747]
[1664, 1705, 1707, 1748]
[1665, 1706, 1708, 1749]
[1666, 1707, 1709, 1750]
[1667, 1708, 1710, 1751]
[1668, 1709, 1711, 1752]
[1669, 1710, 1712, 1753]
[1670, 1711, 1713, 1754]
[1671, 1712, 1714, 1755]
[1672, 1713, 1715, 1756]
[1673, 1714, 1716, 1757]
[1674, 1715, 1717, 1758]
[1675, 1716, 1718, 1759]
[1676, 1717, 1719, 1760]
[1677, 1718, 1720, 1761]
[1678, 1719, 1721, 1762]
[1679, 1680, 1720, 1763]
[0, 1680, 1723, 1763]
[1, 1681, 1722, 1724]
[2, 1682, 1723, 1725]
[3, 1683, 1724, 1726]
[4, 1684, 1725, 1727]
[5, 1685, 1726, 1728]
[6, 1686, 1727, 1729]
[7, 1687, 1728, 1730]
[8, 1688, 1729, 1731]
[9, 1689, 1730, 1732]
[10, 1690, 1731, 1733]
[11, 1691, 1732, 1734]
[12, 1692, 1733, 1735]
[13, 1693, 1734, 1736]
[14, 1694, 1735, 1737]
[15, 1695, 1736, 1738]
[16, 1696, 1737, 1739]
[17, 1697, 1738, 1740]
[18, 1698, 1739, 1741]
[19, 1699, 1740, 1742]
[20, 1700, 1741, 1743]
[21, 1701, 1742, 1744]
[22, 1702, 1743, 1745]
[23, 1703, 1744, 1746]
[24, 1704, 1745, 1747]
[25, 1705, 1746, 1748]
[26, 1706, 1747, 1749]
[27, 1707, 1748, 1750]
[28, 1708, 1749, 1751]
[29, 1709, 1750, 1752]
[30, 1710, 1751, 1753]
[31, 1711, 1752, 1754]
[32, 1712, 1753, 1755]
[33, 1713, 1754, 1756]
[34, 1714, 1755, 1757]
[35, 1715, 1756, 1758]
[36, 1716, 1757, 1759]
[37, 1717, 1758, 1760]
[38, 1718, 1759, 1761]
[39, 1719, 1760, 1762]
[40, 1720, 1761, 1763]
[41, 1721, 1722, 1762]
