[1, 39, 761]
[0, 2, 40]
[1, 3, 763]
[2, 4, 42]
[3, 5, 765]
[4, 6, 44]
[5, 7, 767]
[6, 8, 46]
[7, 9, 769]
[8, 10, 48]
[9, 11, 771]
[10, 12, 50]
[11, 13, 773]
[12, 14, 52]
[13, 15, 775]
[14, 16, 54]
[15, 17, 777]
[16, 18, 56]
[17, 19, 779]
[18, 20, 58]
[19, 21, 781]
[20, 22, 60]
[21, 23, 783]
[22, 24, 62]
[23, 25, 785]
[24, 26, 64]
[25, 27, 787]
[26, 28, 66]
[27, 29, 789]
[28, 30, 68]
[29, 31, 791]
[30, 32, 70]
[31, 33, 793]
[32, 34, 72]
[33, 35, 795]
[34, 36, 74]
[35, 37, 797]
[36, 38, 76]
[37, 39, 799]
[0, 38, 78]
[1, 41, 79]
[40, 42, 80]
[3, 41, 43]
[42, 44, 82]
[5, 43, 45]
[44, 46, 84]
[7, 45, 47]
[46, 48, 86]
[9, 47, 49]
[48, 50, 88]
[11, 49, 51]
[50, 52, 90]
[13, 51, 53]
[52, 54, 92]
[15, 53, 55]
[54, 56, 94]
[17, 55, 57]
[56, 58, 96]
[19, 57, 59]
[58, 60, 98]
[21, 59, 61]
[60, 62, 100]
[23, 61, 63]
[62, 64, 102]
[25, 63, 65]
[64, 66, 104]
[27, 65, 67]
[66, 68, 106]
[29, 67, 69]
[68, 70, 108]
[31, 69, 71]
[70, 72, 110]
[33, 71, 73]
[72, 74, 112]
[35, 73, 75]
[74, 76, 114]
[37, 75, 77]
[76, 78, 116]
[39, 77, 79]
[40, 78, 118]
[41, 81, 119]
[80, 82, 120]
[43, 81, 83]
[82, 84, 122]
[45, 83, 85]
[84, 86, 124]
[47, 85, 87]
[86, 88, 126]
[49, 87, 89]
[88, 90, 128]
[51, 89, 91]
[90, 92, 130]
[53, 91, 93]
[92, 94, 132]
[55, 93, 95]
[94, 96, 134]
[57, 95, 97]
[96, 98, 136]
[59, 97, 99]
[98, 100, 138]
[61, 99, 101]
[100, 102, 140]
[63, 101, 103]
[102, 104, 142]
[65, 103, 105]
[104, 106, 144]
[67, 105, 107]
[106, 108, 146]
[69, 107, 109]
[108, 110, 148]
[71, 109, 111]
[110, 112, 150]
[73, 111, 113]
[112, 114, 152]
[75, 113, 115]
[114, 116, 154]
[77, 115, 117]
[116, 118, 156]
[79, 117, 119]
[80, 118, 158]
[81, 121, 159]
[120, 122, 160]
[83, 121, 123]
[122, 124, 162]
[85, 123, 125]
[124, 126, 164]
[87, 125, 127]
[126, 128, 166]
[89, 127, 129]
[128, 130, 168]
[91, 129, 131]
[130, 132, 170]
[93, 131, 133]
[132, 134, 172]
[95, 133, 135]
[134, 136, 174]
[97, 135, 137]
[136, 138, 176]
[99, 137, 139]
[138, 140, 178]
[101, 139, 141]
[140, 142, 180]
[103, 141, 143]
[142, 144, 182]
[105, 143, 145]
[144, 146, 184]
[107, 145, 147]
[146, 148, 186]
[109, 147, 149]
[148, 150, 188]
[111, 149, 151]
[150, 152, 190]
[113, 151, 153]
[152, 154, 192]
[115, 153, 155]
[154, 156, 194]
[117, 155, 157]
[156, 158, 196]
[119, 157, 159]
[120, 158, 198]
[121, 161, 199]
[160, 162, 200]
[123, 161, 163]
[162, 164, 202]
[125, 163, 165]
[164, 166, 204]
[127, 165, 167]
[166, 168, 206]
[129, 167, 169]
[168, 170, 208]
[131, 169, 171]
[170, 172, 210]
[133, 171, 173]
[172, 174, 212]
[135, 173, 175]
[174, 176, 214]
[137, 175, 177]
[176, 178, 216]
[139, 177, 179]
[178, 180, 218]
[141, 179, 181]
[180, 182, 220]
[143, 181, 183]
[182, 184, 222]
[145, 183, 185]
[184, 186, 224]
[147, 185, 187]
[186, 188, 226]
[149, 187, 189]
[188, 190, 228]
[151, 189, 191]
[190, 192, 230]
[153, 191, 193]
[192, 194, 232]
[155, 193, 195]
[194, 196, 234]
[157, 195, 197]
[196, 198, 236]
[159, 197, 199]
[160, 198, 238]
[161, 201, 239]
[200, 202, 240]
[163, 201, 203]
[202, 204, 242]
[165, 203, 205]
[204, 206, 244]
[167, 205, 207]
[206, 208, 246]
[169, 207, 209]
[208, 210, 248]
[171, 209, 211]
[210, 212, 250]
[173, 211, 213]
[212, 214, 252]
[175, 213, 215]
[214, 216, 254]
[177, 215, 217]
[216, 218, 256]
[179, 217, 219]
[218, 220, 258]
[181, 219, 221]
[220, 222, 260]
[183, 221, 223]
[222, 224, 262]
[185, 223, 225]
[224, 226, 264]
[187, 225, 227]
[226, 228, 266]
[189, 227, 229]
[228, 230, 268]
[191, 229, 231]
[230, 232, 270]
[193, 231, 233]
[232, 234, 272]
[195, 233, 235]
[234, 236, 274]
[197, 235, 237]
[236, 238, 276]
[199, 237, 239]
[200, 238, 278]
[201, 241, 279]
[240, 242, 280]
[203, 241, 243]
[242, 244, 282]
[205, 243, 245]
[244, 246, 284]
[207, 245, 247]
[246, 248, 286]
[209, 247, 249]
[248, 250, 288]
[211, 249, 251]
[250, 252, 290]
[213, 251, 253]
[252, 254, 292]
[215, 253, 255]
[254, 256, 294]
[217, 255, 257]
[256, 258, 296]
[219, 257, 259]
[258, 260, 298]
[221, 259, 261]
[260, 262, 300]
[223, 261, 263]
[262, 264, 302]
[225, 263, 265]
[264, 266, 304]
[227, 265, 267]
[266, 268, 306]
[229, 267, 269]
[268, 270, 308]
[231, 269, 271]
[270, 272, 310]
[233, 271, 273]
[272, 274, 312]
[235, 273, 275]
[274, 276, 314]
[237, 275, 277]
[276, 278, 316]
[239, 277, 279]
[240, 278, 318]
[241, 281, 319]
[280, 282, 320]
[243, 281, 283]
[282, 284, 322]
[245, 283, 285]
[284, 286, 324]
[247, 285, 287]
[286, 288, 326]
[249, 287, 289]
[288, 290, 328]
[251, 289, 291]
[290, 292, 330]
[253, 291, 293]
[292, 294, 332]
[255, 293, 295]
[294, 296, 334]
[257, 295, 297]
[296, 298, 336]
[259, 297, 299]
[298, 300, 338]
[261, 299, 301]
[300, 302, 340]
[263, 301, 303]
[302, 304, 342]
[265, 303, 305]
[304, 306, 344]
[267, 305, 307]
[306, 308, 346]
[269, 307, 309]
[308, 310, 348]
[271, 309, 311]
[310, 312, 350]
[273, 311, 313]
[312, 314, 352]
[275, 313, 315]
[314, 316, 354]
[277, 315, 317]
[316, 318, 356]
[279, 317, 319]
[280, 318, 358]
[281, 321, 359]
[320, 322, 360]
[283, 321, 323]
[322, 324, 362]
[285, 323, 325]
[324, 326, 364]
[287, 325, 327]
[326, 328, 366]
[289, 327, 329]
[328, 330, 368]
[291, 329, 331]
[330, 332, 370]
[293, 331, 333]
[332, 334, 372]
[295, 333, 335]
[334, 336, 374]
[297, 335, 337]
[336, 338, 376]
[299, 337, 339]
[338, 340, 378]
[301, 339, 341]
[340, 342, 380]
[303, 341, 343]
[342, 344, 382]
[305, 343, 345]
[344, 346, 384]
[307, 345, 347]
[346, 348, 386]
[309, 347, 349]
[348, 350, 388]
[311, 349, 351]
[350, 352, 390]
[313, 351, 353]
[352, 354, 392]
[315, 353, 355]
[354, 356, 394]
[317, 355, 357]
[356, 358, 396]
[319, 357, 359]
[320, 358, 398]
[321, 361, 399]
[360, 362, 400]
[323, 361, 363]
[362, 364, 402]
[325, 363, 365]
[364, 366, 404]
[327, 365, 367]
[366, 368, 406]
[329, 367, 369]
[368, 370, 408]
[331, 369, 371]
[370, 372, 410]
[333, 371, 373]
[372, 374, 412]
[335, 373, 375]
[374, 376, 414]
[337, 375, 377]
[376, 378, 416]
[339, 377, 379]
[378, 380, 418]
[341, 379, 381]
[380, 382, 420]
[343, 381, 383]
[382, 384, 422]
[345, 383, 385]
[384, 386, 424]
[347, 385, 387]
[386, 388, 426]
[349, 387, 389]
[388, 390, 428]
[351, 389, 391]
[390, 392, 430]
[353, 391, 393]
[392, 394, 432]
[355, 393, 395]
[394, 396, 434]
[357, 395, 397]
[396, 398, 436]
[359, 397, 399]
[360, 398, 438]
[361, 401, 439]
[400, 402, 440]
[363, 401, 403]
[402, 404, 442]
[365, 403, 405]
[404, 406, 444]
[367, 405, 407]
[406, 408, 446]
[369, 407, 409]
[408, 410, 448]
[371, 409, 411]
[410, 412, 450]
[373, 411, 413]
[412, 414, 452]
[375, 413, 415]
[414, 416, 454]
[377, 415, 417]
[416, 418, 456]
[379, 417, 419]
[418, 420, 458]
[381, 419, 421]
[420, 422, 460]
[383, 421, 423]
[422, 424, 462]
[385, 423, 425]
[424, 426, 464]
[387, 425, 427]
[426, 428, 466]
[389, 427, 429]
[428, 430, 468]
[391, 429, 431]
[430, 432, 470]
[393, 431, 433]
[432, 434, 472]
[395, 433, 435]
[434, 436, 474]
[397, 435, 437]
[436, 438, 476]
[399, 437, 439]
[400, 438, 478]
[401, 441, 479]
[440, 442, 480]
[403, 441, 443]
[442, 444, 482]
[405, 443, 445]
[444, 446, 484]
[407, 445, 447]
[446, 448, 486]
[409, 447, 449]
[448, 450, 488]
[411, 449, 451]
[450, 452, 490]
[413, 451, 453]
[452, 454, 492]
[415, 453, 455]
[454, 456, 494]
[417, 455, 457]
[456, 458, 496]
[419, 457, 459]
[458, 460, 498]
[421, 459, 461]
[460, 462, 500]
[423, 461, 463]
[462, 464, 502]
[425, 463, 465]
[464, 466, 504]
[427, 465, 467]
[466, 468, 506]
[429, 467, 469]
[468, 470, 508]
[431, 469, 471]
[470, 472, 510]
[433, 471, 473]
[472, 474, 512]
[435, 473, 475]
[474, 476, 514]
[437, 475, 477]
[476, 478, 516]
[439, 477, 479]
[440, 478, 518]
[441, 481, 519]
[480, 482, 520]
[443, 481, 483]
[482, 484, 522]
[445, 483, 485]
[484, 486, 524]
[447, 485, 487]
[486, 488, 526]
[449, 487, 489]
[488, 490, 528]
[451, 489, 491]
[490, 492, 530]
[453, 491, 493]
[492, 494, 532]
[455, 493, 495]
[494, 496, 534]
[457, 495, 497]
[496, 498, 536]
[459, 497, 499]
[498, 500, 538]
[461, 499, 501]
[500, 502, 540]
[463, 501, 503]
[502, 504, 542]
[465, 503, 505]
[504, 506, 544]
[467, 505, 507]
[506, 508, 546]
[469, 507, 509]
[508, 510, 548]
[471, 509, 511]
[510, 512, 550]
[473, 511, 513]
[512, 514, 552]
[475, 513, 515]
[514, 516, 554]
[477, 515, 517]
[516, 518, 556]
[479, 517, 519]
[480, 518, 558]
[481, 521, 559]
[520, 522, 560]
[483, 521, 523]
[522, 524, 562]
[485, 523, 525]
[524, 526, 564]
[487, 525, 527]
[526, 528, 566]
[489, 527, 529]
[528, 530, 568]
[491, 529, 531]
[530, 532, 570]
[493, 531, 533]
[532, 534, 572]
[495, 533, 535]
[534, 536, 574]
[497, 535, 537]
[536, 538, 576]
[499, 537, 539]
[538, 540, 578]
[501, 539, 541]
[540, 542, 580]
[503, 541, 543]
[542, 544, 582]
[505, 543, 545]
[544, 546, 584]
[507, 545, 547]
[546, 548, 586]
[509, 547, 549]
[548, 550, 588]
[511, 549, 551]
[550, 552, 590]
[513, 551, 553]
[552, 554, 592]
[515, 553, 555]
[554, 556, 594]
[517, 555, 557]
[556, 558, 596]
[519, 557, 559]
[520, 558, 598]
[521, 561, 599]
[560, 562, 600]
[523, 561, 563]
[562, 564, 602]
[525, 563, 565]
[564, 566, 604]
[527, 565, 567]
[566, 568, 606]
[529, 567, 569]
[568, 570, 608]
[531, 569, 571]
[570, 572, 610]
[533, 571, 573]
[572, 574, 612]
[535, 573, 575]
[574, 576, 614]
[537, 575, 577]
[576, 578, 616]
[539, 577, 579]
[578, 580, 618]
[541, 579, 581]
[580, 582, 620]
[543, 581, 583]
[582, 584, 622]
[545, 583, 585]
[584, 586, 624]
[547, 585, 587]
[586, 588, 626]
[549, 587, 589]
[588, 590, 628]
[551, 589, 591]
[590, 592, 630]
[553, 591, 593]
[592, 594, 632]
[555, 593, 595]
[594, 596, 634]
[557, 595, 597]
[596, 598, 636]
[559, 597, 599]
[560, 598, 638]
[561, 601, 639]
[600, 602, 640]
[563, 601, 603]
[602, 604, 642]
[565, 603, 605]
[604, 606, 644]
[567, 605, 607]
[606, 608, 646]
[569, 607, 609]
[608, 610, 648]
[571, 609, 611]
[610, 612, 650]
[573, 611, 613]
[612, 614, 652]
[575, 613, 615]
[614, 616, 654]
[577, 615, 617]
[616, 618, 656]
[579, 617, 619]
[618, 620, 658]
[581, 619, 621]
[620, 622, 660]
[583, 621, 623]
[622, 624, 662]
[585, 623, 625]
[624, 626, 664]
[587, 625, 627]
[626, 628, 666]
[589, 627, 629]
[628, 630, 668]
[591, 629, 631]
[630, 632, 670]
[593, 631, 633]
[632, 634, 672]
[595, 633, 635]
[634, 636, 674]
[597, 635, 637]
[636, 638, 676]
[599, 637, 639]
[600, 638, 678]
[601, 641, 679]
[640, 642, 680]
[603, 641, 643]
[642, 644, 682]
[605, 643, 645]
[644, 646, 684]
[607, 645, 647]
[646, 648, 686]
[609, 647, 649]
[648, 650, 688]
[611, 649, 651]
[650, 652, 690]
[613, 651, 653]
[652, 654, 692]
[615, 653, 655]
[654, 656, 694]
[617, 655, 657]
[656, 658, 696]
[619, 657, 659]
[658, 660, 698]
[621, 659, 661]
[660, 662, 700]
[623, 661, 663]
[662, 664, 702]
[625, 663, 665]
[664, 666, 704]
[627, 665, 667]
[666, 668, 706]
[629, 667, 669]
[668, 670, 708]
[631, 669, 671]
[670, 672, 710]
[633, 671, 673]
[672, 674, 712]
[635, 673, 675]
[674, 676, 714]
[637, 675, 677]
[676, 678, 716]
[639, 677, 679]
[640, 678, 718]
[641, 681, 719]
[680, 682, 720]
[643, 681, 683]
[682, 684, 722]
[645, 683, 685]
[684, 686, 724]
[647, 685, 687]
[686, 688, 726]
[649, 687, 689]
[688, 690, 728]
[651, 689, 691]
[690, 692, 730]
[653, 691, 693]
[692, 694, 732]
[655, 693, 695]
[694, 696, 734]
[657, 695, 697]
[696, 698, 736]
[659, 697, 699]
[698, 700, 738]
[661, 699, 701]
[700, 702, 740]
[663, 701, 703]
[702, 704, 742]
[665, 703, 705]
[704, 706, 744]
[667, 705, 707]
[706, 708, 746]
[669, 707, 709]
[708, 710, 748]
[671, 709, 711]
[710, 712, 750]
[673, 711, 713]
[712, 714, 752]
[675, 713, 715]
[714, 716, 754]
[677, 715, 717]
[716, 718, 756]
[679, 717, 719]
[680, 718, 758]
[681, 721, 759]
[720, 722, 760]
[683, 721, 723]
[722, 724, 762]
[685, 723, 725]
[724, 726, 764]
[687, 725, 727]
[726, 728, 766]
[689, 727, 729]
[728, 730, 768]
[691, 729, 731]
[730, 732, 770]
[693, 731, 733]
[732, 734, 772]
[695, 733, 735]
[734, 736, 774]
[697, 735, 737]
[736, 738, 776]
[699, 737, 739]
[738, 740, 778]
[701, 739, 741]
[740, 742, 780]
[703, 741, 743]
[742, 744, 782]
[705, 743, 745]
[744, 746, 784]
[707, 745, 747]
[746, 748, 786]
[709, 747, 749]
[748, 750, 788]
[711, 749, 751]
[750, 752, 790]
[713, 751, 753]
[752, 754, 792]
[715, 753, 755]
[754, 756, 794]
[717, 755, 757]
[756, 758, 796]
[719, 757, 759]
[720, 758, 798]
[721, 761, 799]
[0, 760, 762]
[723, 761, 763]
[2, 762, 764]
[725, 763, 765]
[4, 764, 766]
[727, 765, 767]
[6, 766, 768]
[729, 767, 769]
[8, 768, 770]
[731, 769, 771]
[10, 770, 772]
[733, 771, 773]
[12, 772, 774]
[735, 773, 775]
[14, 774, 776]
[737, 775, 777]
[16, 776, 778]
[739, 777, 779]
[18, 778, 780]
[741, 779, 781]
[20, 780, 782]
[743, 781, 783]
[22, 782, 784]
[745, 783, 785]
[24, 784, 786]
[747, 785, 787]
[26, 786, 788]
[749, 787, 789]
[28, 788, 790]
[751, 789, 791]
[30, 790, 792]
[753, 791, 793]
[32, 792, 794]
[755, 793, 795]
[34, 794, 796]
[757, 795, 797]
[36, 796, 798]
[759, 797, 799]
[38, 760, 798]
