[1, 45, 46, 2070]
[0, 2, 47, 2071]
[1, 3, 48, 2072]
[2, 4, 49, 2073]
[3, 5, 50, 2074]
[4, 6, 51, 2075]
[5, 7, 52, 2076]
[6, 8, 53, 2077]
[7, 9, 54, 2078]
[8, 10, 55, 2079]
[9, 11, 56, 2080]
[10, 12, 57, 2081]
[11, 13, 58, 2082]
[12, 14, 59, 2083]
[13, 15, 60, 2084]
[14, 16, 61, 2085]
[15, 17, 62, 2086]
[16, 18, 63, 2087]
[17, 19, 64, 2088]
[18, 20, 65, 2089]
[19, 21, 66, 2090]
[20, 22, 67, 2091]
[21, 23, 68, 2092]
[22, 24, 69, 2093]
[23, 25, 70, 2094]
[24, 26, 71, 2095]
[25, 27, 72, 2096]
[26, 28, 73, 2097]
[27, 29, 74, 2098]
[28, 30, 75, 2099]
[29, 31, 76, 2100]
[30, 32, 77, 2101]
[31, 33, 78, 2102]
[32, 34, 79, 2103]
[33, 35, 80, 2104]
[34, 36, 81, 2105]
[35, 37, 82, 2106]
[36, 38, 83, 2107]
[37, 39, 84, 2108]
[38, 40, 85, 2109]
[39, 41, 86, 2110]
[40, 42, 87, 2111]
[41, 43, 88, 2112]
[42, 44, 89, 2113]
[43, 45, 90, 2114]
[0, 44, 91, 2115]
[0, 47, 91, 92]
[1, 46, 48, 93]
[2, 47, 49, 94]
[3, 48, 50, 95]
[4, 49, 51, 96]
[5, 50, 52, 97]
[6, 51, 53, 98]
[7, 52, 54, 99]
[8, 53, 55, 100]
[9, 54, 56, 101]
[10, 55, 57, 102]
[11, 56, 58, 103]
[12, 57, 59, 104]
[13, 58, 60, 105]
[14, 59, 61, 106]
[15, 60, 62, 107]
[16, 61, 63, 108]
[17, 62, 64, 109]
[18, 63, 65, 110]
[19, 64, 66, 111]
[20, 65, 67, 112]
[21, 66, 68, 113]
[22, 67, 69, 114]
[23, 68, 70, 115]
[24, 69, 71, 116]
[25, 70, 72, 117]
[26, 71, 73, 118]
[27, 72, 74, 119]
[28, 73, 75, 120]
[29, 74, 76, 121]
[30, 75, 77, 122]
[31, 76, 78, 123]
[32, 77, 79, 124]
[33, 78, 80, 125]
[34, 79, 81, 126]
[35, 80, 82, 127]
[36, 81, 83, 128]
[37, 82, 84, 129]
[38, 83, 85, 130]
[39, 84, 86, 131]
[40, 85, 87, 132]
[41, 86, 88, 133]
[42, 87, 89, 134]
[43, 88, 90, 135]
[44, 89, 91, 136]
[45, 46, 90, 137]
[46, 93, 137, 138]
[47, 92, 94, 139]
[48, 93, 95, 140]
[49, 94, 96, 141]
[50, 95, 97, 142]
[51, 96, 98, 143]
[52, 97, 99, 144]
[53, 98, 100, 145]
[54, 99, 101, 146]
[55, 100, 102, 147]
[56, 101, 103, 148]
[57, 102, 104, 149]
[58, 103, 105, 150]
[59, 104, 106, 151]
[60, 105, 107, 152]
[61, 106, 108, 153]
[62, 107, 109, 154]
[63, 108, 110, 155]
[64, 109, 111, 156]
[65, 110, 112, 157]
[66, 111, 113, 158]
[67, 112, 114, 159]
[68, 113, 115, 160]
[69, 114, 116, 161]
[70, 115, 117, 162]
[71, 116, 118, 163]
[72, 117, 119, 164]
[73, 118, 120, 165]
[74, 119, 121, 166]
[75, 120, 122, 167]
[76, 121, 123, 168]
[77, 122, 124, 169]
[78, 123, 125, 170]
[79, 124, 126, 171]
[80, 125, 127, 172]
[81, 126, 128, 173]
[82, 127, 129, 174]
[83, 128, 130, 175]
[84, 129, 131, 176]
[85, 130, 132, 177]
[86, 131, 133, 178]
[87, 132, 134, 179]
[88, 133, 135, 180]
[89, 134, 136, 181]
[90, 135, 137, 182]
[91, 92, 136, 183]
[92, 139, 183, 184]
[93, 138, 140, 185]
[94, 139, 141, 186]
[95, 140, 142, 187]
[96, 141, 143, 188]
[97, 142, 144, 189]
[98, 143, 145, 190]
[99, 144, 146, 191]
[100, 145, 147, 192]
[101, 146, 148, 193]
[102, 147, 149, 194]
[103, 148, 150, 195]
[104, 149, 151, 196]
[105, 150, 152, 197]
[106, 151, 153, 198]
[107, 152, 154, 199]
[108, 153, 155, 200]
[109, 154, 156, 201]
[110, 155, 157, 202]
[111, 156, 158, 203]
[112, 157, 159, 204]
[113, 158, 160, 205]
[114, 159, 161, 206]
[115, 160, 162, 207]
[116, 161, 163, 208]
[117, 162, 164, 209]
[118, 163, 165, 210]
[119, 164, 166, 211]
[120, 165, 167, 212]
[121, 166, 168, 213]
[122, 167, 169, 214]
[123, 168, 170, 215]
[124, 169, 171, 216]
[125, 170, 172, 217]
[126, 171, 173, 218]
[127, 172, 174, 219]
[128, 173, 175, 220]
[129, 174, 176, 221]
[130, 175, 177, 222]
[131, 176, 178, 223]
[132, 177, 179, 224]
[133, 178, 180, 225]
[134, 179, 181, 226]
[135, 180, 182, 227]
[136, 181, 183, 228]
[137, 138, 182, 229]
[138, 185, 229, 230]
[139, 184, 186, 231]
[140, 185, 187, 232]
[141, 186, 188, 233]
[142, 187, 189, 234]
[143, 188, 190, 235]
[144, 189, 191, 236]
[145, 190, 192, 237]
[146, 191, 193, 238]
[147, 192, 194, 239]
[148, 193, 195, 240]
[149, 194, 196, 241]
[150, 195, 197, 242]
[151, 196, 198, 243]
[152, 197, 199, 244]
[153, 198, 200, 245]
[154, 199, 201, 246]
[155, 200, 202, 247]
[156, 201, 203, 248]
[157, 202, 204, 249]
[158, 203, 205, 250]
[159, 204, 206, 251]
[160, 205, 207, 252]
[161, 206, 208, 253]
[162, 207, 209, 254]
[163, 208, 210, 255]
[164, 209, 211, 256]
[165, 210, 212, 257]
[166, 211, 213, 258]
[167, 212, 214, 259]
[168, 213, 215, 260]
[169, 214, 216, 261]
[170, 215, 217, 262]
[171, 216, 218, 263]
[172, 217, 219, 264]
[173, 218, 220, 265]
[174, 219, 221, 266]
[175, 220, 222, 267]
[176, 221, 223, 268]
[177, 222, 224, 269]
[178, 223, 225, 270]
[179, 224, 226, 271]
[180, 225, 227, 272]
[181, 226, 228, 273]
[182, 227, 229, 274]
[183, 184, 228, 275]
[184, 231, 275, 276]
[185, 230, 232, 277]
[186, 231, 233, 278]
[187, 232, 234, 279]
[188, 233, 235, 280]
[189, 234, 236, 281]
[190, 235, 237, 282]
[191, 236, 238, 283]
[192, 237, 239, 284]
[193, 238, 240, 285]
[194, 239, 241, 286]
[195, 240, 242, 287]
[196, 241, 243, 288]
[197, 242, 244, 289]
[198, 243, 245, 290]
[199, 244, 246, 291]
[200, 245, 247, 292]
[201, 246, 248, 293]
[202, 247, 249, 294]
[203, 248, 250, 295]
[204, 249, 251, 296]
[205, 250, 252, 297]
[206, 251, 253, 298]
[207, 252, 254, 299]
[208, 253, 255, 300]
[209, 254, 256, 301]
[210, 255, 257, 302]
[211, 256, 258, 303]
[212, 257, 259, 304]
[213, 258, 260, 305]
[214, 259, 261, 306]
[215, 260, 262, 307]
[216, 261, 263, 308]
[217, 262, 264, 309]
[218, 263, 265, 310]
[219, 264, 266, 311]
[220, 265, 267, 312]
[221, 266, 268, 313]
[222, 267, 269, 314]
[223, 268, 270, 315]
[224, 269, 271, 316]
[225, 270, 272, 317]
[226, 271, 273, 318]
[227, 272, 274, 319]
[228, 273, 275, 320]
[229, 230, 274, 321]
[230, 277, 321, 322]
[231, 276, 278, 323]
[232, 277, 279, 324]
[233, 278, 280, 325]
[234, 279, 281, 326]
[235, 280, 282, 327]
[236, 281, 283, 328]
[237, 282, 284, 329]
[238, 283, 285, 330]
[239, 284, 286, 331]
[240, 285, 287, 332]
[241, 286, 288, 333]
[242, 287, 289, 334]
[243, 288, 290, 335]
[244, 289, 291, 336]
[245, 290, 292, 337]
[246, 291, 293, 338]
[247, 292, 294, 339]
[248, 293, 295, 340]
[249, 294, 296, 341]
[250, 295, 297, 342]
[251, 296, 298, 343]
[252, 297, 299, 344]
[253, 298, 300, 345]
[254, 299, 301, 346]
[255, 300, 302, 347]
[256, 301, 303, 348]
[257, 302, 304, 349]
[258, 303, 305, 350]
[259, 304, 306, 351]
[260, 305, 307, 352]
[261, 306, 308, 353]
[262, 307, 309, 354]
[263, 308, 310, 355]
[264, 309, 311, 356]
[265, 310, 312, 357]
[266, 311, 313, 358]
[267, 312, 314, 359]
[268, 313, 315, 360]
[269, 314, 316, 361]
[270, 315, 317, 362]
[271, 316, 318, 363]
[272, 317, 319, 364]
[273, 318, 320, 365]
[274, 319, 321, 366]
[275, 276, 320, 367]
[276, 323, 367, 368]
[277, 322, 324, 369]
[278, 323, 325, 370]
[279, 324, 326, 371]
[280, 325, 327, 372]
[281, 326, 328, 373]
[282, 327, 329, 374]
[283, 328, 330, 375]
[284, 329, 331, 376]
[285, 330, 332, 377]
[286, 331, 333, 378]
[287, 332, 334, 379]
[288, 333, 335, 380]
[289, 334, 336, 381]
[290, 335, 337, 382]
[291, 336, 338, 383]
[292, 337, 339, 384]
[293, 338, 340, 385]
[294, 339, 341, 386]
[295, 340, 342, 387]
[296, 341, 343, 388]
[297, 342, 344, 389]
[298, 343, 345, 390]
[299, 344, 346, 391]
[300, 345, 347, 392]
[301, 346, 348, 393]
[302, 347, 349, 394]
[303, 348, 350, 395]
[304, 349, 351, 396]
[305, 350, 352, 397]
[306, 351, 353, 398]
[307, 352, 354, 399]
[308, 353, 355, 400]
[309, 354, 356, 401]
[310, 355, 357, 402]
[311, 356, 358, 403]
[312, 357, 359, 404]
[313, 358, 360, 405]
[314, 359, 361, 406]
[315, 360, 362, 407]
[316, 361, 363, 408]
[317, 362, 364, 409]
[318, 363, 365, 410]
[319, 364, 366, 411]
[320, 365, 367, 412]
[321, 322, 366, 413]
[322, 369, 413, 414]
[323, 368, 370, 415]
[324, 369, 371, 416]
[325, 370, 372, 417]
[326, 371, 373, 418]
[327, 372, 374, 419]
[328, 373, 375, 420]
[329, 374, 376, 421]
[330, 375, 377, 422]
[331, 376, 378, 423]
[332, 377, 379, 424]
[333, 378, 380, 425]
[334, 379, 381, 426]
[335, 380, 382, 427]
[336, 381, 383, 428]
[337, 382, 384, 429]
[338, 383, 385, 430]
[339, 384, 386, 431]
[340, 385, 387, 432]
[341, 386, 388, 433]
[342, 387, 389, 434]
[343, 388, 390, 435]
[344, 389, 391, 436]
[345, 390, 392, 437]
[346, 391, 393, 438]
[347, 392, 394, 439]
[348, 393, 395, 440]
[349, 394, 396, 441]
[350, 395, 397, 442]
[351, 396, 398, 443]
[352, 397, 399, 444]
[353, 398, 400, 445]
[354, 399, 401, 446]
[355, 400, 402, 447]
[356, 401, 403, 448]
[357, 402, 404, 449]
[358, 403, 405, 450]
[359, 404, 406, 451]
[360, 405, 407, 452]
[361, 406, 408, 453]
[362, 407, 409, 454]
[363, 408, 410, 455]
[364, 409, 411, 456]
[365, 410, 412, 457]
[366, 411, 413, 458]
[367, 368, 412, 459]
[368, 415, 459, 460]
[369, 414, 416, 461]
[370, 415, 417, 462]
[371, 416, 418, 463]
[372, 417, 419, 464]
[373, 418, 420, 465]
[374, 419, 421, 466]
[375, 420, 422, 467]
[376, 421, 423, 468]
[377, 422, 424, 469]
[378, 423, 425, 470]
[379, 424, 426, 471]
[380, 425, 427, 472]
[381, 426, 428, 473]
[382, 427, 429, 474]
[383, 428, 430, 475]
[384, 429, 431, 476]
[385, 430, 432, 477]
[386, 431, 433, 478]
[387, 432, 434, 479]
[388, 433, 435, 480]
[389, 434, 436, 481]
[390, 435, 437, 482]
[391, 436, 438, 483]
[392, 437, 439, 484]
[393, 438, 440, 485]
[394, 439, 441, 486]
[395, 440, 442, 487]
[396, 441, 443, 488]
[397, 442, 444, 489]
[398, 443, 445, 490]
[399, 444, 446, 491]
[400, 445, 447, 492]
[401, 446, 448, 493]
[402, 447, 449, 494]
[403, 448, 450, 495]
[404, 449, 451, 496]
[405, 450, 452, 497]
[406, 451, 453, 498]
[407, 452, 454, 499]
[408, 453, 455, 500]
[409, 454, 456, 501]
[410, 455, 457, 502]
[411, 456, 458, 503]
[412, 457, 459, 504]
[413, 414, 458, 505]
[414, 461, 505, 506]
[415, 460, 462, 507]
[416, 461, 463, 508]
[417, 462, 464, 509]
[418, 463, 465, 510]
[419, 464, 466, 511]
[420, 465, 467, 512]
[421, 466, 468, 513]
[422, 467, 469, 514]
[423, 468, 470, 515]
[424, 469, 471, 516]
[425, 470, 472, 517]
[426, 471, 473, 518]
[427, 472, 474, 519]
[428, 473, 475, 520]
[429, 474, 476, 521]
[430, 475, 477, 522]
[431, 476, 478, 523]
[432, 477, 479, 524]
[433, 478, 480, 525]
[434, 479, 481, 526]
[435, 480, 482, 527]
[436, 481, 483, 528]
[437, 482, 484, 529]
[438, 483, 485, 530]
[439, 484, 486, 531]
[440, 485, 487, 532]
[441, 486, 488, 533]
[442, 487, 489, 534]
[443, 488, 490, 535]
[444, 489, 491, 536]
[445, 490, 492, 537]
[446, 491, 493, 538]
[447, 492, 494, 539]
[448, 493, 495, 540]
[449, 494, 496, 541]
[450, 495, 497, 542]
[451, 496, 498, 543]
[452, 497, 499, 544]
[453, 498, 500, 545]
[454, 499, 501, 546]
[455, 500, 502, 547]
[456, 501, 503, 548]
[457, 502, 504, 549]
[458, 503, 505, 550]
[459, 460, 504, 551]
[460, 507, 551, 552]
[461, 506, 508, 553]
[462, 507, 509, 554]
[463, 508, 510, 555]
[464, 509, 511, 556]
[465, 510, 512, 557]
[466, 511, 513, 558]
[467, 512, 514, 559]
[468, 513, 515, 560]
[469, 514, 516, 561]
[470, 515, 517, 562]
[471, 516, 518, 563]
[472, 517, 519, 564]
[473, 518, 520, 565]
[474, 519, 521, 566]
[475, 520, 522, 567]
[476, 521, 523, 568]
[477, 522, 524, 569]
[478, 523, 525, 570]
[479, 524, 526, 571]
[480, 525, 527, 572]
[481, 526, 528, 573]
[482, 527, 529, 574]
[483, 528, 530, 575]
[484, 529, 531, 576]
[485, 530, 532, 577]
[486, 531, 533, 578]
[487, 532, 534, 579]
[488, 533, 535, 580]
[489, 534, 536, 581]
[490, 535, 537, 582]
[491, 536, 538, 583]
[492, 537, 539, 584]
[493, 538, 540, 585]
[494, 539, 541, 586]
[495, 540, 542, 587]
[496, 541, 543, 588]
[497, 542, 544, 589]
[498, 543, 545, 590]
[499, 544, 546, 591]
[500, 545, 547, 592]
[501, 546, 548, 593]
[502, 547, 549, 594]
[503, 548, 550, 595]
[504, 549, 551, 596]
[505, 506, 550, 597]
[506, 553, 597, 598]
[507, 552, 554, 599]
[508, 553, 555, 600]
[509, 554, 556, 601]
[510, 555, 557, 602]
[511, 556, 558, 603]
[512, 557, 559, 604]
[513, 558, 560, 605]
[514, 559, 561, 606]
[515, 560, 562, 607]
[516, 561, 563, 608]
[517, 562, 564, 609]
[518, 563, 565, 610]
[519, 564, 566, 611]
[520, 565, 567, 612]
[521, 566, 568, 613]
[522, 567, 569, 614]
[523, 568, 570, 615]
[524, 569, 571, 616]
[525, 570, 572, 617]
[526, 571, 573, 618]
[527, 572, 574, 619]
[528, 573, 575, 620]
[529, 574, 576, 621]
[530, 575, 577, 622]
[531, 576, 578, 623]
[532, 577, 579, 624]
[533, 578, 580, 625]
[534, 579, 581, 626]
[535, 580, 582, 627]
[536, 581, 583, 628]
[537, 582, 584, 629]
[538, 583, 585, 630]
[539, 584, 586, 631]
[540, 585, 587, 632]
[541, 586, 588, 633]
[542, 587, 589, 634]
[543, 588, 590, 635]
[544, 589, 591, 636]
[545, 590, 592, 637]
[546, 591, 593, 638]
[547, 592, 594, 639]
[548, 593, 595, 640]
[549, 594, 596, 641]
[550, 595, 597, 642]
[551, 552, 596, 643]
[552, 599, 643, 644]
[553, 598, 600, 645]
[554, 599, 601, 646]
[555, 600, 602, 647]
[556, 601, 603, 648]
[557, 602, 604, 649]
[558, 603, 605, 650]
[559, 604, 606, 651]
[560, 605, 607, 652]
[561, 606, 608, 653]
[562, 607, 609, 654]
[563, 608, 610, 655]
[564, 609, 611, 656]
[565, 610, 612, 657]
[566, 611, 613, 658]
[567, 612, 614, 659]
[568, 613, 615, 660]
[569, 614, 616, 661]
[570, 615, 617, 662]
[571, 616, 618, 663]
[572, 617, 619, 664]
[573, 618, 620, 665]
[574, 619, 621, 666]
[575, 620, 622, 667]
[576, 621, 623, 668]
[577, 622, 624, 669]
[578, 623, 625, 670]
[579, 624, 626, 671]
[580, 625, 627, 672]
[581, 626, 628, 673]
[582, 627, 629, 674]
[583, 628, 630, 675]
[584, 629, 631, 676]
[585, 630, 632, 677]
[586, 631, 633, 678]
[587, 632, 634, 679]
[588, 633, 635, 680]
[589, 634, 636, 681]
[590, 635, 637, 682]
[591, 636, 638, 683]
[592, 637, 639, 684]
[593, 638, 640, 685]
[594, 639, 641, 686]
[595, 640, 642, 687]
[596, 641, 643, 688]
[597, 598, 642, 689]
[598, 645, 689, 690]
[599, 644, 646, 691]
[600, 645, 647, 692]
[601, 646, 648, 693]
[602, 647, 649, 694]
[603, 648, 650, 695]
[604, 649, 651, 696]
[605, 650, 652, 697]
[606, 651, 653, 698]
[607, 652, 654, 699]
[608, 653, 655, 700]
[609, 654, 656, 701]
[610, 655, 657, 702]
[611, 656, 658, 703]
[612, 657, 659, 704]
[613, 658, 660, 705]
[614, 659, 661, 706]
[615, 660, 662, 707]
[616, 661, 663, 708]
[617, 662, 664, 709]
[618, 663, 665, 710]
[619, 664, 666, 711]
[620, 665, 667, 712]
[621, 666, 668, 713]
[622, 667, 669, 714]
[623, 668, 670, 715]
[624, 669, 671, 716]
[625, 670, 672, 717]
[626, 671, 673, 718]
[627, 672, 674, 719]
[628, 673, 675, 720]
[629, 674, 676, 721]
[630, 675, 677, 722]
[631, 676, 678, 723]
[632, 677, 679, 724]
[633, 678, 680, 725]
[634, 679, 681, 726]
[635, 680, 682, 727]
[636, 681, 683, 728]
[637, 682, 684, 729]
[638, 683, 685, 730]
[639, 684, 686, 731]
[640, 685, 687, 732]
[641, 686, 688, 733]
[642, 687, 689, 734]
[643, 644, 688, 735]
[644, 691, 735, 736]
[645, 690, 692, 737]
[646, 691, 693, 738]
[647, 692, 694, 739]
[648, 693, 695, 740]
[649, 694, 696, 741]
[650, 695, 697, 742]
[651, 696, 698, 743]
[652, 697, 699, 744]
[653, 698, 700, 745]
[654, 699, 701, 746]
[655, 700, 702, 747]
[656, 701, 703, 748]
[657, 702, 704, 749]
[658, 703, 705, 750]
[659, 704, 706, 751]
[660, 705, 707, 752]
[661, 706, 708, 753]
[662, 707, 709, 754]
[663, 708, 710, 755]
[664, 709, 711, 756]
[665, 710, 712, 757]
[666, 711, 713, 758]
[667, 712, 714, 759]
[668, 713, 715, 760]
[669, 714, 716, 761]
[670, 715, 717, 762]
[671, 716, 718, 763]
[672, 717, 719, 764]
[673, 718, 720, 765]
[674, 719, 721, 766]
[675, 720, 722, 767]
[676, 721, 723, 768]
[677, 722, 724, 769]
[678, 723, 725, 770]
[679, 724, 726, 771]
[680, 725, 727, 772]
[681, 726, 728, 773]
[682, 727, 729, 774]
[683, 728, 730, 775]
[684, 729, 731, 776]
[685, 730, 732, 777]
[686, 731, 733, 778]
[687, 732, 734, 779]
[688, 733, 735, 780]
[689, 690, 734, 781]
[690, 737, 781, 782]
[691, 736, 738, 783]
[692, 737, 739, 784]
[693, 738, 740, 785]
[694, 739, 741, 786]
[695, 740, 742, 787]
[696, 741, 743, 788]
[697, 742, 744, 789]
[698, 743, 745, 790]
[699, 744, 746, 791]
[700, 745, 747, 792]
[701, 746, 748, 793]
[702, 747, 749, 794]
[703, 748, 750, 795]
[704, 749, 751, 796]
[705, 750, 752, 797]
[706, 751, 753, 798]
[707, 752, 754, 799]
[708, 753, 755, 800]
[709, 754, 756, 801]
[710, 755, 757, 802]
[711, 756, 758, 803]
[712, 757, 759, 804]
[713, 758, 760, 805]
[714, 759, 761, 806]
[715, 760, 762, 807]
[716, 761, 763, 808]
[717, 762, 764, 809]
[718, 763, 765, 810]
[719, 764, 766, 811]
[720, 765, 767, 812]
[721, 766, 768, 813]
[722, 767, 769, 814]
[723, 768, 770, 815]
[724, 769, 771, 816]
[725, 770, 772, 817]
[726, 771, 773, 818]
[727, 772, 774, 819]
[728, 773, 775, 820]
[729, 774, 776, 821]
[730, 775, 777, 822]
[731, 776, 778, 823]
[732, 777, 779, 824]
[733, 778, 780, 825]
[734, 779, 781, 826]
[735, 736, 780, 827]
[736, 783, 827, 828]
[737, 782, 784, 829]
[738, 783, 785, 830]
[739, 784, 786, 831]
[740, 785, 787, 832]
[741, 786, 788, 833]
[742, 787, 789, 834]
[743, 788, 790, 835]
[744, 789, 791, 836]
[745, 790, 792, 837]
[746, 791, 793, 838]
[747, 792, 794, 839]
[748, 793, 795, 840]
[749, 794, 796, 841]
[750, 795, 797, 842]
[751, 796, 798, 843]
[752, 797, 799, 844]
[753, 798, 800, 845]
[754, 799, 801, 846]
[755, 800, 802, 847]
[756, 801, 803, 848]
[757, 802, 804, 849]
[758, 803, 805, 850]
[759, 804, 806, 851]
[760, 805, 807, 852]
[761, 806, 808, 853]
[762, 807, 809, 854]
[763, 808, 810, 855]
[764, 809, 811, 856]
[765, 810, 812, 857]
[766, 811, 813, 858]
[767, 812, 814, 859]
[768, 813, 815, 860]
[769, 814, 816, 861]
[770, 815, 817, 862]
[771, 816, 818, 863]
[772, 817, 819, 864]
[773, 818, 820, 865]
[774, 819, 821, 866]
[775, 820, 822, 867]
[776, 821, 823, 868]
[777, 822, 824, 869]
[778, 823, 825, 870]
[779, 824, 826, 871]
[780, 825, 827, 872]
[781, 782, 826, 873]
[782, 829, 873, 874]
[783, 828, 830, 875]
[784, 829, 831, 876]
[785, 830, 832, 877]
[786, 831, 833, 878]
[787, 832, 834, 879]
[788, 833, 835, 880]
[789, 834, 836, 881]
[790, 835, 837, 882]
[791, 836, 838, 883]
[792, 837, 839, 884]
[793, 838, 840, 885]
[794, 839, 841, 886]
[795, 840, 842, 887]
[796, 841, 843, 888]
[797, 842, 844, 889]
[798, 843, 845, 890]
[799, 844, 846, 891]
[800, 845, 847, 892]
[801, 846, 848, 893]
[802, 847, 849, 894]
[803, 848, 850, 895]
[804, 849, 851, 896]
[805, 850, 852, 897]
[806, 851, 853, 898]
[807, 852, 854, 899]
[808, 853, 855, 900]
[809, 854, 856, 901]
[810, 855, 857, 902]
[811, 856, 858, 903]
[812, 857, 859, 904]
[813, 858, 860, 905]
[814, 859, 861, 906]
[815, 860, 862, 907]
[816, 861, 863, 908]
[817, 862, 864, 909]
[818, 863, 865, 910]
[819, 864, 866, 911]
[820, 865, 867, 912]
[821, 866, 868, 913]
[822, 867, 869, 914]
[823, 868, 870, 915]
[824, 869, 871, 916]
[825, 870, 872, 917]
[826, 871, 873, 918]
[827, 828, 872, 919]
[828, 875, 919, 920]
[829, 874, 876, 921]
[830, 875, 877, 922]
[831, 876, 878, 923]
[832, 877, 879, 924]
[833, 878, 880, 925]
[834, 879, 881, 926]
[835, 880, 882, 927]
[836, 881, 883, 928]
[837, 882, 884, 929]
[838, 883, 885, 930]
[839, 884, 886, 931]
[840, 885, 887, 932]
[841, 886, 888, 933]
[842, 887, 889, 934]
[843, 888, 890, 935]
[844, 889, 891, 936]
[845, 890, 892, 937]
[846, 891, 893, 938]
[847, 892, 894, 939]
[848, 893, 895, 940]
[849, 894, 896, 941]
[850, 895, 897, 942]
[851, 896, 898, 943]
[852, 897, 899, 944]
[853, 898, 900, 945]
[854, 899, 901, 946]
[855, 900, 902, 947]
[856, 901, 903, 948]
[857, 902, 904, 949]
[858, 903, 905, 950]
[859, 904, 906, 951]
[860, 905, 907, 952]
[861, 906, 908, 953]
[862, 907, 909, 954]
[863, 908, 910, 955]
[864, 909, 911, 956]
[865, 910, 912, 957]
[866, 911, 913, 958]
[867, 912, 914, 959]
[868, 913, 915, 960]
[869, 914, 916, 961]
[870, 915, 917, 962]
[871, 916, 918, 963]
[872, 917, 919, 964]
[873, 874, 918, 965]
[874, 921, 965, 966]
[875, 920, 922, 967]
[876, 921, 923, 968]
[877, 922, 924, 969]
[878, 923, 925, 970]
[879, 924, 926, 971]
[880, 925, 927, 972]
[881, 926, 928, 973]
[882, 927, 929, 974]
[883, 928, 930, 975]
[884, 929, 931, 976]
[885, 930, 932, 977]
[886, 931, 933, 978]
[887, 932, 934, 979]
[888, 933, 935, 980]
[889, 934, 936, 981]
[890, 935, 937, 982]
[891, 936, 938, 983]
[892, 937, 939, 984]
[893, 938, 940, 985]
[894, 939, 941, 986]
[895, 940, 942, 987]
[896, 941, 943, 988]
[897, 942, 944, 989]
[898, 943, 945, 990]
[899, 944, 946, 991]
[900, 945, 947, 992]
[901, 946, 948, 993]
[902, 947, 949, 994]
[903, 948, 950, 995]
[904, 949, 951, 996]
[905, 950, 952, 997]
[906, 951, 953, 998]
[907, 952, 954, 999]
[908, 953, 955, 1000]
[909, 954, 956, 1001]
[910, 955, 957, 1002]
[911, 956, 958, 1003]
[912, 957, 959, 1004]
[913, 958, 960, 1005]
[914, 959, 961, 1006]
[915, 960, 962, 1007]
[916, 961, 963, 1008]
[917, 962, 964, 1009]
[918, 963, 965, 1010]
[919, 920, 964, 1011]
[920, 967, 1011, 1012]
[921, 966, 968, 1013]
[922, 967, 969, 1014]
[923, 968, 970, 1015]
[924, 969, 971, 1016]
[925, 970, 972, 1017]
[926, 971, 973, 1018]
[927, 972, 974, 1019]
[928, 973, 975, 1020]
[929, 974, 976, 1021]
[930, 975, 977, 1022]
[931, 976, 978, 1023]
[932, 977, 979, 1024]
[933, 978, 980, 1025]
[934, 979, 981, 1026]
[935, 980, 982, 1027]
[936, 981, 983, 1028]
[937, 982, 984, 1029]
[938, 983, 985, 1030]
[939, 984, 986, 1031]
[940, 985, 987, 1032]
[941, 986, 988, 1033]
[942, 987, 989, 1034]
[943, 988, 990, 1035]
[944, 989, 991, 1036]
[945, 990, 992, 1037]
[946, 991, 993, 1038]
[947, 992, 994, 1039]
[948, 993, 995, 1040]
[949, 994, 996, 1041]
[950, 995, 997, 1042]
[951, 996, 998, 1043]
[952, 997, 999, 1044]
[953, 998, 1000, 1045]
[954, 999, 1001, 1046]
[955, 1000, 1002, 1047]
[956, 1001, 1003, 1048]
[957, 1002, 1004, 1049]
[958, 1003, 1005, 1050]
[959, 1004, 1006, 1051]
[960, 1005, 1007, 1052]
[961, 1006, 1008, 1053]
[962, 1007, 1009, 1054]
[963, 1008, 1010, 1055]
[964, 1009, 1011, 1056]
[965, 966, 1010, 1057]
[966, 1013, 1057, 1058]
[967, 1012, 1014, 1059]
[968, 1013, 1015, 1060]
[969, 1014, 1016, 1061]
[970, 1015, 1017, 1062]
[971, 1016, 1018, 1063]
[972, 1017, 1019, 1064]
[973, 1018, 1020, 1065]
[974, 1019, 1021, 1066]
[975, 1020, 1022, 1067]
[976, 1021, 1023, 1068]
[977, 1022, 1024, 1069]
[978, 1023, 1025, 1070]
[979, 1024, 1026, 1071]
[980, 1025, 1027, 1072]
[981, 1026, 1028, 1073]
[982, 1027, 1029, 1074]
[983, 1028, 1030, 1075]
[984, 1029, 1031, 1076]
[985, 1030, 1032, 1077]
[986, 1031, 1033, 1078]
[987, 1032, 1034, 1079]
[988, 1033, 1035, 1080]
[989, 1034, 1036, 1081]
[990, 1035, 1037, 1082]
[991, 1036, 1038, 1083]
[992, 1037, 1039, 1084]
[993, 1038, 1040, 1085]
[994, 1039, 1041, 1086]
[995, 1040, 1042, 1087]
[996, 1041, 1043, 1088]
[997, 1042, 1044, 1089]
[998, 1043, 1045, 1090]
[999, 1044, 1046, 1091]
[1000, 1045, 1047, 1092]
[1001, 1046, 1048, 1093]
[1002, 1047, 1049, 1094]
[1003, 1048, 1050, 1095]
[1004, 1049, 1051, 1096]
[1005, 1050, 1052, 1097]
[1006, 1051, 1053, 1098]
[1007, 1052, 1054, 1099]
[1008, 1053, 1055, 1100]
[1009, 1054, 1056, 1101]
[1010, 1055, 1057, 1102]
[1011, 1012, 1056, 1103]
[1012, 1059, 1103, 1104]
[1013, 1058, 1060, 1105]
[1014, 1059, 1061, 1106]
[1015, 1060, 1062, 1107]
[1016, 1061, 1063, 1108]
[1017, 1062, 1064, 1109]
[1018, 1063, 1065, 1110]
[1019, 1064, 1066, 1111]
[1020, 1065, 1067, 1112]
[1021, 1066, 1068, 1113]
[1022, 1067, 1069, 1114]
[1023, 1068, 1070, 1115]
[1024, 1069, 1071, 1116]
[1025, 1070, 1072, 1117]
[1026, 1071, 1073, 1118]
[1027, 1072, 1074, 1119]
[1028, 1073, 1075, 1120]
[1029, 1074, 1076, 1121]
[1030, 1075, 1077, 1122]
[1031, 1076, 1078, 1123]
[1032, 1077, 1079, 1124]
[1033, 1078, 1080, 1125]
[1034, 1079, 1081, 1126]
[1035, 1080, 1082, 1127]
[1036, 1081, 1083, 1128]
[1037, 1082, 1084, 1129]
[1038, 1083, 1085, 1130]
[1039, 1084, 1086, 1131]
[1040, 1085, 1087, 1132]
[1041, 1086, 1088, 1133]
[1042, 1087, 1089, 1134]
[1043, 1088, 1090, 1135]
[1044, 1089, 1091, 1136]
[1045, 1090, 1092, 1137]
[1046, 1091, 1093, 1138]
[1047, 1092, 1094, 1139]
[1048, 1093, 1095, 1140]
[1049, 1094, 1096, 1141]
[1050, 1095, 1097, 1142]
[1051, 1096, 1098, 1143]
[1052, 1097, 1099, 1144]
[1053, 1098, 1100, 1145]
[1054, 1099, 1101, 1146]
[1055, 1100, 1102, 1147]
[1056, 1101, 1103, 1148]
[1057, 1058, 1102, 1149]
[1058, 1105, 1149, 1150]
[1059, 1104, 1106, 1151]
[1060, 1105, 1107, 1152]
[1061, 1106, 1108, 1153]
[1062, 1107, 1109, 1154]
[1063, 1108, 1110, 1155]
[1064, 1109, 1111, 1156]
[1065, 1110, 1112, 1157]
[1066, 1111, 1113, 1158]
[1067, 1112, 1114, 1159]
[1068, 1113, 1115, 1160]
[1069, 1114, 1116, 1161]
[1070, 1115, 1117, 1162]
[1071, 1116, 1118, 1163]
[1072, 1117, 1119, 1164]
[1073, 1118, 1120, 1165]
[1074, 1119, 1121, 1166]
[1075, 1120, 1122, 1167]
[1076, 1121, 1123, 1168]
[1077, 1122, 1124, 1169]
[1078, 1123, 1125, 1170]
[1079, 1124, 1126, 1171]
[1080, 1125, 1127, 1172]
[1081, 1126, 1128, 1173]
[1082, 1127, 1129, 1174]
[1083, 1128, 1130, 1175]
[1084, 1129, 1131, 1176]
[1085, 1130, 1132, 1177]
[1086, 1131, 1133, 1178]
[1087, 1132, 1134, 1179]
[1088, 1133, 1135, 1180]
[1089, 1134, 1136, 1181]
[1090, 1135, 1137, 1182]
[1091, 1136, 1138, 1183]
[1092, 1137, 1139, 1184]
[1093, 1138, 1140, 1185]
[1094, 1139, 1141, 1186]
[1095, 1140, 1142, 1187]
[1096, 1141, 1143, 1188]
[1097, 1142, 1144, 1189]
[1098, 1143, 1145, 1190]
[1099, 1144, 1146, 1191]
[1100, 1145, 1147, 1192]
[1101, 1146, 1148, 1193]
[1102, 1147, 1149, 1194]
[1103, 1104, 1148, 1195]
[1104, 1151, 1195, 1196]
[1105, 1150, 1152, 1197]
[1106, 1151, 1153, 1198]
[1107, 1152, 1154, 1199]
[1108, 1153, 1155, 1200]
[1109, 1154, 1156, 1201]
[1110, 1155, 1157, 1202]
[1111, 1156, 1158, 1203]
[1112, 1157, 1159, 1204]
[1113, 1158, 1160, 1205]
[1114, 1159, 1161, 1206]
[1115, 1160, 1162, 1207]
[1116, 1161, 1163, 1208]
[1117, 1162, 1164, 1209]
[1118, 1163, 1165, 1210]
[1119, 1164, 1166, 1211]
[1120, 1165, 1167, 1212]
[1121, 1166, 1168, 1213]
[1122, 1167, 1169, 1214]
[1123, 1168, 1170, 1215]
[1124, 1169, 1171, 1216]
[1125, 1170, 1172, 1217]
[1126, 1171, 1173, 1218]
[1127, 1172, 1174, 1219]
[1128, 1173, 1175, 1220]
[1129, 1174, 1176, 1221]
[1130, 1175, 1177, 1222]
[1131, 1176, 1178, 1223]
[1132, 1177, 1179, 1224]
[1133, 1178, 1180, 1225]
[1134, 1179, 1181, 1226]
[1135, 1180, 1182, 1227]
[1136, 1181, 1183, 1228]
[1137, 1182, 1184, 1229]
[1138, 1183, 1185, 1230]
[1139, 1184, 1186, 1231]
[1140, 1185, 1187, 1232]
[1141, 1186, 1188, 1233]
[1142, 1187, 1189, 1234]
[1143, 1188, 1190, 1235]
[1144, 1189, 1191, 1236]
[1145, 1190, 1192, 1237]
[1146, 1191, 1193, 1238]
[1147, 1192, 1194, 1239]
[1148, 1193, 1195, 1240]
[1149, 1150, 1194, 1241]
[1150, 1197, 1241, 1242]
[1151, 1196, 1198, 1243]
[1152, 1197, 1199, 1244]
[1153, 1198, 1200, 1245]
[1154, 1199, 1201, 1246]
[1155, 1200, 1202, 1247]
[1156, 1201, 1203, 1248]
[1157, 1202, 1204, 1249]
[1158, 1203, 1205, 1250]
[1159, 1204, 1206, 1251]
[1160, 1205, 1207, 1252]
[1161, 1206, 1208, 1253]
[1162, 1207, 1209, 1254]
[1163, 1208, 1210, 1255]
[1164, 1209, 1211, 1256]
[1165, 1210, 1212, 1257]
[1166, 1211, 1213, 1258]
[1167, 1212, 1214, 1259]
[1168, 1213, 1215, 1260]
[1169, 1214, 1216, 1261]
[1170, 1215, 1217, 1262]
[1171, 1216, 1218, 1263]
[1172, 1217, 1219, 1264]
[1173, 1218, 1220, 1265]
[1174, 1219, 1221, 1266]
[1175, 1220, 1222, 1267]
[1176, 1221, 1223, 1268]
[1177, 1222, 1224, 1269]
[1178, 1223, 1225, 1270]
[1179, 1224, 1226, 1271]
[1180, 1225, 1227, 1272]
[1181, 1226, 1228, 1273]
[1182, 1227, 1229, 1274]
[1183, 1228, 1230, 1275]
[1184, 1229, 1231, 1276]
[1185, 1230, 1232, 1277]
[1186, 1231, 1233, 1278]
[1187, 1232, 1234, 1279]
[1188, 1233, 1235, 1280]
[1189, 1234, 1236, 1281]
[1190, 1235, 1237, 1282]
[1191, 1236, 1238, 1283]
[1192, 1237, 1239, 1284]
[1193, 1238, 1240, 1285]
[1194, 1239, 1241, 1286]
[1195, 1196, 1240, 1287]
[1196, 1243, 1287, 1288]
[1197, 1242, 1244, 1289]
[1198, 1243, 1245, 1290]
[1199, 1244, 1246, 1291]
[1200, 1245, 1247, 1292]
[1201, 1246, 1248, 1293]
[1202, 1247, 1249, 1294]
[1203, 1248, 1250, 1295]
[1204, 1249, 1251, 1296]
[1205, 1250, 1252, 1297]
[1206, 1251, 1253, 1298]
[1207, 1252, 1254, 1299]
[1208, 1253, 1255, 1300]
[1209, 1254, 1256, 1301]
[1210, 1255, 1257, 1302]
[1211, 1256, 1258, 1303]
[1212, 1257, 1259, 1304]
[1213, 1258, 1260, 1305]
[1214, 1259, 1261, 1306]
[1215, 1260, 1262, 1307]
[1216, 1261, 1263, 1308]
[1217, 1262, 1264, 1309]
[1218, 1263, 1265, 1310]
[1219, 1264, 1266, 1311]
[1220, 1265, 1267, 1312]
[1221, 1266, 1268, 1313]
[1222, 1267, 1269, 1314]
[1223, 1268, 1270, 1315]
[1224, 1269, 1271, 1316]
[1225, 1270, 1272, 1317]
[1226, 1271, 1273, 1318]
[1227, 1272, 1274, 1319]
[1228, 1273, 1275, 1320]
[1229, 1274, 1276, 1321]
[1230, 1275, 1277, 1322]
[1231, 1276, 1278, 1323]
[1232, 1277, 1279, 1324]
[1233, 1278, 1280, 1325]
[1234, 1279, 1281, 1326]
[1235, 1280, 1282, 1327]
[1236, 1281, 1283, 1328]
[1237, 1282, 1284, 1329]
[1238, 1283, 1285, 1330]
[1239, 1284, 1286, 1331]
[1240, 1285, 1287, 1332]
[1241, 1242, 1286, 1333]
[1242, 1289, 1333, 1334]
[1243, 1288, 1290, 1335]
[1244, 1289, 1291, 1336]
[1245, 1290, 1292, 1337]
[1246, 1291, 1293, 1338]
[1247, 1292, 1294, 1339]
[1248, 1293, 1295, 1340]
[1249, 1294, 1296, 1341]
[1250, 1295, 1297, 1342]
[1251, 1296, 1298, 1343]
[1252, 1297, 1299, 1344]
[1253, 1298, 1300, 1345]
[1254, 1299, 1301, 1346]
[1255, 1300, 1302, 1347]
[1256, 1301, 1303, 1348]
[1257, 1302, 1304, 1349]
[1258, 1303, 1305, 1350]
[1259, 1304, 1306, 1351]
[1260, 1305, 1307, 1352]
[1261, 1306, 1308, 1353]
[1262, 1307, 1309, 1354]
[1263, 1308, 1310, 1355]
[1264, 1309, 1311, 1356]
[1265, 1310, 1312, 1357]
[1266, 1311, 1313, 1358]
[1267, 1312, 1314, 1359]
[1268, 1313, 1315, 1360]
[1269, 1314, 1316, 1361]
[1270, 1315, 1317, 1362]
[1271, 1316, 1318, 1363]
[1272, 1317, 1319, 1364]
[1273, 1318, 1320, 1365]
[1274, 1319, 1321, 1366]
[1275, 1320, 1322, 1367]
[1276, 1321, 1323, 1368]
[1277, 1322, 1324, 1369]
[1278, 1323, 1325, 1370]
[1279, 1324, 1326, 1371]
[1280, 1325, 1327, 1372]
[1281, 1326, 1328, 1373]
[1282, 1327, 1329, 1374]
[1283, 1328, 1330, 1375]
[1284, 1329, 1331, 1376]
[1285, 1330, 1332, 1377]
[1286, 1331, 1333, 1378]
[1287, 1288, 1332, 1379]
[1288, 1335, 1379, 1380]
[1289, 1334, 1336, 1381]
[1290, 1335, 1337, 1382]
[1291, 1336, 1338, 1383]
[1292, 1337, 1339, 1384]
[1293, 1338, 1340, 1385]
[1294, 1339, 1341, 1386]
[1295, 1340, 1342, 1387]
[1296, 1341, 1343, 1388]
[1297, 1342, 1344, 1389]
[1298, 1343, 1345, 1390]
[1299, 1344, 1346, 1391]
[1300, 1345, 1347, 1392]
[1301, 1346, 1348, 1393]
[1302, 1347, 1349, 1394]
[1303, 1348, 1350, 1395]
[1304, 1349, 1351, 1396]
[1305, 1350, 1352, 1397]
[1306, 1351, 1353, 1398]
[1307, 1352, 1354, 1399]
[1308, 1353, 1355, 1400]
[1309, 1354, 1356, 1401]
[1310, 1355, 1357, 1402]
[1311, 1356, 1358, 1403]
[1312, 1357, 1359, 1404]
[1313, 1358, 1360, 1405]
[1314, 1359, 1361, 1406]
[1315, 1360, 1362, 1407]
[1316, 1361, 1363, 1408]
[1317, 1362, 1364, 1409]
[1318, 1363, 1365, 1410]
[1319, 1364, 1366, 1411]
[1320, 1365, 1367, 1412]
[1321, 1366, 1368, 1413]
[1322, 1367, 1369, 1414]
[1323, 1368, 1370, 1415]
[1324, 1369, 1371, 1416]
[1325, 1370, 1372, 1417]
[1326, 1371, 1373, 1418]
[1327, 1372, 1374, 1419]
[1328, 1373, 1375, 1420]
[1329, 1374, 1376, 1421]
[1330, 1375, 1377, 1422]
[1331, 1376, 1378, 1423]
[1332, 1377, 1379, 1424]
[1333, 1334, 1378, 1425]
[1334, 1381, 1425, 1426]
[1335, 1380, 1382, 1427]
[1336, 1381, 1383, 1428]
[1337, 1382, 1384, 1429]
[1338, 1383, 1385, 1430]
[1339, 1384, 1386, 1431]
[1340, 1385, 1387, 1432]
[1341, 1386, 1388, 1433]
[1342, 1387, 1389, 1434]
[1343, 1388, 1390, 1435]
[1344, 1389, 1391, 1436]
[1345, 1390, 1392, 1437]
[1346, 1391, 1393, 1438]
[1347, 1392, 1394, 1439]
[1348, 1393, 1395, 1440]
[1349, 1394, 1396, 1441]
[1350, 1395, 1397, 1442]
[1351, 1396, 1398, 1443]
[1352, 1397, 1399, 1444]
[1353, 1398, 1400, 1445]
[1354, 1399, 1401, 1446]
[1355, 1400, 1402, 1447]
[1356, 1401, 1403, 1448]
[1357, 1402, 1404, 1449]
[1358, 1403, 1405, 1450]
[1359, 1404, 1406, 1451]
[1360, 1405, 1407, 1452]
[1361, 1406, 1408, 1453]
[1362, 1407, 1409, 1454]
[1363, 1408, 1410, 1455]
[1364, 1409, 1411, 1456]
[1365, 1410, 1412, 1457]
[1366, 1411, 1413, 1458]
[1367, 1412, 1414, 1459]
[1368, 1413, 1415, 1460]
[1369, 1414, 1416, 1461]
[1370, 1415, 1417, 1462]
[1371, 1416, 1418, 1463]
[1372, 1417, 1419, 1464]
[1373, 1418, 1420, 1465]
[1374, 1419, 1421, 1466]
[1375, 1420, 1422, 1467]
[1376, 1421, 1423, 1468]
[1377, 1422, 1424, 1469]
[1378, 1423, 1425, 1470]
[1379, 1380, 1424, 1471]
[1380, 1427, 1471, 1472]
[1381, 1426, 1428, 1473]
[1382, 1427, 1429, 1474]
[1383, 1428, 1430, 1475]
[1384, 1429, 1431, 1476]
[1385, 1430, 1432, 1477]
[1386, 1431, 1433, 1478]
[1387, 1432, 1434, 1479]
[1388, 1433, 1435, 1480]
[1389, 1434, 1436, 1481]
[1390, 1435, 1437, 1482]
[1391, 1436, 1438, 1483]
[1392, 1437, 1439, 1484]
[1393, 1438, 1440, 1485]
[1394, 1439, 1441, 1486]
[1395, 1440, 1442, 1487]
[1396, 1441, 1443, 1488]
[1397, 1442, 1444, 1489]
[1398, 1443, 1445, 1490]
[1399, 1444, 1446, 1491]
[1400, 1445, 1447, 1492]
[1401, 1446, 1448, 1493]
[1402, 1447, 1449, 1494]
[1403, 1448, 1450, 1495]
[1404, 1449, 1451, 1496]
[1405, 1450, 1452, 1497]
[1406, 1451, 1453, 1498]
[1407, 1452, 1454, 1499]
[1408, 1453, 1455, 1500]
[1409, 1454, 1456, 1501]
[1410, 1455, 1457, 1502]
[1411, 1456, 1458, 1503]
[1412, 1457, 1459, 1504]
[1413, 1458, 1460, 1505]
[1414, 1459, 1461, 1506]
[1415, 1460, 1462, 1507]
[1416, 1461, 1463, 1508]
[1417, 1462, 1464, 1509]
[1418, 1463, 1465, 1510]
[1419, 1464, 1466, 1511]
[1420, 1465, 1467, 1512]
[1421, 1466, 1468, 1513]
[1422, 1467, 1469, 1514]
[1423, 1468, 1470, 1515]
[1424, 1469, 1471, 1516]
[1425, 1426, 1470, 1517]
[1426, 1473, 1517, 1518]
[1427, 1472, 1474, 1519]
[1428, 1473, 1475, 1520]
[1429, 1474, 1476, 1521]
[1430, 1475, 1477, 1522]
[1431, 1476, 1478, 1523]
[1432, 1477, 1479, 1524]
[1433, 1478, 1480, 1525]
[1434, 1479, 1481, 1526]
[1435, 1480, 1482, 1527]
[1436, 1481, 1483, 1528]
[1437, 1482, 1484, 1529]
[1438, 1483, 1485, 1530]
[1439, 1484, 1486, 1531]
[1440, 1485, 1487, 1532]
[1441, 1486, 1488, 1533]
[1442, 1487, 1489, 1534]
[1443, 1488, 1490, 1535]
[1444, 1489, 1491, 1536]
[1445, 1490, 1492, 1537]
[1446, 1491, 1493, 1538]
[1447, 1492, 1494, 1539]
[1448, 1493, 1495, 1540]
[1449, 1494, 1496, 1541]
[1450, 1495, 1497, 1542]
[1451, 1496, 1498, 1543]
[1452, 1497, 1499, 1544]
[1453, 1498, 1500, 1545]
[1454, 1499, 1501, 1546]
[1455, 1500, 1502, 1547]
[1456, 1501, 1503, 1548]
[1457, 1502, 1504, 1549]
[1458, 1503, 1505, 1550]
[1459, 1504, 1506, 1551]
[1460, 1505, 1507, 1552]
[1461, 1506, 1508, 1553]
[1462, 1507, 1509, 1554]
[1463, 1508, 1510, 1555]
[1464, 1509, 1511, 1556]
[1465, 1510, 1512, 1557]
[1466, 1511, 1513, 1558]
[1467, 1512, 1514, 1559]
[1468, 1513, 1515, 1560]
[1469, 1514, 1516, 1561]
[1470, 1515, 1517, 1562]
[1471, 1472, 1516, 1563]
[1472, 1519, 1563, 1564]
[1473, 1518, 1520, 1565]
[1474, 1519, 1521, 1566]
[1475, 1520, 1522, 1567]
[1476, 1521, 1523, 1568]
[1477, 1522, 1524, 1569]
[1478, 1523, 1525, 1570]
[1479, 1524, 1526, 1571]
[1480, 1525, 1527, 1572]
[1481, 1526, 1528, 1573]
[1482, 1527, 1529, 1574]
[1483, 1528, 1530, 1575]
[1484, 1529, 1531, 1576]
[1485, 1530, 1532, 1577]
[1486, 1531, 1533, 1578]
[1487, 1532, 1534, 1579]
[1488, 1533, 1535, 1580]
[1489, 1534, 1536, 1581]
[1490, 1535, 1537, 1582]
[1491, 1536, 1538, 1583]
[1492, 1537, 1539, 1584]
[1493, 1538, 1540, 1585]
[1494, 1539, 1541, 1586]
[1495, 1540, 1542, 1587]
[1496, 1541, 1543, 1588]
[1497, 1542, 1544, 1589]
[1498, 1543, 1545, 1590]
[1499, 1544, 1546, 1591]
[1500, 1545, 1547, 1592]
[1501, 1546, 1548, 1593]
[1502, 1547, 1549, 1594]
[1503, 1548, 1550, 1595]
[1504, 1549, 1551, 1596]
[1505, 1550, 1552, 1597]
[1506, 1551, 1553, 1598]
[1507, 1552, 1554, 1599]
[1508, 1553, 1555, 1600]
[1509, 1554, 1556, 1601]
[1510, 1555, 1557, 1602]
[1511, 1556, 1558, 1603]
[1512, 1557, 1559, 1604]
[1513, 1558, 1560, 1605]
[1514, 1559, 1561, 1606]
[1515, 1560, 1562, 1607]
[1516, 1561, 1563, 1608]
[1517, 1518, 1562, 1609]
[1518, 1565, 1609, 1610]
[1519, 1564, 1566, 1611]
[1520, 1565, 1567, 1612]
[1521, 1566, 1568, 1613]
[1522, 1567, 1569, 1614]
[1523, 1568, 1570, 1615]
[1524, 1569, 1571, 1616]
[1525, 1570, 1572, 1617]
[1526, 1571, 1573, 1618]
[1527, 1572, 1574, 1619]
[1528, 1573, 1575, 1620]
[1529, 1574, 1576, 1621]
[1530, 1575, 1577, 1622]
[1531, 1576, 1578, 1623]
[1532, 1577, 1579, 1624]
[1533, 1578, 1580, 1625]
[1534, 1579, 1581, 1626]
[1535, 1580, 1582, 1627]
[1536, 1581, 1583, 1628]
[1537, 1582, 1584, 1629]
[1538, 1583, 1585, 1630]
[1539, 1584, 1586, 1631]
[1540, 1585, 1587, 1632]
[1541, 1586, 1588, 1633]
[1542, 1587, 1589, 1634]
[1543, 1588, 1590, 1635]
[1544, 1589, 1591, 1636]
[1545, 1590, 1592, 1637]
[1546, 1591, 1593, 1638]
[1547, 1592, 1594, 1639]
[1548, 1593, 1595, 1640]
[1549, 1594, 1596, 1641]
[1550, 1595, 1597, 1642]
[1551, 1596, 1598, 1643]
[1552, 1597, 1599, 1644]
[1553, 1598, 1600, 1645]
[1554, 1599, 1601, 1646]
[1555, 1600, 1602, 1647]
[1556, 1601, 1603, 1648]
[1557, 1602, 1604, 1649]
[1558, 1603, 1605, 1650]
[1559, 1604, 1606, 1651]
[1560, 1605, 1607, 1652]
[1561, 1606, 1608, 1653]
[1562, 1607, 1609, 1654]
[1563, 1564, 1608, 1655]
[1564, 1611, 1655, 1656]
[1565, 1610, 1612, 1657]
[1566, 1611, 1613, 1658]
[1567, 1612, 1614, 1659]
[1568, 1613, 1615, 1660]
[1569, 1614, 1616, 1661]
[1570, 1615, 1617, 1662]
[1571, 1616, 1618, 1663]
[1572, 1617, 1619, 1664]
[1573, 1618, 1620, 1665]
[1574, 1619, 1621, 1666]
[1575, 1620, 1622, 1667]
[1576, 1621, 1623, 1668]
[1577, 1622, 1624, 1669]
[1578, 1623, 1625, 1670]
[1579, 1624, 1626, 1671]
[1580, 1625, 1627, 1672]
[1581, 1626, 1628, 1673]
[1582, 1627, 1629, 1674]
[1583, 1628, 1630, 1675]
[1584, 1629, 1631, 1676]
[1585, 1630, 1632, 1677]
[1586, 1631, 1633, 1678]
[1587, 1632, 1634, 1679]
[1588, 1633, 1635, 1680]
[1589, 1634, 1636, 1681]
[1590, 1635, 1637, 1682]
[1591, 1636, 1638, 1683]
[1592, 1637, 1639, 1684]
[1593, 1638, 1640, 1685]
[1594, 1639, 1641, 1686]
[1595, 1640, 1642, 1687]
[1596, 1641, 1643, 1688]
[1597, 1642, 1644, 1689]
[1598, 1643, 1645, 1690]
[1599, 1644, 1646, 1691]
[1600, 1645, 1647, 1692]
[1601, 1646, 1648, 1693]
[1602, 1647, 1649, 1694]
[1603, 1648, 1650, 1695]
[1604, 1649, 1651, 1696]
[1605, 1650, 1652, 1697]
[1606, 1651, 1653, 1698]
[1607, 1652, 1654, 1699]
[1608, 1653, 1655, 1700]
[1609, 1610, 1654, 1701]
[1610, 1657, 1701, 1702]
[1611, 1656, 1658, 1703]
[1612, 1657, 1659, 1704]
[1613, 1658, 1660, 1705]
[1614, 1659, 1661, 1706]
[1615, 1660, 1662, 1707]
[1616, 1661, 1663, 1708]
[1617, 1662, 1664, 1709]
[1618, 1663, 1665, 1710]
[1619, 1664, 1666, 1711]
[1620, 1665, 1667, 1712]
[1621, 1666, 1668, 1713]
[1622, 1667, 1669, 1714]
[1623, 1668, 1670, 1715]
[1624, 1669, 1671, 1716]
[1625, 1670, 1672, 1717]
[1626, 1671, 1673, 1718]
[1627, 1672, 1674, 1719]
[1628, 1673, 1675, 1720]
[1629, 1674, 1676, 1721]
[1630, 1675, 1677, 1722]
[1631, 1676, 1678, 1723]
[1632, 1677, 1679, 1724]
[1633, 1678, 1680, 1725]
[1634, 1679, 1681, 1726]
[1635, 1680, 1682, 1727]
[1636, 1681, 1683, 1728]
[1637, 1682, 1684, 1729]
[1638, 1683, 1685, 1730]
[1639, 1684, 1686, 1731]
[1640, 1685, 1687, 1732]
[1641, 1686, 1688, 1733]
[1642, 1687, 1689, 1734]
[1643, 1688, 1690, 1735]
[1644, 1689, 1691, 1736]
[1645, 1690, 1692, 1737]
[1646, 1691, 1693, 1738]
[1647, 1692, 1694, 1739]
[1648, 1693, 1695, 1740]
[1649, 1694, 1696, 1741]
[1650, 1695, 1697, 1742]
[1651, 1696, 1698, 1743]
[1652, 1697, 1699, 1744]
[1653, 1698, 1700, 1745]
[1654, 1699, 1701, 1746]
[1655, 1656, 1700, 1747]
[1656, 1703, 1747, 1748]
[1657, 1702, 1704, 1749]
[1658, 1703, 1705, 1750]
[1659, 1704, 1706, 1751]
[1660, 1705, 1707, 1752]
[1661, 1706, 1708, 1753]
[1662, 1707, 1709, 1754]
[1663, 1708, 1710, 1755]
[1664, 1709, 1711, 1756]
[1665, 1710, 1712, 1757]
[1666, 1711, 1713, 1758]
[1667, 1712, 1714, 1759]
[1668, 1713, 1715, 1760]
[1669, 1714, 1716, 1761]
[1670, 1715, 1717, 1762]
[1671, 1716, 1718, 1763]
[1672, 1717, 1719, 1764]
[1673, 1718, 1720, 1765]
[1674, 1719, 1721, 1766]
[1675, 1720, 1722, 1767]
[1676, 1721, 1723, 1768]
[1677, 1722, 1724, 1769]
[1678, 1723, 1725, 1770]
[1679, 1724, 1726, 1771]
[1680, 1725, 1727, 1772]
[1681, 1726, 1728, 1773]
[1682, 1727, 1729, 1774]
[1683, 1728, 1730, 1775]
[1684, 1729, 1731, 1776]
[1685, 1730, 1732, 1777]
[1686, 1731, 1733, 1778]
[1687, 1732, 1734, 1779]
[1688, 1733, 1735, 1780]
[1689, 1734, 1736, 1781]
[1690, 1735, 1737, 1782]
[1691, 1736, 1738, 1783]
[1692, 1737, 1739, 1784]
[1693, 1738, 1740, 1785]
[1694, 1739, 1741, 1786]
[1695, 1740, 1742, 1787]
[1696, 1741, 1743, 1788]
[1697, 1742, 1744, 1789]
[1698, 1743, 1745, 1790]
[1699, 1744, 1746, 1791]
[1700, 1745, 1747, 1792]
[1701, 1702, 1746, 1793]
[1702, 1749, 1793, 1794]
[1703, 1748, 1750, 1795]
[1704, 1749, 1751, 1796]
[1705, 1750, 1752, 1797]
[1706, 1751, 1753, 1798]
[1707, 1752, 1754, 1799]
[1708, 1753, 1755, 1800]
[1709, 1754, 1756, 1801]
[1710, 1755, 1757, 1802]
[1711, 1756, 1758, 1803]
[1712, 1757, 1759, 1804]
[1713, 1758, 1760, 1805]
[1714, 1759, 1761, 1806]
[1715, 1760, 1762, 1807]
[1716, 1761, 1763, 1808]
[1717, 1762, 1764, 1809]
[1718, 1763, 1765, 1810]
[1719, 1764, 1766, 1811]
[1720, 1765, 1767, 1812]
[1721, 1766, 1768, 1813]
[1722, 1767, 1769, 1814]
[1723, 1768, 1770, 1815]
[1724, 1769, 1771, 1816]
[1725, 1770, 1772, 1817]
[1726, 1771, 1773, 1818]
[1727, 1772, 1774, 1819]
[1728, 1773, 1775, 1820]
[1729, 1774, 1776, 1821]
[1730, 1775, 1777, 1822]
[1731, 1776, 1778, 1823]
[1732, 1777, 1779, 1824]
[1733, 1778, 1780, 1825]
[1734, 1779, 1781, 1826]
[1735, 1780, 1782, 1827]
[1736, 1781, 1783, 1828]
[1737, 1782, 1784, 1829]
[1738, 1783, 1785, 1830]
[1739, 1784, 1786, 1831]
[1740, 1785, 1787, 1832]
[1741, 1786, 1788, 1833]
[1742, 1787, 1789, 1834]
[1743, 1788, 1790, 1835]
[1744, 1789, 1791, 1836]
[1745, 1790, 1792, 1837]
[1746, 1791, 1793, 1838]
[1747, 1748, 1792, 1839]
[1748, 1795, 1839, 1840]
[1749, 1794, 1796, 1841]
[1750, 1795, 1797, 1842]
[1751, 1796, 1798, 1843]
[1752, 1797, 1799, 1844]
[1753, 1798, 1800, 1845]
[1754, 1799, 1801, 1846]
[1755, 1800, 1802, 1847]
[1756, 1801, 1803, 1848]
[1757, 1802, 1804, 1849]
[1758, 1803, 1805, 1850]
[1759, 1804, 1806, 1851]
[1760, 1805, 1807, 1852]
[1761, 1806, 1808, 1853]
[1762, 1807, 1809, 1854]
[1763, 1808, 1810, 1855]
[1764, 1809, 1811, 1856]
[1765, 1810, 1812, 1857]
[1766, 1811, 1813, 1858]
[1767, 1812, 1814, 1859]
[1768, 1813, 1815, 1860]
[1769, 1814, 1816, 1861]
[1770, 1815, 1817, 1862]
[1771, 1816, 1818, 1863]
[1772, 1817, 1819, 1864]
[1773, 1818, 1820, 1865]
[1774, 1819, 1821, 1866]
[1775, 1820, 1822, 1867]
[1776, 1821, 1823, 1868]
[1777, 1822, 1824, 1869]
[1778, 1823, 1825, 1870]
[1779, 1824, 1826, 1871]
[1780, 1825, 1827, 1872]
[1781, 1826, 1828, 1873]
[1782, 1827, 1829, 1874]
[1783, 1828, 1830, 1875]
[1784, 1829, 1831, 1876]
[1785, 1830, 1832, 1877]
[1786, 1831, 1833, 1878]
[1787, 1832, 1834, 1879]
[1788, 1833, 1835, 1880]
[1789, 1834, 1836, 1881]
[1790, 1835, 1837, 1882]
[1791, 1836, 1838, 1883]
[1792, 1837, 1839, 1884]
[1793, 1794, 1838, 1885]
[1794, 1841, 1885, 1886]
[1795, 1840, 1842, 1887]
[1796, 1841, 1843, 1888]
[1797, 1842, 1844, 1889]
[1798, 1843, 1845, 1890]
[1799, 1844, 1846, 1891]
[1800, 1845, 1847, 1892]
[1801, 1846, 1848, 1893]
[1802, 1847, 1849, 1894]
[1803, 1848, 1850, 1895]
[1804, 1849, 1851, 1896]
[1805, 1850, 1852, 1897]
[1806, 1851, 1853, 1898]
[1807, 1852, 1854, 1899]
[1808, 1853, 1855, 1900]
[1809, 1854, 1856, 1901]
[1810, 1855, 1857, 1902]
[1811, 1856, 1858, 1903]
[1812, 1857, 1859, 1904]
[1813, 1858, 1860, 1905]
[1814, 1859, 1861, 1906]
[1815, 1860, 1862, 1907]
[1816, 1861, 1863, 1908]
[1817, 1862, 1864, 1909]
[1818, 1863, 1865, 1910]
[1819, 1864, 1866, 1911]
[1820, 1865, 1867, 1912]
[1821, 1866, 1868, 1913]
[1822, 1867, 1869, 1914]
[1823, 1868, 1870, 1915]
[1824, 1869, 1871, 1916]
[1825, 1870, 1872, 1917]
[1826, 1871, 1873, 1918]
[1827, 1872, 1874, 1919]
[1828, 1873, 1875, 1920]
[1829, 1874, 1876, 1921]
[1830, 1875, 1877, 1922]
[1831, 1876, 1878, 1923]
[1832, 1877, 1879, 1924]
[1833, 1878, 1880, 1925]
[1834, 1879, 1881, 1926]
[1835, 1880, 1882, 1927]
[1836, 1881, 1883, 1928]
[1837, 1882, 1884, 1929]
[1838, 1883, 1885, 1930]
[1839, 1840, 1884, 1931]
[1840, 1887, 1931, 1932]
[1841, 1886, 1888, 1933]
[1842, 1887, 1889, 1934]
[1843, 1888, 1890, 1935]
[1844, 1889, 1891, 1936]
[1845, 1890, 1892, 1937]
[1846, 1891, 1893, 1938]
[1847, 1892, 1894, 1939]
[1848, 1893, 1895, 1940]
[1849, 1894, 1896, 1941]
[1850, 1895, 1897, 1942]
[1851, 1896, 1898, 1943]
[1852, 1897, 1899, 1944]
[1853, 1898, 1900, 1945]
[1854, 1899, 1901, 1946]
[1855, 1900, 1902, 1947]
[1856, 1901, 1903, 1948]
[1857, 1902, 1904, 1949]
[1858, 1903, 1905, 1950]
[1859, 1904, 1906, 1951]
[1860, 1905, 1907, 1952]
[1861, 1906, 1908, 1953]
[1862, 1907, 1909, 1954]
[1863, 1908, 1910, 1955]
[1864, 1909, 1911, 1956]
[1865, 1910, 1912, 1957]
[1866, 1911, 1913, 1958]
[1867, 1912, 1914, 1959]
[1868, 1913, 1915, 1960]
[1869, 1914, 1916, 1961]
[1870, 1915, 1917, 1962]
[1871, 1916, 1918, 1963]
[1872, 1917, 1919, 1964]
[1873, 1918, 1920, 1965]
[1874, 1919, 1921, 1966]
[1875, 1920, 1922, 1967]
[1876, 1921, 1923, 1968]
[1877, 1922, 1924, 1969]
[1878, 1923, 1925, 1970]
[1879, 1924, 1926, 1971]
[1880, 1925, 1927, 1972]
[1881, 1926, 1928, 1973]
[1882, 1927, 1929, 1974]
[1883, 1928, 1930, 1975]
[1884, 1929, 1931, 1976]
[1885, 1886, 1930, 1977]
[1886, 1933, 1977, 1978]
[1887, 1932, 1934, 1979]
[1888, 1933, 1935, 1980]
[1889, 1934, 1936, 1981]
[1890, 1935, 1937, 1982]
[1891, 1936, 1938, 1983]
[1892, 1937, 1939, 1984]
[1893, 1938, 1940, 1985]
[1894, 1939, 1941, 1986]
[1895, 1940, 1942, 1987]
[1896, 1941, 1943, 1988]
[1897, 1942, 1944, 1989]
[1898, 1943, 1945, 1990]
[1899, 1944, 1946, 1991]
[1900, 1945, 1947, 1992]
[1901, 1946, 1948, 1993]
[1902, 1947, 1949, 1994]
[1903, 1948, 1950, 1995]
[1904, 1949, 1951, 1996]
[1905, 1950, 1952, 1997]
[1906, 1951, 1953, 1998]
[1907, 1952, 1954, 1999]
[1908, 1953, 1955, 2000]
[1909, 1954, 1956, 2001]
[1910, 1955, 1957, 2002]
[1911, 1956, 1958, 2003]
[1912, 1957, 1959, 2004]
[1913, 1958, 1960, 2005]
[1914, 1959, 1961, 2006]
[1915, 1960, 1962, 2007]
[1916, 1961, 1963, 2008]
[1917, 1962, 1964, 2009]
[1918, 1963, 1965, 2010]
[1919, 1964, 1966, 2011]
[1920, 1965, 1967, 2012]
[1921, 1966, 1968, 2013]
[1922, 1967, 1969, 2014]
[1923, 1968, 1970, 2015]
[1924, 1969, 1971, 2016]
[1925, 1970, 1972, 2017]
[1926, 1971, 1973, 2018]
[1927, 1972, 1974, 2019]
[1928, 1973, 1975, 2020]
[1929, 1974, 1976, 2021]
[1930, 1975, 1977, 2022]
[1931, 1932, 1976, 2023]
[1932, 1979, 2023, 2024]
[1933, 1978, 1980, 2025]
[1934, 1979, 1981, 2026]
[1935, 1980, 1982, 2027]
[1936, 1981, 1983, 2028]
[1937, 1982, 1984, 2029]
[1938, 1983, 1985, 2030]
[1939, 1984, 1986, 2031]
[1940, 1985, 1987, 2032]
[1941, 1986, 1988, 2033]
[1942, 1987, 1989, 2034]
[1943, 1988, 1990, 2035]
[1944, 1989, 1991, 2036]
[1945, 1990, 1992, 2037]
[1946, 1991, 1993, 2038]
[1947, 1992, 1994, 2039]
[1948, 1993, 1995, 2040]
[1949, 1994, 1996, 2041]
[1950, 1995, 1997, 2042]
[1951, 1996, 1998, 2043]
[1952, 1997, 1999, 2044]
[1953, 1998, 2000, 2045]
[1954, 1999, 2001, 2046]
[1955, 2000, 2002, 2047]
[1956, 2001, 2003, 2048]
[1957, 2002, 2004, 2049]
[1958, 2003, 2005, 2050]
[1959, 2004, 2006, 2051]
[1960, 2005, 2007, 2052]
[1961, 2006, 2008, 2053]
[1962, 2007, 2009, 2054]
[1963, 2008, 2010, 2055]
[1964, 2009, 2011, 2056]
[1965, 2010, 2012, 2057]
[1966, 2011, 2013, 2058]
[1967, 2012, 2014, 2059]
[1968, 2013, 2015, 2060]
[1969, 2014, 2016, 2061]
[1970, 2015, 2017, 2062]
[1971, 2016, 2018, 2063]
[1972, 2017, 2019, 2064]
[1973, 2018, 2020, 2065]
[1974, 2019, 2021, 2066]
[1975, 2020, 2022, 2067]
[1976, 2021, 2023, 2068]
[1977, 1978, 2022, 2069]
[1978, 2025, 2069, 2070]
[1979, 2024, 2026, 2071]
[1980, 2025, 2027, 2072]
[1981, 2026, 2028, 2073]
[1982, 2027, 2029, 2074]
[1983, 2028, 2030, 2075]
[1984, 2029, 2031, 2076]
[1985, 2030, 2032, 2077]
[1986, 2031, 2033, 2078]
[1987, 2032, 2034, 2079]
[1988, 2033, 2035, 2080]
[1989, 2034, 2036, 2081]
[1990, 2035, 2037, 2082]
[1991, 2036, 2038, 2083]
[1992, 2037, 2039, 2084]
[1993, 2038, 2040, 2085]
[1994, 2039, 2041, 2086]
[1995, 2040, 2042, 2087]
[1996, 2041, 2043, 2088]
[1997, 2042, 2044, 2089]
[1998, 2043, 2045, 2090]
[1999, 2044, 2046, 2091]
[2000, 2045, 2047, 2092]
[2001, 2046, 2048, 2093]
[2002, 2047, 2049, 2094]
[2003, 2048, 2050, 2095]
[2004, 2049, 2051, 2096]
[2005, 2050, 2052, 2097]
[2006, 2051, 2053, 2098]
[2007, 2052, 2054, 2099]
[2008, 2053, 2055, 2100]
[2009, 2054, 2056, 2101]
[2010, 2055, 2057, 2102]
[2011, 2056, 2058, 2103]
[2012, 2057, 2059, 2104]
[2013, 2058, 2060, 2105]
[2014, 2059, 2061, 2106]
[2015, 2060, 2062, 2107]
[2016, 2061, 2063, 2108]
[2017, 2062, 2064, 2109]
[2018, 2063, 2065, 2110]
[2019, 2064, 2066, 2111]
[2020, 2065, 2067, 2112]
[2021, 2066, 2068, 2113]
[2022, 2067, 2069, 2114]
[2023, 2024, 2068, 2115]
[0, 2024, 2071, 2115]
[1, 2025, 2070, 2072]
[2, 2026, 2071, 2073]
[3, 2027, 2072, 2074]
[4, 2028, 2073, 2075]
[5, 2029, 2074, 2076]
[6, 2030, 2075, 2077]
[7, 2031, 2076, 2078]
[8, 2032, 2077, 2079]
[9, 2033, 2078, 2080]
[10, 2034, 2079, 2081]
[11, 2035, 2080, 2082]
[12, 2036, 2081, 2083]
[13, 2037, 2082, 2084]
[14, 2038, 2083, 2085]
[15, 2039, 2084, 2086]
[16, 2040, 2085, 2087]
[17, 2041, 2086, 2088]
[18, 2042, 2087, 2089]
[19, 2043, 2088, 2090]
[20, 2044, 2089, 2091]
[21, 2045, 2090, 2092]
[22, 2046, 2091, 2093]
[23, 2047, 2092, 2094]
[24, 2048, 2093, 2095]
[25, 2049, 2094, 2096]
[26, 2050, 2095, 2097]
[27, 2051, 2096, 2098]
[28, 2052, 2097, 2099]
[29, 2053, 2098, 2100]
[30, 2054, 2099, 2101]
[31, 2055, 2100, 2102]
[32, 2056, 2101, 2103]
[33, 2057, 2102, 2104]
[34, 2058, 2103, 2105]
[35, 2059, 2104, 2106]
[36, 2060, 2105, 2107]
[37, 2061, 2106, 2108]
[38, 2062, 2107, 2109]
[39, 2063, 2108, 2110]
[40, 2064, 2109, 2111]
[41, 2065, 2110, 2112]
[42, 2066, 2111, 2113]
[43, 2067, 2112, 2114]
[44, 2068, 2113, 2115]
[45, 2069, 2070, 2114]
