0.6651387123277313
0.6651234368769436
0.6651435778138324
0.6651386387642877
0.6651275038921101
0.6651469895364066
0.6651546912642445
0.6651548854030126
0.6651424571285866
0.6651316801924548
0.6651247340567563
0.6651372108610096
0.6651468874268167
0.6651297191596931
0.665148736441481
0.6651220932300714
0.6651249661929987
0.6651410085776278
0.6651354951142667
0.6651311629661685
0.665139153481799
0.6651395565532938
0.6651389329455824
0.6651354848786621
0.6651488154788134
0.6651159946830882
0.665123268503186
0.6651463517605702
0.665144489933092
0.6651374813645632
0.6651384181038782
0.6651331594836785
0.6651391860665385
0.6651294667816514
0.6651363671572927
0.6651491987122192
0.6651376357388378
0.6651466559837769
0.6651215581879042
0.6651450162968289
0.6651392079337628
0.6651376581711551
0.6651416158977561
0.6651417380914139
0.6651297071287638
0.6651424770613057
0.6651421352846936
0.6651445085549184
0.6651386384594136
0.6651470606447474
0.6651282346498538
0.6651340933144552
0.6651357361284493
0.6651283980067325
0.665136018695237
0.6651314404964914
0.6651459333343588
0.6651338649812732
0.6651253686519388
0.6651189601120473
0.6651408577364433
0.6651284379176766
0.6651344831020609
0.6651349632314102
0.6651300768654727
0.6651353427668601
0.6651410320018369
0.6651356303184672
0.6651440619179834
0.6651334174641454
0.6651425720601156
0.6651485034468498
0.6651232921397369
0.6651318298210163
0.6651385539877996
0.6651296817692655
0.6651480082087282
0.6651321381258102
0.6651292957425076
0.6651422161548884
0.6651174211683605
0.6651391044464827
0.6651203527822329
0.6651495068540854
0.6651566111531231
0.6651316618159198
0.6651469659417586
0.6651464805779107
0.6651285141065255
0.6651340096394719
0.6651558572667107
0.6651461845141132
0.6651251067378218
0.66513775620788
0.6651343943957345
0.6651422492976043
0.6651526384850212
0.6651445259323233
0.6651283914822771
0.6651439065358002
0.6651311975841002
0.6651396344405054
0.6651328743238625
0.6651348891514791
0.665142996540122
0.6651386815927494
0.66514084875541
0.6651305911451793
0.6651166183131498
0.6651499619409665
0.6651346130165847
0.6651404009092523
0.6651341178589607
0.6651451799361963
0.6651472757577479
0.6651317780987763
0.6651340740380632
0.6651580359362476
0.6651206819910891
0.6651321803385153
0.6651366301546184
0.6651286384034877
0.6651277122906369
0.6651270661205119
0.6651340251574722
0.6651402556999241
0.6651376873052515
0.6651313656490749
0.6651329238021934
0.6651308404733592
0.6651594204919637
0.6651367933101224
0.6651505897376404
0.6651397591471391
0.6651470053716855
0.6651412854985524
0.6651190684312221
0.6651286839277875
0.6651300591160909
0.6651420390038252
0.6651418517928901
0.6651334438670085
0.6651360918136551
0.6651461109186362
0.6651351095291071
0.6651495579930728
0.6651361408702571
0.6651312870171909
0.665135839762132
0.6651328859801406
0.6651600142670371
0.665132355184689
0.6651507352059217
0.6651406940196385
0.6651227503663752
0.6651416852614702
0.6651446996487678
0.6651288330683784
0.6651394494182555
0.6651298839846582
0.6651372070195926
0.6651428143407189
0.6651310234238055
0.6651379052968647
0.6651235199486883
0.6651443309120194
0.66513112073044
0.665142696982385
0.6651426720611182
0.6651336330958084
0.6651353399356983
0.6651336114070459
0.665121799696922
0.665140579652843
0.6651182263544154
0.6651395005098936
0.6651501753508031
0.6651351107065138
0.6651396304490014
0.665135012606465
0.6651332532247479
0.6651255278273399
0.6651395137868711
0.6651263367211047
0.6651340075878779
0.6651333712973431
0.6651287454861688
0.6651446661877267
0.6651365644094208
0.6651333181318666
0.6651326080769168
0.6651285904071458
0.6651415799043237
0.6651301299458653
0.6651365002005625
0.6651377904697402
0.6651379403512812
0.6651320130118148
0.6651161878032488
0.6651487889955519
0.6651446238111388
0.6651267565322412
0.6651252006108055
0.6651362069004049
0.6651383833382037
0.665123435506937
0.6651454992081958
0.6651360506823769
0.665128077633673
0.6651504160878539
0.6651302834276627
0.6651492359689921
0.6651296889572009
0.6651244977183174
0.6651286563671337
0.6651421387808898
0.6651381721809719
0.6651355590888917
0.6651330120022239
0.6651396331901226
0.665144346487784
0.6651350380496074
0.6651261086626018
0.6651405219860682
0.6651359531654627
0.6651325229089262
0.6651499858986775
0.6651367269509432
0.6651291800925359
0.665132710017758
0.6651399203274884
0.6651476572788597
0.6651351634937888
0.6651337669537835
0.6651419556146797
0.6651520986830117
0.6651274795259183
0.6651361636479534
0.6651343117422072
0.6651393685042913
0.6651337806750452
0.66512518956332
0.6651446338034053
0.6651513678737898
0.6651348795034163
0.6651182100436407
0.6651376773200872
0.665133846549496
0.6651373490683384
0.6651169843016497
0.6651422212132243
0.6651291026268059
0.6651389379514022
0.6651329738589541
0.6651523373653658
0.6651385874922598
0.665149723486936
0.6651457703738977
0.6651530318309203
0.6651346393600681
0.6651499840145153
0.6651432783351292
0.665134998823921
0.6651330444737766
0.6651406091588332
0.6651300832025894
0.6651391839710619
0.6651358237636118
0.6651281969933402
0.6651232389844546
0.6651356736938119
0.665144183182866
0.6651541798933933
0.6651340693909412
0.6651356298307998
0.6651581478193281
0.66514394335007
0.665126410008002
0.6651613645405806
0.665129515414413
0.6651391959562596
0.6651334318635782
0.6651488417020708
0.6651452088593827
0.665140916694087
0.6651398046152581
0.6651285709774495
0.6651500242520992
0.6651441537896867
0.665139634305674
0.6651420307231912
0.6651462311106182
0.6651498908430007
0.665130396776971
0.6651519879219303
0.6651415475279708
0.6651311125030226
0.6651465974150578
0.6651455989268235
0.66512062500114
0.6651345055330256
0.6651396943024616
0.6651351552789182
0.6651409684321166
0.6651414684064136
0.6651302135225599
0.6651483858815849
0.6651209625554615
0.6651411148420903
0.665131370675605
0.6651390382912141
0.6651244536974527
0.6651498712837525
0.6651401443815017
0.6651432669156176
0.665134322406153
0.6651400420786859
0.6651447854377757
0.665133098803075
0.6651414490271963
0.6651388516578682
0.6651219776113129
0.6651310437158436
0.6651268863426305
0.6651365114626138
0.6651303174200891
0.665129656571904
0.6651416511336434
0.6651157783826115
0.6651319335365393
0.6651210294912868
0.6651418524061188
0.6651347865488967
0.6651455400880735
0.6651460436444381
0.6651460054963286
0.6651368568325627
0.6651282412374889
0.6651358739355843
0.6651430958135616
0.6651362538064978
0.6651296816031684
0.6651389138232775
0.6651437894804914
0.6651512270760782
0.6651362617773542
0.6651267700267995
0.6651298869810804
0.6651438240401186
0.6651440775215931
0.6651463257005913
0.6651322082178708
0.6651331134519988
0.6651187995867943
0.6651358491573193
0.6651434887314764
0.665141602979766
0.6651311053544013
0.665137699183184
0.665140642689757
0.6651420475292383
0.6651418825910741
0.6651405103300494
0.6651394293271968
0.6651428768792744
0.6651343035463617
0.6651431207608506
0.6651389183545292
0.665139952214882
0.6651278030631738
0.6651419465405438
0.6651462614342103
0.6651589286794687
0.6651354566325042
0.6651392102493886
0.6651408190825365
0.6651259689098377
0.6651418770091096
0.665146158557146
0.6651492156535949
0.6651294574927652
0.6651500791177487
0.665127598059513
0.6651327714893984
0.6651443431972337
0.6651376288788107
0.6651362979104244
0.6651295476424252
0.6651456582418735
0.665135550858516
0.6651082200475629
0.6651311918209418
0.6651325372689277
0.6651244466891796
0.6651417725775677
0.6651279312685829
0.6651450254275824
0.6651430682815144
0.6651513849646171
0.6651423521501383
0.6651321794145694
0.6651503836378757
0.6651224853606243
0.6651334946045957
0.665146633885592
0.6651314012443916
0.6651326660774528
0.6651467800202742
0.6651358467425827
0.6651495843096094
0.665148298867088
0.6651315723682447
0.6651425047270461
0.6651440685735122
0.6651452792519374
0.6651369722827147
0.6651486543891367
0.665144156669323
0.6651227761416106
0.6651223435352279
0.6651187412284514
0.6651344866437581
0.6651217384615873
0.6651399497900765
0.6651419610807243
0.6651431158802135
0.6651480018560865
0.6651323631325138
0.6651314742805212
0.6651186742033901
0.6651394813847009
0.66513986342561
0.6651490368780016
0.6651396002713708
0.6651427248210137
0.6651273224768368
0.6651343714202123
0.665133394068238
0.665123255883012
0.6651390340370619
0.6651318889681261
0.6651468169018409
0.6651446592297781
0.665149752021801
0.6651463930449972
0.6651482908651108
0.6651418730076235
0.6651475949860057
0.665131929244204
0.6651481504754596
0.6651294662579519
0.6651194797650322
0.6651383628383111
0.6651450447143312
0.6651357297732055
0.6651335281055144
0.6651363440408917
0.6651291650570115
0.6651439551557146
0.6651456694672886
0.6651282585688263
0.6651339011162285
0.6651464968560353
0.6651488522808306
0.6651436410570407
0.665127317681055
0.6651313758194407
0.6651439157049605
0.665135794371688
0.6651327846679829
0.6651344250900306
0.6651376405412068
0.6651415458151289
0.6651452995378708
0.6651708106353811
0.6651420269391947
0.6651473689883991
0.665138719413959
0.6651324558488043
0.6651447827735377
0.665135973558346
0.6651205360618979
0.665141575333878
0.6651313391692258
0.6651341272513155
0.6651519370743644
0.6651482593714779
0.6651266692725716
0.6651266638792982
0.665133596083014
0.6651205048924759
0.6651212156726495
0.6651316419388178
0.6651305725547215
0.6651443666695533
0.6651222244068027
0.6651175553205431
0.6651385441114326
0.6651258728492392
0.6651383933200825
0.6651377430443017
0.6651438093523281
0.66512338956323
0.6651209128906393
0.665129302001289
0.6651467894012861
0.6651164643868522
0.6651360753337059
0.665144935326902
0.665134202744116
0.6651313147911204
0.6651454791973564
0.6651365373126386
0.6651292016393099
0.6651462178275713
0.6651286638216025
0.6651267093735931
0.6651446320205205
0.665150345416943
0.6651435276740997
0.6651440073451256
0.665145340580551
0.6651316364832811
0.665131130949914
0.6651302949822124
0.6651539519446165
0.6651275668117216
0.6651366209608782
0.665116276057277
0.6651531565455884
0.6651247448942157
0.6651246410417806
0.6651286539533023
0.6651340670673026
0.6651378862218172
0.6651497297834892
0.665128154484472
0.6651421055318514
0.6651518672291933
0.6651485022290905
0.6651346004747811
0.6651489014272225
0.66512552513939
0.6651374609362247
0.6651475324227485
0.6651286628993014
0.665148204256221
0.6651321541928977
0.6651497275380357
0.6651462891951482
0.6651416634204621
0.6651185913490067
0.6651361030445488
0.6651196539008144
0.6651368857062819
0.665123349658671
0.6651486240060732
0.6651343519039834
0.6651274817882016
0.6651350433889321
0.6651338694348512
0.6651345308019616
0.665131154723329
0.6651327828890958
0.6651257376372507
0.6651260679560156
0.6651323747025562
0.6651414125441644
0.6651527869113674
0.6651341446982673
0.6651412404375558
0.6651330022895201
0.6651219666702799
0.6651416647885089
0.6651450020988086
0.66513145750305
0.6651336916954534
0.6651273412836126
0.665124070260765
0.6651316971269448
0.6651567533627529
0.6651344660095091
0.6651344963974029
0.6651255643040321
0.6651360509460706
0.665128297163346
0.6651332301109022
0.6651505047180432
0.6651211464287872
0.6651433244864342
0.6651191052544743
0.6651372201092831
0.6651324503107974
0.6651487202244506
0.6651447025377931
0.6651237188003065
0.6651365534801419
0.6651453571975278
0.6651238827674045
0.6651456286251111
0.6651417845891587
0.6651442111458468
0.6651378824372745
0.6651404975386006
0.6651324803090111
0.6651327031572468
0.6651402025384174
0.665134368723455
0.6651466802581756
0.6651491650150896
0.6651595532740677
0.6651326159141177
0.6651537424912244
0.6651535570462824
0.6651405772551544
0.6651373644851788
0.6651358904547062
0.6651149491309529
0.6651327396314717
0.665122518710797
0.6651476516695254
0.6651362026061062
0.6651419867278887
0.6651211773643364
0.6651354935913776
0.6651353713228852
0.6651366299055418
0.6651482729115253
0.6651312181856981
0.6651460260658126
0.6651375825148156
0.6651257497925456
0.6651357089828893
0.66512477944747
0.6651412764644622
0.6651195493934108
0.6651395426104676
0.6651362452240044
0.6651309105213283
0.6651372711144421
0.6651414678827979
0.6651441114860925
0.6651559747993994
0.6651352472369898
0.6651317710117725
0.6651306724639905
0.665129711065279
0.6651343316225201
0.6651462637529928
0.6651415270151608
0.6651227049454611
0.6651307696790948
0.6651306627176814
0.6651216641982127
0.665136714113605
0.6651206809775995
0.6651183941789189
0.6651283377426167
0.6651245898905682
0.6651521369987008
0.6651393665477885
0.665137525300542
0.6651461214820577
0.665122035139903
0.665119027236683
0.6651272732494042
0.6651501350006963
0.6651406794948532
0.6651497491706186
0.6651333554644134
0.6651380664957021
0.6651252720928684
0.6651342628080059
0.665129538030256
0.6651347995012105
0.6651429923347874
0.6651284069456433
0.6651488132825508
0.6651345072714427
0.6651308179354645
0.6651323568281333
0.6651327497275056
0.6651418600092118
0.6651320495344688
0.665143504593416
0.6651336459451251
0.6651520612318813
0.6651414691262505
0.6651323853477561
0.6651245316914057
0.6651406070448184
0.6651382904782565
0.6651472029351093
0.6651275879111209
0.6651402409208402
0.6651352396040751
0.6651423691193873
0.6651596763143368
0.6651241087707971
0.6651426765324433
0.665135216986205
0.665145860131853
0.6651286876605043
0.6651308824178348
0.6651293717450594
0.6651353761236262
0.6651417026496933
0.6651524874625798
0.6651203988713048
0.6651206678885324
0.6651384050840192
0.6651163936420946
0.6651455504747068
0.6651353741384363
0.6651424847455897
0.6651341103236778
0.6651258831835121
0.6651308864397398
0.6651327951654122
0.6651231796672832
0.6651372531314195
0.6651395780461845
0.6651362365465388
0.6651404224055635
0.6651387311934123
0.6651331927120674
0.6651348173162203
0.6651462381432935
0.6651369193046894
0.6651267613312594
0.665134587231911
0.6651502464298471
0.6651398821260085
0.665143171082246
0.6651382899086804
0.6651438302801671
0.6651477733494829
0.6651495246459876
0.6651384071057678
0.6651533874287678
0.665128298303779
0.6651423135679393
0.6651290159445855
0.6651379683910771
0.6651483998751677
0.6651290863932946
0.6651566272048163
0.6651413509644126
0.6651415398313913
0.6651363414208717
0.6651375716938053
0.6651330919072059
0.6651456471152075
0.6651337338952926
0.665140502211737
0.6651364286354216
0.6651523453918877
0.6651388626382132
0.6651478980922045
0.6651348275138833
0.6651352052702577
0.665137476709846
0.6651305695608869
0.6651419585450767
0.6651313839203248
0.6651329568352085
0.6651451975299518
0.6651335906501503
0.665125559926026
0.6651411797228068
0.6651303983734056
0.6651523736100337
0.66514009790584
0.6651556668365165
0.6651409923258106
0.6651215716614376
0.6651355487962408
0.665127921131377
0.6651376658571243
0.6651301104273928
0.6651433564134644
0.665142504303095
0.6651376179844191
0.665143122170647
0.6651459093425206
0.6651321622846443
0.6651340958346721
0.6651322991322306
0.6651232860744926
0.665136329686183
0.6651378348278216
0.6651514029602523
0.6651444771180846
0.6651395771289768
0.6651305416115901
0.665130034907084
0.6651419722007746
0.6651329885003636
0.665131290218497
0.6651345587838589
0.6651407538320923
0.665115427980532
0.6651255357295737
0.6651349274919197
0.6651368375264439
0.6651521811187815
0.6651430597521385
0.665128078625079
0.6651217499293821
0.6651289799337186
0.665120835693122
0.6651431046592977
0.6651102413513738
0.6651339273587934
0.6651429592651399
0.6651295234567198
0.6651487139160999
0.6651400518190267
0.66513631649884
0.6651430336901154
0.665149928382667
0.6651378137517405
0.665140890077612
0.6651275870987566
0.6651373838244741
0.6651390975063411
0.6651206126338465
0.6651265198581582
0.6651273709511498
0.6651549996902886
0.6651331117069174
0.6651396318416484
0.6651418188297658
0.665137209836121
0.665137379034191
0.6651310304947982
0.6651330099982632
0.665138748730183
0.6651245439680591
0.665134313362435
0.6651226684562395
0.6651472464344648
0.665131743156893
0.665132089517888
0.6651453406222325
0.6651354733634268
0.6651320142067669
0.6651283736988641
0.6651474407861606
0.6651492035792013
0.6651446268573237
0.6651387681395693
0.6651292529239076
0.6651337606506094
0.6651420824896854
0.6651259381270627
0.6651276589491664
0.6651330572130512
0.66512973926573
0.6651446112556338
0.6651420112114553
0.6651341492959058
0.66514779129661
0.6651252785093718
0.6651323850290568
0.6651432000724785
0.665156165264583
0.6651463408928536
0.665131998439491
0.6651427294603033
0.6651292750348897
0.6651459769754119
0.6651428695166297
0.6651451481503318
0.6651254217218918
0.665142273504074
0.6651459486341217
0.6651260907444234
0.6651410130224384
0.6651320197207885
0.6651420932733508
0.6651483119856644
0.6651387036482841
0.6651257913006177
0.6651443871032117
0.6651422757066436
0.6651407881856617
0.6651340987872526
0.6651298113586829
0.6651400417880384
0.6651497745005096
0.6651272178947961
0.6651335668634388
0.6651309669559773
0.6651413919815624
0.665130161086374
0.665142827875219
0.6651360965761483
0.6651384140246022
0.6651458680792398
0.6651347829540714
0.6651516360584485
0.6651156744144645
0.6651334927593244
0.6651554925961332
0.6651590115880982
0.6651276089028615
0.6651413662213537
0.6651417336324396
0.6651265181508181
0.6651379487435631
0.6651387345398394
0.665132840794419
0.6651214489811358
0.6651293652881161
0.6651387701327809
0.6651322021694517
0.6651219476344933
0.6651341995774773
0.6651360877096177
0.6651371519948835
0.6651305297516513
0.6651490768069793
0.6651308174580103
0.6651459319571656
0.6651308219652602
0.6651365002037283
0.6651297956975513
0.6651300632022271
0.6651473809182175
0.6651303444454766
0.6651348388325108
0.6651235129516275
0.6651329761671378
0.665144282991163
0.6651448251058394
0.6651407718687241
0.6651244986123372
0.6651377218819422
0.6651374561661945
0.6651445478433684
0.6651343102230084
0.6651392354681223
0.665142577426528
0.6651231198137315
0.6651402682110203
0.6651431696656899
0.665134660750569
0.6651311477234927
0.6651289981019236
0.6651347773208549
0.6651315651625662
0.6651308861703549
0.6651331248404352
0.6651577466503865
0.665146438397447
0.6651185064950528
0.665152577007893
0.6651401181052816
0.6651363669902705
0.6651311557807543
0.6651623747810654
0.6651397091804023
0.6651521308019903
0.6651319864832662
0.6651437683990371
0.665148717009189
0.6651530915066034
0.6651427057063795
0.6651550511911128
0.6651332486751378
0.6651252515829047
0.6651213680166684
0.6651445921932606
0.66513537144093
0.6651381199895858
0.6651278032998338
0.6651366953520379
0.6651506221684306
0.6651237572252597
0.6651406081284106
0.6651371725313234
0.6651341656156022
0.6651330001317055
0.6651345750346167
0.6651283374092092
0.6651297305490336
0.6651328249608062
0.6651194944637143
0.6651469353083042
0.6651378425473699
0.6651415044120573
0.6651356307274989
0.6651413087669292
0.6651508256024381
0.6651408875175732
0.6651326632283697
0.6651497250272134
0.6651403464789778
0.665127824749541
0.66513698107382
0.6651332353820933
0.6651275961799422
0.6651366791126411
0.6651238477721264
0.6651462387295901
0.6651431745717833
0.6651345201090667
0.6651348317593848
0.6651253977759756
0.6651374692648344
0.6651357080131932
0.6651449026794728
0.6651281959317517
0.6651286862190514
0.6651471579230568
0.6651429730339518
0.6651372261146005
0.6651384009698007
0.6651428842764832
0.6651184297657529
0.6651389084059388
0.6651436212941575
0.6651405909614647
0.6651389771554344
0.665137106801237
0.6651268370977741
0.665130066045849
0.6651404994727709
0.665127609476421
0.6651317831174384
0.6651422830104936
0.6651416504554759
0.6651491379698901
0.6651490228704288
0.66513695834294
0.6651327261097439
0.6651267602527107
0.6651478079988817
0.665141157335623
0.6651362647708284
0.6651471768873868
0.6651358497675783
0.6651335270961592
0.6651405278227236
0.6651388910456085
0.6651454053411796
0.6651269834271556
0.665139317220477
0.6651329789305329
0.6651390966247643
0.6651159358928911
0.6651314745977828
0.6651533047084206
0.6651441424499891
0.6651303765628445
0.6651399046059459
0.6651393115173183
0.6651298600940732
0.6651350136638079
0.6651447402343313
0.6651412448252909
0.6651464115868377
0.665140089666907
0.6651328659033844
0.6651303726906946
0.665118130829712
0.665142093008376
0.6651295896907462
0.6651542050443889
0.6651368731948852
0.665123934356078
0.6651224776538569
0.6651372164953451
0.6651287448108565
0.6651293329324863
0.6651258465496417
0.6651409922204888
0.665141572704846
0.6651305109295403
0.6651323397182167
0.665128305891013
0.6651546409672667
0.6651294545991523
0.6651261452096592
0.6651304634327992
0.6651355379466029
0.6651385880734241
0.6651418494393712
0.6651374655260331
0.6651327246739188
0.6651404441725423
0.6651223715958424
0.6651436149641454
0.6651336945085956
0.665131484764472
0.665142031573587
0.6651314409294031
0.6651344714893642
0.6651202375290235
0.665131408137556
0.6651414182988868
0.6651496439859801
0.6651341748648285
0.6651499830473284
0.6651227542687552
0.665143873514319
0.665141455306728
0.6651382558398977
0.6651341462812852
0.6651252098897784
0.6651454590724747
0.6651352399659295
0.6651422106489848
0.6651240395978959
0.6651213971052401
0.6651518917226933
0.6651319178128903
0.6651143065418018
0.6651385635810345
0.6651145272291972
0.6651404677786961
0.665131782280011
0.6651402596710821
0.6651427005942644
0.6651380827361777
0.6651348993656951
0.6651272835342801
0.6651354229752227
0.6651511696022828
0.6651301989135814
0.6651378787498764
0.6651280958938395
0.6651474072090291
0.6651503094887232
0.6651541196476782
0.6651430210383735
0.6651448953356143
0.6651558673089174
0.6651373844972684
0.6651296088313365
0.6651388894733622
0.6651390511564488
0.6651263343365073
0.6651401289997823
0.6651282096040066
0.6651367411509851
0.6651379153735146
0.6651244287869229
0.665144480443856
0.6651401939217298
0.6651408927603547
0.6651616270299967
0.6651415506205896
0.6651158875683882
0.6651265666299231
0.6651478466699094
0.6651265183297469
0.6651326082429856
0.6651413989293293
0.6651234737287826
0.6651540445481994
0.6651393382813795
0.6651495662667644
0.6651476198684396
0.6651212404322391
0.6651325698830379
0.6651467421485886
0.6651483688835831
0.6651444620180328
0.6651451876222043
0.6651555897909642
0.6651266113108177
0.6651257353802931
0.6651311574874244
0.6651377492488805
0.6651467321811553
0.6651482247632294
0.6651481483811899
0.6651478305535841
0.6651487186731271
0.6651292946008305
0.6651399365238508
0.6651614327012987
0.6651419686172887
0.6651380311165809
0.6651458289175733
0.6651406717033397
0.6651233050784069
0.6651509265320654
0.6651405586614246
0.6651474124176145
0.6651399148898242
0.6651419800401134
0.6651344951417009
0.6651380136859895
0.6651319590664284
0.6651254869639848
0.66514256218619
0.6651409543481933
0.6651358095206106
0.6651412816216191
0.66514156223394
0.6651264903729454
0.665140857272277
0.66513429405409
0.6651351794700526
0.6651454805001493
0.6651381961826526
0.6651455339582404
0.665141759014195
0.6651382884803081
0.6651326482972165
0.6651274518615489
0.6651379027044482
0.6651286509187616
0.6651281528301909
0.6651263685006878
0.665141046121443
0.6651319730453195
0.6651348184907099
0.6651274684273383
0.6651545336621532
0.6651349970973965
0.6651352187865034
0.665113578188326
0.6651502408071582
0.6651470268982921
0.6651554868881674
0.6651287505903052
0.665153116340606
0.665145677620056
0.6651383446092697
0.6651151466677208
0.6651231999906243
0.6651346306605016
0.6651476138599025
0.6651311620194096
0.6651376852381286
0.6651277692586286
0.665111317634226
0.6651412006184674
0.6651215261638315
0.665134358892775
0.6651509195545118
0.6651426014300601
0.6651323713890906
0.6651313108777982
0.6651439647779086
0.665138873017614
0.6651218568209207
0.6651149824158334
0.6651348944126116
0.6651369853107031
0.6651411405862316
0.6651327701562799
0.665139812532378
0.6651409796736196
0.6651311265875759
0.6651375196607876
0.6651618545290203
0.6651501369617276
0.6651326140467181
0.6651575374087472
0.6651301097487043
0.6651283416384166
0.6651262563163959
0.6651371916598185
0.6651260083651998
0.6651265125848962
0.6651372233158247
0.6651332476118966
0.6651300810324958
0.6651386885133481
0.6651426040373711
0.6651256446558743
0.6651209677891781
0.665128085573464
0.6651377400616858
0.6651434329546879
0.6651441303028982
0.6651340242242485
0.6651541564422421
0.6651365192151322
0.6651231825480373
0.6651372411877455
0.6651474278613242
0.6651344972204579
0.6651330098597976
0.6651363138124298
0.665135124398645
0.6651258262631139
0.6651391005489522
0.6651422296423558
0.6651229797507464
0.6651341106901449
0.66513771748186
0.6651294433177809
0.6651281478744768
0.6651377197013826
0.6651287392961243
0.6651316146818194
0.6651500672297235
0.6651322450749396
0.6651317118080442
0.6651279964292435
0.6651466305293665
0.665137716511236
0.665141789840488
0.6651328520610054
0.6651226445640299
0.6651318881547152
0.6651321200774715
0.6651279053117127
0.6651363274695044
0.6651401183850639
0.6651487570942033
0.6651429540695385
0.6651433900817496
0.6651308406915322
0.6651339155001776
0.6651370797857823
0.6651225770597871
0.6651437817097305
0.6651451286415361
0.665147532143743
0.6651527311348118
0.6651322649328502
0.6651451688021606
0.6651380393369928
0.6651483062294804
0.6651352833005816
0.665129558962896
0.6651371398878014
0.6651258428782157
0.6651438184484009
0.6651422405033834
0.6651360748512165
0.6651436497782897
0.6651377113176411
0.6651458247179933
0.665139899188343
0.6651432658886249
0.6651455586199242
0.6651318852060482
0.6651422915502341
0.6651375681863716
0.6651391896324741
0.6651264724769148
0.665143422392342
0.6651595558774097
0.6651428426864432
0.6651280704959952
0.6651258607702843
0.665140295414923
0.6651237695367042
0.6651404420038807
0.6651326802310951
0.6651347366320383
0.6651536737343353
0.6651355334725837
0.6651341972596057
0.6651373729706774
0.665134019154777
0.665132704847002
0.6651232067197325
0.6651323249587623
0.6651312106480891
0.6651566838643073
0.6651337672223798
0.6651288829791044
0.6651326659373477
0.6651375615815148
0.6651227938337714
0.6651308627645156
0.6651296156960793
0.665129857308207
0.6651430708883338
0.6651546017917398
0.6651317133877508
0.6651391846944915
0.6651424681272043
0.665144198396972
0.6651474149039189
0.6651270453255622
0.6651323526336657
0.6651087388572885
0.665138845912927
0.6651232255102787
0.665142121492086
0.6651331118851054
0.6651231261534356
0.6651527554744096
0.6651379523707008
0.6651435594651913
0.6651374827028504
0.6651177718913871
0.6651228958198085
0.665139231264725
0.66513482767443
0.6651225714767109
0.6651346885393707
0.6651337393717871
0.665128948292091
0.6651499300084358
0.665151761081014
0.6651355877609655
0.6651267387595943
0.6651562409151026
0.6651174385876081
0.6651307328054195
0.6651279407050424
0.6651270896733195
0.665131512467112
0.6651239875700783
0.6651388564221994
0.6651199756762551
0.665144328837597
0.6651383946971423
0.6651242833364605
0.6651444527637332
0.6651411286342594
0.6651351862399169
0.6651471319028093
0.6651338968724259
0.6651439033930061
0.6651345009990068
0.6651386592056345
0.6651308385783669
0.6651350968204133
0.6651151251987573
0.6651438415945519
0.6651434087009328
0.6651417306106686
0.6651425404902789
0.6651397926155086
0.6651399583979727
0.6651287760734195
0.6651444265803788
0.6651412908090404
0.6651517295930056
0.6651261494316356
0.6651296860270678
0.6651330464870862
0.665131770867156
0.6651396329095272
0.6651420314467525
0.6651413854011081
0.6651233281671022
0.6651282493797848
0.6651314667380589
0.6651348814269323
0.6651294872364144
0.6651254314128648
0.6651451529643148
0.6651482247245738
0.6651255793073096
0.6651373255451802
0.6651269323268089
0.6651342323223088
0.6651350314163816
0.6651417273913438
0.6651434494280068
0.6651245835273493
0.6651238568006673
0.6651297496347751
0.6651220867932084
0.665138800758999
0.6651471339557629
0.6651480314379239
0.6651321405824167
0.6651498098578722
0.6651443705118096
0.6651380305067875
0.665130390309128
0.6651277295264248
0.6651497444946008
0.6651350554077118
0.665137105773181
0.6651448054721205
0.6651322947960361
0.6651523937207562
0.6651509000153117
0.6651509472856901
0.6651375689520278
0.6651578412493391
0.6651279672354456
0.6651340344947306
0.6651280640413433
0.6651350386160468
0.6651256134564483
0.6651274481344882
0.6651441899904368
0.6651439485398649
0.6651479564738157
0.6651226532140968
0.6651441443225239
0.6651414026188178
0.6651403760087911
0.6651447282019967
