0.6371908167871332
0.6371543292167547
0.6373670675552636
0.6373568899881719
0.6369078911401342
0.6371779963745409
0.6370008318477617
0.6373383529716956
0.6370509612621726
0.6369607350094157
0.6372734120302219
0.6371497613006363
0.6372754907801712
0.6370738489730567
0.6372569640620547
0.6371165392501975
0.6374395439390661
0.6368809373736939
0.6371179288427602
0.6375018963812259
0.6371851029978883
0.6372852185934206
0.636992316500686
0.637209546478448
0.637303942986804
0.6371674164832261
0.6368481461992236
0.6372817162781557
0.6370141419510332
0.6372778447055534
0.6375678855166367
0.6373935524132538
0.637414842774706
0.6371761207157995
0.637268646405091
0.6371112952459925
0.6374595577610729
0.637113507665291
0.6371556298024647
0.6369772251015847
0.6371285175568915
0.6371030423225287
0.6372256154060754
0.6374817812206208
0.6373849063719171
0.6375207213699546
0.6372456394885697
0.6372812318514928
0.6373358589570459
0.6373774371751217
0.6372958441331897
0.637420411705385
0.6374369903799871
0.6373918941544536
0.63720270528582
0.637281517189535
0.6372100988835905
0.637138541816104
0.6370012912608245
0.637086728203965
0.6373700569014747
0.6371175706555987
0.6372144487055696
0.6367097654207141
0.6372292486535858
0.6374452180678043
0.6371296062728912
0.6367491960447951
0.6371405140978555
0.637194485028606
0.6371930645443487
0.6369554851837466
0.6372922167082666
0.6374376389181817
0.6372148179397286
0.6373585231705652
0.6373992860076731
0.6375453637882252
0.637574025626871
0.6372796412820019
0.6372143560849153
0.6373740156205732
0.6370260741826022
0.6371921042836776
0.6370841674954759
0.6373406619817897
0.6369451440745394
0.6375911570718946
0.6370675180127673
0.6371027636137034
0.6369901729864444
0.637506625908533
0.6371156419621156
0.6372963505878052
0.6370480649228012
0.637156495755957
0.6374185297071826
0.637274863892695
0.6374627764935468
0.6373441602010934
0.637285766807994
0.6371800047910108
0.6372200153841945
0.636971598603354
0.637339273544929
0.6374540217221578
0.6373369255806808
0.6371682749866914
0.6371832877634718
0.6370299855441911
0.6372268732888504
0.6372044212223467
0.6373588013869274
0.6372849848250981
0.6372391614049906
0.637025062620487
0.6370769191288677
0.6372656833660314
0.6371229620077747
0.6374062129877895
0.6372546209438166
0.6373474770986894
0.6372263470653144
0.6372534515115822
0.6370032727980492
0.6373152635030526
0.637182168723047
0.6371513461234045
0.6371261474101083
0.6371611399759807
0.6372485226022853
0.6370669403973925
0.6374134686826483
0.6371725723128284
0.6372548131920406
0.6372356035190765
0.6373517071701171
0.6371762349049883
0.6370016667744153
0.637038246835112
0.6372260448034002
0.6370584096247014
0.6374194694854018
0.6371494804840627
0.6372777741144228
0.6373817099868573
0.6371303297115037
0.6372025750945866
0.6371036039421788
0.6370133611805493
0.6372307667983899
0.6372391477355343
0.6372680811857206
0.6372554620644877
0.6372840783638831
0.6372797719647609
0.6370309528361333
0.6373254892506932
0.6371777606356439
0.6373656950890867
0.6372526467391173
0.6372389751069805
0.6371239845162209
0.6370816633227037
0.6369233875271215
0.6369399491235574
0.637284151408157
0.6371593888260191
0.6373098253151124
0.636941812734162
0.6370905709858474
0.6370913853506649
0.6370501008499887
0.6372353492701314
0.6371480325613406
0.6371446819717207
0.6371359027842464
0.6373298838909072
0.6372909107915261
0.6372217962132222
0.6372834219624058
0.6373359856754955
0.6368637303076403
0.6373613169666582
0.6371500824488356
0.6372616911413342
0.6372359071512956
0.6372284335752567
0.6374895511101595
0.6372483799736008
0.6372658729406842
0.6373986514752705
0.637158570335935
0.6373412612037059
0.6370813156177654
0.6375581090116801
0.6371826828749396
0.6372829490707199
0.6375816892077191
0.6373149113081735
0.6371695336904474
0.6372225672193188
0.6371910772186026
0.6372954627441705
0.6372517043503902
0.6373643468400512
0.6371852918806937
0.6369178550994943
0.637223107134867
0.6369555471249779
0.6370899837205716
0.6370572540834744
0.6368489852831805
0.6373077765618442
0.6370945633983309
0.6372000396016057
0.6374905442840125
0.6374335972018073
0.6370895225300534
0.6371890661227513
0.6374033163718232
0.6373020397010442
0.6368539364701223
0.637423410660708
0.6373505465911387
0.6370200047837269
0.6370939727965421
0.6371429996024516
0.6374294497820315
0.6369835655326477
0.6370586535564771
0.6372974083238855
0.6372801393596189
0.6369502903266274
0.6372346609857664
0.6371669168158582
0.6372195117407689
0.6369208876433049
0.6372577221436071
0.6373404855084228
0.6371862612200266
0.6370581710617433
0.6370966990314921
0.6371679193768948
0.6371364725042242
0.6372218972822281
0.6373138145954936
0.6370560164528892
0.6372277093933975
0.637145725999175
0.6369898332271456
0.6372847041046196
0.6374414084955956
0.6371709553186036
0.6374884451869751
0.6370753824616564
0.6370402205991852
0.6371348510806076
0.6371264653628558
0.6373478841293576
0.6370413222138864
0.6372377500783998
0.6371487340698458
0.637282115618738
0.6369666785795967
0.6374506113915706
0.6371470571669703
0.6370500277952664
0.6376957817992341
0.6374717021902042
0.6373257577226809
0.6374114040330277
0.6370312013498309
0.6373291792330009
0.6371977679252556
0.6374406702750484
0.6371898936977121
0.637426244176455
0.6370120421219918
0.6372464620515299
0.6372418310386812
0.6371388112269
0.6372983230666858
0.6373699719143573
0.6369996411159158
0.637109118118635
0.6367361699733852
0.637363846236091
0.6371619899529901
0.6370680041909142
0.6375037335241454
0.6371404771221525
0.6374528983694139
0.6372799466377728
0.6371095482642696
0.6372360732403011
0.637547764394059
0.6370842482323504
0.6374213977383125
0.6368782863032096
0.6372030941636024
0.6372010648523674
0.6370945807727975
0.6376126091195449
0.6372639491167982
0.6372005371648489
0.6371705362693438
0.637160129739126
0.6371791706104328
0.6372221864678964
0.6373236859515721
0.6373058382414037
0.637024340767976
0.6373165800543441
0.6370093841964286
0.637256410451235
0.6372336290803056
0.6372243869019487
0.6373905461396119
0.6373448980945862
0.6370101715970268
0.6370274894173421
0.6372807998572507
0.637129390611904
0.6371097571192265
0.6375617724103575
0.6372081544196662
0.6370285987711093
0.6370173781644355
0.6373243802340198
0.6371804269627892
0.6369728046790062
0.6370317974883787
0.6372400514950909
0.637257216106998
0.637032558855817
0.6372454157340152
0.6373659985033433
0.6371524367260872
0.6372144107001128
0.6372652626155819
0.6375453889026168
0.6374796960742013
0.6369235938813773
0.6372689944444244
0.637383959406169
0.6371621029614796
0.6373490978510263
0.6374673149346544
0.6370537464481545
0.6371352227946874
0.6371648158814917
0.6373462829825205
0.6373023335404282
0.6370428306982979
0.6369647019414278
0.6372554378337447
0.6375619070908678
0.6371418736547911
0.6371882632030472
0.6370687780656956
0.6370373357206396
0.6370345127916706
0.637361296297916
0.6372388465016283
0.6371554341012213
0.6370697864430415
0.6370374752181381
0.63725812617632
0.637232476612561
0.6373313892681954
0.6373549064715781
0.6373166332648553
0.6369874182943673
0.6369214148421036
0.6371717757849145
0.6371919083141561
0.6374916180157227
0.637130992380446
0.6370181249898818
0.6374194117514252
0.6373614987848486
0.6374079084187679
0.6370611099827569
0.6370138610066076
0.6373032253686444
0.6372484668219098
0.637038104316513
0.6372004552731039
0.6372100737740677
0.6373641921209272
0.6372911586868558
0.636959154018164
0.6372906251729966
0.6372968101397355
0.6373416102312023
0.6373969526538048
0.6370411134408944
0.637050631023631
0.6374077174993182
0.6371012466059665
0.6371884224786082
0.6375150723726823
0.6368346604595101
0.6371412749769159
0.6372269315216148
0.6372197742357459
0.6374188799303361
0.6370556142682428
0.6369845262813199
0.6373387714799927
0.6371271956474378
0.6369114759458041
0.6373771692112471
0.6374523670340143
0.6374227016844285
0.637312022167304
0.6370315966793454
0.6374331584288351
0.6369921075743697
0.6369556859242146
0.6372481587600021
0.6370526007689107
0.6373423756567412
0.6372924391634018
0.6373091066148695
0.6371846156642393
0.6370019758464701
0.6372970442467231
0.6372409414796003
0.637270427475878
0.6373302950401476
0.6372746115003115
0.6371194678032508
0.6372928323678766
0.63746722507643
0.6372369625014516
0.6371479616757166
0.6373068286382836
0.6373040179508378
0.6373831119641189
0.6372606758184849
0.6372994442720687
0.6372058475052942
0.6371989379683688
0.6372695000431937
0.6373956161516238
0.6371591529573408
0.6370391289797467
0.6369566886874862
0.6371516590055376
0.6372773519462283
0.6370044231429381
0.637304426832449
0.6370659253940933
0.6373983949253529
0.6372616861349081
0.6371598786567734
0.6372181496297277
0.6375123828192119
0.6370590881584586
0.637416084599347
0.6372327710748348
0.6370857242432661
0.6371355186995562
0.6373771568682873
0.6370812602441069
0.6370782071615048
0.637093717139405
0.6372057031591543
0.6371695950269809
0.637239717544267
0.6371932292061624
0.6373822093875817
0.6371587066774024
0.6370248911375705
0.6369644028714311
0.6374082855076282
0.6370317991471265
0.6370946289526692
0.6373784379809468
0.6371307159528552
0.6377170963791585
0.6368897950824477
0.6370985966222489
0.6371125912151788
0.6370244875354324
0.6370542413517291
0.6371708368708714
0.6370596791580279
0.6371068178348069
0.6371736722412036
0.6371318182449579
0.6372252886756714
0.6372121921263297
0.637558793033834
0.6370840746827253
0.6370813099227776
0.6372670198235454
0.6372464062094138
0.6372052993899096
0.6375574324107257
0.6374063493953535
0.6374299755731314
0.6371892645507401
0.6371997315696525
0.6370077876882683
0.637253295053507
0.6373769167332357
0.6371655898825379
0.6373815598248982
0.6373955500225383
0.6372340919258671
0.6374890466354538
0.6369391947074741
0.637343702007708
0.6371338967290251
0.6373557053527024
0.6371318895302309
0.6370601209264152
0.6374094218690822
0.6369251865487199
0.6371594268779323
0.6372022183951135
0.6371346527499884
0.6371829728419681
0.6369693920088961
0.6371530817527247
0.6370372239173001
0.6371393731508264
0.6373399023075155
0.6374624199124154
0.6371942380442797
0.6372758541127752
0.6370730751320048
0.6373561035437977
0.6375344653588569
0.637302265638382
0.6374058144764774
0.6371355042475411
0.6374388664436195
0.6372375048889011
0.6369986504860506
0.6375045146714934
0.6372651951223984
0.6369953514152784
0.637223390236953
0.6371383043568642
0.6375036388504233
0.6373632914424561
0.6372746669576226
0.6374817735690588
0.6369263062643795
0.6372013528502484
0.6371811377371839
0.6373014847609006
0.6373758268606271
0.6373032219374868
0.6372821384612568
0.6372702032479943
0.6374880174114401
0.6373903694887116
0.6371705532606968
0.6368878672526075
0.6371665595546888
0.6372176022409969
0.637209589730195
0.637462471870781
0.6371346175537296
0.6372284168001583
0.6371072405074867
0.6373307758097623
0.6373850480925684
0.637506733293114
0.6373761484899317
0.637325228300385
0.6370816994290958
0.6372939756577576
0.6371094477273782
0.6370951957174189
0.6371904452576648
0.6367838248629059
0.6372280166151064
0.6370109166100482
0.6374909528119614
0.637155962803053
0.6374494643102602
0.637017757912026
0.6371467138165043
0.6371369366265669
0.6373861401191994
0.637143163440811
0.637166345860271
0.6370275524516814
0.6369902272824369
0.6372043597079124
0.637519826058666
0.637483775218094
0.6372354687639039
0.6371497761291078
0.6373593167444773
0.637320876407388
0.6373437023715993
0.6370452088792307
0.6372611220129968
0.6375994578379611
0.6372771269099777
0.6375026583640281
0.6372158038286874
0.6369217906886898
0.6374803262697799
0.6375007865197821
0.6371531013996596
0.6370667077541788
0.6370011942922303
0.6373531401026333
0.6370093899303516
0.6373189585560477
0.6374128524408331
0.6374215953511362
0.6373859865733567
0.6369634144210304
0.6374149253211132
0.6371669405296849
0.6372604973490741
0.637116742735772
0.6371560056294198
0.6371944898893986
0.6375391298232432
0.6373780257048481
0.6372545020926781
0.6372856486463255
0.6371563861542544
0.6372223165145051
0.6371712859625019
0.6368769436893903
0.6373562742885367
0.6371263202082116
0.6372984718269893
0.6372985471070194
0.6372111742520667
0.6371392194418795
0.6373770720699037
0.6371648318352405
0.6371945891819193
0.6373679591631687
0.6374380483289478
0.6374063381363606
0.637233859632776
0.6370672560156808
0.637331798804387
0.6370509780646736
0.6373536928568388
0.6372458293288108
0.6371739981258007
0.6371866159471203
0.6370932923855129
0.6369968479764914
0.6372229625084592
0.6369640481479647
0.6371480605187173
0.6374822743461502
0.63736275707689
0.6371124365463388
0.6373772786625724
0.6372824863646329
0.6372660285041898
0.6371608528495285
0.6371228348911688
0.6374678821906965
0.6371049297908815
0.6373174518647055
0.6374186197364755
0.6371750515323797
0.6372588317991937
0.6371883104211131
0.6371093943544678
0.6372911490841172
0.6370634746183981
0.637300667420408
0.6373840853193187
0.6374693792340089
0.6373182574769677
0.6374531809557114
0.6369269417159386
0.6372249697641849
0.6373495697493683
0.637459758454077
0.6370961998831521
0.6372753610370532
0.6371389037969815
0.6367282847453511
0.6371589279333328
0.6373721819540294
0.6371987401808323
0.6373143363890064
0.637114413097562
0.6369509450871
0.6372070525735373
0.6373348149494474
0.6372556845294892
0.6370806213342227
0.6371985077561697
0.6371294122010669
0.6372722155796613
0.6372716643839506
0.6371974630755778
0.6372464574144582
0.6372916743357976
0.6373598963569207
0.6371768381235668
0.6373713190562302
0.6372250022852286
0.6373044289125092
0.6374004314671093
0.6372578630634589
0.6375096307128254
0.6373058717241918
0.6372402818057018
0.6373034285178499
0.6371361827555976
0.6372187435836881
0.6375531210743064
0.6370190187025488
0.6372274547465145
0.6373431139289947
0.6372440283386561
0.6370006152198908
0.6372124581314407
0.637124974779988
0.6374437236533517
0.6372605091598162
0.6374429309903595
0.6368763540135032
0.6373312630902196
0.6370415766640819
0.6369361754202272
0.6370895428359029
0.6372530429605875
0.637269401322405
0.6371850948096044
0.6373256853275212
0.6371636934159348
0.6372767008491744
0.6373402469408833
0.6370224304234593
0.6371152077159541
0.6369709143810894
0.6372921775257612
0.6372877662815022
0.6371853419034916
0.6373197397528687
0.6374237734125773
0.6372038980631055
0.6369468138339787
0.6372910424308543
0.6374231264720139
0.637193238764838
0.6370816201521117
0.6369817986285984
0.6370662208244199
0.637039328992189
0.6374079976273003
0.6373198432068539
0.6372326948556051
0.6367321596592735
0.6373075387832102
0.6373285084637972
0.6368789101731968
0.637195299951332
0.6370497819959078
0.6373354249342695
0.637258853709963
0.6373957065007777
0.6374314569229736
0.637310117505359
0.6371110674786366
0.63712914434978
0.6370450892686075
0.6371625403197633
0.6371907105411225
0.6371479993968747
0.637157282635846
0.6375496423645042
0.6371555532409032
0.6370201616580384
0.6374754061310642
0.6373275392380657
0.6371667513973552
0.6372392629841908
0.6371167413283746
0.637528011329538
0.6372231681729535
0.6371592926905747
0.6368092940875307
0.6373355807366959
0.637100658356004
0.6372676455764549
0.6373089145432359
0.6369989198480694
0.6372756334557103
0.6372003084592575
0.6371461908172181
0.6372694812952894
0.6371444677583419
0.6370458563052158
0.6369852320089938
0.6370345739440058
0.6373494237839467
0.6370509061032705
0.6371576837193376
0.6370850337487554
0.637305263688754
0.6371448438211187
0.6374417826864565
0.6372529987618305
0.637147045286558
0.6372764004958675
0.6370243830249471
0.6372464338467414
0.6369132651251749
0.6373115213624807
0.6373221822988452
0.6372298662309275
0.637575914745403
0.637220563660233
0.6369583831527847
0.6374005282453912
0.637005765346357
0.637132265742306
0.6372558962784285
0.6375146862181663
0.6372875167091874
0.6375720438224614
0.6375041812964062
0.6371747504894927
0.6372371492488159
0.6373350349016139
0.6371650334981354
0.6370131657768026
0.6370629706525199
0.6371249733161206
0.6372581167846405
0.6374123181791745
0.6373179696825974
0.6373617654842734
0.6371014394343549
0.6374931131353523
0.6371210338775963
0.6371138642023835
0.6369657676492622
0.6372143525958105
0.6370292191843165
0.6372979756368868
0.637326533470389
0.6369233314027873
0.6371946991975646
0.6373997397214088
0.6373974023120967
0.6368838914823217
0.637088504803245
0.6374991669911096
0.6372312327285823
0.6372857686226565
0.6371542151692184
0.6373117397430426
0.6371509496565717
0.6373386375636221
0.6372514097284833
0.6371917100765871
0.6373167113355049
0.6375772066867598
0.6371773252728721
0.6369537885525309
0.6370852468538895
0.6371074433859925
0.6372965187940675
0.6374328545237983
0.6375215065629072
0.6373467847226483
0.6374454881329499
0.6372536670378239
0.6372153023843729
0.6373764724446651
0.6371447414775049
0.6372654570855912
0.6370804575975557
0.6372003580420578
0.6370106194249241
0.6373195311696747
0.6370828663213666
0.637006538466931
0.6373581320882926
0.6370780727960197
0.6371235518327816
0.6374950673385164
0.637218874511948
0.637114363849548
0.637249665539882
0.6371562089025141
0.6372178438439675
0.6372602553152794
0.6372545137676939
0.6370895826900208
0.6370131594079566
0.6371051185728398
0.6372887719641205
0.6371972678094481
0.6370379549633834
0.6371017949562912
0.6370488404952716
0.6373747766147878
0.6372709830246783
0.6370261290970552
0.637104293397263
0.6372747508386948
0.6373666853760782
0.6370123138840531
0.6372287356742892
0.6371836657719976
0.6369775429673817
0.6373747608107062
0.6371150240581317
0.6370576028489875
0.6371705499521685
0.6366891125854282
0.6369984494427806
0.637266707205857
0.6373152711335704
0.6374431936103377
0.6371773106401157
0.6372556107606264
0.6368855021847074
0.6373221284528623
0.6371348607678897
0.6372637870040888
0.6371533947362054
0.6373437620935203
0.6370438422010087
0.6373535259525207
0.6369603432144595
0.6371444639664718
0.6373400889859073
0.6371964658397179
0.6374593386162186
0.6372107391321113
0.6370943188418667
0.6372066683104007
0.6371063999105115
0.637199917648792
0.6373515394939157
0.6371315447407943
0.6374194214617317
0.6372199662156358
0.6372830790485137
0.6372180755393304
0.6375894687898798
0.6371958047788048
0.6370190702337745
0.6370320523357037
0.6373027866582657
0.6374552954044022
0.6373158790084479
0.6371805520573042
0.6370211367297538
0.6374799151503057
0.6370096843697902
0.6374591213038588
0.6372536120553134
0.6373343567218891
0.6371520579161474
0.6371780852232793
0.6368465991246337
0.6373365716436428
0.6372416484515193
0.6371877555616365
0.637301992122077
0.637245919383868
0.6372654667079086
0.6373637192095889
0.6375432813739026
0.6369892865165416
0.6372692841082762
0.6371289088533217
0.6370153933746258
0.6371360343297999
0.6370552293930074
0.6368571093670776
0.6372410728806346
0.6372241571435109
0.6373212233083594
0.6370727810712165
0.6371737111953244
0.6373755513204474
0.6373017902885626
0.6374036610793414
0.6373809913386255
0.6373462126192144
0.6370898047779983
0.637198850193863
0.6371699434074305
0.6373408419281854
0.636864391926911
0.6369943661562849
0.6372055478864262
0.637229239735382
0.637358715153354
0.6372211530986468
0.6372638841749154
0.6371497886721929
0.6372355816085052
0.6373921226270299
0.6372887086217793
0.6371316788059386
0.6368507385497736
0.63708936701692
0.6372151130009391
0.6370112477396068
0.6373259757966143
0.6374161228702657
0.6371921255446291
0.6373669224912244
0.6370024977810835
0.6370319127609632
0.6371830798388831
0.6373937717154086
0.6373809030097257
0.6372546423035925
0.6371400041132108
0.6369758396600688
0.6373841950907856
0.6373678120326836
0.6373422610155888
0.6370766624194413
0.6373330910758149
0.6370899432034497
0.6368899418490112
0.6373065932165576
0.6371121753044656
0.6371687849372618
0.6372153552673607
0.6373849186188343
0.6374744617611461
0.6372907514963806
0.6375589226199434
0.6373600849801995
0.6373571007371663
0.6371479329354313
0.636954844257117
0.637469522952733
0.6373321361027505
0.6373457754693095
0.6376328373491023
0.637295226959198
0.637064606064809
0.6372098016329534
0.6372132421966833
0.6372518859648435
0.637213026733215
0.6374602269354092
0.6374425716173897
0.6371172591402215
0.6372073323278362
0.6372924179796076
0.63686564332467
0.6371032689141618
0.6372657635122105
0.6371580465812017
0.6371049952177421
0.6369729694573031
0.6372579432948816
0.6372660559410375
0.6371955456632957
0.6374688646571494
0.63712105405643
0.6373118328186895
0.6373193513016476
0.6372928738710992
0.6371673447634029
0.6374515433945451
0.6370162655977987
0.637193115135107
0.6375874947302367
0.637117455607575
0.6373633576941248
0.6375430377343934
0.6373095580448065
0.6371542484842634
0.6371409263160439
0.6372246777592216
0.6372934070519458
0.6369882036517714
0.6371954833881512
0.63755742868207
0.6371793959760799
0.6372274978682876
0.6370108200824589
0.6374093898283331
0.6371088843315652
0.637338544287807
0.6371630629426039
0.637148381779957
0.6373132622063747
0.6373798234421838
0.6372166211109791
0.6371201051388139
0.6372862043480746
0.6372529834264018
0.6370651442759773
0.6371687583228874
0.6371138911687309
0.6373782376907489
0.637211239532797
0.6373574846267351
0.6371544066722808
0.6370739017802716
0.6373439180791509
0.6369168226528364
0.6372569551663377
0.6375236198979037
0.6372956965670615
0.6373313639811543
0.6371200094064182
0.6371270912407112
0.6372031709735768
0.6372900013867641
0.6369895072264198
0.6373115328764274
0.6372751461142429
0.6370753553723121
0.6372569982869273
0.6369475950579349
0.6369779537045128
0.6373574420013763
0.6372946776833136
0.6372918977383701
0.6369315035404464
0.6371630716496652
0.6376259713261013
0.6371641855141659
0.6373012020463913
0.6373609733786652
0.6372434289670621
0.6373584800838705
0.6372662704988582
0.6371368538188513
0.6372157958534718
0.6369626216498749
0.6372851070619012
0.6373725882614789
0.6371000096287054
0.6371347891818532
0.6371352809721202
0.6373457278142953
0.6370610387372257
0.6372105562431283
0.6372630425219634
0.6372912014347438
0.636839236900202
0.6373825230491016
0.6374489546512168
0.6369600838825507
0.6371428892513431
0.637102504934481
0.6374437126365604
0.6372536169291781
0.6372305107067802
0.6372378585062077
0.637252433270617
0.6373605375204195
0.6370435556919626
0.6370316530305429
0.6374132000658278
0.6372985621989258
0.6374138653442174
0.6369488403281754
0.6373667867356907
0.6371425539434457
0.6371524897979729
0.6370815568172863
0.6373084830147732
0.6373371995251018
0.637159335703275
0.6370391262968796
0.6371480468631175
0.6371914431759709
0.6373037988106917
0.6369894583853268
0.6372523474521775
0.636917432911269
0.6371424562943063
0.6373003468185414
0.6371307615401511
0.6376513106158938
0.6370124742188538
0.6371113386892076
0.6372702829994465
0.6372419275389423
0.6370826370646637
0.6371373346453253
0.6370020286972568
0.637170448101777
0.6371815691742322
0.6371282007361917
0.6373372962654421
0.637415286512949
0.6367598345877868
0.6373225291529726
0.6373439112550956
0.6375254211935242
0.6371800823882678
0.6373846703403229
0.6370992890308185
0.6371226516625164
0.6374220168496822
0.6370352739700724
0.6373653949570697
0.6372737096046884
0.6371555764292496
0.6372678973668302
0.6373785188456477
0.6371722667067288
0.6372619873702614
0.6371204534403624
0.6371200380275565
0.6373829644148379
0.6371035664681884
0.6371422937813098
0.6372861055472165
0.637365210764268
0.6368490717338252
0.6371339773619501
0.6375547277382452
0.6371869182542047
0.6372463255948224
0.6375479678395367
0.6373691396485668
0.6371900646991954
0.6372863930691859
0.6370286138556576
0.6370089526639726
0.6374053878203433
0.637133820614679
0.6372279102412228
0.6371102436817434
0.6372209634370261
0.6371060865685143
0.6373665675641607
0.6372690353637257
0.6372386529880381
0.6370803223661248
0.6373907147251461
0.6371084608812175
0.6369373352856431
0.6371416403179131
0.6373551378033671
0.6371450910909722
0.6372173902428101
0.6372191419546147
0.6371977495632196
0.6373109438779181
0.6371090885191858
0.6374059438999589
0.6369429841146026
0.6370918264448885
0.6372025423727742
0.6374165895286396
0.6372424728888911
0.6372023378195482
0.6371062485003272
0.6369870993486643
0.6372250225655285
0.637178074382715
0.6370382745099452
0.6373656592702883
0.6372753875065849
0.6369981974514309
0.6370994318005037
0.6374857006188279
0.6372533602664217
0.6374788562465092
0.6369763216612945
0.6369789409079731
0.6371342159365695
0.6374617905672095
0.6369550366806498
0.6372508263274567
0.6372450200565809
0.6371488882014662
0.637077497802901
0.6373750499256737
0.6371938598679543
0.6373242657067909
0.6370673335859732
0.6373698199498459
0.6372948603440585
0.6373228115652241
0.6371418134389784
0.6372496274330065
0.637240354989524
0.6374120402661054
0.6373166874829042
0.6372830443967157
0.6373331525235837
0.6370874502690773
0.6374961442005864
0.637176142888775
0.6373877129435055
0.6369964696620021
0.6370504025305783
0.6369113047151258
0.6373856216327978
0.6370975806783568
0.6371346486014418
0.6372768450841411
0.6371278757225676
0.6371866536474645
0.6371887931252369
0.6373779649739361
0.6370884033245635
0.6370869490689495
0.6369837883897591
0.6369518669971781
0.637063103659659
0.6371868612494789
0.6372642116123255
0.6372222485109124
0.6375314462144364
0.6372590920602007
0.6373172461016222
0.6371927354258651
0.6373051858647493
0.636993291553385
0.6371877681820947
0.6369904726690603
0.6371346820265436
0.6371080465210239
0.6373194311571035
0.6372289169260308
0.6374216060997321
0.6369897106788934
0.6373277679502999
0.6372899494030233
0.6371845791647532
0.6370378518203157
0.6370960422157388
0.6372820776833882
0.637112027051058
0.6371349032685101
0.6370526489898409
0.637379297135551
0.6370294440293702
0.6371375735930932
0.6373681304465684
0.6372470152982692
0.6374285666767407
0.6373737671005312
0.637129715240111
0.6370772158951022
0.637089664402392
0.6370188761149093
0.6371823550494173
0.6372998058474245
0.6372296479204762
0.6371417789907492
0.6374448588693863
0.6371665346217962
0.6372450679955503
0.6372503522467654
0.6375671409663058
0.6373051386820437
0.6372031911805276
0.6371924527497823
0.6372577640670789
0.6373379800103408
0.6375018166229908
0.6374042943816338
0.6369789000150115
0.6372728874371797
0.6372821067368774
0.6372797935206197
0.6372339875296213
0.6375146013836771
0.6369984950385931
0.6374379980183449
0.6368275275942363
0.637177324160363
0.6372658548223155
0.6372909462475328
0.6373424628071065
0.637251853592081
0.6374339226112496
0.637573542137098
0.6372306105426497
0.6371038113118155
0.6374170217618537
0.6373639110436768
0.6372043329709248
0.6373262917870228
0.6373441375869078
0.6371086272820472
0.6370870804044004
0.637172149677992
0.6371520407087499
0.6371989366460193
0.6370679362241488
0.6377175424469939
0.6370133027946395
0.6373555266592748
0.6370283679628207
0.6372125933406929
0.6371188379279483
0.6370754663610508
0.6370524817344368
0.6371513725271997
0.6373253513080683
0.6370966135928173
0.6372260051696026
0.6370121721748264
0.6374019712297679
0.6370977819800159
0.637079374897461
0.6373167949682259
0.6373159195133182
0.6371963075550351
0.6373312917433843
0.637250678379012
0.6372975878354374
0.6370929126821563
0.6373790844457635
0.6372849653741075
0.6374290387285437
0.637154577637151
0.6369881369466511
0.6371646592778648
0.6373116354569086
0.637536071581706
0.6373454824842366
0.6371012925288899
0.637131148555511
0.6372571880473209
0.6369188323962442
0.6371989793386867
0.6371340911097196
0.6370929213039092
0.6372035663720226
0.6373881439062883
0.6372665458402542
0.6372209541068575
0.6370756421180666
0.6371622421894413
0.6371656255883951
0.6371264730344547
0.6370876414134261
0.6369396555615157
0.6373661551658151
0.637379947256874
0.6372095424964603
0.6373786457366467
0.6370318033059039
0.6372669115458139
0.637411440871331
0.6371512941275473
0.6374357714101189
0.6370405830002017
0.6371748470851439
0.6372474197439028
0.6369916600999835
0.6372105914727328
0.6373194959968729
0.6373393015293856
0.6370017475562286
0.637433218215123
0.6372717645884184
0.6372542300258273
0.6372681271559844
0.6374633833342287
0.6372297637464389
0.6374252405971426
0.637162944304158
0.6372292887113972
0.6369754571345041
0.6371795812864975
0.6373110124658333
0.6372351002788648
0.6371772868545069
0.637347789102647
0.6371928544052319
0.6373977333258125
0.6371273042818113
0.6369806723963216
0.637194193435114
0.6366833905038465
0.6371720326415741
0.6372942096833779
0.6372072703343561
0.6369316375545736
0.6372612581936992
0.6369581932914528
0.6370095998799259
