0.6441886311701995
0.6444134110147167
0.6441430200082381
0.6442606974261617
0.6443206416420733
0.6443113651119395
0.644424558718774
0.6443363603439118
0.644079936239971
0.6443805562694942
0.6441041795090793
0.6444912942073082
0.6441923483553524
0.6444156085933151
0.6444031161332195
0.6444457760907945
0.6442012435079592
0.6440314835820309
0.6443823947772428
0.6443793497893207
0.6443101128270179
0.644326802234412
0.6441518011697402
0.6443791431089565
0.6442870514928214
0.6442176943877611
0.6441381519872988
0.6444492166111707
0.6442485346644711
0.6442738204676818
0.6441176102642988
0.6441692458972468
0.6442059984679767
0.6441055888659039
0.6444359995077474
0.6441807448512684
0.6443565294813893
0.6442119752377483
0.6440121944220394
0.6445161215343982
0.6440562695272223
0.6442721876401167
0.6443144812900999
0.6444669981711323
0.6443666336190228
0.6441731317276848
0.6442943124231426
0.6446096558499292
0.6443086461334104
0.6442753691494174
0.6442753158285912
0.6443018576165283
0.6443440642073148
0.6442036309438834
0.6444370434734665
0.6443841192702855
0.6442882127421989
0.644194073015521
0.6443098757091387
0.6442850356011623
0.6442039431011717
0.6443901087700812
0.6441746363386616
0.6440666403476454
0.6444153386229179
0.6443401460791383
0.6443973794300843
0.6442617782209744
0.644080168273272
0.6439786513628291
0.6445243165285963
0.6442770214505632
0.6444875595804977
0.6445965544540155
0.6443846732657803
0.6442660211437774
0.6442536638132821
0.6441859703017416
0.6442721090169535
0.6441442771012357
0.6442712192303822
0.6440124162307261
0.6441237762156233
0.644234852211647
0.6441609475274013
0.6441674009885622
0.6441960894691829
0.6439491629757439
0.6446303015739319
0.6443686933768898
0.6441773396609072
0.6444175198732545
0.6441514544558811
0.6441914260533501
0.6441252725619384
0.6444395872583861
0.6445265554076421
0.6442863165120619
0.6442982718725423
0.6442529440084825
0.6440392398001311
0.644305889739054
0.6440266485758512
0.6443402707961758
0.644273066013362
0.6443598925586058
0.6444065632424771
0.6442507038424556
0.6441273662689205
0.6443990630280463
0.6442976782661645
0.6442538249326917
0.644371039955967
0.6441054577384249
0.644202675583862
0.64414270506626
0.6441839349543068
0.6441283407696035
0.6442917001079367
0.644121810528277
0.6442769844975293
0.6441623911440457
0.6441050555105545
0.6444142539357288
0.6442944495365484
0.6443825337202012
0.6442562486866282
0.6441697471553784
0.6443037379533776
0.64408692053236
0.6443212057555205
0.6441974394168852
0.6443244453021368
0.6442257862248608
0.64428943860738
0.6443517408498706
0.6444289497395039
0.6441680840206806
0.6444869449327317
0.6443629079220542
0.6442994815132544
0.6442074019450138
0.6441848485598483
0.6443433372242462
0.6443193583292461
0.6443816500695735
0.6440323340240437
0.6442014218342202
0.6443122590727484
0.6444579934665766
0.6443163570469516
0.644253287366019
0.6440212312508131
0.6443023898839653
0.6442792064699248
0.6440928062322554
0.6443111352272318
0.6442436166561758
0.6442853126135005
0.6442979720076242
0.6445383937012872
0.6444338794153197
0.6443867492562801
0.6443205094497229
0.6442914074470331
0.6441725848768493
0.644300056499677
0.6443277228697718
0.6443253773619704
0.6441971592451963
0.6443402166874674
0.644078747515631
0.6443275189704427
0.6441440788673866
0.6442725984119978
0.6443279418853933
0.6443091644619027
0.6442036513895709
0.6442617463401378
0.6443254874522623
0.6442465286698069
0.6442385792286935
0.6443873270321028
0.6444642128129494
0.6437771000914254
0.6441902074362794
0.6443698076355694
0.644126753081294
0.6442438504498513
0.644235289682083
0.6442656614769547
0.6445204690328589
0.6442772593141293
0.6442682702112768
0.6443906307374716
0.6440934532171039
0.6443051072544557
0.644522325841055
0.6442613684013268
0.6443117670983792
0.6440927908358085
0.6442555471439655
0.6443616376803596
0.644284534084731
0.6443327823147593
0.6441179415356519
0.644147127926419
0.6441659640167925
0.6445096310092783
0.6440670639541852
0.6440087194834746
0.64437734715723
0.6445709142640179
0.6443858425571531
0.6440880417379156
0.6442300550156786
0.6441663671548294
0.6443016701001314
0.6443316196592259
0.6441712993544693
0.6444193862156102
0.6442429305637465
0.6442742517832706
0.6443086806880362
0.644269793562031
0.6442680634537447
0.6441798484517375
0.64437215547977
0.6441053458901262
0.6443199518781527
0.6443162251739547
0.6440781187098872
0.6445999456000191
0.6443387422497626
0.6443192959092956
0.6441405570572639
0.6443322033105915
0.6443406832123533
0.6440867096012618
0.6442058207802845
0.6441206000824156
0.6442872517864118
0.6442529947837656
0.644348497316292
0.6441611318869986
0.644275969290198
0.644195267920115
0.6442878755297303
0.644010137836756
0.6443328929606658
0.6444702125213484
0.6442010079545243
0.6444581242653871
0.6441527048164326
0.6439395997491962
0.6443105054506924
0.6442294236060387
0.6443917114602351
0.6442542636763497
0.6444280177732917
0.6443450345950674
0.6443949683142144
0.6440965212702341
0.6442283028060745
0.6443594731865272
0.6443408435871665
0.6442204797921366
0.6441423972829206
0.6440470562348591
0.6439757961085781
0.6443624880844372
0.6441588878578713
0.6441600124840636
0.644258665578142
0.6443314211996517
0.6442139379505121
0.6441937528831831
0.6441768933466397
0.6440861675773921
0.6440925703450344
0.6442904361913705
0.6439732323171892
0.6442092400229456
0.6443197150508515
0.6442392455762922
0.644214949256601
0.6443740353875853
0.6441857993961024
0.6441876136529405
0.6441714382428976
0.644251532702076
0.6444986867926924
0.6441355492391501
0.6445181585735537
0.6442979147654719
0.644225867819051
0.6442273796618564
0.6443268778089579
0.64425468777222
0.6441950817092927
0.6440741614544778
0.644210318736314
0.6441863776313353
0.6440911938147389
0.64443845024393
0.6445476233816513
0.6443381958100969
0.6441120534900302
0.6442419666545801
0.6441035411268082
0.6443421244842551
0.6443637119723478
0.6442063705858205
0.6442847544812664
0.6443627749597165
0.6445167151803592
0.6441374174626318
0.6442457548513907
0.6444349760948148
0.6440252741212273
0.644101370560632
0.6443489487204538
0.6442808661756312
0.6442967477669885
0.6442461489551541
0.6441498606261626
0.6441625730944871
0.6442911615768913
0.6442869722888092
0.6442521142653552
0.6443711935769558
0.6441548488878418
0.6438324578084696
0.6443659072134267
0.6441910170200282
0.6442732194785495
0.6444859973331156
0.6444503849148056
0.6443071391811411
0.6443002826440856
0.6441976893668707
0.6441088516550407
0.6443627390194822
0.6443093084611473
0.6442879735907091
0.6442440674166819
0.6442088951831111
0.6445516579845303
0.6440134310324479
0.6444668056974223
0.6441595468998189
0.6442905029165452
0.6441083550821617
0.644100907765329
0.6439739026872864
0.6443058815336469
0.6440946583971274
0.6446281890721104
0.6441731693168536
0.6442203779924163
0.6442919175274802
0.6442710046318363
0.6441825948915586
0.6443520518943616
0.6441722270593939
0.6443648191431963
0.6444913131091421
0.6440612984546504
0.6441070228386178
0.644267272364158
0.644141158051143
0.6442833690552036
0.644191214765162
0.644323388473353
0.6443967016375296
0.6442576583772359
0.6443459963525349
0.6442353933614632
0.644268537974261
0.6441025200351536
0.6441672316042403
0.6441814666537264
0.6442905151185678
0.6442459312642714
0.6442267297035139
0.6441837741137134
0.6443993887996482
0.6442617971061662
0.6443076610712026
0.644226311124869
0.6443506700103792
0.6440432021367966
0.6444025917051452
0.6442580961680698
0.6442391930024831
0.6442013771739414
0.6441430749450752
0.6441185702950973
0.6443035723142808
0.6442204609966489
0.6440710436006034
0.644359864504717
0.6445773749350704
0.6443223864093646
0.6442783640650664
0.6441365877009604
0.6439193894603664
0.6444211272728595
0.6441650257341851
0.6443034350200101
0.6439370354211202
0.6444136614117817
0.6443092711729599
0.6440935408656701
0.6441885118123226
0.6441690996184206
0.644417988658529
0.6440588737973105
0.6443490143594026
0.644362938598602
0.6444432983032742
0.6439965779821475
0.6442036491804838
0.6442574221446001
0.6444042323713943
0.644081947991231
0.6443090083344106
0.6443976479113898
0.6443023932820384
0.6442242003514609
0.6444121346543747
0.6441907304459273
0.6443730219283207
0.644554408021258
0.6442822025034708
0.644393316469278
0.6443903348438307
0.6443327968841909
0.6443037837076506
0.6442767393512097
0.6440471583379721
0.6442381546765634
0.6443709626832455
0.6442630086820961
0.6440849304971743
0.6443068138067518
0.6441930251559574
0.644150077011942
0.6444792342204815
0.6444249004584988
0.6441302191729055
0.6442179459791813
0.6441900540137141
0.6441411246385977
0.6444217534929557
0.6442224612728027
0.6443379542592007
0.6441923233909215
0.6444307231673021
0.6442575125561292
0.6442878325933477
0.6442231691560383
0.6442506733951371
0.6443823065522514
0.6443856096914128
0.6443056343664686
0.6440365919378308
0.644186677451815
0.6440852479329419
0.6442515210877892
0.6444482211566527
0.6441573140395562
0.644295642533608
0.6442207640874106
0.6441523060630558
0.6440792599959844
0.6441763554570293
0.6443084595281783
0.6440693749372872
0.6441488585737323
0.6444557507722997
0.6444803716803528
0.6441680407032369
0.6443197159198697
0.6443639147892368
0.6442802159397585
0.6442034787449031
0.6441913984066886
0.6443461895041673
0.6441177490977985
0.6444647149301602
0.644375486393985
0.6441633615062958
0.6442022421948596
0.6443195674625337
0.6441868463940275
0.6444614328857639
0.6441072033794699
0.6443221792949247
0.6443703660219513
0.6439659522480423
0.64416526264174
0.6442680477166434
0.6442947481793273
0.6440917665733016
0.6445725453331972
0.6442677658524207
0.6443467986280664
0.6442267581193044
0.6440081521933181
0.6444722568132525
0.644221703429563
0.6445321908178024
0.6441173380104694
0.6441653788718051
0.6442213926176903
0.6443773897689022
0.6441444260350399
0.6444541071857259
0.6444160051333181
0.6442472235628088
0.6443629833145753
0.6442014788950439
0.6443549309774176
0.6443328368189405
0.644111358477251
0.6443908140137622
0.6443730625713822
0.6444856739905719
0.644316132843701
0.6441392826437605
0.644224835572652
0.6439821739351705
0.6442017659392818
0.6442160066933007
0.64401571459974
0.644385694693216
0.6441991383402242
0.6442537676814133
0.6443974069233865
0.6444253371038604
0.6442826394352698
0.6441559806944852
0.6446094476621578
0.6441153492376974
0.6444946724618557
0.6444302054528732
0.6443237812151816
0.6441501840340621
0.644102594196704
0.6444920587497114
0.6444146223692089
0.644218416050131
0.6443961923473678
0.6441355455115891
0.6443327277017408
0.6442639927733868
0.644155197212573
0.6442399216844045
0.6443048601473398
0.6443391403745425
0.6442404640957364
0.6441392799280368
0.6441898491309384
0.6442332272721492
0.6445848379704273
0.6441999671600969
0.6441181088173862
0.6440866959384466
0.6440474871819046
0.6441777928328736
0.643967222564625
0.6441853628816947
0.6444568069530534
0.6441756753299884
0.6443326401005318
0.6443078255882586
0.6443181427806286
0.6440810504718257
0.6443751113307763
0.6442198276469944
0.6443662239959713
0.6442647386698361
0.6443755332956499
0.6440590178725952
0.6443730374980243
0.6443433474609102
0.6442264766357667
0.6442083943843158
0.644297713482763
0.6441746776555874
0.6443282530397828
0.6441795279020743
0.6442490327351584
0.644386023712392
0.6442234659723162
0.6441454346791794
0.6444517369647679
0.6442264541907832
0.644112934507268
0.6441231372644316
0.6442753789217948
0.644255690234467
0.6442769862387043
0.6444620940811644
0.6443891366467501
0.6444075930183042
0.6442700547612346
0.6442539786534416
0.6443444601273473
0.6443752178778345
0.6444019191685577
0.644330270327279
0.6441794831477498
0.6442296512582423
0.6441885871810942
0.64405858549726
0.6444811021043021
0.6441658099665156
0.6444093899367616
0.6442689645132322
0.6440546058834762
0.6443016547508296
0.6442728134480731
0.6442555478079547
0.6442300955405744
0.6441239280873898
0.6440067209976763
0.6444445218877912
0.6442904777456846
0.6443350977675716
0.6443416540140108
0.6441965265786151
0.6442317040514762
0.6444002375080282
0.644061171484784
0.6440720680586677
0.6441718785473852
0.6441136775603923
0.6442714960089541
0.6443019627578008
0.6440575301066509
0.6441711487334699
0.6441806962116161
0.6443199602682788
0.6441033669799814
0.6440112775291175
0.6441052785405563
0.6444412991568892
0.644319548789974
0.644204324418036
0.6441499505913466
0.6443482338775337
0.6442364217722744
0.6438760609449221
0.6441371318471675
0.644179706485605
0.6442563648234787
0.6443571054578892
0.6441605377477295
0.6441326773420746
0.6444236516528639
0.6441651216994538
0.6444778412087979
0.6442761055758739
0.6441016152514774
0.6442015944364315
0.6443049626256367
0.6444311832262279
0.6442988691925662
0.6441691720474649
0.6441278259862029
0.6440932537678157
0.6443675867569365
0.6444081263980316
0.6443198121796906
0.6441846224651262
0.6444123823616721
0.644312196478651
0.6446366798248544
0.6443234331638449
0.6439907254611115
0.6443354487490409
0.644256338593825
0.6442083887740528
0.6442350998119994
0.6442287660826844
0.6444757617683277
0.6443325920238526
0.644433316948559
0.6443593442991555
0.644258542215172
0.6440837186140769
0.6443907625298042
0.6441471090556111
0.6441614516798287
0.6442045741097051
0.6443568892460274
0.6443678079638149
0.6443580178598565
0.6446032438106967
0.6444637528422166
0.644251669662911
0.6440888488680829
0.6441696237559197
0.6442026503061271
0.6442137301704589
0.6443374859843909
0.6442569842658411
0.6442183751223356
0.6443949553901864
0.6443083085862644
0.6441407530408804
0.6444123393921571
0.6442155461360024
0.6442384247706743
0.6440041777803601
0.6441894333549666
0.6444478226368873
0.6441395686738273
0.6440117236709878
0.6442047624368654
0.6442200201489378
0.6444213555726527
0.6441287697932856
0.6441757152269022
0.6442467329713177
0.6441692636726686
0.6442243514661545
0.6438901617786411
0.6441036189477464
0.6441776672220745
0.6443554259149437
0.644191226286231
0.644254191873443
0.6444270043075788
0.6441356573365415
0.6442879528597504
0.6443353900745883
0.6442970956975518
0.6443068047447
0.6444259694566902
0.6440814387374962
0.6442608693550831
0.6444594228905736
0.6441337968985765
0.6441353413887498
0.6442275542956496
0.644142410595666
0.6440139509076102
0.6443564105876392
0.6441511516765036
0.6443136351277331
0.6441760247693613
0.6441559497589597
0.6442160954774119
0.644234403712126
0.6441678767672789
0.6441998370812301
0.6443845802794117
0.6442546646012336
0.6442361735048183
0.6443113214554539
0.6440243263096168
0.6441581502380526
0.6444255997014001
0.6442979990643705
0.6442997239609668
0.6442974309544496
0.6441145829678002
0.6440288073434561
0.6444231149335309
0.6443342944828285
0.644165810352185
0.6443433081025677
0.6443967032570571
0.6445574414876446
0.6442709433483982
0.6442697052083162
0.6442488038945484
0.6444210245148965
0.6441386417735697
0.6441281836992299
0.6443085633721827
0.6443526501645058
0.6441480567894313
0.6440923471649991
0.6443503814947182
0.6440419075981142
0.6444110471291176
0.6441942869035565
0.6443625381836314
0.6444835236269204
0.6442791741755018
0.6443320266182264
0.6443087708921589
0.6443064275742375
0.6443564083334261
0.6440761090284542
0.6443305568062979
0.6441420363215823
0.644295074707065
0.6444834427995536
0.6443247359140223
0.6441204983128238
0.6442794104299705
0.6440177241210756
0.6442365314556249
0.6445204492524891
0.6440207443560837
0.6441339435766749
0.6443877222790947
0.644131308584281
0.6442639805615544
0.644283440239312
0.6443271328966023
0.6441762052399171
0.6441669051257155
0.644172782153507
0.6444407897611885
0.6441790339412846
0.6443613131551804
0.6443549591116047
0.644118806063535
0.6442145932010952
0.6441521290310176
0.6442415036717863
0.6443385555288808
0.6443773113948266
0.6441857334797715
0.6444030263526891
0.6442662920437006
0.64415349568543
0.6442838329111165
0.64419485177608
0.6441842294706173
0.6440219165378182
0.6444256718731856
0.6442520771280686
0.6440072757529973
0.6442805898270121
0.6444496298151281
0.644381630816802
0.644300276111307
0.6444720908745664
0.6440121501044923
0.644345095121919
0.6442707587417276
0.6438982814209647
0.6439882995145205
0.6445615987289968
0.6444501817522046
0.6445143193757716
0.6442732558972274
0.6445834277623024
0.6442977516882824
0.6442422414314524
0.6443648928945509
0.6441733554115354
0.6443516818769535
0.6441783383646871
0.6444114119251636
0.644048691160791
0.6441943670471987
0.6443233949387626
0.6443379689843705
0.6445240261700662
0.6443488323778153
0.6443854625063631
0.6442347838110534
0.6441036479132978
0.6442094558600842
0.6443986938618149
0.644366491759079
0.6441853198727582
0.6441757796462851
0.6445281375247767
0.6443173177122237
0.6442151307051056
0.6443777336647973
0.6442816619243947
0.6444261241582013
0.6442547551341585
0.6441941589997304
0.6443239971657191
0.6445684101504578
0.6444886960477385
0.6444314173265393
0.6443345683662997
0.6443151142114525
0.6443265459631614
0.6441707729699055
0.6443621118138493
0.644205699232995
0.6445012226795411
0.6442667937900114
0.6444143507973794
0.6442603982936315
0.6441064571473116
0.6441297423375559
0.6443958695808291
0.6439774801022726
0.6441286316303074
0.6439979802011727
0.6446965260719018
0.6442501068062547
0.644158016813944
0.6440000208646932
0.644506352675532
0.6440177277387461
0.6441137758909006
0.6443026872152346
0.644390723942126
0.6442649353193773
0.6443023643261674
0.6443456238585179
0.6442691336635264
0.6441853112610239
0.6442196503613313
0.6442272120310218
0.6445115496834022
0.6445129081999557
0.6441293613669147
0.6441643500797267
0.6444848382461227
0.6442140112110042
0.644025543610895
0.6439339668955137
0.644020972253966
0.6443455094106492
0.644532709817449
0.6442014271861052
0.6444628728682383
0.6443227664501492
0.6442723268436642
0.6442593078504505
0.6443784526577587
0.6443811436889817
0.6443689057308483
0.6440753394442553
0.6444707895859151
0.6443603052957212
0.6440742473817429
0.6441757089723129
0.6443089755914899
0.6443695528336049
0.6441375605513084
0.6441904078746645
0.6443563773584398
0.6441681358573789
0.6444011956853745
0.6440565468041696
0.6442081358051996
0.6443308517913776
0.644219036103246
0.6441877812913019
0.644190941573454
0.6442355463388579
0.6444705417651914
0.6440842977201879
0.6443034388067547
0.6441503776155473
0.6442043814001943
0.6441856676002161
0.6442868744191581
0.6439047493084961
0.644263132386877
0.6442657205587852
0.6442904857340133
0.6443167989352528
0.6439814605159386
0.6443601149247012
0.6443373555950138
0.6442523489272948
0.6444433255361153
0.6442125388294224
0.64431206655358
0.6441859072525644
0.6442771946135543
0.6442175269913496
0.644342255763314
0.6442405698110547
0.6441454269730023
0.6440684341015607
0.644260081150169
0.6441248748185273
0.6441372742134495
0.6442852305602996
0.6441219640217052
0.6442150117554374
0.6442530521734735
0.6442291594558005
0.6444307889439789
0.6441682844590458
0.6443741378843194
0.6440281530574162
0.6443322090657216
0.6442814074047363
0.6443612512329049
0.6441438511871289
0.6438808263355773
0.644274878574695
0.6442759994815956
0.6444238037418235
0.644363515597626
0.6442716708228384
0.6444949411526396
0.6442667472092857
0.6442443630976327
0.6441640752015071
0.6443118544168609
0.6441042860134474
0.6442327168523725
0.6442027284500735
0.6440620428946515
0.6441723767447309
0.6438754521348626
0.6441027631598654
0.6443918406477087
0.6443704248805276
0.6442322132275562
0.6441743330775899
0.6440693858569656
0.6442596712627475
0.6442457958181846
0.6440756981606917
0.6442747858177633
0.6443337081507956
0.6442898206388759
0.6443495347181472
0.6441665593575596
0.644265119617015
0.6440701536463846
0.6444640618028945
0.6441052615130212
0.6441151748849927
0.6441849680530899
0.6443221514597133
0.6442935755864114
0.6441782348370365
0.6444915806404727
0.6441134729112012
0.6442752938235846
0.6444059270295254
0.6441602253926535
0.6445153730412742
0.6442885820562128
0.6442215186090983
0.6444876123485246
0.6443466877470189
0.6442855197406755
0.6442697495995577
0.6443427281963652
0.6441252329880964
0.6439891425398157
0.6441773478413185
0.6441952964984763
0.6442537300990587
0.6445076710323563
0.6442917763584375
0.644331634232256
0.6441409257312132
0.6442208494381241
0.64416863207499
0.64431147590369
0.6444040043622674
0.6442024547737226
0.6443976648986229
0.6441929762385465
0.6442347672868151
0.6441199625609917
0.6440769005155839
0.644528260740096
0.6442687326975902
0.6442561287552221
0.6441345506822445
0.6444075263027406
0.6439963989084426
0.644261095916427
0.6442509709250671
0.6444766375444961
0.644392629620448
0.6443221736535392
0.6442890078112864
0.6442844545191663
0.6441497135008074
0.6442179391803253
0.6443689946185964
0.6442454593485487
0.6442553263098683
0.6441241215666629
0.6440425431079577
0.6442750413610541
0.6443591543206252
0.6441456160293297
0.6441210978193852
0.6441803030350262
0.6440931943296232
0.6444414448811051
0.6441894312766012
0.6442404896610194
0.6442462603474644
0.6440658292187974
0.6442444625686403
0.6441481290560551
0.6443533998526799
0.6442752620638242
0.6440670750662852
0.644424835976393
0.6442817021607032
0.644061021804554
0.6445345943529046
0.6442153822244513
0.6439814434439688
0.6443315234657349
0.6441440793519737
0.6443138952751701
0.6444203840609833
0.6442113130434306
0.6443776217663774
0.6442202573302801
0.6440594481487754
0.6442585643355397
0.6441828314786013
0.6443142704160658
0.6443894140418547
0.644229186377943
0.6444552700249095
0.6444812930651596
0.6442482212209966
0.6442920522676345
0.6442125931505862
0.6440794015091188
0.6444232837618208
0.6440662807827443
0.6440933590521551
0.6443255169284975
0.6444613309857008
0.6442288131028635
0.6444406212429623
0.6439859729157619
0.6442376034408432
0.64422048068449
0.6444056517387288
0.6441897481385446
0.6443218854195466
0.6442120773195782
0.6444597721136032
0.6442175911605817
0.6442661122157256
0.6441790853940091
0.6445674237393317
0.6443374752345461
0.6444208522421951
0.6444338138253165
0.6441917854097137
0.6442229956631362
0.6444393759817302
0.644011139702255
0.6441834674559124
0.6443330280504787
0.6442131278043076
0.644119786776327
0.6443075049210647
0.6441377133883541
0.6442402295532637
0.644051930723088
0.6442995781459823
0.6443961127559565
0.6440926365080983
0.6442138081386664
0.6442070595150655
0.6442767362391675
0.6438635126338697
0.6442060220305397
0.6442205752536602
0.6443602810764506
0.6442601512607099
0.644336077900892
0.6442459219511348
0.6442195642896682
0.64424014414398
0.6443966328639119
0.6440166127250697
0.6442627604965262
0.6440889082965201
0.6443825117574488
0.6442633120832361
0.6444436758607798
0.6440769108417832
0.6440161540077157
0.6440551794328847
0.6441413466589856
0.6441482485252242
0.6443390305950156
0.6443740330446525
0.6440464964314784
0.6443622094753046
0.6442186845194646
0.6444516534447686
0.6441819166820857
0.6440681730172465
0.6444238979420729
0.644111084339026
0.6441404365109136
0.6442374263633551
0.6443770700468412
0.6443580827029529
0.64428261602519
0.6444429877524828
0.6441566598749533
0.644142602255995
0.6442805709877206
0.644183250666855
0.6441291345525231
0.644288174625896
0.6443290941001083
0.6440728766234842
0.644197720347761
0.644340706465181
0.6443931103155421
0.644546224976323
0.6442540415947725
0.6444660400595276
0.6442617361066258
0.6444057965321243
0.6443376028342613
0.6442437662199441
0.6443718261550812
0.6440925504975581
0.6444731042068845
0.6441976918866488
0.6443258331934221
0.6443452055138935
0.6441843841609874
0.6440371981767435
0.6442311100938122
0.6442213140717278
0.6441988756035675
0.6440912485862187
0.6443318229310833
0.6442946507444037
0.6440556823146582
0.6442219182356994
0.6442740975582275
0.6439733276300093
0.6442178324299819
0.6445152111929886
0.6444086237893397
0.6443006583054867
0.6441679200112163
0.6440826788040954
0.6445054253297657
0.6442320136261674
0.6440653630536533
0.6443573117646597
0.6444886223711721
0.6442756261538642
0.6441658020623349
0.6442559150003861
0.6443526246324736
0.6443211992044271
0.6440076467832323
0.6442778939263163
0.6442245719243107
0.6444712885875569
0.6441979482449163
0.6443925772792309
0.6443372375159484
0.6441980339868476
0.6442048403244209
0.6442576562278288
0.6442606916912839
0.644242848939182
0.6445239314384852
0.6440292902413717
0.6445564281297895
0.64430172882062
0.6444200803583531
0.6442531963143558
0.6443814560296909
0.6440625009399035
0.6442250210544789
0.6444411687459864
0.6443044922211116
0.6440658357379273
0.6441821646119422
0.6442304270816334
0.644314466631674
0.6440153066947303
0.6442527254854876
0.6442878514521861
0.6442831663114372
0.6439748805318395
0.6442149281089784
0.6444377208668907
0.6442440967411789
0.6442867944051033
0.6441445680461555
0.6442636939498488
0.6441200564707206
0.6442741199009512
0.644236865572607
0.6443094288027869
0.6443818274804183
0.6441577909552743
0.6442840308262541
0.6444044715132229
0.6443024353732074
0.6442580895715484
0.6442542040167061
0.644250909325158
0.6443074350391553
0.6445383525913522
0.6443087763708586
0.6442752469426432
0.6442102793565253
0.6442077387169732
0.6443420126752399
0.6443543211986076
0.6442325101668366
0.6443636423944723
0.6445019973865052
0.6442402096204188
0.6441703076137038
0.6441655971716064
0.6442600219512671
0.6439045099857788
0.6442633339689583
0.6445245999331077
0.6441787613511092
0.644214250920261
0.6444231447767671
0.6440234637427131
0.6440950631941509
0.6443492471353476
0.644187531153118
0.6442913877679692
0.6442869130922682
0.644195790629549
0.6440358231051946
0.6440669960641563
0.644438995475679
0.6440460648983899
0.6443596075814215
0.6443786144200332
0.6443463874837538
0.6442646507021342
0.6441804884760254
0.6442499709772356
0.6443635963242538
0.6441164695212396
0.644276752416423
0.6443961323457503
0.644398449197702
0.6441253996449247
0.6441947413435147
0.6442247688127205
0.6441965238703065
0.6442865620159126
0.6444447853276934
0.6443092663034742
0.6442940781661137
0.6443588695939314
0.64435697422474
0.6440228576857028
0.6443128819202125
0.644279949770822
0.6442053598417574
0.6443235415704227
0.6443039813984364
0.6442138207700476
0.6444461275215494
0.6441127919110202
0.6441552558059302
0.6442371930150321
0.6443176775369878
0.6442266845572011
0.6442943239955279
0.6440403616152772
0.6440181844539768
0.6443604563636275
0.6440502302123474
0.6443416562665587
0.6443804720804795
0.6442130919534728
0.6442663311083574
0.6441287583677235
0.6440349964004666
0.6442102825492722
0.6443506200670326
0.6440395045448699
0.6440254842356886
0.6440695792505605
0.6443606750621499
0.6441862918764394
0.6441480514656646
0.644277233396744
0.6439983099518568
0.6441395703520689
0.6442137952491784
0.6441969289217091
0.6442814240233483
0.6441982198279177
0.6442053217561104
0.6442028183739166
0.6441482685641506
0.644292071092963
0.6444808600851113
0.6441353996748124
0.6442526162300364
0.6443537848495555
0.6443049347719848
0.6439368983191656
0.6443413920055694
0.6444962622169338
0.644162548515245
0.64406281735892
0.644489402845161
0.6442206585092238
0.6441297728315905
0.644167776683962
0.643857064440932
0.644149703127161
0.644171248047409
0.6443802519639772
0.644347427522838
0.6442117460796098
0.6444528046562928
0.6443092393777634
0.6443704970531525
0.6439633292958726
0.6441513972751602
0.6442482273233731
0.6442401741467754
0.6441711410653919
0.644095319328924
0.6441962995648857
0.6443231294225187
0.6442799359207954
0.6443368887072825
0.6445560881862551
0.6442056232667721
0.6443501418787716
0.644408715216473
0.6438321798618731
0.6441626587897946
0.6443915809195049
0.6440873500890414
0.6444223845406344
0.6442087051040029
0.6443622015015045
0.6443877957788486
0.6444517953715128
0.6442006715491182
0.6443539555398838
0.6442611253359382
0.6444192895012986
0.6442443295721507
0.6442523359450927
0.6444506723107815
0.6441881174357196
0.6443410077385613
0.6442687687284809
0.6445449823705856
0.6444026624877757
0.6442110633934717
0.644450550945219
0.6443461365497352
0.6441818094494294
0.6442860530478375
0.6442827857853493
0.643983498635889
0.6442666044926475
0.6442063755033136
0.6440409474603324
0.6443501698707101
0.6439361227748838
0.6443182282813014
0.6441120893781966
0.6442739639162158
0.6441021430080324
0.6441425042729241
0.644454035129832
0.644169726083653
0.6441775603923589
0.6441505311950486
0.6442930743283698
0.6444348167213083
0.6442508404389193
0.6442187885781955
0.6442300126003209
0.6442018728575519
0.6440523280570429
0.644199785036845
0.6442299892920372
0.6442207299696946
0.6442634613897261
0.6442358909427539
0.6439810145008253
