[1, 79, 3121]
[0, 2, 80]
[1, 3, 3123]
[2, 4, 82]
[3, 5, 3125]
[4, 6, 84]
[5, 7, 3127]
[6, 8, 86]
[7, 9, 3129]
[8, 10, 88]
[9, 11, 3131]
[10, 12, 90]
[11, 13, 3133]
[12, 14, 92]
[13, 15, 3135]
[14, 16, 94]
[15, 17, 3137]
[16, 18, 96]
[17, 19, 3139]
[18, 20, 98]
[19, 21, 3141]
[20, 22, 100]
[21, 23, 3143]
[22, 24, 102]
[23, 25, 3145]
[24, 26, 104]
[25, 27, 3147]
[26, 28, 106]
[27, 29, 3149]
[28, 30, 108]
[29, 31, 3151]
[30, 32, 110]
[31, 33, 3153]
[32, 34, 112]
[33, 35, 3155]
[34, 36, 114]
[35, 37, 3157]
[36, 38, 116]
[37, 39, 3159]
[38, 40, 118]
[39, 41, 3161]
[40, 42, 120]
[41, 43, 3163]
[42, 44, 122]
[43, 45, 3165]
[44, 46, 124]
[45, 47, 3167]
[46, 48, 126]
[47, 49, 3169]
[48, 50, 128]
[49, 51, 3171]
[50, 52, 130]
[51, 53, 3173]
[52, 54, 132]
[53, 55, 3175]
[54, 56, 134]
[55, 57, 3177]
[56, 58, 136]
[57, 59, 3179]
[58, 60, 138]
[59, 61, 3181]
[60, 62, 140]
[61, 63, 3183]
[62, 64, 142]
[63, 65, 3185]
[64, 66, 144]
[65, 67, 3187]
[66, 68, 146]
[67, 69, 3189]
[68, 70, 148]
[69, 71, 3191]
[70, 72, 150]
[71, 73, 3193]
[72, 74, 152]
[73, 75, 3195]
[74, 76, 154]
[75, 77, 3197]
[76, 78, 156]
[77, 79, 3199]
[0, 78, 158]
[1, 81, 159]
[80, 82, 160]
[3, 81, 83]
[82, 84, 162]
[5, 83, 85]
[84, 86, 164]
[7, 85, 87]
[86, 88, 166]
[9, 87, 89]
[88, 90, 168]
[11, 89, 91]
[90, 92, 170]
[13, 91, 93]
[92, 94, 172]
[15, 93, 95]
[94, 96, 174]
[17, 95, 97]
[96, 98, 176]
[19, 97, 99]
[98, 100, 178]
[21, 99, 101]
[100, 102, 180]
[23, 101, 103]
[102, 104, 182]
[25, 103, 105]
[104, 106, 184]
[27, 105, 107]
[106, 108, 186]
[29, 107, 109]
[108, 110, 188]
[31, 109, 111]
[110, 112, 190]
[33, 111, 113]
[112, 114, 192]
[35, 113, 115]
[114, 116, 194]
[37, 115, 117]
[116, 118, 196]
[39, 117, 119]
[118, 120, 198]
[41, 119, 121]
[120, 122, 200]
[43, 121, 123]
[122, 124, 202]
[45, 123, 125]
[124, 126, 204]
[47, 125, 127]
[126, 128, 206]
[49, 127, 129]
[128, 130, 208]
[51, 129, 131]
[130, 132, 210]
[53, 131, 133]
[132, 134, 212]
[55, 133, 135]
[134, 136, 214]
[57, 135, 137]
[136, 138, 216]
[59, 137, 139]
[138, 140, 218]
[61, 139, 141]
[140, 142, 220]
[63, 141, 143]
[142, 144, 222]
[65, 143, 145]
[144, 146, 224]
[67, 145, 147]
[146, 148, 226]
[69, 147, 149]
[148, 150, 228]
[71, 149, 151]
[150, 152, 230]
[73, 151, 153]
[152, 154, 232]
[75, 153, 155]
[154, 156, 234]
[77, 155, 157]
[156, 158, 236]
[79, 157, 159]
[80, 158, 238]
[81, 161, 239]
[160, 162, 240]
[83, 161, 163]
[162, 164, 242]
[85, 163, 165]
[164, 166, 244]
[87, 165, 167]
[166, 168, 246]
[89, 167, 169]
[168, 170, 248]
[91, 169, 171]
[170, 172, 250]
[93, 171, 173]
[172, 174, 252]
[95, 173, 175]
[174, 176, 254]
[97, 175, 177]
[176, 178, 256]
[99, 177, 179]
[178, 180, 258]
[101, 179, 181]
[180, 182, 260]
[103, 181, 183]
[182, 184, 262]
[105, 183, 185]
[184, 186, 264]
[107, 185, 187]
[186, 188, 266]
[109, 187, 189]
[188, 190, 268]
[111, 189, 191]
[190, 192, 270]
[113, 191, 193]
[192, 194, 272]
[115, 193, 195]
[194, 196, 274]
[117, 195, 197]
[196, 198, 276]
[119, 197, 199]
[198, 200, 278]
[121, 199, 201]
[200, 202, 280]
[123, 201, 203]
[202, 204, 282]
[125, 203, 205]
[204, 206, 284]
[127, 205, 207]
[206, 208, 286]
[129, 207, 209]
[208, 210, 288]
[131, 209, 211]
[210, 212, 290]
[133, 211, 213]
[212, 214, 292]
[135, 213, 215]
[214, 216, 294]
[137, 215, 217]
[216, 218, 296]
[139, 217, 219]
[218, 220, 298]
[141, 219, 221]
[220, 222, 300]
[143, 221, 223]
[222, 224, 302]
[145, 223, 225]
[224, 226, 304]
[147, 225, 227]
[226, 228, 306]
[149, 227, 229]
[228, 230, 308]
[151, 229, 231]
[230, 232, 310]
[153, 231, 233]
[232, 234, 312]
[155, 233, 235]
[234, 236, 314]
[157, 235, 237]
[236, 238, 316]
[159, 237, 239]
[160, 238, 318]
[161, 241, 319]
[240, 242, 320]
[163, 241, 243]
[242, 244, 322]
[165, 243, 245]
[244, 246, 324]
[167, 245, 247]
[246, 248, 326]
[169, 247, 249]
[248, 250, 328]
[171, 249, 251]
[250, 252, 330]
[173, 251, 253]
[252, 254, 332]
[175, 253, 255]
[254, 256, 334]
[177, 255, 257]
[256, 258, 336]
[179, 257, 259]
[258, 260, 338]
[181, 259, 261]
[260, 262, 340]
[183, 261, 263]
[262, 264, 342]
[185, 263, 265]
[264, 266, 344]
[187, 265, 267]
[266, 268, 346]
[189, 267, 269]
[268, 270, 348]
[191, 269, 271]
[270, 272, 350]
[193, 271, 273]
[272, 274, 352]
[195, 273, 275]
[274, 276, 354]
[197, 275, 277]
[276, 278, 356]
[199, 277, 279]
[278, 280, 358]
[201, 279, 281]
[280, 282, 360]
[203, 281, 283]
[282, 284, 362]
[205, 283, 285]
[284, 286, 364]
[207, 285, 287]
[286, 288, 366]
[209, 287, 289]
[288, 290, 368]
[211, 289, 291]
[290, 292, 370]
[213, 291, 293]
[292, 294, 372]
[215, 293, 295]
[294, 296, 374]
[217, 295, 297]
[296, 298, 376]
[219, 297, 299]
[298, 300, 378]
[221, 299, 301]
[300, 302, 380]
[223, 301, 303]
[302, 304, 382]
[225, 303, 305]
[304, 306, 384]
[227, 305, 307]
[306, 308, 386]
[229, 307, 309]
[308, 310, 388]
[231, 309, 311]
[310, 312, 390]
[233, 311, 313]
[312, 314, 392]
[235, 313, 315]
[314, 316, 394]
[237, 315, 317]
[316, 318, 396]
[239, 317, 319]
[240, 318, 398]
[241, 321, 399]
[320, 322, 400]
[243, 321, 323]
[322, 324, 402]
[245, 323, 325]
[324, 326, 404]
[247, 325, 327]
[326, 328, 406]
[249, 327, 329]
[328, 330, 408]
[251, 329, 331]
[330, 332, 410]
[253, 331, 333]
[332, 334, 412]
[255, 333, 335]
[334, 336, 414]
[257, 335, 337]
[336, 338, 416]
[259, 337, 339]
[338, 340, 418]
[261, 339, 341]
[340, 342, 420]
[263, 341, 343]
[342, 344, 422]
[265, 343, 345]
[344, 346, 424]
[267, 345, 347]
[346, 348, 426]
[269, 347, 349]
[348, 350, 428]
[271, 349, 351]
[350, 352, 430]
[273, 351, 353]
[352, 354, 432]
[275, 353, 355]
[354, 356, 434]
[277, 355, 357]
[356, 358, 436]
[279, 357, 359]
[358, 360, 438]
[281, 359, 361]
[360, 362, 440]
[283, 361, 363]
[362, 364, 442]
[285, 363, 365]
[364, 366, 444]
[287, 365, 367]
[366, 368, 446]
[289, 367, 369]
[368, 370, 448]
[291, 369, 371]
[370, 372, 450]
[293, 371, 373]
[372, 374, 452]
[295, 373, 375]
[374, 376, 454]
[297, 375, 377]
[376, 378, 456]
[299, 377, 379]
[378, 380, 458]
[301, 379, 381]
[380, 382, 460]
[303, 381, 383]
[382, 384, 462]
[305, 383, 385]
[384, 386, 464]
[307, 385, 387]
[386, 388, 466]
[309, 387, 389]
[388, 390, 468]
[311, 389, 391]
[390, 392, 470]
[313, 391, 393]
[392, 394, 472]
[315, 393, 395]
[394, 396, 474]
[317, 395, 397]
[396, 398, 476]
[319, 397, 399]
[320, 398, 478]
[321, 401, 479]
[400, 402, 480]
[323, 401, 403]
[402, 404, 482]
[325, 403, 405]
[404, 406, 484]
[327, 405, 407]
[406, 408, 486]
[329, 407, 409]
[408, 410, 488]
[331, 409, 411]
[410, 412, 490]
[333, 411, 413]
[412, 414, 492]
[335, 413, 415]
[414, 416, 494]
[337, 415, 417]
[416, 418, 496]
[339, 417, 419]
[418, 420, 498]
[341, 419, 421]
[420, 422, 500]
[343, 421, 423]
[422, 424, 502]
[345, 423, 425]
[424, 426, 504]
[347, 425, 427]
[426, 428, 506]
[349, 427, 429]
[428, 430, 508]
[351, 429, 431]
[430, 432, 510]
[353, 431, 433]
[432, 434, 512]
[355, 433, 435]
[434, 436, 514]
[357, 435, 437]
[436, 438, 516]
[359, 437, 439]
[438, 440, 518]
[361, 439, 441]
[440, 442, 520]
[363, 441, 443]
[442, 444, 522]
[365, 443, 445]
[444, 446, 524]
[367, 445, 447]
[446, 448, 526]
[369, 447, 449]
[448, 450, 528]
[371, 449, 451]
[450, 452, 530]
[373, 451, 453]
[452, 454, 532]
[375, 453, 455]
[454, 456, 534]
[377, 455, 457]
[456, 458, 536]
[379, 457, 459]
[458, 460, 538]
[381, 459, 461]
[460, 462, 540]
[383, 461, 463]
[462, 464, 542]
[385, 463, 465]
[464, 466, 544]
[387, 465, 467]
[466, 468, 546]
[389, 467, 469]
[468, 470, 548]
[391, 469, 471]
[470, 472, 550]
[393, 471, 473]
[472, 474, 552]
[395, 473, 475]
[474, 476, 554]
[397, 475, 477]
[476, 478, 556]
[399, 477, 479]
[400, 478, 558]
[401, 481, 559]
[480, 482, 560]
[403, 481, 483]
[482, 484, 562]
[405, 483, 485]
[484, 486, 564]
[407, 485, 487]
[486, 488, 566]
[409, 487, 489]
[488, 490, 568]
[411, 489, 491]
[490, 492, 570]
[413, 491, 493]
[492, 494, 572]
[415, 493, 495]
[494, 496, 574]
[417, 495, 497]
[496, 498, 576]
[419, 497, 499]
[498, 500, 578]
[421, 499, 501]
[500, 502, 580]
[423, 501, 503]
[502, 504, 582]
[425, 503, 505]
[504, 506, 584]
[427, 505, 507]
[506, 508, 586]
[429, 507, 509]
[508, 510, 588]
[431, 509, 511]
[510, 512, 590]
[433, 511, 513]
[512, 514, 592]
[435, 513, 515]
[514, 516, 594]
[437, 515, 517]
[516, 518, 596]
[439, 517, 519]
[518, 520, 598]
[441, 519, 521]
[520, 522, 600]
[443, 521, 523]
[522, 524, 602]
[445, 523, 525]
[524, 526, 604]
[447, 525, 527]
[526, 528, 606]
[449, 527, 529]
[528, 530, 608]
[451, 529, 531]
[530, 532, 610]
[453, 531, 533]
[532, 534, 612]
[455, 533, 535]
[534, 536, 614]
[457, 535, 537]
[536, 538, 616]
[459, 537, 539]
[538, 540, 618]
[461, 539, 541]
[540, 542, 620]
[463, 541, 543]
[542, 544, 622]
[465, 543, 545]
[544, 546, 624]
[467, 545, 547]
[546, 548, 626]
[469, 547, 549]
[548, 550, 628]
[471, 549, 551]
[550, 552, 630]
[473, 551, 553]
[552, 554, 632]
[475, 553, 555]
[554, 556, 634]
[477, 555, 557]
[556, 558, 636]
[479, 557, 559]
[480, 558, 638]
[481, 561, 639]
[560, 562, 640]
[483, 561, 563]
[562, 564, 642]
[485, 563, 565]
[564, 566, 644]
[487, 565, 567]
[566, 568, 646]
[489, 567, 569]
[568, 570, 648]
[491, 569, 571]
[570, 572, 650]
[493, 571, 573]
[572, 574, 652]
[495, 573, 575]
[574, 576, 654]
[497, 575, 577]
[576, 578, 656]
[499, 577, 579]
[578, 580, 658]
[501, 579, 581]
[580, 582, 660]
[503, 581, 583]
[582, 584, 662]
[505, 583, 585]
[584, 586, 664]
[507, 585, 587]
[586, 588, 666]
[509, 587, 589]
[588, 590, 668]
[511, 589, 591]
[590, 592, 670]
[513, 591, 593]
[592, 594, 672]
[515, 593, 595]
[594, 596, 674]
[517, 595, 597]
[596, 598, 676]
[519, 597, 599]
[598, 600, 678]
[521, 599, 601]
[600, 602, 680]
[523, 601, 603]
[602, 604, 682]
[525, 603, 605]
[604, 606, 684]
[527, 605, 607]
[606, 608, 686]
[529, 607, 609]
[608, 610, 688]
[531, 609, 611]
[610, 612, 690]
[533, 611, 613]
[612, 614, 692]
[535, 613, 615]
[614, 616, 694]
[537, 615, 617]
[616, 618, 696]
[539, 617, 619]
[618, 620, 698]
[541, 619, 621]
[620, 622, 700]
[543, 621, 623]
[622, 624, 702]
[545, 623, 625]
[624, 626, 704]
[547, 625, 627]
[626, 628, 706]
[549, 627, 629]
[628, 630, 708]
[551, 629, 631]
[630, 632, 710]
[553, 631, 633]
[632, 634, 712]
[555, 633, 635]
[634, 636, 714]
[557, 635, 637]
[636, 638, 716]
[559, 637, 639]
[560, 638, 718]
[561, 641, 719]
[640, 642, 720]
[563, 641, 643]
[642, 644, 722]
[565, 643, 645]
[644, 646, 724]
[567, 645, 647]
[646, 648, 726]
[569, 647, 649]
[648, 650, 728]
[571, 649, 651]
[650, 652, 730]
[573, 651, 653]
[652, 654, 732]
[575, 653, 655]
[654, 656, 734]
[577, 655, 657]
[656, 658, 736]
[579, 657, 659]
[658, 660, 738]
[581, 659, 661]
[660, 662, 740]
[583, 661, 663]
[662, 664, 742]
[585, 663, 665]
[664, 666, 744]
[587, 665, 667]
[666, 668, 746]
[589, 667, 669]
[668, 670, 748]
[591, 669, 671]
[670, 672, 750]
[593, 671, 673]
[672, 674, 752]
[595, 673, 675]
[674, 676, 754]
[597, 675, 677]
[676, 678, 756]
[599, 677, 679]
[678, 680, 758]
[601, 679, 681]
[680, 682, 760]
[603, 681, 683]
[682, 684, 762]
[605, 683, 685]
[684, 686, 764]
[607, 685, 687]
[686, 688, 766]
[609, 687, 689]
[688, 690, 768]
[611, 689, 691]
[690, 692, 770]
[613, 691, 693]
[692, 694, 772]
[615, 693, 695]
[694, 696, 774]
[617, 695, 697]
[696, 698, 776]
[619, 697, 699]
[698, 700, 778]
[621, 699, 701]
[700, 702, 780]
[623, 701, 703]
[702, 704, 782]
[625, 703, 705]
[704, 706, 784]
[627, 705, 707]
[706, 708, 786]
[629, 707, 709]
[708, 710, 788]
[631, 709, 711]
[710, 712, 790]
[633, 711, 713]
[712, 714, 792]
[635, 713, 715]
[714, 716, 794]
[637, 715, 717]
[716, 718, 796]
[639, 717, 719]
[640, 718, 798]
[641, 721, 799]
[720, 722, 800]
[643, 721, 723]
[722, 724, 802]
[645, 723, 725]
[724, 726, 804]
[647, 725, 727]
[726, 728, 806]
[649, 727, 729]
[728, 730, 808]
[651, 729, 731]
[730, 732, 810]
[653, 731, 733]
[732, 734, 812]
[655, 733, 735]
[734, 736, 814]
[657, 735, 737]
[736, 738, 816]
[659, 737, 739]
[738, 740, 818]
[661, 739, 741]
[740, 742, 820]
[663, 741, 743]
[742, 744, 822]
[665, 743, 745]
[744, 746, 824]
[667, 745, 747]
[746, 748, 826]
[669, 747, 749]
[748, 750, 828]
[671, 749, 751]
[750, 752, 830]
[673, 751, 753]
[752, 754, 832]
[675, 753, 755]
[754, 756, 834]
[677, 755, 757]
[756, 758, 836]
[679, 757, 759]
[758, 760, 838]
[681, 759, 761]
[760, 762, 840]
[683, 761, 763]
[762, 764, 842]
[685, 763, 765]
[764, 766, 844]
[687, 765, 767]
[766, 768, 846]
[689, 767, 769]
[768, 770, 848]
[691, 769, 771]
[770, 772, 850]
[693, 771, 773]
[772, 774, 852]
[695, 773, 775]
[774, 776, 854]
[697, 775, 777]
[776, 778, 856]
[699, 777, 779]
[778, 780, 858]
[701, 779, 781]
[780, 782, 860]
[703, 781, 783]
[782, 784, 862]
[705, 783, 785]
[784, 786, 864]
[707, 785, 787]
[786, 788, 866]
[709, 787, 789]
[788, 790, 868]
[711, 789, 791]
[790, 792, 870]
[713, 791, 793]
[792, 794, 872]
[715, 793, 795]
[794, 796, 874]
[717, 795, 797]
[796, 798, 876]
[719, 797, 799]
[720, 798, 878]
[721, 801, 879]
[800, 802, 880]
[723, 801, 803]
[802, 804, 882]
[725, 803, 805]
[804, 806, 884]
[727, 805, 807]
[806, 808, 886]
[729, 807, 809]
[808, 810, 888]
[731, 809, 811]
[810, 812, 890]
[733, 811, 813]
[812, 814, 892]
[735, 813, 815]
[814, 816, 894]
[737, 815, 817]
[816, 818, 896]
[739, 817, 819]
[818, 820, 898]
[741, 819, 821]
[820, 822, 900]
[743, 821, 823]
[822, 824, 902]
[745, 823, 825]
[824, 826, 904]
[747, 825, 827]
[826, 828, 906]
[749, 827, 829]
[828, 830, 908]
[751, 829, 831]
[830, 832, 910]
[753, 831, 833]
[832, 834, 912]
[755, 833, 835]
[834, 836, 914]
[757, 835, 837]
[836, 838, 916]
[759, 837, 839]
[838, 840, 918]
[761, 839, 841]
[840, 842, 920]
[763, 841, 843]
[842, 844, 922]
[765, 843, 845]
[844, 846, 924]
[767, 845, 847]
[846, 848, 926]
[769, 847, 849]
[848, 850, 928]
[771, 849, 851]
[850, 852, 930]
[773, 851, 853]
[852, 854, 932]
[775, 853, 855]
[854, 856, 934]
[777, 855, 857]
[856, 858, 936]
[779, 857, 859]
[858, 860, 938]
[781, 859, 861]
[860, 862, 940]
[783, 861, 863]
[862, 864, 942]
[785, 863, 865]
[864, 866, 944]
[787, 865, 867]
[866, 868, 946]
[789, 867, 869]
[868, 870, 948]
[791, 869, 871]
[870, 872, 950]
[793, 871, 873]
[872, 874, 952]
[795, 873, 875]
[874, 876, 954]
[797, 875, 877]
[876, 878, 956]
[799, 877, 879]
[800, 878, 958]
[801, 881, 959]
[880, 882, 960]
[803, 881, 883]
[882, 884, 962]
[805, 883, 885]
[884, 886, 964]
[807, 885, 887]
[886, 888, 966]
[809, 887, 889]
[888, 890, 968]
[811, 889, 891]
[890, 892, 970]
[813, 891, 893]
[892, 894, 972]
[815, 893, 895]
[894, 896, 974]
[817, 895, 897]
[896, 898, 976]
[819, 897, 899]
[898, 900, 978]
[821, 899, 901]
[900, 902, 980]
[823, 901, 903]
[902, 904, 982]
[825, 903, 905]
[904, 906, 984]
[827, 905, 907]
[906, 908, 986]
[829, 907, 909]
[908, 910, 988]
[831, 909, 911]
[910, 912, 990]
[833, 911, 913]
[912, 914, 992]
[835, 913, 915]
[914, 916, 994]
[837, 915, 917]
[916, 918, 996]
[839, 917, 919]
[918, 920, 998]
[841, 919, 921]
[920, 922, 1000]
[843, 921, 923]
[922, 924, 1002]
[845, 923, 925]
[924, 926, 1004]
[847, 925, 927]
[926, 928, 1006]
[849, 927, 929]
[928, 930, 1008]
[851, 929, 931]
[930, 932, 1010]
[853, 931, 933]
[932, 934, 1012]
[855, 933, 935]
[934, 936, 1014]
[857, 935, 937]
[936, 938, 1016]
[859, 937, 939]
[938, 940, 1018]
[861, 939, 941]
[940, 942, 1020]
[863, 941, 943]
[942, 944, 1022]
[865, 943, 945]
[944, 946, 1024]
[867, 945, 947]
[946, 948, 1026]
[869, 947, 949]
[948, 950, 1028]
[871, 949, 951]
[950, 952, 1030]
[873, 951, 953]
[952, 954, 1032]
[875, 953, 955]
[954, 956, 1034]
[877, 955, 957]
[956, 958, 1036]
[879, 957, 959]
[880, 958, 1038]
[881, 961, 1039]
[960, 962, 1040]
[883, 961, 963]
[962, 964, 1042]
[885, 963, 965]
[964, 966, 1044]
[887, 965, 967]
[966, 968, 1046]
[889, 967, 969]
[968, 970, 1048]
[891, 969, 971]
[970, 972, 1050]
[893, 971, 973]
[972, 974, 1052]
[895, 973, 975]
[974, 976, 1054]
[897, 975, 977]
[976, 978, 1056]
[899, 977, 979]
[978, 980, 1058]
[901, 979, 981]
[980, 982, 1060]
[903, 981, 983]
[982, 984, 1062]
[905, 983, 985]
[984, 986, 1064]
[907, 985, 987]
[986, 988, 1066]
[909, 987, 989]
[988, 990, 1068]
[911, 989, 991]
[990, 992, 1070]
[913, 991, 993]
[992, 994, 1072]
[915, 993, 995]
[994, 996, 1074]
[917, 995, 997]
[996, 998, 1076]
[919, 997, 999]
[998, 1000, 1078]
[921, 999, 1001]
[1000, 1002, 1080]
[923, 1001, 1003]
[1002, 1004, 1082]
[925, 1003, 1005]
[1004, 1006, 1084]
[927, 1005, 1007]
[1006, 1008, 1086]
[929, 1007, 1009]
[1008, 1010, 1088]
[931, 1009, 1011]
[1010, 1012, 1090]
[933, 1011, 1013]
[1012, 1014, 1092]
[935, 1013, 1015]
[1014, 1016, 1094]
[937, 1015, 1017]
[1016, 1018, 1096]
[939, 1017, 1019]
[1018, 1020, 1098]
[941, 1019, 1021]
[1020, 1022, 1100]
[943, 1021, 1023]
[1022, 1024, 1102]
[945, 1023, 1025]
[1024, 1026, 1104]
[947, 1025, 1027]
[1026, 1028, 1106]
[949, 1027, 1029]
[1028, 1030, 1108]
[951, 1029, 1031]
[1030, 1032, 1110]
[953, 1031, 1033]
[1032, 1034, 1112]
[955, 1033, 1035]
[1034, 1036, 1114]
[957, 1035, 1037]
[1036, 1038, 1116]
[959, 1037, 1039]
[960, 1038, 1118]
[961, 1041, 1119]
[1040, 1042, 1120]
[963, 1041, 1043]
[1042, 1044, 1122]
[965, 1043, 1045]
[1044, 1046, 1124]
[967, 1045, 1047]
[1046, 1048, 1126]
[969, 1047, 1049]
[1048, 1050, 1128]
[971, 1049, 1051]
[1050, 1052, 1130]
[973, 1051, 1053]
[1052, 1054, 1132]
[975, 1053, 1055]
[1054, 1056, 1134]
[977, 1055, 1057]
[1056, 1058, 1136]
[979, 1057, 1059]
[1058, 1060, 1138]
[981, 1059, 1061]
[1060, 1062, 1140]
[983, 1061, 1063]
[1062, 1064, 1142]
[985, 1063, 1065]
[1064, 1066, 1144]
[987, 1065, 1067]
[1066, 1068, 1146]
[989, 1067, 1069]
[1068, 1070, 1148]
[991, 1069, 1071]
[1070, 1072, 1150]
[993, 1071, 1073]
[1072, 1074, 1152]
[995, 1073, 1075]
[1074, 1076, 1154]
[997, 1075, 1077]
[1076, 1078, 1156]
[999, 1077, 1079]
[1078, 1080, 1158]
[1001, 1079, 1081]
[1080, 1082, 1160]
[1003, 1081, 1083]
[1082, 1084, 1162]
[1005, 1083, 1085]
[1084, 1086, 1164]
[1007, 1085, 1087]
[1086, 1088, 1166]
[1009, 1087, 1089]
[1088, 1090, 1168]
[1011, 1089, 1091]
[1090, 1092, 1170]
[1013, 1091, 1093]
[1092, 1094, 1172]
[1015, 1093, 1095]
[1094, 1096, 1174]
[1017, 1095, 1097]
[1096, 1098, 1176]
[1019, 1097, 1099]
[1098, 1100, 1178]
[1021, 1099, 1101]
[1100, 1102, 1180]
[1023, 1101, 1103]
[1102, 1104, 1182]
[1025, 1103, 1105]
[1104, 1106, 1184]
[1027, 1105, 1107]
[1106, 1108, 1186]
[1029, 1107, 1109]
[1108, 1110, 1188]
[1031, 1109, 1111]
[1110, 1112, 1190]
[1033, 1111, 1113]
[1112, 1114, 1192]
[1035, 1113, 1115]
[1114, 1116, 1194]
[1037, 1115, 1117]
[1116, 1118, 1196]
[1039, 1117, 1119]
[1040, 1118, 1198]
[1041, 1121, 1199]
[1120, 1122, 1200]
[1043, 1121, 1123]
[1122, 1124, 1202]
[1045, 1123, 1125]
[1124, 1126, 1204]
[1047, 1125, 1127]
[1126, 1128, 1206]
[1049, 1127, 1129]
[1128, 1130, 1208]
[1051, 1129, 1131]
[1130, 1132, 1210]
[1053, 1131, 1133]
[1132, 1134, 1212]
[1055, 1133, 1135]
[1134, 1136, 1214]
[1057, 1135, 1137]
[1136, 1138, 1216]
[1059, 1137, 1139]
[1138, 1140, 1218]
[1061, 1139, 1141]
[1140, 1142, 1220]
[1063, 1141, 1143]
[1142, 1144, 1222]
[1065, 1143, 1145]
[1144, 1146, 1224]
[1067, 1145, 1147]
[1146, 1148, 1226]
[1069, 1147, 1149]
[1148, 1150, 1228]
[1071, 1149, 1151]
[1150, 1152, 1230]
[1073, 1151, 1153]
[1152, 1154, 1232]
[1075, 1153, 1155]
[1154, 1156, 1234]
[1077, 1155, 1157]
[1156, 1158, 1236]
[1079, 1157, 1159]
[1158, 1160, 1238]
[1081, 1159, 1161]
[1160, 1162, 1240]
[1083, 1161, 1163]
[1162, 1164, 1242]
[1085, 1163, 1165]
[1164, 1166, 1244]
[1087, 1165, 1167]
[1166, 1168, 1246]
[1089, 1167, 1169]
[1168, 1170, 1248]
[1091, 1169, 1171]
[1170, 1172, 1250]
[1093, 1171, 1173]
[1172, 1174, 1252]
[1095, 1173, 1175]
[1174, 1176, 1254]
[1097, 1175, 1177]
[1176, 1178, 1256]
[1099, 1177, 1179]
[1178, 1180, 1258]
[1101, 1179, 1181]
[1180, 1182, 1260]
[1103, 1181, 1183]
[1182, 1184, 1262]
[1105, 1183, 1185]
[1184, 1186, 1264]
[1107, 1185, 1187]
[1186, 1188, 1266]
[1109, 1187, 1189]
[1188, 1190, 1268]
[1111, 1189, 1191]
[1190, 1192, 1270]
[1113, 1191, 1193]
[1192, 1194, 1272]
[1115, 1193, 1195]
[1194, 1196, 1274]
[1117, 1195, 1197]
[1196, 1198, 1276]
[1119, 1197, 1199]
[1120, 1198, 1278]
[1121, 1201, 1279]
[1200, 1202, 1280]
[1123, 1201, 1203]
[1202, 1204, 1282]
[1125, 1203, 1205]
[1204, 1206, 1284]
[1127, 1205, 1207]
[1206, 1208, 1286]
[1129, 1207, 1209]
[1208, 1210, 1288]
[1131, 1209, 1211]
[1210, 1212, 1290]
[1133, 1211, 1213]
[1212, 1214, 1292]
[1135, 1213, 1215]
[1214, 1216, 1294]
[1137, 1215, 1217]
[1216, 1218, 1296]
[1139, 1217, 1219]
[1218, 1220, 1298]
[1141, 1219, 1221]
[1220, 1222, 1300]
[1143, 1221, 1223]
[1222, 1224, 1302]
[1145, 1223, 1225]
[1224, 1226, 1304]
[1147, 1225, 1227]
[1226, 1228, 1306]
[1149, 1227, 1229]
[1228, 1230, 1308]
[1151, 1229, 1231]
[1230, 1232, 1310]
[1153, 1231, 1233]
[1232, 1234, 1312]
[1155, 1233, 1235]
[1234, 1236, 1314]
[1157, 1235, 1237]
[1236, 1238, 1316]
[1159, 1237, 1239]
[1238, 1240, 1318]
[1161, 1239, 1241]
[1240, 1242, 1320]
[1163, 1241, 1243]
[1242, 1244, 1322]
[1165, 1243, 1245]
[1244, 1246, 1324]
[1167, 1245, 1247]
[1246, 1248, 1326]
[1169, 1247, 1249]
[1248, 1250, 1328]
[1171, 1249, 1251]
[1250, 1252, 1330]
[1173, 1251, 1253]
[1252, 1254, 1332]
[1175, 1253, 1255]
[1254, 1256, 1334]
[1177, 1255, 1257]
[1256, 1258, 1336]
[1179, 1257, 1259]
[1258, 1260, 1338]
[1181, 1259, 1261]
[1260, 1262, 1340]
[1183, 1261, 1263]
[1262, 1264, 1342]
[1185, 1263, 1265]
[1264, 1266, 1344]
[1187, 1265, 1267]
[1266, 1268, 1346]
[1189, 1267, 1269]
[1268, 1270, 1348]
[1191, 1269, 1271]
[1270, 1272, 1350]
[1193, 1271, 1273]
[1272, 1274, 1352]
[1195, 1273, 1275]
[1274, 1276, 1354]
[1197, 1275, 1277]
[1276, 1278, 1356]
[1199, 1277, 1279]
[1200, 1278, 1358]
[1201, 1281, 1359]
[1280, 1282, 1360]
[1203, 1281, 1283]
[1282, 1284, 1362]
[1205, 1283, 1285]
[1284, 1286, 1364]
[1207, 1285, 1287]
[1286, 1288, 1366]
[1209, 1287, 1289]
[1288, 1290, 1368]
[1211, 1289, 1291]
[1290, 1292, 1370]
[1213, 1291, 1293]
[1292, 1294, 1372]
[1215, 1293, 1295]
[1294, 1296, 1374]
[1217, 1295, 1297]
[1296, 1298, 1376]
[1219, 1297, 1299]
[1298, 1300, 1378]
[1221, 1299, 1301]
[1300, 1302, 1380]
[1223, 1301, 1303]
[1302, 1304, 1382]
[1225, 1303, 1305]
[1304, 1306, 1384]
[1227, 1305, 1307]
[1306, 1308, 1386]
[1229, 1307, 1309]
[1308, 1310, 1388]
[1231, 1309, 1311]
[1310, 1312, 1390]
[1233, 1311, 1313]
[1312, 1314, 1392]
[1235, 1313, 1315]
[1314, 1316, 1394]
[1237, 1315, 1317]
[1316, 1318, 1396]
[1239, 1317, 1319]
[1318, 1320, 1398]
[1241, 1319, 1321]
[1320, 1322, 1400]
[1243, 1321, 1323]
[1322, 1324, 1402]
[1245, 1323, 1325]
[1324, 1326, 1404]
[1247, 1325, 1327]
[1326, 1328, 1406]
[1249, 1327, 1329]
[1328, 1330, 1408]
[1251, 1329, 1331]
[1330, 1332, 1410]
[1253, 1331, 1333]
[1332, 1334, 1412]
[1255, 1333, 1335]
[1334, 1336, 1414]
[1257, 1335, 1337]
[1336, 1338, 1416]
[1259, 1337, 1339]
[1338, 1340, 1418]
[1261, 1339, 1341]
[1340, 1342, 1420]
[1263, 1341, 1343]
[1342, 1344, 1422]
[1265, 1343, 1345]
[1344, 1346, 1424]
[1267, 1345, 1347]
[1346, 1348, 1426]
[1269, 1347, 1349]
[1348, 1350, 1428]
[1271, 1349, 1351]
[1350, 1352, 1430]
[1273, 1351, 1353]
[1352, 1354, 1432]
[1275, 1353, 1355]
[1354, 1356, 1434]
[1277, 1355, 1357]
[1356, 1358, 1436]
[1279, 1357, 1359]
[1280, 1358, 1438]
[1281, 1361, 1439]
[1360, 1362, 1440]
[1283, 1361, 1363]
[1362, 1364, 1442]
[1285, 1363, 1365]
[1364, 1366, 1444]
[1287, 1365, 1367]
[1366, 1368, 1446]
[1289, 1367, 1369]
[1368, 1370, 1448]
[1291, 1369, 1371]
[1370, 1372, 1450]
[1293, 1371, 1373]
[1372, 1374, 1452]
[1295, 1373, 1375]
[1374, 1376, 1454]
[1297, 1375, 1377]
[1376, 1378, 1456]
[1299, 1377, 1379]
[1378, 1380, 1458]
[1301, 1379, 1381]
[1380, 1382, 1460]
[1303, 1381, 1383]
[1382, 1384, 1462]
[1305, 1383, 1385]
[1384, 1386, 1464]
[1307, 1385, 1387]
[1386, 1388, 1466]
[1309, 1387, 1389]
[1388, 1390, 1468]
[1311, 1389, 1391]
[1390, 1392, 1470]
[1313, 1391, 1393]
[1392, 1394, 1472]
[1315, 1393, 1395]
[1394, 1396, 1474]
[1317, 1395, 1397]
[1396, 1398, 1476]
[1319, 1397, 1399]
[1398, 1400, 1478]
[1321, 1399, 1401]
[1400, 1402, 1480]
[1323, 1401, 1403]
[1402, 1404, 1482]
[1325, 1403, 1405]
[1404, 1406, 1484]
[1327, 1405, 1407]
[1406, 1408, 1486]
[1329, 1407, 1409]
[1408, 1410, 1488]
[1331, 1409, 1411]
[1410, 1412, 1490]
[1333, 1411, 1413]
[1412, 1414, 1492]
[1335, 1413, 1415]
[1414, 1416, 1494]
[1337, 1415, 1417]
[1416, 1418, 1496]
[1339, 1417, 1419]
[1418, 1420, 1498]
[1341, 1419, 1421]
[1420, 1422, 1500]
[1343, 1421, 1423]
[1422, 1424, 1502]
[1345, 1423, 1425]
[1424, 1426, 1504]
[1347, 1425, 1427]
[1426, 1428, 1506]
[1349, 1427, 1429]
[1428, 1430, 1508]
[1351, 1429, 1431]
[1430, 1432, 1510]
[1353, 1431, 1433]
[1432, 1434, 1512]
[1355, 1433, 1435]
[1434, 1436, 1514]
[1357, 1435, 1437]
[1436, 1438, 1516]
[1359, 1437, 1439]
[1360, 1438, 1518]
[1361, 1441, 1519]
[1440, 1442, 1520]
[1363, 1441, 1443]
[1442, 1444, 1522]
[1365, 1443, 1445]
[1444, 1446, 1524]
[1367, 1445, 1447]
[1446, 1448, 1526]
[1369, 1447, 1449]
[1448, 1450, 1528]
[1371, 1449, 1451]
[1450, 1452, 1530]
[1373, 1451, 1453]
[1452, 1454, 1532]
[1375, 1453, 1455]
[1454, 1456, 1534]
[1377, 1455, 1457]
[1456, 1458, 1536]
[1379, 1457, 1459]
[1458, 1460, 1538]
[1381, 1459, 1461]
[1460, 1462, 1540]
[1383, 1461, 1463]
[1462, 1464, 1542]
[1385, 1463, 1465]
[1464, 1466, 1544]
[1387, 1465, 1467]
[1466, 1468, 1546]
[1389, 1467, 1469]
[1468, 1470, 1548]
[1391, 1469, 1471]
[1470, 1472, 1550]
[1393, 1471, 1473]
[1472, 1474, 1552]
[1395, 1473, 1475]
[1474, 1476, 1554]
[1397, 1475, 1477]
[1476, 1478, 1556]
[1399, 1477, 1479]
[1478, 1480, 1558]
[1401, 1479, 1481]
[1480, 1482, 1560]
[1403, 1481, 1483]
[1482, 1484, 1562]
[1405, 1483, 1485]
[1484, 1486, 1564]
[1407, 1485, 1487]
[1486, 1488, 1566]
[1409, 1487, 1489]
[1488, 1490, 1568]
[1411, 1489, 1491]
[1490, 1492, 1570]
[1413, 1491, 1493]
[1492, 1494, 1572]
[1415, 1493, 1495]
[1494, 1496, 1574]
[1417, 1495, 1497]
[1496, 1498, 1576]
[1419, 1497, 1499]
[1498, 1500, 1578]
[1421, 1499, 1501]
[1500, 1502, 1580]
[1423, 1501, 1503]
[1502, 1504, 1582]
[1425, 1503, 1505]
[1504, 1506, 1584]
[1427, 1505, 1507]
[1506, 1508, 1586]
[1429, 1507, 1509]
[1508, 1510, 1588]
[1431, 1509, 1511]
[1510, 1512, 1590]
[1433, 1511, 1513]
[1512, 1514, 1592]
[1435, 1513, 1515]
[1514, 1516, 1594]
[1437, 1515, 1517]
[1516, 1518, 1596]
[1439, 1517, 1519]
[1440, 1518, 1598]
[1441, 1521, 1599]
[1520, 1522, 1600]
[1443, 1521, 1523]
[1522, 1524, 1602]
[1445, 1523, 1525]
[1524, 1526, 1604]
[1447, 1525, 1527]
[1526, 1528, 1606]
[1449, 1527, 1529]
[1528, 1530, 1608]
[1451, 1529, 1531]
[1530, 1532, 1610]
[1453, 1531, 1533]
[1532, 1534, 1612]
[1455, 1533, 1535]
[1534, 1536, 1614]
[1457, 1535, 1537]
[1536, 1538, 1616]
[1459, 1537, 1539]
[1538, 1540, 1618]
[1461, 1539, 1541]
[1540, 1542, 1620]
[1463, 1541, 1543]
[1542, 1544, 1622]
[1465, 1543, 1545]
[1544, 1546, 1624]
[1467, 1545, 1547]
[1546, 1548, 1626]
[1469, 1547, 1549]
[1548, 1550, 1628]
[1471, 1549, 1551]
[1550, 1552, 1630]
[1473, 1551, 1553]
[1552, 1554, 1632]
[1475, 1553, 1555]
[1554, 1556, 1634]
[1477, 1555, 1557]
[1556, 1558, 1636]
[1479, 1557, 1559]
[1558, 1560, 1638]
[1481, 1559, 1561]
[1560, 1562, 1640]
[1483, 1561, 1563]
[1562, 1564, 1642]
[1485, 1563, 1565]
[1564, 1566, 1644]
[1487, 1565, 1567]
[1566, 1568, 1646]
[1489, 1567, 1569]
[1568, 1570, 1648]
[1491, 1569, 1571]
[1570, 1572, 1650]
[1493, 1571, 1573]
[1572, 1574, 1652]
[1495, 1573, 1575]
[1574, 1576, 1654]
[1497, 1575, 1577]
[1576, 1578, 1656]
[1499, 1577, 1579]
[1578, 1580, 1658]
[1501, 1579, 1581]
[1580, 1582, 1660]
[1503, 1581, 1583]
[1582, 1584, 1662]
[1505, 1583, 1585]
[1584, 1586, 1664]
[1507, 1585, 1587]
[1586, 1588, 1666]
[1509, 1587, 1589]
[1588, 1590, 1668]
[1511, 1589, 1591]
[1590, 1592, 1670]
[1513, 1591, 1593]
[1592, 1594, 1672]
[1515, 1593, 1595]
[1594, 1596, 1674]
[1517, 1595, 1597]
[1596, 1598, 1676]
[1519, 1597, 1599]
[1520, 1598, 1678]
[1521, 1601, 1679]
[1600, 1602, 1680]
[1523, 1601, 1603]
[1602, 1604, 1682]
[1525, 1603, 1605]
[1604, 1606, 1684]
[1527, 1605, 1607]
[1606, 1608, 1686]
[1529, 1607, 1609]
[1608, 1610, 1688]
[1531, 1609, 1611]
[1610, 1612, 1690]
[1533, 1611, 1613]
[1612, 1614, 1692]
[1535, 1613, 1615]
[1614, 1616, 1694]
[1537, 1615, 1617]
[1616, 1618, 1696]
[1539, 1617, 1619]
[1618, 1620, 1698]
[1541, 1619, 1621]
[1620, 1622, 1700]
[1543, 1621, 1623]
[1622, 1624, 1702]
[1545, 1623, 1625]
[1624, 1626, 1704]
[1547, 1625, 1627]
[1626, 1628, 1706]
[1549, 1627, 1629]
[1628, 1630, 1708]
[1551, 1629, 1631]
[1630, 1632, 1710]
[1553, 1631, 1633]
[1632, 1634, 1712]
[1555, 1633, 1635]
[1634, 1636, 1714]
[1557, 1635, 1637]
[1636, 1638, 1716]
[1559, 1637, 1639]
[1638, 1640, 1718]
[1561, 1639, 1641]
[1640, 1642, 1720]
[1563, 1641, 1643]
[1642, 1644, 1722]
[1565, 1643, 1645]
[1644, 1646, 1724]
[1567, 1645, 1647]
[1646, 1648, 1726]
[1569, 1647, 1649]
[1648, 1650, 1728]
[1571, 1649, 1651]
[1650, 1652, 1730]
[1573, 1651, 1653]
[1652, 1654, 1732]
[1575, 1653, 1655]
[1654, 1656, 1734]
[1577, 1655, 1657]
[1656, 1658, 1736]
[1579, 1657, 1659]
[1658, 1660, 1738]
[1581, 1659, 1661]
[1660, 1662, 1740]
[1583, 1661, 1663]
[1662, 1664, 1742]
[1585, 1663, 1665]
[1664, 1666, 1744]
[1587, 1665, 1667]
[1666, 1668, 1746]
[1589, 1667, 1669]
[1668, 1670, 1748]
[1591, 1669, 1671]
[1670, 1672, 1750]
[1593, 1671, 1673]
[1672, 1674, 1752]
[1595, 1673, 1675]
[1674, 1676, 1754]
[1597, 1675, 1677]
[1676, 1678, 1756]
[1599, 1677, 1679]
[1600, 1678, 1758]
[1601, 1681, 1759]
[1680, 1682, 1760]
[1603, 1681, 1683]
[1682, 1684, 1762]
[1605, 1683, 1685]
[1684, 1686, 1764]
[1607, 1685, 1687]
[1686, 1688, 1766]
[1609, 1687, 1689]
[1688, 1690, 1768]
[1611, 1689, 1691]
[1690, 1692, 1770]
[1613, 1691, 1693]
[1692, 1694, 1772]
[1615, 1693, 1695]
[1694, 1696, 1774]
[1617, 1695, 1697]
[1696, 1698, 1776]
[1619, 1697, 1699]
[1698, 1700, 1778]
[1621, 1699, 1701]
[1700, 1702, 1780]
[1623, 1701, 1703]
[1702, 1704, 1782]
[1625, 1703, 1705]
[1704, 1706, 1784]
[1627, 1705, 1707]
[1706, 1708, 1786]
[1629, 1707, 1709]
[1708, 1710, 1788]
[1631, 1709, 1711]
[1710, 1712, 1790]
[1633, 1711, 1713]
[1712, 1714, 1792]
[1635, 1713, 1715]
[1714, 1716, 1794]
[1637, 1715, 1717]
[1716, 1718, 1796]
[1639, 1717, 1719]
[1718, 1720, 1798]
[1641, 1719, 1721]
[1720, 1722, 1800]
[1643, 1721, 1723]
[1722, 1724, 1802]
[1645, 1723, 1725]
[1724, 1726, 1804]
[1647, 1725, 1727]
[1726, 1728, 1806]
[1649, 1727, 1729]
[1728, 1730, 1808]
[1651, 1729, 1731]
[1730, 1732, 1810]
[1653, 1731, 1733]
[1732, 1734, 1812]
[1655, 1733, 1735]
[1734, 1736, 1814]
[1657, 1735, 1737]
[1736, 1738, 1816]
[1659, 1737, 1739]
[1738, 1740, 1818]
[1661, 1739, 1741]
[1740, 1742, 1820]
[1663, 1741, 1743]
[1742, 1744, 1822]
[1665, 1743, 1745]
[1744, 1746, 1824]
[1667, 1745, 1747]
[1746, 1748, 1826]
[1669, 1747, 1749]
[1748, 1750, 1828]
[1671, 1749, 1751]
[1750, 1752, 1830]
[1673, 1751, 1753]
[1752, 1754, 1832]
[1675, 1753, 1755]
[1754, 1756, 1834]
[1677, 1755, 1757]
[1756, 1758, 1836]
[1679, 1757, 1759]
[1680, 1758, 1838]
[1681, 1761, 1839]
[1760, 1762, 1840]
[1683, 1761, 1763]
[1762, 1764, 1842]
[1685, 1763, 1765]
[1764, 1766, 1844]
[1687, 1765, 1767]
[1766, 1768, 1846]
[1689, 1767, 1769]
[1768, 1770, 1848]
[1691, 1769, 1771]
[1770, 1772, 1850]
[1693, 1771, 1773]
[1772, 1774, 1852]
[1695, 1773, 1775]
[1774, 1776, 1854]
[1697, 1775, 1777]
[1776, 1778, 1856]
[1699, 1777, 1779]
[1778, 1780, 1858]
[1701, 1779, 1781]
[1780, 1782, 1860]
[1703, 1781, 1783]
[1782, 1784, 1862]
[1705, 1783, 1785]
[1784, 1786, 1864]
[1707, 1785, 1787]
[1786, 1788, 1866]
[1709, 1787, 1789]
[1788, 1790, 1868]
[1711, 1789, 1791]
[1790, 1792, 1870]
[1713, 1791, 1793]
[1792, 1794, 1872]
[1715, 1793, 1795]
[1794, 1796, 1874]
[1717, 1795, 1797]
[1796, 1798, 1876]
[1719, 1797, 1799]
[1798, 1800, 1878]
[1721, 1799, 1801]
[1800, 1802, 1880]
[1723, 1801, 1803]
[1802, 1804, 1882]
[1725, 1803, 1805]
[1804, 1806, 1884]
[1727, 1805, 1807]
[1806, 1808, 1886]
[1729, 1807, 1809]
[1808, 1810, 1888]
[1731, 1809, 1811]
[1810, 1812, 1890]
[1733, 1811, 1813]
[1812, 1814, 1892]
[1735, 1813, 1815]
[1814, 1816, 1894]
[1737, 1815, 1817]
[1816, 1818, 1896]
[1739, 1817, 1819]
[1818, 1820, 1898]
[1741, 1819, 1821]
[1820, 1822, 1900]
[1743, 1821, 1823]
[1822, 1824, 1902]
[1745, 1823, 1825]
[1824, 1826, 1904]
[1747, 1825, 1827]
[1826, 1828, 1906]
[1749, 1827, 1829]
[1828, 1830, 1908]
[1751, 1829, 1831]
[1830, 1832, 1910]
[1753, 1831, 1833]
[1832, 1834, 1912]
[1755, 1833, 1835]
[1834, 1836, 1914]
[1757, 1835, 1837]
[1836, 1838, 1916]
[1759, 1837, 1839]
[1760, 1838, 1918]
[1761, 1841, 1919]
[1840, 1842, 1920]
[1763, 1841, 1843]
[1842, 1844, 1922]
[1765, 1843, 1845]
[1844, 1846, 1924]
[1767, 1845, 1847]
[1846, 1848, 1926]
[1769, 1847, 1849]
[1848, 1850, 1928]
[1771, 1849, 1851]
[1850, 1852, 1930]
[1773, 1851, 1853]
[1852, 1854, 1932]
[1775, 1853, 1855]
[1854, 1856, 1934]
[1777, 1855, 1857]
[1856, 1858, 1936]
[1779, 1857, 1859]
[1858, 1860, 1938]
[1781, 1859, 1861]
[1860, 1862, 1940]
[1783, 1861, 1863]
[1862, 1864, 1942]
[1785, 1863, 1865]
[1864, 1866, 1944]
[1787, 1865, 1867]
[1866, 1868, 1946]
[1789, 1867, 1869]
[1868, 1870, 1948]
[1791, 1869, 1871]
[1870, 1872, 1950]
[1793, 1871, 1873]
[1872, 1874, 1952]
[1795, 1873, 1875]
[1874, 1876, 1954]
[1797, 1875, 1877]
[1876, 1878, 1956]
[1799, 1877, 1879]
[1878, 1880, 1958]
[1801, 1879, 1881]
[1880, 1882, 1960]
[1803, 1881, 1883]
[1882, 1884, 1962]
[1805, 1883, 1885]
[1884, 1886, 1964]
[1807, 1885, 1887]
[1886, 1888, 1966]
[1809, 1887, 1889]
[1888, 1890, 1968]
[1811, 1889, 1891]
[1890, 1892, 1970]
[1813, 1891, 1893]
[1892, 1894, 1972]
[1815, 1893, 1895]
[1894, 1896, 1974]
[1817, 1895, 1897]
[1896, 1898, 1976]
[1819, 1897, 1899]
[1898, 1900, 1978]
[1821, 1899, 1901]
[1900, 1902, 1980]
[1823, 1901, 1903]
[1902, 1904, 1982]
[1825, 1903, 1905]
[1904, 1906, 1984]
[1827, 1905, 1907]
[1906, 1908, 1986]
[1829, 1907, 1909]
[1908, 1910, 1988]
[1831, 1909, 1911]
[1910, 1912, 1990]
[1833, 1911, 1913]
[1912, 1914, 1992]
[1835, 1913, 1915]
[1914, 1916, 1994]
[1837, 1915, 1917]
[1916, 1918, 1996]
[1839, 1917, 1919]
[1840, 1918, 1998]
[1841, 1921, 1999]
[1920, 1922, 2000]
[1843, 1921, 1923]
[1922, 1924, 2002]
[1845, 1923, 1925]
[1924, 1926, 2004]
[1847, 1925, 1927]
[1926, 1928, 2006]
[1849, 1927, 1929]
[1928, 1930, 2008]
[1851, 1929, 1931]
[1930, 1932, 2010]
[1853, 1931, 1933]
[1932, 1934, 2012]
[1855, 1933, 1935]
[1934, 1936, 2014]
[1857, 1935, 1937]
[1936, 1938, 2016]
[1859, 1937, 1939]
[1938, 1940, 2018]
[1861, 1939, 1941]
[1940, 1942, 2020]
[1863, 1941, 1943]
[1942, 1944, 2022]
[1865, 1943, 1945]
[1944, 1946, 2024]
[1867, 1945, 1947]
[1946, 1948, 2026]
[1869, 1947, 1949]
[1948, 1950, 2028]
[1871, 1949, 1951]
[1950, 1952, 2030]
[1873, 1951, 1953]
[1952, 1954, 2032]
[1875, 1953, 1955]
[1954, 1956, 2034]
[1877, 1955, 1957]
[1956, 1958, 2036]
[1879, 1957, 1959]
[1958, 1960, 2038]
[1881, 1959, 1961]
[1960, 1962, 2040]
[1883, 1961, 1963]
[1962, 1964, 2042]
[1885, 1963, 1965]
[1964, 1966, 2044]
[1887, 1965, 1967]
[1966, 1968, 2046]
[1889, 1967, 1969]
[1968, 1970, 2048]
[1891, 1969, 1971]
[1970, 1972, 2050]
[1893, 1971, 1973]
[1972, 1974, 2052]
[1895, 1973, 1975]
[1974, 1976, 2054]
[1897, 1975, 1977]
[1976, 1978, 2056]
[1899, 1977, 1979]
[1978, 1980, 2058]
[1901, 1979, 1981]
[1980, 1982, 2060]
[1903, 1981, 1983]
[1982, 1984, 2062]
[1905, 1983, 1985]
[1984, 1986, 2064]
[1907, 1985, 1987]
[1986, 1988, 2066]
[1909, 1987, 1989]
[1988, 1990, 2068]
[1911, 1989, 1991]
[1990, 1992, 2070]
[1913, 1991, 1993]
[1992, 1994, 2072]
[1915, 1993, 1995]
[1994, 1996, 2074]
[1917, 1995, 1997]
[1996, 1998, 2076]
[1919, 1997, 1999]
[1920, 1998, 2078]
[1921, 2001, 2079]
[2000, 2002, 2080]
[1923, 2001, 2003]
[2002, 2004, 2082]
[1925, 2003, 2005]
[2004, 2006, 2084]
[1927, 2005, 2007]
[2006, 2008, 2086]
[1929, 2007, 2009]
[2008, 2010, 2088]
[1931, 2009, 2011]
[2010, 2012, 2090]
[1933, 2011, 2013]
[2012, 2014, 2092]
[1935, 2013, 2015]
[2014, 2016, 2094]
[1937, 2015, 2017]
[2016, 2018, 2096]
[1939, 2017, 2019]
[2018, 2020, 2098]
[1941, 2019, 2021]
[2020, 2022, 2100]
[1943, 2021, 2023]
[2022, 2024, 2102]
[1945, 2023, 2025]
[2024, 2026, 2104]
[1947, 2025, 2027]
[2026, 2028, 2106]
[1949, 2027, 2029]
[2028, 2030, 2108]
[1951, 2029, 2031]
[2030, 2032, 2110]
[1953, 2031, 2033]
[2032, 2034, 2112]
[1955, 2033, 2035]
[2034, 2036, 2114]
[1957, 2035, 2037]
[2036, 2038, 2116]
[1959, 2037, 2039]
[2038, 2040, 2118]
[1961, 2039, 2041]
[2040, 2042, 2120]
[1963, 2041, 2043]
[2042, 2044, 2122]
[1965, 2043, 2045]
[2044, 2046, 2124]
[1967, 2045, 2047]
[2046, 2048, 2126]
[1969, 2047, 2049]
[2048, 2050, 2128]
[1971, 2049, 2051]
[2050, 2052, 2130]
[1973, 2051, 2053]
[2052, 2054, 2132]
[1975, 2053, 2055]
[2054, 2056, 2134]
[1977, 2055, 2057]
[2056, 2058, 2136]
[1979, 2057, 2059]
[2058, 2060, 2138]
[1981, 2059, 2061]
[2060, 2062, 2140]
[1983, 2061, 2063]
[2062, 2064, 2142]
[1985, 2063, 2065]
[2064, 2066, 2144]
[1987, 2065, 2067]
[2066, 2068, 2146]
[1989, 2067, 2069]
[2068, 2070, 2148]
[1991, 2069, 2071]
[2070, 2072, 2150]
[1993, 2071, 2073]
[2072, 2074, 2152]
[1995, 2073, 2075]
[2074, 2076, 2154]
[1997, 2075, 2077]
[2076, 2078, 2156]
[1999, 2077, 2079]
[2000, 2078, 2158]
[2001, 2081, 2159]
[2080, 2082, 2160]
[2003, 2081, 2083]
[2082, 2084, 2162]
[2005, 2083, 2085]
[2084, 2086, 2164]
[2007, 2085, 2087]
[2086, 2088, 2166]
[2009, 2087, 2089]
[2088, 2090, 2168]
[2011, 2089, 2091]
[2090, 2092, 2170]
[2013, 2091, 2093]
[2092, 2094, 2172]
[2015, 2093, 2095]
[2094, 2096, 2174]
[2017, 2095, 2097]
[2096, 2098, 2176]
[2019, 2097, 2099]
[2098, 2100, 2178]
[2021, 2099, 2101]
[2100, 2102, 2180]
[2023, 2101, 2103]
[2102, 2104, 2182]
[2025, 2103, 2105]
[2104, 2106, 2184]
[2027, 2105, 2107]
[2106, 2108, 2186]
[2029, 2107, 2109]
[2108, 2110, 2188]
[2031, 2109, 2111]
[2110, 2112, 2190]
[2033, 2111, 2113]
[2112, 2114, 2192]
[2035, 2113, 2115]
[2114, 2116, 2194]
[2037, 2115, 2117]
[2116, 2118, 2196]
[2039, 2117, 2119]
[2118, 2120, 2198]
[2041, 2119, 2121]
[2120, 2122, 2200]
[2043, 2121, 2123]
[2122, 2124, 2202]
[2045, 2123, 2125]
[2124, 2126, 2204]
[2047, 2125, 2127]
[2126, 2128, 2206]
[2049, 2127, 2129]
[2128, 2130, 2208]
[2051, 2129, 2131]
[2130, 2132, 2210]
[2053, 2131, 2133]
[2132, 2134, 2212]
[2055, 2133, 2135]
[2134, 2136, 2214]
[2057, 2135, 2137]
[2136, 2138, 2216]
[2059, 2137, 2139]
[2138, 2140, 2218]
[2061, 2139, 2141]
[2140, 2142, 2220]
[2063, 2141, 2143]
[2142, 2144, 2222]
[2065, 2143, 2145]
[2144, 2146, 2224]
[2067, 2145, 2147]
[2146, 2148, 2226]
[2069, 2147, 2149]
[2148, 2150, 2228]
[2071, 2149, 2151]
[2150, 2152, 2230]
[2073, 2151, 2153]
[2152, 2154, 2232]
[2075, 2153, 2155]
[2154, 2156, 2234]
[2077, 2155, 2157]
[2156, 2158, 2236]
[2079, 2157, 2159]
[2080, 2158, 2238]
[2081, 2161, 2239]
[2160, 2162, 2240]
[2083, 2161, 2163]
[2162, 2164, 2242]
[2085, 2163, 2165]
[2164, 2166, 2244]
[2087, 2165, 2167]
[2166, 2168, 2246]
[2089, 2167, 2169]
[2168, 2170, 2248]
[2091, 2169, 2171]
[2170, 2172, 2250]
[2093, 2171, 2173]
[2172, 2174, 2252]
[2095, 2173, 2175]
[2174, 2176, 2254]
[2097, 2175, 2177]
[2176, 2178, 2256]
[2099, 2177, 2179]
[2178, 2180, 2258]
[2101, 2179, 2181]
[2180, 2182, 2260]
[2103, 2181, 2183]
[2182, 2184, 2262]
[2105, 2183, 2185]
[2184, 2186, 2264]
[2107, 2185, 2187]
[2186, 2188, 2266]
[2109, 2187, 2189]
[2188, 2190, 2268]
[2111, 2189, 2191]
[2190, 2192, 2270]
[2113, 2191, 2193]
[2192, 2194, 2272]
[2115, 2193, 2195]
[2194, 2196, 2274]
[2117, 2195, 2197]
[2196, 2198, 2276]
[2119, 2197, 2199]
[2198, 2200, 2278]
[2121, 2199, 2201]
[2200, 2202, 2280]
[2123, 2201, 2203]
[2202, 2204, 2282]
[2125, 2203, 2205]
[2204, 2206, 2284]
[2127, 2205, 2207]
[2206, 2208, 2286]
[2129, 2207, 2209]
[2208, 2210, 2288]
[2131, 2209, 2211]
[2210, 2212, 2290]
[2133, 2211, 2213]
[2212, 2214, 2292]
[2135, 2213, 2215]
[2214, 2216, 2294]
[2137, 2215, 2217]
[2216, 2218, 2296]
[2139, 2217, 2219]
[2218, 2220, 2298]
[2141, 2219, 2221]
[2220, 2222, 2300]
[2143, 2221, 2223]
[2222, 2224, 2302]
[2145, 2223, 2225]
[2224, 2226, 2304]
[2147, 2225, 2227]
[2226, 2228, 2306]
[2149, 2227, 2229]
[2228, 2230, 2308]
[2151, 2229, 2231]
[2230, 2232, 2310]
[2153, 2231, 2233]
[2232, 2234, 2312]
[2155, 2233, 2235]
[2234, 2236, 2314]
[2157, 2235, 2237]
[2236, 2238, 2316]
[2159, 2237, 2239]
[2160, 2238, 2318]
[2161, 2241, 2319]
[2240, 2242, 2320]
[2163, 2241, 2243]
[2242, 2244, 2322]
[2165, 2243, 2245]
[2244, 2246, 2324]
[2167, 2245, 2247]
[2246, 2248, 2326]
[2169, 2247, 2249]
[2248, 2250, 2328]
[2171, 2249, 2251]
[2250, 2252, 2330]
[2173, 2251, 2253]
[2252, 2254, 2332]
[2175, 2253, 2255]
[2254, 2256, 2334]
[2177, 2255, 2257]
[2256, 2258, 2336]
[2179, 2257, 2259]
[2258, 2260, 2338]
[2181, 2259, 2261]
[2260, 2262, 2340]
[2183, 2261, 2263]
[2262, 2264, 2342]
[2185, 2263, 2265]
[2264, 2266, 2344]
[2187, 2265, 2267]
[2266, 2268, 2346]
[2189, 2267, 2269]
[2268, 2270, 2348]
[2191, 2269, 2271]
[2270, 2272, 2350]
[2193, 2271, 2273]
[2272, 2274, 2352]
[2195, 2273, 2275]
[2274, 2276, 2354]
[2197, 2275, 2277]
[2276, 2278, 2356]
[2199, 2277, 2279]
[2278, 2280, 2358]
[2201, 2279, 2281]
[2280, 2282, 2360]
[2203, 2281, 2283]
[2282, 2284, 2362]
[2205, 2283, 2285]
[2284, 2286, 2364]
[2207, 2285, 2287]
[2286, 2288, 2366]
[2209, 2287, 2289]
[2288, 2290, 2368]
[2211, 2289, 2291]
[2290, 2292, 2370]
[2213, 2291, 2293]
[2292, 2294, 2372]
[2215, 2293, 2295]
[2294, 2296, 2374]
[2217, 2295, 2297]
[2296, 2298, 2376]
[2219, 2297, 2299]
[2298, 2300, 2378]
[2221, 2299, 2301]
[2300, 2302, 2380]
[2223, 2301, 2303]
[2302, 2304, 2382]
[2225, 2303, 2305]
[2304, 2306, 2384]
[2227, 2305, 2307]
[2306, 2308, 2386]
[2229, 2307, 2309]
[2308, 2310, 2388]
[2231, 2309, 2311]
[2310, 2312, 2390]
[2233, 2311, 2313]
[2312, 2314, 2392]
[2235, 2313, 2315]
[2314, 2316, 2394]
[2237, 2315, 2317]
[2316, 2318, 2396]
[2239, 2317, 2319]
[2240, 2318, 2398]
[2241, 2321, 2399]
[2320, 2322, 2400]
[2243, 2321, 2323]
[2322, 2324, 2402]
[2245, 2323, 2325]
[2324, 2326, 2404]
[2247, 2325, 2327]
[2326, 2328, 2406]
[2249, 2327, 2329]
[2328, 2330, 2408]
[2251, 2329, 2331]
[2330, 2332, 2410]
[2253, 2331, 2333]
[2332, 2334, 2412]
[2255, 2333, 2335]
[2334, 2336, 2414]
[2257, 2335, 2337]
[2336, 2338, 2416]
[2259, 2337, 2339]
[2338, 2340, 2418]
[2261, 2339, 2341]
[2340, 2342, 2420]
[2263, 2341, 2343]
[2342, 2344, 2422]
[2265, 2343, 2345]
[2344, 2346, 2424]
[2267, 2345, 2347]
[2346, 2348, 2426]
[2269, 2347, 2349]
[2348, 2350, 2428]
[2271, 2349, 2351]
[2350, 2352, 2430]
[2273, 2351, 2353]
[2352, 2354, 2432]
[2275, 2353, 2355]
[2354, 2356, 2434]
[2277, 2355, 2357]
[2356, 2358, 2436]
[2279, 2357, 2359]
[2358, 2360, 2438]
[2281, 2359, 2361]
[2360, 2362, 2440]
[2283, 2361, 2363]
[2362, 2364, 2442]
[2285, 2363, 2365]
[2364, 2366, 2444]
[2287, 2365, 2367]
[2366, 2368, 2446]
[2289, 2367, 2369]
[2368, 2370, 2448]
[2291, 2369, 2371]
[2370, 2372, 2450]
[2293, 2371, 2373]
[2372, 2374, 2452]
[2295, 2373, 2375]
[2374, 2376, 2454]
[2297, 2375, 2377]
[2376, 2378, 2456]
[2299, 2377, 2379]
[2378, 2380, 2458]
[2301, 2379, 2381]
[2380, 2382, 2460]
[2303, 2381, 2383]
[2382, 2384, 2462]
[2305, 2383, 2385]
[2384, 2386, 2464]
[2307, 2385, 2387]
[2386, 2388, 2466]
[2309, 2387, 2389]
[2388, 2390, 2468]
[2311, 2389, 2391]
[2390, 2392, 2470]
[2313, 2391, 2393]
[2392, 2394, 2472]
[2315, 2393, 2395]
[2394, 2396, 2474]
[2317, 2395, 2397]
[2396, 2398, 2476]
[2319, 2397, 2399]
[2320, 2398, 2478]
[2321, 2401, 2479]
[2400, 2402, 2480]
[2323, 2401, 2403]
[2402, 2404, 2482]
[2325, 2403, 2405]
[2404, 2406, 2484]
[2327, 2405, 2407]
[2406, 2408, 2486]
[2329, 2407, 2409]
[2408, 2410, 2488]
[2331, 2409, 2411]
[2410, 2412, 2490]
[2333, 2411, 2413]
[2412, 2414, 2492]
[2335, 2413, 2415]
[2414, 2416, 2494]
[2337, 2415, 2417]
[2416, 2418, 2496]
[2339, 2417, 2419]
[2418, 2420, 2498]
[2341, 2419, 2421]
[2420, 2422, 2500]
[2343, 2421, 2423]
[2422, 2424, 2502]
[2345, 2423, 2425]
[2424, 2426, 2504]
[2347, 2425, 2427]
[2426, 2428, 2506]
[2349, 2427, 2429]
[2428, 2430, 2508]
[2351, 2429, 2431]
[2430, 2432, 2510]
[2353, 2431, 2433]
[2432, 2434, 2512]
[2355, 2433, 2435]
[2434, 2436, 2514]
[2357, 2435, 2437]
[2436, 2438, 2516]
[2359, 2437, 2439]
[2438, 2440, 2518]
[2361, 2439, 2441]
[2440, 2442, 2520]
[2363, 2441, 2443]
[2442, 2444, 2522]
[2365, 2443, 2445]
[2444, 2446, 2524]
[2367, 2445, 2447]
[2446, 2448, 2526]
[2369, 2447, 2449]
[2448, 2450, 2528]
[2371, 2449, 2451]
[2450, 2452, 2530]
[2373, 2451, 2453]
[2452, 2454, 2532]
[2375, 2453, 2455]
[2454, 2456, 2534]
[2377, 2455, 2457]
[2456, 2458, 2536]
[2379, 2457, 2459]
[2458, 2460, 2538]
[2381, 2459, 2461]
[2460, 2462, 2540]
[2383, 2461, 2463]
[2462, 2464, 2542]
[2385, 2463, 2465]
[2464, 2466, 2544]
[2387, 2465, 2467]
[2466, 2468, 2546]
[2389, 2467, 2469]
[2468, 2470, 2548]
[2391, 2469, 2471]
[2470, 2472, 2550]
[2393, 2471, 2473]
[2472, 2474, 2552]
[2395, 2473, 2475]
[2474, 2476, 2554]
[2397, 2475, 2477]
[2476, 2478, 2556]
[2399, 2477, 2479]
[2400, 2478, 2558]
[2401, 2481, 2559]
[2480, 2482, 2560]
[2403, 2481, 2483]
[2482, 2484, 2562]
[2405, 2483, 2485]
[2484, 2486, 2564]
[2407, 2485, 2487]
[2486, 2488, 2566]
[2409, 2487, 2489]
[2488, 2490, 2568]
[2411, 2489, 2491]
[2490, 2492, 2570]
[2413, 2491, 2493]
[2492, 2494, 2572]
[2415, 2493, 2495]
[2494, 2496, 2574]
[2417, 2495, 2497]
[2496, 2498, 2576]
[2419, 2497, 2499]
[2498, 2500, 2578]
[2421, 2499, 2501]
[2500, 2502, 2580]
[2423, 2501, 2503]
[2502, 2504, 2582]
[2425, 2503, 2505]
[2504, 2506, 2584]
[2427, 2505, 2507]
[2506, 2508, 2586]
[2429, 2507, 2509]
[2508, 2510, 2588]
[2431, 2509, 2511]
[2510, 2512, 2590]
[2433, 2511, 2513]
[2512, 2514, 2592]
[2435, 2513, 2515]
[2514, 2516, 2594]
[2437, 2515, 2517]
[2516, 2518, 2596]
[2439, 2517, 2519]
[2518, 2520, 2598]
[2441, 2519, 2521]
[2520, 2522, 2600]
[2443, 2521, 2523]
[2522, 2524, 2602]
[2445, 2523, 2525]
[2524, 2526, 2604]
[2447, 2525, 2527]
[2526, 2528, 2606]
[2449, 2527, 2529]
[2528, 2530, 2608]
[2451, 2529, 2531]
[2530, 2532, 2610]
[2453, 2531, 2533]
[2532, 2534, 2612]
[2455, 2533, 2535]
[2534, 2536, 2614]
[2457, 2535, 2537]
[2536, 2538, 2616]
[2459, 2537, 2539]
[2538, 2540, 2618]
[2461, 2539, 2541]
[2540, 2542, 2620]
[2463, 2541, 2543]
[2542, 2544, 2622]
[2465, 2543, 2545]
[2544, 2546, 2624]
[2467, 2545, 2547]
[2546, 2548, 2626]
[2469, 2547, 2549]
[2548, 2550, 2628]
[2471, 2549, 2551]
[2550, 2552, 2630]
[2473, 2551, 2553]
[2552, 2554, 2632]
[2475, 2553, 2555]
[2554, 2556, 2634]
[2477, 2555, 2557]
[2556, 2558, 2636]
[2479, 2557, 2559]
[2480, 2558, 2638]
[2481, 2561, 2639]
[2560, 2562, 2640]
[2483, 2561, 2563]
[2562, 2564, 2642]
[2485, 2563, 2565]
[2564, 2566, 2644]
[2487, 2565, 2567]
[2566, 2568, 2646]
[2489, 2567, 2569]
[2568, 2570, 2648]
[2491, 2569, 2571]
[2570, 2572, 2650]
[2493, 2571, 2573]
[2572, 2574, 2652]
[2495, 2573, 2575]
[2574, 2576, 2654]
[2497, 2575, 2577]
[2576, 2578, 2656]
[2499, 2577, 2579]
[2578, 2580, 2658]
[2501, 2579, 2581]
[2580, 2582, 2660]
[2503, 2581, 2583]
[2582, 2584, 2662]
[2505, 2583, 2585]
[2584, 2586, 2664]
[2507, 2585, 2587]
[2586, 2588, 2666]
[2509, 2587, 2589]
[2588, 2590, 2668]
[2511, 2589, 2591]
[2590, 2592, 2670]
[2513, 2591, 2593]
[2592, 2594, 2672]
[2515, 2593, 2595]
[2594, 2596, 2674]
[2517, 2595, 2597]
[2596, 2598, 2676]
[2519, 2597, 2599]
[2598, 2600, 2678]
[2521, 2599, 2601]
[2600, 2602, 2680]
[2523, 2601, 2603]
[2602, 2604, 2682]
[2525, 2603, 2605]
[2604, 2606, 2684]
[2527, 2605, 2607]
[2606, 2608, 2686]
[2529, 2607, 2609]
[2608, 2610, 2688]
[2531, 2609, 2611]
[2610, 2612, 2690]
[2533, 2611, 2613]
[2612, 2614, 2692]
[2535, 2613, 2615]
[2614, 2616, 2694]
[2537, 2615, 2617]
[2616, 2618, 2696]
[2539, 2617, 2619]
[2618, 2620, 2698]
[2541, 2619, 2621]
[2620, 2622, 2700]
[2543, 2621, 2623]
[2622, 2624, 2702]
[2545, 2623, 2625]
[2624, 2626, 2704]
[2547, 2625, 2627]
[2626, 2628, 2706]
[2549, 2627, 2629]
[2628, 2630, 2708]
[2551, 2629, 2631]
[2630, 2632, 2710]
[2553, 2631, 2633]
[2632, 2634, 2712]
[2555, 2633, 2635]
[2634, 2636, 2714]
[2557, 2635, 2637]
[2636, 2638, 2716]
[2559, 2637, 2639]
[2560, 2638, 2718]
[2561, 2641, 2719]
[2640, 2642, 2720]
[2563, 2641, 2643]
[2642, 2644, 2722]
[2565, 2643, 2645]
[2644, 2646, 2724]
[2567, 2645, 2647]
[2646, 2648, 2726]
[2569, 2647, 2649]
[2648, 2650, 2728]
[2571, 2649, 2651]
[2650, 2652, 2730]
[2573, 2651, 2653]
[2652, 2654, 2732]
[2575, 2653, 2655]
[2654, 2656, 2734]
[2577, 2655, 2657]
[2656, 2658, 2736]
[2579, 2657, 2659]
[2658, 2660, 2738]
[2581, 2659, 2661]
[2660, 2662, 2740]
[2583, 2661, 2663]
[2662, 2664, 2742]
[2585, 2663, 2665]
[2664, 2666, 2744]
[2587, 2665, 2667]
[2666, 2668, 2746]
[2589, 2667, 2669]
[2668, 2670, 2748]
[2591, 2669, 2671]
[2670, 2672, 2750]
[2593, 2671, 2673]
[2672, 2674, 2752]
[2595, 2673, 2675]
[2674, 2676, 2754]
[2597, 2675, 2677]
[2676, 2678, 2756]
[2599, 2677, 2679]
[2678, 2680, 2758]
[2601, 2679, 2681]
[2680, 2682, 2760]
[2603, 2681, 2683]
[2682, 2684, 2762]
[2605, 2683, 2685]
[2684, 2686, 2764]
[2607, 2685, 2687]
[2686, 2688, 2766]
[2609, 2687, 2689]
[2688, 2690, 2768]
[2611, 2689, 2691]
[2690, 2692, 2770]
[2613, 2691, 2693]
[2692, 2694, 2772]
[2615, 2693, 2695]
[2694, 2696, 2774]
[2617, 2695, 2697]
[2696, 2698, 2776]
[2619, 2697, 2699]
[2698, 2700, 2778]
[2621, 2699, 2701]
[2700, 2702, 2780]
[2623, 2701, 2703]
[2702, 2704, 2782]
[2625, 2703, 2705]
[2704, 2706, 2784]
[2627, 2705, 2707]
[2706, 2708, 2786]
[2629, 2707, 2709]
[2708, 2710, 2788]
[2631, 2709, 2711]
[2710, 2712, 2790]
[2633, 2711, 2713]
[2712, 2714, 2792]
[2635, 2713, 2715]
[2714, 2716, 2794]
[2637, 2715, 2717]
[2716, 2718, 2796]
[2639, 2717, 2719]
[2640, 2718, 2798]
[2641, 2721, 2799]
[2720, 2722, 2800]
[2643, 2721, 2723]
[2722, 2724, 2802]
[2645, 2723, 2725]
[2724, 2726, 2804]
[2647, 2725, 2727]
[2726, 2728, 2806]
[2649, 2727, 2729]
[2728, 2730, 2808]
[2651, 2729, 2731]
[2730, 2732, 2810]
[2653, 2731, 2733]
[2732, 2734, 2812]
[2655, 2733, 2735]
[2734, 2736, 2814]
[2657, 2735, 2737]
[2736, 2738, 2816]
[2659, 2737, 2739]
[2738, 2740, 2818]
[2661, 2739, 2741]
[2740, 2742, 2820]
[2663, 2741, 2743]
[2742, 2744, 2822]
[2665, 2743, 2745]
[2744, 2746, 2824]
[2667, 2745, 2747]
[2746, 2748, 2826]
[2669, 2747, 2749]
[2748, 2750, 2828]
[2671, 2749, 2751]
[2750, 2752, 2830]
[2673, 2751, 2753]
[2752, 2754, 2832]
[2675, 2753, 2755]
[2754, 2756, 2834]
[2677, 2755, 2757]
[2756, 2758, 2836]
[2679, 2757, 2759]
[2758, 2760, 2838]
[2681, 2759, 2761]
[2760, 2762, 2840]
[2683, 2761, 2763]
[2762, 2764, 2842]
[2685, 2763, 2765]
[2764, 2766, 2844]
[2687, 2765, 2767]
[2766, 2768, 2846]
[2689, 2767, 2769]
[2768, 2770, 2848]
[2691, 2769, 2771]
[2770, 2772, 2850]
[2693, 2771, 2773]
[2772, 2774, 2852]
[2695, 2773, 2775]
[2774, 2776, 2854]
[2697, 2775, 2777]
[2776, 2778, 2856]
[2699, 2777, 2779]
[2778, 2780, 2858]
[2701, 2779, 2781]
[2780, 2782, 2860]
[2703, 2781, 2783]
[2782, 2784, 2862]
[2705, 2783, 2785]
[2784, 2786, 2864]
[2707, 2785, 2787]
[2786, 2788, 2866]
[2709, 2787, 2789]
[2788, 2790, 2868]
[2711, 2789, 2791]
[2790, 2792, 2870]
[2713, 2791, 2793]
[2792, 2794, 2872]
[2715, 2793, 2795]
[2794, 2796, 2874]
[2717, 2795, 2797]
[2796, 2798, 2876]
[2719, 2797, 2799]
[2720, 2798, 2878]
[2721, 2801, 2879]
[2800, 2802, 2880]
[2723, 2801, 2803]
[2802, 2804, 2882]
[2725, 2803, 2805]
[2804, 2806, 2884]
[2727, 2805, 2807]
[2806, 2808, 2886]
[2729, 2807, 2809]
[2808, 2810, 2888]
[2731, 2809, 2811]
[2810, 2812, 2890]
[2733, 2811, 2813]
[2812, 2814, 2892]
[2735, 2813, 2815]
[2814, 2816, 2894]
[2737, 2815, 2817]
[2816, 2818, 2896]
[2739, 2817, 2819]
[2818, 2820, 2898]
[2741, 2819, 2821]
[2820, 2822, 2900]
[2743, 2821, 2823]
[2822, 2824, 2902]
[2745, 2823, 2825]
[2824, 2826, 2904]
[2747, 2825, 2827]
[2826, 2828, 2906]
[2749, 2827, 2829]
[2828, 2830, 2908]
[2751, 2829, 2831]
[2830, 2832, 2910]
[2753, 2831, 2833]
[2832, 2834, 2912]
[2755, 2833, 2835]
[2834, 2836, 2914]
[2757, 2835, 2837]
[2836, 2838, 2916]
[2759, 2837, 2839]
[2838, 2840, 2918]
[2761, 2839, 2841]
[2840, 2842, 2920]
[2763, 2841, 2843]
[2842, 2844, 2922]
[2765, 2843, 2845]
[2844, 2846, 2924]
[2767, 2845, 2847]
[2846, 2848, 2926]
[2769, 2847, 2849]
[2848, 2850, 2928]
[2771, 2849, 2851]
[2850, 2852, 2930]
[2773, 2851, 2853]
[2852, 2854, 2932]
[2775, 2853, 2855]
[2854, 2856, 2934]
[2777, 2855, 2857]
[2856, 2858, 2936]
[2779, 2857, 2859]
[2858, 2860, 2938]
[2781, 2859, 2861]
[2860, 2862, 2940]
[2783, 2861, 2863]
[2862, 2864, 2942]
[2785, 2863, 2865]
[2864, 2866, 2944]
[2787, 2865, 2867]
[2866, 2868, 2946]
[2789, 2867, 2869]
[2868, 2870, 2948]
[2791, 2869, 2871]
[2870, 2872, 2950]
[2793, 2871, 2873]
[2872, 2874, 2952]
[2795, 2873, 2875]
[2874, 2876, 2954]
[2797, 2875, 2877]
[2876, 2878, 2956]
[2799, 2877, 2879]
[2800, 2878, 2958]
[2801, 2881, 2959]
[2880, 2882, 2960]
[2803, 2881, 2883]
[2882, 2884, 2962]
[2805, 2883, 2885]
[2884, 2886, 2964]
[2807, 2885, 2887]
[2886, 2888, 2966]
[2809, 2887, 2889]
[2888, 2890, 2968]
[2811, 2889, 2891]
[2890, 2892, 2970]
[2813, 2891, 2893]
[2892, 2894, 2972]
[2815, 2893, 2895]
[2894, 2896, 2974]
[2817, 2895, 2897]
[2896, 2898, 2976]
[2819, 2897, 2899]
[2898, 2900, 2978]
[2821, 2899, 2901]
[2900, 2902, 2980]
[2823, 2901, 2903]
[2902, 2904, 2982]
[2825, 2903, 2905]
[2904, 2906, 2984]
[2827, 2905, 2907]
[2906, 2908, 2986]
[2829, 2907, 2909]
[2908, 2910, 2988]
[2831, 2909, 2911]
[2910, 2912, 2990]
[2833, 2911, 2913]
[2912, 2914, 2992]
[2835, 2913, 2915]
[2914, 2916, 2994]
[2837, 2915, 2917]
[2916, 2918, 2996]
[2839, 2917, 2919]
[2918, 2920, 2998]
[2841, 2919, 2921]
[2920, 2922, 3000]
[2843, 2921, 2923]
[2922, 2924, 3002]
[2845, 2923, 2925]
[2924, 2926, 3004]
[2847, 2925, 2927]
[2926, 2928, 3006]
[2849, 2927, 2929]
[2928, 2930, 3008]
[2851, 2929, 2931]
[2930, 2932, 3010]
[2853, 2931, 2933]
[2932, 2934, 3012]
[2855, 2933, 2935]
[2934, 2936, 3014]
[2857, 2935, 2937]
[2936, 2938, 3016]
[2859, 2937, 2939]
[2938, 2940, 3018]
[2861, 2939, 2941]
[2940, 2942, 3020]
[2863, 2941, 2943]
[2942, 2944, 3022]
[2865, 2943, 2945]
[2944, 2946, 3024]
[2867, 2945, 2947]
[2946, 2948, 3026]
[2869, 2947, 2949]
[2948, 2950, 3028]
[2871, 2949, 2951]
[2950, 2952, 3030]
[2873, 2951, 2953]
[2952, 2954, 3032]
[2875, 2953, 2955]
[2954, 2956, 3034]
[2877, 2955, 2957]
[2956, 2958, 3036]
[2879, 2957, 2959]
[2880, 2958, 3038]
[2881, 2961, 3039]
[2960, 2962, 3040]
[2883, 2961, 2963]
[2962, 2964, 3042]
[2885, 2963, 2965]
[2964, 2966, 3044]
[2887, 2965, 2967]
[2966, 2968, 3046]
[2889, 2967, 2969]
[2968, 2970, 3048]
[2891, 2969, 2971]
[2970, 2972, 3050]
[2893, 2971, 2973]
[2972, 2974, 3052]
[2895, 2973, 2975]
[2974, 2976, 3054]
[2897, 2975, 2977]
[2976, 2978, 3056]
[2899, 2977, 2979]
[2978, 2980, 3058]
[2901, 2979, 2981]
[2980, 2982, 3060]
[2903, 2981, 2983]
[2982, 2984, 3062]
[2905, 2983, 2985]
[2984, 2986, 3064]
[2907, 2985, 2987]
[2986, 2988, 3066]
[2909, 2987, 2989]
[2988, 2990, 3068]
[2911, 2989, 2991]
[2990, 2992, 3070]
[2913, 2991, 2993]
[2992, 2994, 3072]
[2915, 2993, 2995]
[2994, 2996, 3074]
[2917, 2995, 2997]
[2996, 2998, 3076]
[2919, 2997, 2999]
[2998, 3000, 3078]
[2921, 2999, 3001]
[3000, 3002, 3080]
[2923, 3001, 3003]
[3002, 3004, 3082]
[2925, 3003, 3005]
[3004, 3006, 3084]
[2927, 3005, 3007]
[3006, 3008, 3086]
[2929, 3007, 3009]
[3008, 3010, 3088]
[2931, 3009, 3011]
[3010, 3012, 3090]
[2933, 3011, 3013]
[3012, 3014, 3092]
[2935, 3013, 3015]
[3014, 3016, 3094]
[2937, 3015, 3017]
[3016, 3018, 3096]
[2939, 3017, 3019]
[3018, 3020, 3098]
[2941, 3019, 3021]
[3020, 3022, 3100]
[2943, 3021, 3023]
[3022, 3024, 3102]
[2945, 3023, 3025]
[3024, 3026, 3104]
[2947, 3025, 3027]
[3026, 3028, 3106]
[2949, 3027, 3029]
[3028, 3030, 3108]
[2951, 3029, 3031]
[3030, 3032, 3110]
[2953, 3031, 3033]
[3032, 3034, 3112]
[2955, 3033, 3035]
[3034, 3036, 3114]
[2957, 3035, 3037]
[3036, 3038, 3116]
[2959, 3037, 3039]
[2960, 3038, 3118]
[2961, 3041, 3119]
[3040, 3042, 3120]
[2963, 3041, 3043]
[3042, 3044, 3122]
[2965, 3043, 3045]
[3044, 3046, 3124]
[2967, 3045, 3047]
[3046, 3048, 3126]
[2969, 3047, 3049]
[3048, 3050, 3128]
[2971, 3049, 3051]
[3050, 3052, 3130]
[2973, 3051, 3053]
[3052, 3054, 3132]
[2975, 3053, 3055]
[3054, 3056, 3134]
[2977, 3055, 3057]
[3056, 3058, 3136]
[2979, 3057, 3059]
[3058, 3060, 3138]
[2981, 3059, 3061]
[3060, 3062, 3140]
[2983, 3061, 3063]
[3062, 3064, 3142]
[2985, 3063, 3065]
[3064, 3066, 3144]
[2987, 3065, 3067]
[3066, 3068, 3146]
[2989, 3067, 3069]
[3068, 3070, 3148]
[2991, 3069, 3071]
[3070, 3072, 3150]
[2993, 3071, 3073]
[3072, 3074, 3152]
[2995, 3073, 3075]
[3074, 3076, 3154]
[2997, 3075, 3077]
[3076, 3078, 3156]
[2999, 3077, 3079]
[3078, 3080, 3158]
[3001, 3079, 3081]
[3080, 3082, 3160]
[3003, 3081, 3083]
[3082, 3084, 3162]
[3005, 3083, 3085]
[3084, 3086, 3164]
[3007, 3085, 3087]
[3086, 3088, 3166]
[3009, 3087, 3089]
[3088, 3090, 3168]
[3011, 3089, 3091]
[3090, 3092, 3170]
[3013, 3091, 3093]
[3092, 3094, 3172]
[3015, 3093, 3095]
[3094, 3096, 3174]
[3017, 3095, 3097]
[3096, 3098, 3176]
[3019, 3097, 3099]
[3098, 3100, 3178]
[3021, 3099, 3101]
[3100, 3102, 3180]
[3023, 3101, 3103]
[3102, 3104, 3182]
[3025, 3103, 3105]
[3104, 3106, 3184]
[3027, 3105, 3107]
[3106, 3108, 3186]
[3029, 3107, 3109]
[3108, 3110, 3188]
[3031, 3109, 3111]
[3110, 3112, 3190]
[3033, 3111, 3113]
[3112, 3114, 3192]
[3035, 3113, 3115]
[3114, 3116, 3194]
[3037, 3115, 3117]
[3116, 3118, 3196]
[3039, 3117, 3119]
[3040, 3118, 3198]
[3041, 3121, 3199]
[0, 3120, 3122]
[3043, 3121, 3123]
[2, 3122, 3124]
[3045, 3123, 3125]
[4, 3124, 3126]
[3047, 3125, 3127]
[6, 3126, 3128]
[3049, 3127, 3129]
[8, 3128, 3130]
[3051, 3129, 3131]
[10, 3130, 3132]
[3053, 3131, 3133]
[12, 3132, 3134]
[3055, 3133, 3135]
[14, 3134, 3136]
[3057, 3135, 3137]
[16, 3136, 3138]
[3059, 3137, 3139]
[18, 3138, 3140]
[3061, 3139, 3141]
[20, 3140, 3142]
[3063, 3141, 3143]
[22, 3142, 3144]
[3065, 3143, 3145]
[24, 3144, 3146]
[3067, 3145, 3147]
[26, 3146, 3148]
[3069, 3147, 3149]
[28, 3148, 3150]
[3071, 3149, 3151]
[30, 3150, 3152]
[3073, 3151, 3153]
[32, 3152, 3154]
[3075, 3153, 3155]
[34, 3154, 3156]
[3077, 3155, 3157]
[36, 3156, 3158]
[3079, 3157, 3159]
[38, 3158, 3160]
[3081, 3159, 3161]
[40, 3160, 3162]
[3083, 3161, 3163]
[42, 3162, 3164]
[3085, 3163, 3165]
[44, 3164, 3166]
[3087, 3165, 3167]
[46, 3166, 3168]
[3089, 3167, 3169]
[48, 3168, 3170]
[3091, 3169, 3171]
[50, 3170, 3172]
[3093, 3171, 3173]
[52, 3172, 3174]
[3095, 3173, 3175]
[54, 3174, 3176]
[3097, 3175, 3177]
[56, 3176, 3178]
[3099, 3177, 3179]
[58, 3178, 3180]
[3101, 3179, 3181]
[60, 3180, 3182]
[3103, 3181, 3183]
[62, 3182, 3184]
[3105, 3183, 3185]
[64, 3184, 3186]
[3107, 3185, 3187]
[66, 3186, 3188]
[3109, 3187, 3189]
[68, 3188, 3190]
[3111, 3189, 3191]
[70, 3190, 3192]
[3113, 3191, 3193]
[72, 3192, 3194]
[3115, 3193, 3195]
[74, 3194, 3196]
[3117, 3195, 3197]
[76, 3196, 3198]
[3119, 3197, 3199]
[78, 3120, 3198]
