[1, 89, 3961]
[0, 2, 90]
[1, 3, 3963]
[2, 4, 92]
[3, 5, 3965]
[4, 6, 94]
[5, 7, 3967]
[6, 8, 96]
[7, 9, 3969]
[8, 10, 98]
[9, 11, 3971]
[10, 12, 100]
[11, 13, 3973]
[12, 14, 102]
[13, 15, 3975]
[14, 16, 104]
[15, 17, 3977]
[16, 18, 106]
[17, 19, 3979]
[18, 20, 108]
[19, 21, 3981]
[20, 22, 110]
[21, 23, 3983]
[22, 24, 112]
[23, 25, 3985]
[24, 26, 114]
[25, 27, 3987]
[26, 28, 116]
[27, 29, 3989]
[28, 30, 118]
[29, 31, 3991]
[30, 32, 120]
[31, 33, 3993]
[32, 34, 122]
[33, 35, 3995]
[34, 36, 124]
[35, 37, 3997]
[36, 38, 126]
[37, 39, 3999]
[38, 40, 128]
[39, 41, 4001]
[40, 42, 130]
[41, 43, 4003]
[42, 44, 132]
[43, 45, 4005]
[44, 46, 134]
[45, 47, 4007]
[46, 48, 136]
[47, 49, 4009]
[48, 50, 138]
[49, 51, 4011]
[50, 52, 140]
[51, 53, 4013]
[52, 54, 142]
[53, 55, 4015]
[54, 56, 144]
[55, 57, 4017]
[56, 58, 146]
[57, 59, 4019]
[58, 60, 148]
[59, 61, 4021]
[60, 62, 150]
[61, 63, 4023]
[62, 64, 152]
[63, 65, 4025]
[64, 66, 154]
[65, 67, 4027]
[66, 68, 156]
[67, 69, 4029]
[68, 70, 158]
[69, 71, 4031]
[70, 72, 160]
[71, 73, 4033]
[72, 74, 162]
[73, 75, 4035]
[74, 76, 164]
[75, 77, 4037]
[76, 78, 166]
[77, 79, 4039]
[78, 80, 168]
[79, 81, 4041]
[80, 82, 170]
[81, 83, 4043]
[82, 84, 172]
[83, 85, 4045]
[84, 86, 174]
[85, 87, 4047]
[86, 88, 176]
[87, 89, 4049]
[0, 88, 178]
[1, 91, 179]
[90, 92, 180]
[3, 91, 93]
[92, 94, 182]
[5, 93, 95]
[94, 96, 184]
[7, 95, 97]
[96, 98, 186]
[9, 97, 99]
[98, 100, 188]
[11, 99, 101]
[100, 102, 190]
[13, 101, 103]
[102, 104, 192]
[15, 103, 105]
[104, 106, 194]
[17, 105, 107]
[106, 108, 196]
[19, 107, 109]
[108, 110, 198]
[21, 109, 111]
[110, 112, 200]
[23, 111, 113]
[112, 114, 202]
[25, 113, 115]
[114, 116, 204]
[27, 115, 117]
[116, 118, 206]
[29, 117, 119]
[118, 120, 208]
[31, 119, 121]
[120, 122, 210]
[33, 121, 123]
[122, 124, 212]
[35, 123, 125]
[124, 126, 214]
[37, 125, 127]
[126, 128, 216]
[39, 127, 129]
[128, 130, 218]
[41, 129, 131]
[130, 132, 220]
[43, 131, 133]
[132, 134, 222]
[45, 133, 135]
[134, 136, 224]
[47, 135, 137]
[136, 138, 226]
[49, 137, 139]
[138, 140, 228]
[51, 139, 141]
[140, 142, 230]
[53, 141, 143]
[142, 144, 232]
[55, 143, 145]
[144, 146, 234]
[57, 145, 147]
[146, 148, 236]
[59, 147, 149]
[148, 150, 238]
[61, 149, 151]
[150, 152, 240]
[63, 151, 153]
[152, 154, 242]
[65, 153, 155]
[154, 156, 244]
[67, 155, 157]
[156, 158, 246]
[69, 157, 159]
[158, 160, 248]
[71, 159, 161]
[160, 162, 250]
[73, 161, 163]
[162, 164, 252]
[75, 163, 165]
[164, 166, 254]
[77, 165, 167]
[166, 168, 256]
[79, 167, 169]
[168, 170, 258]
[81, 169, 171]
[170, 172, 260]
[83, 171, 173]
[172, 174, 262]
[85, 173, 175]
[174, 176, 264]
[87, 175, 177]
[176, 178, 266]
[89, 177, 179]
[90, 178, 268]
[91, 181, 269]
[180, 182, 270]
[93, 181, 183]
[182, 184, 272]
[95, 183, 185]
[184, 186, 274]
[97, 185, 187]
[186, 188, 276]
[99, 187, 189]
[188, 190, 278]
[101, 189, 191]
[190, 192, 280]
[103, 191, 193]
[192, 194, 282]
[105, 193, 195]
[194, 196, 284]
[107, 195, 197]
[196, 198, 286]
[109, 197, 199]
[198, 200, 288]
[111, 199, 201]
[200, 202, 290]
[113, 201, 203]
[202, 204, 292]
[115, 203, 205]
[204, 206, 294]
[117, 205, 207]
[206, 208, 296]
[119, 207, 209]
[208, 210, 298]
[121, 209, 211]
[210, 212, 300]
[123, 211, 213]
[212, 214, 302]
[125, 213, 215]
[214, 216, 304]
[127, 215, 217]
[216, 218, 306]
[129, 217, 219]
[218, 220, 308]
[131, 219, 221]
[220, 222, 310]
[133, 221, 223]
[222, 224, 312]
[135, 223, 225]
[224, 226, 314]
[137, 225, 227]
[226, 228, 316]
[139, 227, 229]
[228, 230, 318]
[141, 229, 231]
[230, 232, 320]
[143, 231, 233]
[232, 234, 322]
[145, 233, 235]
[234, 236, 324]
[147, 235, 237]
[236, 238, 326]
[149, 237, 239]
[238, 240, 328]
[151, 239, 241]
[240, 242, 330]
[153, 241, 243]
[242, 244, 332]
[155, 243, 245]
[244, 246, 334]
[157, 245, 247]
[246, 248, 336]
[159, 247, 249]
[248, 250, 338]
[161, 249, 251]
[250, 252, 340]
[163, 251, 253]
[252, 254, 342]
[165, 253, 255]
[254, 256, 344]
[167, 255, 257]
[256, 258, 346]
[169, 257, 259]
[258, 260, 348]
[171, 259, 261]
[260, 262, 350]
[173, 261, 263]
[262, 264, 352]
[175, 263, 265]
[264, 266, 354]
[177, 265, 267]
[266, 268, 356]
[179, 267, 269]
[180, 268, 358]
[181, 271, 359]
[270, 272, 360]
[183, 271, 273]
[272, 274, 362]
[185, 273, 275]
[274, 276, 364]
[187, 275, 277]
[276, 278, 366]
[189, 277, 279]
[278, 280, 368]
[191, 279, 281]
[280, 282, 370]
[193, 281, 283]
[282, 284, 372]
[195, 283, 285]
[284, 286, 374]
[197, 285, 287]
[286, 288, 376]
[199, 287, 289]
[288, 290, 378]
[201, 289, 291]
[290, 292, 380]
[203, 291, 293]
[292, 294, 382]
[205, 293, 295]
[294, 296, 384]
[207, 295, 297]
[296, 298, 386]
[209, 297, 299]
[298, 300, 388]
[211, 299, 301]
[300, 302, 390]
[213, 301, 303]
[302, 304, 392]
[215, 303, 305]
[304, 306, 394]
[217, 305, 307]
[306, 308, 396]
[219, 307, 309]
[308, 310, 398]
[221, 309, 311]
[310, 312, 400]
[223, 311, 313]
[312, 314, 402]
[225, 313, 315]
[314, 316, 404]
[227, 315, 317]
[316, 318, 406]
[229, 317, 319]
[318, 320, 408]
[231, 319, 321]
[320, 322, 410]
[233, 321, 323]
[322, 324, 412]
[235, 323, 325]
[324, 326, 414]
[237, 325, 327]
[326, 328, 416]
[239, 327, 329]
[328, 330, 418]
[241, 329, 331]
[330, 332, 420]
[243, 331, 333]
[332, 334, 422]
[245, 333, 335]
[334, 336, 424]
[247, 335, 337]
[336, 338, 426]
[249, 337, 339]
[338, 340, 428]
[251, 339, 341]
[340, 342, 430]
[253, 341, 343]
[342, 344, 432]
[255, 343, 345]
[344, 346, 434]
[257, 345, 347]
[346, 348, 436]
[259, 347, 349]
[348, 350, 438]
[261, 349, 351]
[350, 352, 440]
[263, 351, 353]
[352, 354, 442]
[265, 353, 355]
[354, 356, 444]
[267, 355, 357]
[356, 358, 446]
[269, 357, 359]
[270, 358, 448]
[271, 361, 449]
[360, 362, 450]
[273, 361, 363]
[362, 364, 452]
[275, 363, 365]
[364, 366, 454]
[277, 365, 367]
[366, 368, 456]
[279, 367, 369]
[368, 370, 458]
[281, 369, 371]
[370, 372, 460]
[283, 371, 373]
[372, 374, 462]
[285, 373, 375]
[374, 376, 464]
[287, 375, 377]
[376, 378, 466]
[289, 377, 379]
[378, 380, 468]
[291, 379, 381]
[380, 382, 470]
[293, 381, 383]
[382, 384, 472]
[295, 383, 385]
[384, 386, 474]
[297, 385, 387]
[386, 388, 476]
[299, 387, 389]
[388, 390, 478]
[301, 389, 391]
[390, 392, 480]
[303, 391, 393]
[392, 394, 482]
[305, 393, 395]
[394, 396, 484]
[307, 395, 397]
[396, 398, 486]
[309, 397, 399]
[398, 400, 488]
[311, 399, 401]
[400, 402, 490]
[313, 401, 403]
[402, 404, 492]
[315, 403, 405]
[404, 406, 494]
[317, 405, 407]
[406, 408, 496]
[319, 407, 409]
[408, 410, 498]
[321, 409, 411]
[410, 412, 500]
[323, 411, 413]
[412, 414, 502]
[325, 413, 415]
[414, 416, 504]
[327, 415, 417]
[416, 418, 506]
[329, 417, 419]
[418, 420, 508]
[331, 419, 421]
[420, 422, 510]
[333, 421, 423]
[422, 424, 512]
[335, 423, 425]
[424, 426, 514]
[337, 425, 427]
[426, 428, 516]
[339, 427, 429]
[428, 430, 518]
[341, 429, 431]
[430, 432, 520]
[343, 431, 433]
[432, 434, 522]
[345, 433, 435]
[434, 436, 524]
[347, 435, 437]
[436, 438, 526]
[349, 437, 439]
[438, 440, 528]
[351, 439, 441]
[440, 442, 530]
[353, 441, 443]
[442, 444, 532]
[355, 443, 445]
[444, 446, 534]
[357, 445, 447]
[446, 448, 536]
[359, 447, 449]
[360, 448, 538]
[361, 451, 539]
[450, 452, 540]
[363, 451, 453]
[452, 454, 542]
[365, 453, 455]
[454, 456, 544]
[367, 455, 457]
[456, 458, 546]
[369, 457, 459]
[458, 460, 548]
[371, 459, 461]
[460, 462, 550]
[373, 461, 463]
[462, 464, 552]
[375, 463, 465]
[464, 466, 554]
[377, 465, 467]
[466, 468, 556]
[379, 467, 469]
[468, 470, 558]
[381, 469, 471]
[470, 472, 560]
[383, 471, 473]
[472, 474, 562]
[385, 473, 475]
[474, 476, 564]
[387, 475, 477]
[476, 478, 566]
[389, 477, 479]
[478, 480, 568]
[391, 479, 481]
[480, 482, 570]
[393, 481, 483]
[482, 484, 572]
[395, 483, 485]
[484, 486, 574]
[397, 485, 487]
[486, 488, 576]
[399, 487, 489]
[488, 490, 578]
[401, 489, 491]
[490, 492, 580]
[403, 491, 493]
[492, 494, 582]
[405, 493, 495]
[494, 496, 584]
[407, 495, 497]
[496, 498, 586]
[409, 497, 499]
[498, 500, 588]
[411, 499, 501]
[500, 502, 590]
[413, 501, 503]
[502, 504, 592]
[415, 503, 505]
[504, 506, 594]
[417, 505, 507]
[506, 508, 596]
[419, 507, 509]
[508, 510, 598]
[421, 509, 511]
[510, 512, 600]
[423, 511, 513]
[512, 514, 602]
[425, 513, 515]
[514, 516, 604]
[427, 515, 517]
[516, 518, 606]
[429, 517, 519]
[518, 520, 608]
[431, 519, 521]
[520, 522, 610]
[433, 521, 523]
[522, 524, 612]
[435, 523, 525]
[524, 526, 614]
[437, 525, 527]
[526, 528, 616]
[439, 527, 529]
[528, 530, 618]
[441, 529, 531]
[530, 532, 620]
[443, 531, 533]
[532, 534, 622]
[445, 533, 535]
[534, 536, 624]
[447, 535, 537]
[536, 538, 626]
[449, 537, 539]
[450, 538, 628]
[451, 541, 629]
[540, 542, 630]
[453, 541, 543]
[542, 544, 632]
[455, 543, 545]
[544, 546, 634]
[457, 545, 547]
[546, 548, 636]
[459, 547, 549]
[548, 550, 638]
[461, 549, 551]
[550, 552, 640]
[463, 551, 553]
[552, 554, 642]
[465, 553, 555]
[554, 556, 644]
[467, 555, 557]
[556, 558, 646]
[469, 557, 559]
[558, 560, 648]
[471, 559, 561]
[560, 562, 650]
[473, 561, 563]
[562, 564, 652]
[475, 563, 565]
[564, 566, 654]
[477, 565, 567]
[566, 568, 656]
[479, 567, 569]
[568, 570, 658]
[481, 569, 571]
[570, 572, 660]
[483, 571, 573]
[572, 574, 662]
[485, 573, 575]
[574, 576, 664]
[487, 575, 577]
[576, 578, 666]
[489, 577, 579]
[578, 580, 668]
[491, 579, 581]
[580, 582, 670]
[493, 581, 583]
[582, 584, 672]
[495, 583, 585]
[584, 586, 674]
[497, 585, 587]
[586, 588, 676]
[499, 587, 589]
[588, 590, 678]
[501, 589, 591]
[590, 592, 680]
[503, 591, 593]
[592, 594, 682]
[505, 593, 595]
[594, 596, 684]
[507, 595, 597]
[596, 598, 686]
[509, 597, 599]
[598, 600, 688]
[511, 599, 601]
[600, 602, 690]
[513, 601, 603]
[602, 604, 692]
[515, 603, 605]
[604, 606, 694]
[517, 605, 607]
[606, 608, 696]
[519, 607, 609]
[608, 610, 698]
[521, 609, 611]
[610, 612, 700]
[523, 611, 613]
[612, 614, 702]
[525, 613, 615]
[614, 616, 704]
[527, 615, 617]
[616, 618, 706]
[529, 617, 619]
[618, 620, 708]
[531, 619, 621]
[620, 622, 710]
[533, 621, 623]
[622, 624, 712]
[535, 623, 625]
[624, 626, 714]
[537, 625, 627]
[626, 628, 716]
[539, 627, 629]
[540, 628, 718]
[541, 631, 719]
[630, 632, 720]
[543, 631, 633]
[632, 634, 722]
[545, 633, 635]
[634, 636, 724]
[547, 635, 637]
[636, 638, 726]
[549, 637, 639]
[638, 640, 728]
[551, 639, 641]
[640, 642, 730]
[553, 641, 643]
[642, 644, 732]
[555, 643, 645]
[644, 646, 734]
[557, 645, 647]
[646, 648, 736]
[559, 647, 649]
[648, 650, 738]
[561, 649, 651]
[650, 652, 740]
[563, 651, 653]
[652, 654, 742]
[565, 653, 655]
[654, 656, 744]
[567, 655, 657]
[656, 658, 746]
[569, 657, 659]
[658, 660, 748]
[571, 659, 661]
[660, 662, 750]
[573, 661, 663]
[662, 664, 752]
[575, 663, 665]
[664, 666, 754]
[577, 665, 667]
[666, 668, 756]
[579, 667, 669]
[668, 670, 758]
[581, 669, 671]
[670, 672, 760]
[583, 671, 673]
[672, 674, 762]
[585, 673, 675]
[674, 676, 764]
[587, 675, 677]
[676, 678, 766]
[589, 677, 679]
[678, 680, 768]
[591, 679, 681]
[680, 682, 770]
[593, 681, 683]
[682, 684, 772]
[595, 683, 685]
[684, 686, 774]
[597, 685, 687]
[686, 688, 776]
[599, 687, 689]
[688, 690, 778]
[601, 689, 691]
[690, 692, 780]
[603, 691, 693]
[692, 694, 782]
[605, 693, 695]
[694, 696, 784]
[607, 695, 697]
[696, 698, 786]
[609, 697, 699]
[698, 700, 788]
[611, 699, 701]
[700, 702, 790]
[613, 701, 703]
[702, 704, 792]
[615, 703, 705]
[704, 706, 794]
[617, 705, 707]
[706, 708, 796]
[619, 707, 709]
[708, 710, 798]
[621, 709, 711]
[710, 712, 800]
[623, 711, 713]
[712, 714, 802]
[625, 713, 715]
[714, 716, 804]
[627, 715, 717]
[716, 718, 806]
[629, 717, 719]
[630, 718, 808]
[631, 721, 809]
[720, 722, 810]
[633, 721, 723]
[722, 724, 812]
[635, 723, 725]
[724, 726, 814]
[637, 725, 727]
[726, 728, 816]
[639, 727, 729]
[728, 730, 818]
[641, 729, 731]
[730, 732, 820]
[643, 731, 733]
[732, 734, 822]
[645, 733, 735]
[734, 736, 824]
[647, 735, 737]
[736, 738, 826]
[649, 737, 739]
[738, 740, 828]
[651, 739, 741]
[740, 742, 830]
[653, 741, 743]
[742, 744, 832]
[655, 743, 745]
[744, 746, 834]
[657, 745, 747]
[746, 748, 836]
[659, 747, 749]
[748, 750, 838]
[661, 749, 751]
[750, 752, 840]
[663, 751, 753]
[752, 754, 842]
[665, 753, 755]
[754, 756, 844]
[667, 755, 757]
[756, 758, 846]
[669, 757, 759]
[758, 760, 848]
[671, 759, 761]
[760, 762, 850]
[673, 761, 763]
[762, 764, 852]
[675, 763, 765]
[764, 766, 854]
[677, 765, 767]
[766, 768, 856]
[679, 767, 769]
[768, 770, 858]
[681, 769, 771]
[770, 772, 860]
[683, 771, 773]
[772, 774, 862]
[685, 773, 775]
[774, 776, 864]
[687, 775, 777]
[776, 778, 866]
[689, 777, 779]
[778, 780, 868]
[691, 779, 781]
[780, 782, 870]
[693, 781, 783]
[782, 784, 872]
[695, 783, 785]
[784, 786, 874]
[697, 785, 787]
[786, 788, 876]
[699, 787, 789]
[788, 790, 878]
[701, 789, 791]
[790, 792, 880]
[703, 791, 793]
[792, 794, 882]
[705, 793, 795]
[794, 796, 884]
[707, 795, 797]
[796, 798, 886]
[709, 797, 799]
[798, 800, 888]
[711, 799, 801]
[800, 802, 890]
[713, 801, 803]
[802, 804, 892]
[715, 803, 805]
[804, 806, 894]
[717, 805, 807]
[806, 808, 896]
[719, 807, 809]
[720, 808, 898]
[721, 811, 899]
[810, 812, 900]
[723, 811, 813]
[812, 814, 902]
[725, 813, 815]
[814, 816, 904]
[727, 815, 817]
[816, 818, 906]
[729, 817, 819]
[818, 820, 908]
[731, 819, 821]
[820, 822, 910]
[733, 821, 823]
[822, 824, 912]
[735, 823, 825]
[824, 826, 914]
[737, 825, 827]
[826, 828, 916]
[739, 827, 829]
[828, 830, 918]
[741, 829, 831]
[830, 832, 920]
[743, 831, 833]
[832, 834, 922]
[745, 833, 835]
[834, 836, 924]
[747, 835, 837]
[836, 838, 926]
[749, 837, 839]
[838, 840, 928]
[751, 839, 841]
[840, 842, 930]
[753, 841, 843]
[842, 844, 932]
[755, 843, 845]
[844, 846, 934]
[757, 845, 847]
[846, 848, 936]
[759, 847, 849]
[848, 850, 938]
[761, 849, 851]
[850, 852, 940]
[763, 851, 853]
[852, 854, 942]
[765, 853, 855]
[854, 856, 944]
[767, 855, 857]
[856, 858, 946]
[769, 857, 859]
[858, 860, 948]
[771, 859, 861]
[860, 862, 950]
[773, 861, 863]
[862, 864, 952]
[775, 863, 865]
[864, 866, 954]
[777, 865, 867]
[866, 868, 956]
[779, 867, 869]
[868, 870, 958]
[781, 869, 871]
[870, 872, 960]
[783, 871, 873]
[872, 874, 962]
[785, 873, 875]
[874, 876, 964]
[787, 875, 877]
[876, 878, 966]
[789, 877, 879]
[878, 880, 968]
[791, 879, 881]
[880, 882, 970]
[793, 881, 883]
[882, 884, 972]
[795, 883, 885]
[884, 886, 974]
[797, 885, 887]
[886, 888, 976]
[799, 887, 889]
[888, 890, 978]
[801, 889, 891]
[890, 892, 980]
[803, 891, 893]
[892, 894, 982]
[805, 893, 895]
[894, 896, 984]
[807, 895, 897]
[896, 898, 986]
[809, 897, 899]
[810, 898, 988]
[811, 901, 989]
[900, 902, 990]
[813, 901, 903]
[902, 904, 992]
[815, 903, 905]
[904, 906, 994]
[817, 905, 907]
[906, 908, 996]
[819, 907, 909]
[908, 910, 998]
[821, 909, 911]
[910, 912, 1000]
[823, 911, 913]
[912, 914, 1002]
[825, 913, 915]
[914, 916, 1004]
[827, 915, 917]
[916, 918, 1006]
[829, 917, 919]
[918, 920, 1008]
[831, 919, 921]
[920, 922, 1010]
[833, 921, 923]
[922, 924, 1012]
[835, 923, 925]
[924, 926, 1014]
[837, 925, 927]
[926, 928, 1016]
[839, 927, 929]
[928, 930, 1018]
[841, 929, 931]
[930, 932, 1020]
[843, 931, 933]
[932, 934, 1022]
[845, 933, 935]
[934, 936, 1024]
[847, 935, 937]
[936, 938, 1026]
[849, 937, 939]
[938, 940, 1028]
[851, 939, 941]
[940, 942, 1030]
[853, 941, 943]
[942, 944, 1032]
[855, 943, 945]
[944, 946, 1034]
[857, 945, 947]
[946, 948, 1036]
[859, 947, 949]
[948, 950, 1038]
[861, 949, 951]
[950, 952, 1040]
[863, 951, 953]
[952, 954, 1042]
[865, 953, 955]
[954, 956, 1044]
[867, 955, 957]
[956, 958, 1046]
[869, 957, 959]
[958, 960, 1048]
[871, 959, 961]
[960, 962, 1050]
[873, 961, 963]
[962, 964, 1052]
[875, 963, 965]
[964, 966, 1054]
[877, 965, 967]
[966, 968, 1056]
[879, 967, 969]
[968, 970, 1058]
[881, 969, 971]
[970, 972, 1060]
[883, 971, 973]
[972, 974, 1062]
[885, 973, 975]
[974, 976, 1064]
[887, 975, 977]
[976, 978, 1066]
[889, 977, 979]
[978, 980, 1068]
[891, 979, 981]
[980, 982, 1070]
[893, 981, 983]
[982, 984, 1072]
[895, 983, 985]
[984, 986, 1074]
[897, 985, 987]
[986, 988, 1076]
[899, 987, 989]
[900, 988, 1078]
[901, 991, 1079]
[990, 992, 1080]
[903, 991, 993]
[992, 994, 1082]
[905, 993, 995]
[994, 996, 1084]
[907, 995, 997]
[996, 998, 1086]
[909, 997, 999]
[998, 1000, 1088]
[911, 999, 1001]
[1000, 1002, 1090]
[913, 1001, 1003]
[1002, 1004, 1092]
[915, 1003, 1005]
[1004, 1006, 1094]
[917, 1005, 1007]
[1006, 1008, 1096]
[919, 1007, 1009]
[1008, 1010, 1098]
[921, 1009, 1011]
[1010, 1012, 1100]
[923, 1011, 1013]
[1012, 1014, 1102]
[925, 1013, 1015]
[1014, 1016, 1104]
[927, 1015, 1017]
[1016, 1018, 1106]
[929, 1017, 1019]
[1018, 1020, 1108]
[931, 1019, 1021]
[1020, 1022, 1110]
[933, 1021, 1023]
[1022, 1024, 1112]
[935, 1023, 1025]
[1024, 1026, 1114]
[937, 1025, 1027]
[1026, 1028, 1116]
[939, 1027, 1029]
[1028, 1030, 1118]
[941, 1029, 1031]
[1030, 1032, 1120]
[943, 1031, 1033]
[1032, 1034, 1122]
[945, 1033, 1035]
[1034, 1036, 1124]
[947, 1035, 1037]
[1036, 1038, 1126]
[949, 1037, 1039]
[1038, 1040, 1128]
[951, 1039, 1041]
[1040, 1042, 1130]
[953, 1041, 1043]
[1042, 1044, 1132]
[955, 1043, 1045]
[1044, 1046, 1134]
[957, 1045, 1047]
[1046, 1048, 1136]
[959, 1047, 1049]
[1048, 1050, 1138]
[961, 1049, 1051]
[1050, 1052, 1140]
[963, 1051, 1053]
[1052, 1054, 1142]
[965, 1053, 1055]
[1054, 1056, 1144]
[967, 1055, 1057]
[1056, 1058, 1146]
[969, 1057, 1059]
[1058, 1060, 1148]
[971, 1059, 1061]
[1060, 1062, 1150]
[973, 1061, 1063]
[1062, 1064, 1152]
[975, 1063, 1065]
[1064, 1066, 1154]
[977, 1065, 1067]
[1066, 1068, 1156]
[979, 1067, 1069]
[1068, 1070, 1158]
[981, 1069, 1071]
[1070, 1072, 1160]
[983, 1071, 1073]
[1072, 1074, 1162]
[985, 1073, 1075]
[1074, 1076, 1164]
[987, 1075, 1077]
[1076, 1078, 1166]
[989, 1077, 1079]
[990, 1078, 1168]
[991, 1081, 1169]
[1080, 1082, 1170]
[993, 1081, 1083]
[1082, 1084, 1172]
[995, 1083, 1085]
[1084, 1086, 1174]
[997, 1085, 1087]
[1086, 1088, 1176]
[999, 1087, 1089]
[1088, 1090, 1178]
[1001, 1089, 1091]
[1090, 1092, 1180]
[1003, 1091, 1093]
[1092, 1094, 1182]
[1005, 1093, 1095]
[1094, 1096, 1184]
[1007, 1095, 1097]
[1096, 1098, 1186]
[1009, 1097, 1099]
[1098, 1100, 1188]
[1011, 1099, 1101]
[1100, 1102, 1190]
[1013, 1101, 1103]
[1102, 1104, 1192]
[1015, 1103, 1105]
[1104, 1106, 1194]
[1017, 1105, 1107]
[1106, 1108, 1196]
[1019, 1107, 1109]
[1108, 1110, 1198]
[1021, 1109, 1111]
[1110, 1112, 1200]
[1023, 1111, 1113]
[1112, 1114, 1202]
[1025, 1113, 1115]
[1114, 1116, 1204]
[1027, 1115, 1117]
[1116, 1118, 1206]
[1029, 1117, 1119]
[1118, 1120, 1208]
[1031, 1119, 1121]
[1120, 1122, 1210]
[1033, 1121, 1123]
[1122, 1124, 1212]
[1035, 1123, 1125]
[1124, 1126, 1214]
[1037, 1125, 1127]
[1126, 1128, 1216]
[1039, 1127, 1129]
[1128, 1130, 1218]
[1041, 1129, 1131]
[1130, 1132, 1220]
[1043, 1131, 1133]
[1132, 1134, 1222]
[1045, 1133, 1135]
[1134, 1136, 1224]
[1047, 1135, 1137]
[1136, 1138, 1226]
[1049, 1137, 1139]
[1138, 1140, 1228]
[1051, 1139, 1141]
[1140, 1142, 1230]
[1053, 1141, 1143]
[1142, 1144, 1232]
[1055, 1143, 1145]
[1144, 1146, 1234]
[1057, 1145, 1147]
[1146, 1148, 1236]
[1059, 1147, 1149]
[1148, 1150, 1238]
[1061, 1149, 1151]
[1150, 1152, 1240]
[1063, 1151, 1153]
[1152, 1154, 1242]
[1065, 1153, 1155]
[1154, 1156, 1244]
[1067, 1155, 1157]
[1156, 1158, 1246]
[1069, 1157, 1159]
[1158, 1160, 1248]
[1071, 1159, 1161]
[1160, 1162, 1250]
[1073, 1161, 1163]
[1162, 1164, 1252]
[1075, 1163, 1165]
[1164, 1166, 1254]
[1077, 1165, 1167]
[1166, 1168, 1256]
[1079, 1167, 1169]
[1080, 1168, 1258]
[1081, 1171, 1259]
[1170, 1172, 1260]
[1083, 1171, 1173]
[1172, 1174, 1262]
[1085, 1173, 1175]
[1174, 1176, 1264]
[1087, 1175, 1177]
[1176, 1178, 1266]
[1089, 1177, 1179]
[1178, 1180, 1268]
[1091, 1179, 1181]
[1180, 1182, 1270]
[1093, 1181, 1183]
[1182, 1184, 1272]
[1095, 1183, 1185]
[1184, 1186, 1274]
[1097, 1185, 1187]
[1186, 1188, 1276]
[1099, 1187, 1189]
[1188, 1190, 1278]
[1101, 1189, 1191]
[1190, 1192, 1280]
[1103, 1191, 1193]
[1192, 1194, 1282]
[1105, 1193, 1195]
[1194, 1196, 1284]
[1107, 1195, 1197]
[1196, 1198, 1286]
[1109, 1197, 1199]
[1198, 1200, 1288]
[1111, 1199, 1201]
[1200, 1202, 1290]
[1113, 1201, 1203]
[1202, 1204, 1292]
[1115, 1203, 1205]
[1204, 1206, 1294]
[1117, 1205, 1207]
[1206, 1208, 1296]
[1119, 1207, 1209]
[1208, 1210, 1298]
[1121, 1209, 1211]
[1210, 1212, 1300]
[1123, 1211, 1213]
[1212, 1214, 1302]
[1125, 1213, 1215]
[1214, 1216, 1304]
[1127, 1215, 1217]
[1216, 1218, 1306]
[1129, 1217, 1219]
[1218, 1220, 1308]
[1131, 1219, 1221]
[1220, 1222, 1310]
[1133, 1221, 1223]
[1222, 1224, 1312]
[1135, 1223, 1225]
[1224, 1226, 1314]
[1137, 1225, 1227]
[1226, 1228, 1316]
[1139, 1227, 1229]
[1228, 1230, 1318]
[1141, 1229, 1231]
[1230, 1232, 1320]
[1143, 1231, 1233]
[1232, 1234, 1322]
[1145, 1233, 1235]
[1234, 1236, 1324]
[1147, 1235, 1237]
[1236, 1238, 1326]
[1149, 1237, 1239]
[1238, 1240, 1328]
[1151, 1239, 1241]
[1240, 1242, 1330]
[1153, 1241, 1243]
[1242, 1244, 1332]
[1155, 1243, 1245]
[1244, 1246, 1334]
[1157, 1245, 1247]
[1246, 1248, 1336]
[1159, 1247, 1249]
[1248, 1250, 1338]
[1161, 1249, 1251]
[1250, 1252, 1340]
[1163, 1251, 1253]
[1252, 1254, 1342]
[1165, 1253, 1255]
[1254, 1256, 1344]
[1167, 1255, 1257]
[1256, 1258, 1346]
[1169, 1257, 1259]
[1170, 1258, 1348]
[1171, 1261, 1349]
[1260, 1262, 1350]
[1173, 1261, 1263]
[1262, 1264, 1352]
[1175, 1263, 1265]
[1264, 1266, 1354]
[1177, 1265, 1267]
[1266, 1268, 1356]
[1179, 1267, 1269]
[1268, 1270, 1358]
[1181, 1269, 1271]
[1270, 1272, 1360]
[1183, 1271, 1273]
[1272, 1274, 1362]
[1185, 1273, 1275]
[1274, 1276, 1364]
[1187, 1275, 1277]
[1276, 1278, 1366]
[1189, 1277, 1279]
[1278, 1280, 1368]
[1191, 1279, 1281]
[1280, 1282, 1370]
[1193, 1281, 1283]
[1282, 1284, 1372]
[1195, 1283, 1285]
[1284, 1286, 1374]
[1197, 1285, 1287]
[1286, 1288, 1376]
[1199, 1287, 1289]
[1288, 1290, 1378]
[1201, 1289, 1291]
[1290, 1292, 1380]
[1203, 1291, 1293]
[1292, 1294, 1382]
[1205, 1293, 1295]
[1294, 1296, 1384]
[1207, 1295, 1297]
[1296, 1298, 1386]
[1209, 1297, 1299]
[1298, 1300, 1388]
[1211, 1299, 1301]
[1300, 1302, 1390]
[1213, 1301, 1303]
[1302, 1304, 1392]
[1215, 1303, 1305]
[1304, 1306, 1394]
[1217, 1305, 1307]
[1306, 1308, 1396]
[1219, 1307, 1309]
[1308, 1310, 1398]
[1221, 1309, 1311]
[1310, 1312, 1400]
[1223, 1311, 1313]
[1312, 1314, 1402]
[1225, 1313, 1315]
[1314, 1316, 1404]
[1227, 1315, 1317]
[1316, 1318, 1406]
[1229, 1317, 1319]
[1318, 1320, 1408]
[1231, 1319, 1321]
[1320, 1322, 1410]
[1233, 1321, 1323]
[1322, 1324, 1412]
[1235, 1323, 1325]
[1324, 1326, 1414]
[1237, 1325, 1327]
[1326, 1328, 1416]
[1239, 1327, 1329]
[1328, 1330, 1418]
[1241, 1329, 1331]
[1330, 1332, 1420]
[1243, 1331, 1333]
[1332, 1334, 1422]
[1245, 1333, 1335]
[1334, 1336, 1424]
[1247, 1335, 1337]
[1336, 1338, 1426]
[1249, 1337, 1339]
[1338, 1340, 1428]
[1251, 1339, 1341]
[1340, 1342, 1430]
[1253, 1341, 1343]
[1342, 1344, 1432]
[1255, 1343, 1345]
[1344, 1346, 1434]
[1257, 1345, 1347]
[1346, 1348, 1436]
[1259, 1347, 1349]
[1260, 1348, 1438]
[1261, 1351, 1439]
[1350, 1352, 1440]
[1263, 1351, 1353]
[1352, 1354, 1442]
[1265, 1353, 1355]
[1354, 1356, 1444]
[1267, 1355, 1357]
[1356, 1358, 1446]
[1269, 1357, 1359]
[1358, 1360, 1448]
[1271, 1359, 1361]
[1360, 1362, 1450]
[1273, 1361, 1363]
[1362, 1364, 1452]
[1275, 1363, 1365]
[1364, 1366, 1454]
[1277, 1365, 1367]
[1366, 1368, 1456]
[1279, 1367, 1369]
[1368, 1370, 1458]
[1281, 1369, 1371]
[1370, 1372, 1460]
[1283, 1371, 1373]
[1372, 1374, 1462]
[1285, 1373, 1375]
[1374, 1376, 1464]
[1287, 1375, 1377]
[1376, 1378, 1466]
[1289, 1377, 1379]
[1378, 1380, 1468]
[1291, 1379, 1381]
[1380, 1382, 1470]
[1293, 1381, 1383]
[1382, 1384, 1472]
[1295, 1383, 1385]
[1384, 1386, 1474]
[1297, 1385, 1387]
[1386, 1388, 1476]
[1299, 1387, 1389]
[1388, 1390, 1478]
[1301, 1389, 1391]
[1390, 1392, 1480]
[1303, 1391, 1393]
[1392, 1394, 1482]
[1305, 1393, 1395]
[1394, 1396, 1484]
[1307, 1395, 1397]
[1396, 1398, 1486]
[1309, 1397, 1399]
[1398, 1400, 1488]
[1311, 1399, 1401]
[1400, 1402, 1490]
[1313, 1401, 1403]
[1402, 1404, 1492]
[1315, 1403, 1405]
[1404, 1406, 1494]
[1317, 1405, 1407]
[1406, 1408, 1496]
[1319, 1407, 1409]
[1408, 1410, 1498]
[1321, 1409, 1411]
[1410, 1412, 1500]
[1323, 1411, 1413]
[1412, 1414, 1502]
[1325, 1413, 1415]
[1414, 1416, 1504]
[1327, 1415, 1417]
[1416, 1418, 1506]
[1329, 1417, 1419]
[1418, 1420, 1508]
[1331, 1419, 1421]
[1420, 1422, 1510]
[1333, 1421, 1423]
[1422, 1424, 1512]
[1335, 1423, 1425]
[1424, 1426, 1514]
[1337, 1425, 1427]
[1426, 1428, 1516]
[1339, 1427, 1429]
[1428, 1430, 1518]
[1341, 1429, 1431]
[1430, 1432, 1520]
[1343, 1431, 1433]
[1432, 1434, 1522]
[1345, 1433, 1435]
[1434, 1436, 1524]
[1347, 1435, 1437]
[1436, 1438, 1526]
[1349, 1437, 1439]
[1350, 1438, 1528]
[1351, 1441, 1529]
[1440, 1442, 1530]
[1353, 1441, 1443]
[1442, 1444, 1532]
[1355, 1443, 1445]
[1444, 1446, 1534]
[1357, 1445, 1447]
[1446, 1448, 1536]
[1359, 1447, 1449]
[1448, 1450, 1538]
[1361, 1449, 1451]
[1450, 1452, 1540]
[1363, 1451, 1453]
[1452, 1454, 1542]
[1365, 1453, 1455]
[1454, 1456, 1544]
[1367, 1455, 1457]
[1456, 1458, 1546]
[1369, 1457, 1459]
[1458, 1460, 1548]
[1371, 1459, 1461]
[1460, 1462, 1550]
[1373, 1461, 1463]
[1462, 1464, 1552]
[1375, 1463, 1465]
[1464, 1466, 1554]
[1377, 1465, 1467]
[1466, 1468, 1556]
[1379, 1467, 1469]
[1468, 1470, 1558]
[1381, 1469, 1471]
[1470, 1472, 1560]
[1383, 1471, 1473]
[1472, 1474, 1562]
[1385, 1473, 1475]
[1474, 1476, 1564]
[1387, 1475, 1477]
[1476, 1478, 1566]
[1389, 1477, 1479]
[1478, 1480, 1568]
[1391, 1479, 1481]
[1480, 1482, 1570]
[1393, 1481, 1483]
[1482, 1484, 1572]
[1395, 1483, 1485]
[1484, 1486, 1574]
[1397, 1485, 1487]
[1486, 1488, 1576]
[1399, 1487, 1489]
[1488, 1490, 1578]
[1401, 1489, 1491]
[1490, 1492, 1580]
[1403, 1491, 1493]
[1492, 1494, 1582]
[1405, 1493, 1495]
[1494, 1496, 1584]
[1407, 1495, 1497]
[1496, 1498, 1586]
[1409, 1497, 1499]
[1498, 1500, 1588]
[1411, 1499, 1501]
[1500, 1502, 1590]
[1413, 1501, 1503]
[1502, 1504, 1592]
[1415, 1503, 1505]
[1504, 1506, 1594]
[1417, 1505, 1507]
[1506, 1508, 1596]
[1419, 1507, 1509]
[1508, 1510, 1598]
[1421, 1509, 1511]
[1510, 1512, 1600]
[1423, 1511, 1513]
[1512, 1514, 1602]
[1425, 1513, 1515]
[1514, 1516, 1604]
[1427, 1515, 1517]
[1516, 1518, 1606]
[1429, 1517, 1519]
[1518, 1520, 1608]
[1431, 1519, 1521]
[1520, 1522, 1610]
[1433, 1521, 1523]
[1522, 1524, 1612]
[1435, 1523, 1525]
[1524, 1526, 1614]
[1437, 1525, 1527]
[1526, 1528, 1616]
[1439, 1527, 1529]
[1440, 1528, 1618]
[1441, 1531, 1619]
[1530, 1532, 1620]
[1443, 1531, 1533]
[1532, 1534, 1622]
[1445, 1533, 1535]
[1534, 1536, 1624]
[1447, 1535, 1537]
[1536, 1538, 1626]
[1449, 1537, 1539]
[1538, 1540, 1628]
[1451, 1539, 1541]
[1540, 1542, 1630]
[1453, 1541, 1543]
[1542, 1544, 1632]
[1455, 1543, 1545]
[1544, 1546, 1634]
[1457, 1545, 1547]
[1546, 1548, 1636]
[1459, 1547, 1549]
[1548, 1550, 1638]
[1461, 1549, 1551]
[1550, 1552, 1640]
[1463, 1551, 1553]
[1552, 1554, 1642]
[1465, 1553, 1555]
[1554, 1556, 1644]
[1467, 1555, 1557]
[1556, 1558, 1646]
[1469, 1557, 1559]
[1558, 1560, 1648]
[1471, 1559, 1561]
[1560, 1562, 1650]
[1473, 1561, 1563]
[1562, 1564, 1652]
[1475, 1563, 1565]
[1564, 1566, 1654]
[1477, 1565, 1567]
[1566, 1568, 1656]
[1479, 1567, 1569]
[1568, 1570, 1658]
[1481, 1569, 1571]
[1570, 1572, 1660]
[1483, 1571, 1573]
[1572, 1574, 1662]
[1485, 1573, 1575]
[1574, 1576, 1664]
[1487, 1575, 1577]
[1576, 1578, 1666]
[1489, 1577, 1579]
[1578, 1580, 1668]
[1491, 1579, 1581]
[1580, 1582, 1670]
[1493, 1581, 1583]
[1582, 1584, 1672]
[1495, 1583, 1585]
[1584, 1586, 1674]
[1497, 1585, 1587]
[1586, 1588, 1676]
[1499, 1587, 1589]
[1588, 1590, 1678]
[1501, 1589, 1591]
[1590, 1592, 1680]
[1503, 1591, 1593]
[1592, 1594, 1682]
[1505, 1593, 1595]
[1594, 1596, 1684]
[1507, 1595, 1597]
[1596, 1598, 1686]
[1509, 1597, 1599]
[1598, 1600, 1688]
[1511, 1599, 1601]
[1600, 1602, 1690]
[1513, 1601, 1603]
[1602, 1604, 1692]
[1515, 1603, 1605]
[1604, 1606, 1694]
[1517, 1605, 1607]
[1606, 1608, 1696]
[1519, 1607, 1609]
[1608, 1610, 1698]
[1521, 1609, 1611]
[1610, 1612, 1700]
[1523, 1611, 1613]
[1612, 1614, 1702]
[1525, 1613, 1615]
[1614, 1616, 1704]
[1527, 1615, 1617]
[1616, 1618, 1706]
[1529, 1617, 1619]
[1530, 1618, 1708]
[1531, 1621, 1709]
[1620, 1622, 1710]
[1533, 1621, 1623]
[1622, 1624, 1712]
[1535, 1623, 1625]
[1624, 1626, 1714]
[1537, 1625, 1627]
[1626, 1628, 1716]
[1539, 1627, 1629]
[1628, 1630, 1718]
[1541, 1629, 1631]
[1630, 1632, 1720]
[1543, 1631, 1633]
[1632, 1634, 1722]
[1545, 1633, 1635]
[1634, 1636, 1724]
[1547, 1635, 1637]
[1636, 1638, 1726]
[1549, 1637, 1639]
[1638, 1640, 1728]
[1551, 1639, 1641]
[1640, 1642, 1730]
[1553, 1641, 1643]
[1642, 1644, 1732]
[1555, 1643, 1645]
[1644, 1646, 1734]
[1557, 1645, 1647]
[1646, 1648, 1736]
[1559, 1647, 1649]
[1648, 1650, 1738]
[1561, 1649, 1651]
[1650, 1652, 1740]
[1563, 1651, 1653]
[1652, 1654, 1742]
[1565, 1653, 1655]
[1654, 1656, 1744]
[1567, 1655, 1657]
[1656, 1658, 1746]
[1569, 1657, 1659]
[1658, 1660, 1748]
[1571, 1659, 1661]
[1660, 1662, 1750]
[1573, 1661, 1663]
[1662, 1664, 1752]
[1575, 1663, 1665]
[1664, 1666, 1754]
[1577, 1665, 1667]
[1666, 1668, 1756]
[1579, 1667, 1669]
[1668, 1670, 1758]
[1581, 1669, 1671]
[1670, 1672, 1760]
[1583, 1671, 1673]
[1672, 1674, 1762]
[1585, 1673, 1675]
[1674, 1676, 1764]
[1587, 1675, 1677]
[1676, 1678, 1766]
[1589, 1677, 1679]
[1678, 1680, 1768]
[1591, 1679, 1681]
[1680, 1682, 1770]
[1593, 1681, 1683]
[1682, 1684, 1772]
[1595, 1683, 1685]
[1684, 1686, 1774]
[1597, 1685, 1687]
[1686, 1688, 1776]
[1599, 1687, 1689]
[1688, 1690, 1778]
[1601, 1689, 1691]
[1690, 1692, 1780]
[1603, 1691, 1693]
[1692, 1694, 1782]
[1605, 1693, 1695]
[1694, 1696, 1784]
[1607, 1695, 1697]
[1696, 1698, 1786]
[1609, 1697, 1699]
[1698, 1700, 1788]
[1611, 1699, 1701]
[1700, 1702, 1790]
[1613, 1701, 1703]
[1702, 1704, 1792]
[1615, 1703, 1705]
[1704, 1706, 1794]
[1617, 1705, 1707]
[1706, 1708, 1796]
[1619, 1707, 1709]
[1620, 1708, 1798]
[1621, 1711, 1799]
[1710, 1712, 1800]
[1623, 1711, 1713]
[1712, 1714, 1802]
[1625, 1713, 1715]
[1714, 1716, 1804]
[1627, 1715, 1717]
[1716, 1718, 1806]
[1629, 1717, 1719]
[1718, 1720, 1808]
[1631, 1719, 1721]
[1720, 1722, 1810]
[1633, 1721, 1723]
[1722, 1724, 1812]
[1635, 1723, 1725]
[1724, 1726, 1814]
[1637, 1725, 1727]
[1726, 1728, 1816]
[1639, 1727, 1729]
[1728, 1730, 1818]
[1641, 1729, 1731]
[1730, 1732, 1820]
[1643, 1731, 1733]
[1732, 1734, 1822]
[1645, 1733, 1735]
[1734, 1736, 1824]
[1647, 1735, 1737]
[1736, 1738, 1826]
[1649, 1737, 1739]
[1738, 1740, 1828]
[1651, 1739, 1741]
[1740, 1742, 1830]
[1653, 1741, 1743]
[1742, 1744, 1832]
[1655, 1743, 1745]
[1744, 1746, 1834]
[1657, 1745, 1747]
[1746, 1748, 1836]
[1659, 1747, 1749]
[1748, 1750, 1838]
[1661, 1749, 1751]
[1750, 1752, 1840]
[1663, 1751, 1753]
[1752, 1754, 1842]
[1665, 1753, 1755]
[1754, 1756, 1844]
[1667, 1755, 1757]
[1756, 1758, 1846]
[1669, 1757, 1759]
[1758, 1760, 1848]
[1671, 1759, 1761]
[1760, 1762, 1850]
[1673, 1761, 1763]
[1762, 1764, 1852]
[1675, 1763, 1765]
[1764, 1766, 1854]
[1677, 1765, 1767]
[1766, 1768, 1856]
[1679, 1767, 1769]
[1768, 1770, 1858]
[1681, 1769, 1771]
[1770, 1772, 1860]
[1683, 1771, 1773]
[1772, 1774, 1862]
[1685, 1773, 1775]
[1774, 1776, 1864]
[1687, 1775, 1777]
[1776, 1778, 1866]
[1689, 1777, 1779]
[1778, 1780, 1868]
[1691, 1779, 1781]
[1780, 1782, 1870]
[1693, 1781, 1783]
[1782, 1784, 1872]
[1695, 1783, 1785]
[1784, 1786, 1874]
[1697, 1785, 1787]
[1786, 1788, 1876]
[1699, 1787, 1789]
[1788, 1790, 1878]
[1701, 1789, 1791]
[1790, 1792, 1880]
[1703, 1791, 1793]
[1792, 1794, 1882]
[1705, 1793, 1795]
[1794, 1796, 1884]
[1707, 1795, 1797]
[1796, 1798, 1886]
[1709, 1797, 1799]
[1710, 1798, 1888]
[1711, 1801, 1889]
[1800, 1802, 1890]
[1713, 1801, 1803]
[1802, 1804, 1892]
[1715, 1803, 1805]
[1804, 1806, 1894]
[1717, 1805, 1807]
[1806, 1808, 1896]
[1719, 1807, 1809]
[1808, 1810, 1898]
[1721, 1809, 1811]
[1810, 1812, 1900]
[1723, 1811, 1813]
[1812, 1814, 1902]
[1725, 1813, 1815]
[1814, 1816, 1904]
[1727, 1815, 1817]
[1816, 1818, 1906]
[1729, 1817, 1819]
[1818, 1820, 1908]
[1731, 1819, 1821]
[1820, 1822, 1910]
[1733, 1821, 1823]
[1822, 1824, 1912]
[1735, 1823, 1825]
[1824, 1826, 1914]
[1737, 1825, 1827]
[1826, 1828, 1916]
[1739, 1827, 1829]
[1828, 1830, 1918]
[1741, 1829, 1831]
[1830, 1832, 1920]
[1743, 1831, 1833]
[1832, 1834, 1922]
[1745, 1833, 1835]
[1834, 1836, 1924]
[1747, 1835, 1837]
[1836, 1838, 1926]
[1749, 1837, 1839]
[1838, 1840, 1928]
[1751, 1839, 1841]
[1840, 1842, 1930]
[1753, 1841, 1843]
[1842, 1844, 1932]
[1755, 1843, 1845]
[1844, 1846, 1934]
[1757, 1845, 1847]
[1846, 1848, 1936]
[1759, 1847, 1849]
[1848, 1850, 1938]
[1761, 1849, 1851]
[1850, 1852, 1940]
[1763, 1851, 1853]
[1852, 1854, 1942]
[1765, 1853, 1855]
[1854, 1856, 1944]
[1767, 1855, 1857]
[1856, 1858, 1946]
[1769, 1857, 1859]
[1858, 1860, 1948]
[1771, 1859, 1861]
[1860, 1862, 1950]
[1773, 1861, 1863]
[1862, 1864, 1952]
[1775, 1863, 1865]
[1864, 1866, 1954]
[1777, 1865, 1867]
[1866, 1868, 1956]
[1779, 1867, 1869]
[1868, 1870, 1958]
[1781, 1869, 1871]
[1870, 1872, 1960]
[1783, 1871, 1873]
[1872, 1874, 1962]
[1785, 1873, 1875]
[1874, 1876, 1964]
[1787, 1875, 1877]
[1876, 1878, 1966]
[1789, 1877, 1879]
[1878, 1880, 1968]
[1791, 1879, 1881]
[1880, 1882, 1970]
[1793, 1881, 1883]
[1882, 1884, 1972]
[1795, 1883, 1885]
[1884, 1886, 1974]
[1797, 1885, 1887]
[1886, 1888, 1976]
[1799, 1887, 1889]
[1800, 1888, 1978]
[1801, 1891, 1979]
[1890, 1892, 1980]
[1803, 1891, 1893]
[1892, 1894, 1982]
[1805, 1893, 1895]
[1894, 1896, 1984]
[1807, 1895, 1897]
[1896, 1898, 1986]
[1809, 1897, 1899]
[1898, 1900, 1988]
[1811, 1899, 1901]
[1900, 1902, 1990]
[1813, 1901, 1903]
[1902, 1904, 1992]
[1815, 1903, 1905]
[1904, 1906, 1994]
[1817, 1905, 1907]
[1906, 1908, 1996]
[1819, 1907, 1909]
[1908, 1910, 1998]
[1821, 1909, 1911]
[1910, 1912, 2000]
[1823, 1911, 1913]
[1912, 1914, 2002]
[1825, 1913, 1915]
[1914, 1916, 2004]
[1827, 1915, 1917]
[1916, 1918, 2006]
[1829, 1917, 1919]
[1918, 1920, 2008]
[1831, 1919, 1921]
[1920, 1922, 2010]
[1833, 1921, 1923]
[1922, 1924, 2012]
[1835, 1923, 1925]
[1924, 1926, 2014]
[1837, 1925, 1927]
[1926, 1928, 2016]
[1839, 1927, 1929]
[1928, 1930, 2018]
[1841, 1929, 1931]
[1930, 1932, 2020]
[1843, 1931, 1933]
[1932, 1934, 2022]
[1845, 1933, 1935]
[1934, 1936, 2024]
[1847, 1935, 1937]
[1936, 1938, 2026]
[1849, 1937, 1939]
[1938, 1940, 2028]
[1851, 1939, 1941]
[1940, 1942, 2030]
[1853, 1941, 1943]
[1942, 1944, 2032]
[1855, 1943, 1945]
[1944, 1946, 2034]
[1857, 1945, 1947]
[1946, 1948, 2036]
[1859, 1947, 1949]
[1948, 1950, 2038]
[1861, 1949, 1951]
[1950, 1952, 2040]
[1863, 1951, 1953]
[1952, 1954, 2042]
[1865, 1953, 1955]
[1954, 1956, 2044]
[1867, 1955, 1957]
[1956, 1958, 2046]
[1869, 1957, 1959]
[1958, 1960, 2048]
[1871, 1959, 1961]
[1960, 1962, 2050]
[1873, 1961, 1963]
[1962, 1964, 2052]
[1875, 1963, 1965]
[1964, 1966, 2054]
[1877, 1965, 1967]
[1966, 1968, 2056]
[1879, 1967, 1969]
[1968, 1970, 2058]
[1881, 1969, 1971]
[1970, 1972, 2060]
[1883, 1971, 1973]
[1972, 1974, 2062]
[1885, 1973, 1975]
[1974, 1976, 2064]
[1887, 1975, 1977]
[1976, 1978, 2066]
[1889, 1977, 1979]
[1890, 1978, 2068]
[1891, 1981, 2069]
[1980, 1982, 2070]
[1893, 1981, 1983]
[1982, 1984, 2072]
[1895, 1983, 1985]
[1984, 1986, 2074]
[1897, 1985, 1987]
[1986, 1988, 2076]
[1899, 1987, 1989]
[1988, 1990, 2078]
[1901, 1989, 1991]
[1990, 1992, 2080]
[1903, 1991, 1993]
[1992, 1994, 2082]
[1905, 1993, 1995]
[1994, 1996, 2084]
[1907, 1995, 1997]
[1996, 1998, 2086]
[1909, 1997, 1999]
[1998, 2000, 2088]
[1911, 1999, 2001]
[2000, 2002, 2090]
[1913, 2001, 2003]
[2002, 2004, 2092]
[1915, 2003, 2005]
[2004, 2006, 2094]
[1917, 2005, 2007]
[2006, 2008, 2096]
[1919, 2007, 2009]
[2008, 2010, 2098]
[1921, 2009, 2011]
[2010, 2012, 2100]
[1923, 2011, 2013]
[2012, 2014, 2102]
[1925, 2013, 2015]
[2014, 2016, 2104]
[1927, 2015, 2017]
[2016, 2018, 2106]
[1929, 2017, 2019]
[2018, 2020, 2108]
[1931, 2019, 2021]
[2020, 2022, 2110]
[1933, 2021, 2023]
[2022, 2024, 2112]
[1935, 2023, 2025]
[2024, 2026, 2114]
[1937, 2025, 2027]
[2026, 2028, 2116]
[1939, 2027, 2029]
[2028, 2030, 2118]
[1941, 2029, 2031]
[2030, 2032, 2120]
[1943, 2031, 2033]
[2032, 2034, 2122]
[1945, 2033, 2035]
[2034, 2036, 2124]
[1947, 2035, 2037]
[2036, 2038, 2126]
[1949, 2037, 2039]
[2038, 2040, 2128]
[1951, 2039, 2041]
[2040, 2042, 2130]
[1953, 2041, 2043]
[2042, 2044, 2132]
[1955, 2043, 2045]
[2044, 2046, 2134]
[1957, 2045, 2047]
[2046, 2048, 2136]
[1959, 2047, 2049]
[2048, 2050, 2138]
[1961, 2049, 2051]
[2050, 2052, 2140]
[1963, 2051, 2053]
[2052, 2054, 2142]
[1965, 2053, 2055]
[2054, 2056, 2144]
[1967, 2055, 2057]
[2056, 2058, 2146]
[1969, 2057, 2059]
[2058, 2060, 2148]
[1971, 2059, 2061]
[2060, 2062, 2150]
[1973, 2061, 2063]
[2062, 2064, 2152]
[1975, 2063, 2065]
[2064, 2066, 2154]
[1977, 2065, 2067]
[2066, 2068, 2156]
[1979, 2067, 2069]
[1980, 2068, 2158]
[1981, 2071, 2159]
[2070, 2072, 2160]
[1983, 2071, 2073]
[2072, 2074, 2162]
[1985, 2073, 2075]
[2074, 2076, 2164]
[1987, 2075, 2077]
[2076, 2078, 2166]
[1989, 2077, 2079]
[2078, 2080, 2168]
[1991, 2079, 2081]
[2080, 2082, 2170]
[1993, 2081, 2083]
[2082, 2084, 2172]
[1995, 2083, 2085]
[2084, 2086, 2174]
[1997, 2085, 2087]
[2086, 2088, 2176]
[1999, 2087, 2089]
[2088, 2090, 2178]
[2001, 2089, 2091]
[2090, 2092, 2180]
[2003, 2091, 2093]
[2092, 2094, 2182]
[2005, 2093, 2095]
[2094, 2096, 2184]
[2007, 2095, 2097]
[2096, 2098, 2186]
[2009, 2097, 2099]
[2098, 2100, 2188]
[2011, 2099, 2101]
[2100, 2102, 2190]
[2013, 2101, 2103]
[2102, 2104, 2192]
[2015, 2103, 2105]
[2104, 2106, 2194]
[2017, 2105, 2107]
[2106, 2108, 2196]
[2019, 2107, 2109]
[2108, 2110, 2198]
[2021, 2109, 2111]
[2110, 2112, 2200]
[2023, 2111, 2113]
[2112, 2114, 2202]
[2025, 2113, 2115]
[2114, 2116, 2204]
[2027, 2115, 2117]
[2116, 2118, 2206]
[2029, 2117, 2119]
[2118, 2120, 2208]
[2031, 2119, 2121]
[2120, 2122, 2210]
[2033, 2121, 2123]
[2122, 2124, 2212]
[2035, 2123, 2125]
[2124, 2126, 2214]
[2037, 2125, 2127]
[2126, 2128, 2216]
[2039, 2127, 2129]
[2128, 2130, 2218]
[2041, 2129, 2131]
[2130, 2132, 2220]
[2043, 2131, 2133]
[2132, 2134, 2222]
[2045, 2133, 2135]
[2134, 2136, 2224]
[2047, 2135, 2137]
[2136, 2138, 2226]
[2049, 2137, 2139]
[2138, 2140, 2228]
[2051, 2139, 2141]
[2140, 2142, 2230]
[2053, 2141, 2143]
[2142, 2144, 2232]
[2055, 2143, 2145]
[2144, 2146, 2234]
[2057, 2145, 2147]
[2146, 2148, 2236]
[2059, 2147, 2149]
[2148, 2150, 2238]
[2061, 2149, 2151]
[2150, 2152, 2240]
[2063, 2151, 2153]
[2152, 2154, 2242]
[2065, 2153, 2155]
[2154, 2156, 2244]
[2067, 2155, 2157]
[2156, 2158, 2246]
[2069, 2157, 2159]
[2070, 2158, 2248]
[2071, 2161, 2249]
[2160, 2162, 2250]
[2073, 2161, 2163]
[2162, 2164, 2252]
[2075, 2163, 2165]
[2164, 2166, 2254]
[2077, 2165, 2167]
[2166, 2168, 2256]
[2079, 2167, 2169]
[2168, 2170, 2258]
[2081, 2169, 2171]
[2170, 2172, 2260]
[2083, 2171, 2173]
[2172, 2174, 2262]
[2085, 2173, 2175]
[2174, 2176, 2264]
[2087, 2175, 2177]
[2176, 2178, 2266]
[2089, 2177, 2179]
[2178, 2180, 2268]
[2091, 2179, 2181]
[2180, 2182, 2270]
[2093, 2181, 2183]
[2182, 2184, 2272]
[2095, 2183, 2185]
[2184, 2186, 2274]
[2097, 2185, 2187]
[2186, 2188, 2276]
[2099, 2187, 2189]
[2188, 2190, 2278]
[2101, 2189, 2191]
[2190, 2192, 2280]
[2103, 2191, 2193]
[2192, 2194, 2282]
[2105, 2193, 2195]
[2194, 2196, 2284]
[2107, 2195, 2197]
[2196, 2198, 2286]
[2109, 2197, 2199]
[2198, 2200, 2288]
[2111, 2199, 2201]
[2200, 2202, 2290]
[2113, 2201, 2203]
[2202, 2204, 2292]
[2115, 2203, 2205]
[2204, 2206, 2294]
[2117, 2205, 2207]
[2206, 2208, 2296]
[2119, 2207, 2209]
[2208, 2210, 2298]
[2121, 2209, 2211]
[2210, 2212, 2300]
[2123, 2211, 2213]
[2212, 2214, 2302]
[2125, 2213, 2215]
[2214, 2216, 2304]
[2127, 2215, 2217]
[2216, 2218, 2306]
[2129, 2217, 2219]
[2218, 2220, 2308]
[2131, 2219, 2221]
[2220, 2222, 2310]
[2133, 2221, 2223]
[2222, 2224, 2312]
[2135, 2223, 2225]
[2224, 2226, 2314]
[2137, 2225, 2227]
[2226, 2228, 2316]
[2139, 2227, 2229]
[2228, 2230, 2318]
[2141, 2229, 2231]
[2230, 2232, 2320]
[2143, 2231, 2233]
[2232, 2234, 2322]
[2145, 2233, 2235]
[2234, 2236, 2324]
[2147, 2235, 2237]
[2236, 2238, 2326]
[2149, 2237, 2239]
[2238, 2240, 2328]
[2151, 2239, 2241]
[2240, 2242, 2330]
[2153, 2241, 2243]
[2242, 2244, 2332]
[2155, 2243, 2245]
[2244, 2246, 2334]
[2157, 2245, 2247]
[2246, 2248, 2336]
[2159, 2247, 2249]
[2160, 2248, 2338]
[2161, 2251, 2339]
[2250, 2252, 2340]
[2163, 2251, 2253]
[2252, 2254, 2342]
[2165, 2253, 2255]
[2254, 2256, 2344]
[2167, 2255, 2257]
[2256, 2258, 2346]
[2169, 2257, 2259]
[2258, 2260, 2348]
[2171, 2259, 2261]
[2260, 2262, 2350]
[2173, 2261, 2263]
[2262, 2264, 2352]
[2175, 2263, 2265]
[2264, 2266, 2354]
[2177, 2265, 2267]
[2266, 2268, 2356]
[2179, 2267, 2269]
[2268, 2270, 2358]
[2181, 2269, 2271]
[2270, 2272, 2360]
[2183, 2271, 2273]
[2272, 2274, 2362]
[2185, 2273, 2275]
[2274, 2276, 2364]
[2187, 2275, 2277]
[2276, 2278, 2366]
[2189, 2277, 2279]
[2278, 2280, 2368]
[2191, 2279, 2281]
[2280, 2282, 2370]
[2193, 2281, 2283]
[2282, 2284, 2372]
[2195, 2283, 2285]
[2284, 2286, 2374]
[2197, 2285, 2287]
[2286, 2288, 2376]
[2199, 2287, 2289]
[2288, 2290, 2378]
[2201, 2289, 2291]
[2290, 2292, 2380]
[2203, 2291, 2293]
[2292, 2294, 2382]
[2205, 2293, 2295]
[2294, 2296, 2384]
[2207, 2295, 2297]
[2296, 2298, 2386]
[2209, 2297, 2299]
[2298, 2300, 2388]
[2211, 2299, 2301]
[2300, 2302, 2390]
[2213, 2301, 2303]
[2302, 2304, 2392]
[2215, 2303, 2305]
[2304, 2306, 2394]
[2217, 2305, 2307]
[2306, 2308, 2396]
[2219, 2307, 2309]
[2308, 2310, 2398]
[2221, 2309, 2311]
[2310, 2312, 2400]
[2223, 2311, 2313]
[2312, 2314, 2402]
[2225, 2313, 2315]
[2314, 2316, 2404]
[2227, 2315, 2317]
[2316, 2318, 2406]
[2229, 2317, 2319]
[2318, 2320, 2408]
[2231, 2319, 2321]
[2320, 2322, 2410]
[2233, 2321, 2323]
[2322, 2324, 2412]
[2235, 2323, 2325]
[2324, 2326, 2414]
[2237, 2325, 2327]
[2326, 2328, 2416]
[2239, 2327, 2329]
[2328, 2330, 2418]
[2241, 2329, 2331]
[2330, 2332, 2420]
[2243, 2331, 2333]
[2332, 2334, 2422]
[2245, 2333, 2335]
[2334, 2336, 2424]
[2247, 2335, 2337]
[2336, 2338, 2426]
[2249, 2337, 2339]
[2250, 2338, 2428]
[2251, 2341, 2429]
[2340, 2342, 2430]
[2253, 2341, 2343]
[2342, 2344, 2432]
[2255, 2343, 2345]
[2344, 2346, 2434]
[2257, 2345, 2347]
[2346, 2348, 2436]
[2259, 2347, 2349]
[2348, 2350, 2438]
[2261, 2349, 2351]
[2350, 2352, 2440]
[2263, 2351, 2353]
[2352, 2354, 2442]
[2265, 2353, 2355]
[2354, 2356, 2444]
[2267, 2355, 2357]
[2356, 2358, 2446]
[2269, 2357, 2359]
[2358, 2360, 2448]
[2271, 2359, 2361]
[2360, 2362, 2450]
[2273, 2361, 2363]
[2362, 2364, 2452]
[2275, 2363, 2365]
[2364, 2366, 2454]
[2277, 2365, 2367]
[2366, 2368, 2456]
[2279, 2367, 2369]
[2368, 2370, 2458]
[2281, 2369, 2371]
[2370, 2372, 2460]
[2283, 2371, 2373]
[2372, 2374, 2462]
[2285, 2373, 2375]
[2374, 2376, 2464]
[2287, 2375, 2377]
[2376, 2378, 2466]
[2289, 2377, 2379]
[2378, 2380, 2468]
[2291, 2379, 2381]
[2380, 2382, 2470]
[2293, 2381, 2383]
[2382, 2384, 2472]
[2295, 2383, 2385]
[2384, 2386, 2474]
[2297, 2385, 2387]
[2386, 2388, 2476]
[2299, 2387, 2389]
[2388, 2390, 2478]
[2301, 2389, 2391]
[2390, 2392, 2480]
[2303, 2391, 2393]
[2392, 2394, 2482]
[2305, 2393, 2395]
[2394, 2396, 2484]
[2307, 2395, 2397]
[2396, 2398, 2486]
[2309, 2397, 2399]
[2398, 2400, 2488]
[2311, 2399, 2401]
[2400, 2402, 2490]
[2313, 2401, 2403]
[2402, 2404, 2492]
[2315, 2403, 2405]
[2404, 2406, 2494]
[2317, 2405, 2407]
[2406, 2408, 2496]
[2319, 2407, 2409]
[2408, 2410, 2498]
[2321, 2409, 2411]
[2410, 2412, 2500]
[2323, 2411, 2413]
[2412, 2414, 2502]
[2325, 2413, 2415]
[2414, 2416, 2504]
[2327, 2415, 2417]
[2416, 2418, 2506]
[2329, 2417, 2419]
[2418, 2420, 2508]
[2331, 2419, 2421]
[2420, 2422, 2510]
[2333, 2421, 2423]
[2422, 2424, 2512]
[2335, 2423, 2425]
[2424, 2426, 2514]
[2337, 2425, 2427]
[2426, 2428, 2516]
[2339, 2427, 2429]
[2340, 2428, 2518]
[2341, 2431, 2519]
[2430, 2432, 2520]
[2343, 2431, 2433]
[2432, 2434, 2522]
[2345, 2433, 2435]
[2434, 2436, 2524]
[2347, 2435, 2437]
[2436, 2438, 2526]
[2349, 2437, 2439]
[2438, 2440, 2528]
[2351, 2439, 2441]
[2440, 2442, 2530]
[2353, 2441, 2443]
[2442, 2444, 2532]
[2355, 2443, 2445]
[2444, 2446, 2534]
[2357, 2445, 2447]
[2446, 2448, 2536]
[2359, 2447, 2449]
[2448, 2450, 2538]
[2361, 2449, 2451]
[2450, 2452, 2540]
[2363, 2451, 2453]
[2452, 2454, 2542]
[2365, 2453, 2455]
[2454, 2456, 2544]
[2367, 2455, 2457]
[2456, 2458, 2546]
[2369, 2457, 2459]
[2458, 2460, 2548]
[2371, 2459, 2461]
[2460, 2462, 2550]
[2373, 2461, 2463]
[2462, 2464, 2552]
[2375, 2463, 2465]
[2464, 2466, 2554]
[2377, 2465, 2467]
[2466, 2468, 2556]
[2379, 2467, 2469]
[2468, 2470, 2558]
[2381, 2469, 2471]
[2470, 2472, 2560]
[2383, 2471, 2473]
[2472, 2474, 2562]
[2385, 2473, 2475]
[2474, 2476, 2564]
[2387, 2475, 2477]
[2476, 2478, 2566]
[2389, 2477, 2479]
[2478, 2480, 2568]
[2391, 2479, 2481]
[2480, 2482, 2570]
[2393, 2481, 2483]
[2482, 2484, 2572]
[2395, 2483, 2485]
[2484, 2486, 2574]
[2397, 2485, 2487]
[2486, 2488, 2576]
[2399, 2487, 2489]
[2488, 2490, 2578]
[2401, 2489, 2491]
[2490, 2492, 2580]
[2403, 2491, 2493]
[2492, 2494, 2582]
[2405, 2493, 2495]
[2494, 2496, 2584]
[2407, 2495, 2497]
[2496, 2498, 2586]
[2409, 2497, 2499]
[2498, 2500, 2588]
[2411, 2499, 2501]
[2500, 2502, 2590]
[2413, 2501, 2503]
[2502, 2504, 2592]
[2415, 2503, 2505]
[2504, 2506, 2594]
[2417, 2505, 2507]
[2506, 2508, 2596]
[2419, 2507, 2509]
[2508, 2510, 2598]
[2421, 2509, 2511]
[2510, 2512, 2600]
[2423, 2511, 2513]
[2512, 2514, 2602]
[2425, 2513, 2515]
[2514, 2516, 2604]
[2427, 2515, 2517]
[2516, 2518, 2606]
[2429, 2517, 2519]
[2430, 2518, 2608]
[2431, 2521, 2609]
[2520, 2522, 2610]
[2433, 2521, 2523]
[2522, 2524, 2612]
[2435, 2523, 2525]
[2524, 2526, 2614]
[2437, 2525, 2527]
[2526, 2528, 2616]
[2439, 2527, 2529]
[2528, 2530, 2618]
[2441, 2529, 2531]
[2530, 2532, 2620]
[2443, 2531, 2533]
[2532, 2534, 2622]
[2445, 2533, 2535]
[2534, 2536, 2624]
[2447, 2535, 2537]
[2536, 2538, 2626]
[2449, 2537, 2539]
[2538, 2540, 2628]
[2451, 2539, 2541]
[2540, 2542, 2630]
[2453, 2541, 2543]
[2542, 2544, 2632]
[2455, 2543, 2545]
[2544, 2546, 2634]
[2457, 2545, 2547]
[2546, 2548, 2636]
[2459, 2547, 2549]
[2548, 2550, 2638]
[2461, 2549, 2551]
[2550, 2552, 2640]
[2463, 2551, 2553]
[2552, 2554, 2642]
[2465, 2553, 2555]
[2554, 2556, 2644]
[2467, 2555, 2557]
[2556, 2558, 2646]
[2469, 2557, 2559]
[2558, 2560, 2648]
[2471, 2559, 2561]
[2560, 2562, 2650]
[2473, 2561, 2563]
[2562, 2564, 2652]
[2475, 2563, 2565]
[2564, 2566, 2654]
[2477, 2565, 2567]
[2566, 2568, 2656]
[2479, 2567, 2569]
[2568, 2570, 2658]
[2481, 2569, 2571]
[2570, 2572, 2660]
[2483, 2571, 2573]
[2572, 2574, 2662]
[2485, 2573, 2575]
[2574, 2576, 2664]
[2487, 2575, 2577]
[2576, 2578, 2666]
[2489, 2577, 2579]
[2578, 2580, 2668]
[2491, 2579, 2581]
[2580, 2582, 2670]
[2493, 2581, 2583]
[2582, 2584, 2672]
[2495, 2583, 2585]
[2584, 2586, 2674]
[2497, 2585, 2587]
[2586, 2588, 2676]
[2499, 2587, 2589]
[2588, 2590, 2678]
[2501, 2589, 2591]
[2590, 2592, 2680]
[2503, 2591, 2593]
[2592, 2594, 2682]
[2505, 2593, 2595]
[2594, 2596, 2684]
[2507, 2595, 2597]
[2596, 2598, 2686]
[2509, 2597, 2599]
[2598, 2600, 2688]
[2511, 2599, 2601]
[2600, 2602, 2690]
[2513, 2601, 2603]
[2602, 2604, 2692]
[2515, 2603, 2605]
[2604, 2606, 2694]
[2517, 2605, 2607]
[2606, 2608, 2696]
[2519, 2607, 2609]
[2520, 2608, 2698]
[2521, 2611, 2699]
[2610, 2612, 2700]
[2523, 2611, 2613]
[2612, 2614, 2702]
[2525, 2613, 2615]
[2614, 2616, 2704]
[2527, 2615, 2617]
[2616, 2618, 2706]
[2529, 2617, 2619]
[2618, 2620, 2708]
[2531, 2619, 2621]
[2620, 2622, 2710]
[2533, 2621, 2623]
[2622, 2624, 2712]
[2535, 2623, 2625]
[2624, 2626, 2714]
[2537, 2625, 2627]
[2626, 2628, 2716]
[2539, 2627, 2629]
[2628, 2630, 2718]
[2541, 2629, 2631]
[2630, 2632, 2720]
[2543, 2631, 2633]
[2632, 2634, 2722]
[2545, 2633, 2635]
[2634, 2636, 2724]
[2547, 2635, 2637]
[2636, 2638, 2726]
[2549, 2637, 2639]
[2638, 2640, 2728]
[2551, 2639, 2641]
[2640, 2642, 2730]
[2553, 2641, 2643]
[2642, 2644, 2732]
[2555, 2643, 2645]
[2644, 2646, 2734]
[2557, 2645, 2647]
[2646, 2648, 2736]
[2559, 2647, 2649]
[2648, 2650, 2738]
[2561, 2649, 2651]
[2650, 2652, 2740]
[2563, 2651, 2653]
[2652, 2654, 2742]
[2565, 2653, 2655]
[2654, 2656, 2744]
[2567, 2655, 2657]
[2656, 2658, 2746]
[2569, 2657, 2659]
[2658, 2660, 2748]
[2571, 2659, 2661]
[2660, 2662, 2750]
[2573, 2661, 2663]
[2662, 2664, 2752]
[2575, 2663, 2665]
[2664, 2666, 2754]
[2577, 2665, 2667]
[2666, 2668, 2756]
[2579, 2667, 2669]
[2668, 2670, 2758]
[2581, 2669, 2671]
[2670, 2672, 2760]
[2583, 2671, 2673]
[2672, 2674, 2762]
[2585, 2673, 2675]
[2674, 2676, 2764]
[2587, 2675, 2677]
[2676, 2678, 2766]
[2589, 2677, 2679]
[2678, 2680, 2768]
[2591, 2679, 2681]
[2680, 2682, 2770]
[2593, 2681, 2683]
[2682, 2684, 2772]
[2595, 2683, 2685]
[2684, 2686, 2774]
[2597, 2685, 2687]
[2686, 2688, 2776]
[2599, 2687, 2689]
[2688, 2690, 2778]
[2601, 2689, 2691]
[2690, 2692, 2780]
[2603, 2691, 2693]
[2692, 2694, 2782]
[2605, 2693, 2695]
[2694, 2696, 2784]
[2607, 2695, 2697]
[2696, 2698, 2786]
[2609, 2697, 2699]
[2610, 2698, 2788]
[2611, 2701, 2789]
[2700, 2702, 2790]
[2613, 2701, 2703]
[2702, 2704, 2792]
[2615, 2703, 2705]
[2704, 2706, 2794]
[2617, 2705, 2707]
[2706, 2708, 2796]
[2619, 2707, 2709]
[2708, 2710, 2798]
[2621, 2709, 2711]
[2710, 2712, 2800]
[2623, 2711, 2713]
[2712, 2714, 2802]
[2625, 2713, 2715]
[2714, 2716, 2804]
[2627, 2715, 2717]
[2716, 2718, 2806]
[2629, 2717, 2719]
[2718, 2720, 2808]
[2631, 2719, 2721]
[2720, 2722, 2810]
[2633, 2721, 2723]
[2722, 2724, 2812]
[2635, 2723, 2725]
[2724, 2726, 2814]
[2637, 2725, 2727]
[2726, 2728, 2816]
[2639, 2727, 2729]
[2728, 2730, 2818]
[2641, 2729, 2731]
[2730, 2732, 2820]
[2643, 2731, 2733]
[2732, 2734, 2822]
[2645, 2733, 2735]
[2734, 2736, 2824]
[2647, 2735, 2737]
[2736, 2738, 2826]
[2649, 2737, 2739]
[2738, 2740, 2828]
[2651, 2739, 2741]
[2740, 2742, 2830]
[2653, 2741, 2743]
[2742, 2744, 2832]
[2655, 2743, 2745]
[2744, 2746, 2834]
[2657, 2745, 2747]
[2746, 2748, 2836]
[2659, 2747, 2749]
[2748, 2750, 2838]
[2661, 2749, 2751]
[2750, 2752, 2840]
[2663, 2751, 2753]
[2752, 2754, 2842]
[2665, 2753, 2755]
[2754, 2756, 2844]
[2667, 2755, 2757]
[2756, 2758, 2846]
[2669, 2757, 2759]
[2758, 2760, 2848]
[2671, 2759, 2761]
[2760, 2762, 2850]
[2673, 2761, 2763]
[2762, 2764, 2852]
[2675, 2763, 2765]
[2764, 2766, 2854]
[2677, 2765, 2767]
[2766, 2768, 2856]
[2679, 2767, 2769]
[2768, 2770, 2858]
[2681, 2769, 2771]
[2770, 2772, 2860]
[2683, 2771, 2773]
[2772, 2774, 2862]
[2685, 2773, 2775]
[2774, 2776, 2864]
[2687, 2775, 2777]
[2776, 2778, 2866]
[2689, 2777, 2779]
[2778, 2780, 2868]
[2691, 2779, 2781]
[2780, 2782, 2870]
[2693, 2781, 2783]
[2782, 2784, 2872]
[2695, 2783, 2785]
[2784, 2786, 2874]
[2697, 2785, 2787]
[2786, 2788, 2876]
[2699, 2787, 2789]
[2700, 2788, 2878]
[2701, 2791, 2879]
[2790, 2792, 2880]
[2703, 2791, 2793]
[2792, 2794, 2882]
[2705, 2793, 2795]
[2794, 2796, 2884]
[2707, 2795, 2797]
[2796, 2798, 2886]
[2709, 2797, 2799]
[2798, 2800, 2888]
[2711, 2799, 2801]
[2800, 2802, 2890]
[2713, 2801, 2803]
[2802, 2804, 2892]
[2715, 2803, 2805]
[2804, 2806, 2894]
[2717, 2805, 2807]
[2806, 2808, 2896]
[2719, 2807, 2809]
[2808, 2810, 2898]
[2721, 2809, 2811]
[2810, 2812, 2900]
[2723, 2811, 2813]
[2812, 2814, 2902]
[2725, 2813, 2815]
[2814, 2816, 2904]
[2727, 2815, 2817]
[2816, 2818, 2906]
[2729, 2817, 2819]
[2818, 2820, 2908]
[2731, 2819, 2821]
[2820, 2822, 2910]
[2733, 2821, 2823]
[2822, 2824, 2912]
[2735, 2823, 2825]
[2824, 2826, 2914]
[2737, 2825, 2827]
[2826, 2828, 2916]
[2739, 2827, 2829]
[2828, 2830, 2918]
[2741, 2829, 2831]
[2830, 2832, 2920]
[2743, 2831, 2833]
[2832, 2834, 2922]
[2745, 2833, 2835]
[2834, 2836, 2924]
[2747, 2835, 2837]
[2836, 2838, 2926]
[2749, 2837, 2839]
[2838, 2840, 2928]
[2751, 2839, 2841]
[2840, 2842, 2930]
[2753, 2841, 2843]
[2842, 2844, 2932]
[2755, 2843, 2845]
[2844, 2846, 2934]
[2757, 2845, 2847]
[2846, 2848, 2936]
[2759, 2847, 2849]
[2848, 2850, 2938]
[2761, 2849, 2851]
[2850, 2852, 2940]
[2763, 2851, 2853]
[2852, 2854, 2942]
[2765, 2853, 2855]
[2854, 2856, 2944]
[2767, 2855, 2857]
[2856, 2858, 2946]
[2769, 2857, 2859]
[2858, 2860, 2948]
[2771, 2859, 2861]
[2860, 2862, 2950]
[2773, 2861, 2863]
[2862, 2864, 2952]
[2775, 2863, 2865]
[2864, 2866, 2954]
[2777, 2865, 2867]
[2866, 2868, 2956]
[2779, 2867, 2869]
[2868, 2870, 2958]
[2781, 2869, 2871]
[2870, 2872, 2960]
[2783, 2871, 2873]
[2872, 2874, 2962]
[2785, 2873, 2875]
[2874, 2876, 2964]
[2787, 2875, 2877]
[2876, 2878, 2966]
[2789, 2877, 2879]
[2790, 2878, 2968]
[2791, 2881, 2969]
[2880, 2882, 2970]
[2793, 2881, 2883]
[2882, 2884, 2972]
[2795, 2883, 2885]
[2884, 2886, 2974]
[2797, 2885, 2887]
[2886, 2888, 2976]
[2799, 2887, 2889]
[2888, 2890, 2978]
[2801, 2889, 2891]
[2890, 2892, 2980]
[2803, 2891, 2893]
[2892, 2894, 2982]
[2805, 2893, 2895]
[2894, 2896, 2984]
[2807, 2895, 2897]
[2896, 2898, 2986]
[2809, 2897, 2899]
[2898, 2900, 2988]
[2811, 2899, 2901]
[2900, 2902, 2990]
[2813, 2901, 2903]
[2902, 2904, 2992]
[2815, 2903, 2905]
[2904, 2906, 2994]
[2817, 2905, 2907]
[2906, 2908, 2996]
[2819, 2907, 2909]
[2908, 2910, 2998]
[2821, 2909, 2911]
[2910, 2912, 3000]
[2823, 2911, 2913]
[2912, 2914, 3002]
[2825, 2913, 2915]
[2914, 2916, 3004]
[2827, 2915, 2917]
[2916, 2918, 3006]
[2829, 2917, 2919]
[2918, 2920, 3008]
[2831, 2919, 2921]
[2920, 2922, 3010]
[2833, 2921, 2923]
[2922, 2924, 3012]
[2835, 2923, 2925]
[2924, 2926, 3014]
[2837, 2925, 2927]
[2926, 2928, 3016]
[2839, 2927, 2929]
[2928, 2930, 3018]
[2841, 2929, 2931]
[2930, 2932, 3020]
[2843, 2931, 2933]
[2932, 2934, 3022]
[2845, 2933, 2935]
[2934, 2936, 3024]
[2847, 2935, 2937]
[2936, 2938, 3026]
[2849, 2937, 2939]
[2938, 2940, 3028]
[2851, 2939, 2941]
[2940, 2942, 3030]
[2853, 2941, 2943]
[2942, 2944, 3032]
[2855, 2943, 2945]
[2944, 2946, 3034]
[2857, 2945, 2947]
[2946, 2948, 3036]
[2859, 2947, 2949]
[2948, 2950, 3038]
[2861, 2949, 2951]
[2950, 2952, 3040]
[2863, 2951, 2953]
[2952, 2954, 3042]
[2865, 2953, 2955]
[2954, 2956, 3044]
[2867, 2955, 2957]
[2956, 2958, 3046]
[2869, 2957, 2959]
[2958, 2960, 3048]
[2871, 2959, 2961]
[2960, 2962, 3050]
[2873, 2961, 2963]
[2962, 2964, 3052]
[2875, 2963, 2965]
[2964, 2966, 3054]
[2877, 2965, 2967]
[2966, 2968, 3056]
[2879, 2967, 2969]
[2880, 2968, 3058]
[2881, 2971, 3059]
[2970, 2972, 3060]
[2883, 2971, 2973]
[2972, 2974, 3062]
[2885, 2973, 2975]
[2974, 2976, 3064]
[2887, 2975, 2977]
[2976, 2978, 3066]
[2889, 2977, 2979]
[2978, 2980, 3068]
[2891, 2979, 2981]
[2980, 2982, 3070]
[2893, 2981, 2983]
[2982, 2984, 3072]
[2895, 2983, 2985]
[2984, 2986, 3074]
[2897, 2985, 2987]
[2986, 2988, 3076]
[2899, 2987, 2989]
[2988, 2990, 3078]
[2901, 2989, 2991]
[2990, 2992, 3080]
[2903, 2991, 2993]
[2992, 2994, 3082]
[2905, 2993, 2995]
[2994, 2996, 3084]
[2907, 2995, 2997]
[2996, 2998, 3086]
[2909, 2997, 2999]
[2998, 3000, 3088]
[2911, 2999, 3001]
[3000, 3002, 3090]
[2913, 3001, 3003]
[3002, 3004, 3092]
[2915, 3003, 3005]
[3004, 3006, 3094]
[2917, 3005, 3007]
[3006, 3008, 3096]
[2919, 3007, 3009]
[3008, 3010, 3098]
[2921, 3009, 3011]
[3010, 3012, 3100]
[2923, 3011, 3013]
[3012, 3014, 3102]
[2925, 3013, 3015]
[3014, 3016, 3104]
[2927, 3015, 3017]
[3016, 3018, 3106]
[2929, 3017, 3019]
[3018, 3020, 3108]
[2931, 3019, 3021]
[3020, 3022, 3110]
[2933, 3021, 3023]
[3022, 3024, 3112]
[2935, 3023, 3025]
[3024, 3026, 3114]
[2937, 3025, 3027]
[3026, 3028, 3116]
[2939, 3027, 3029]
[3028, 3030, 3118]
[2941, 3029, 3031]
[3030, 3032, 3120]
[2943, 3031, 3033]
[3032, 3034, 3122]
[2945, 3033, 3035]
[3034, 3036, 3124]
[2947, 3035, 3037]
[3036, 3038, 3126]
[2949, 3037, 3039]
[3038, 3040, 3128]
[2951, 3039, 3041]
[3040, 3042, 3130]
[2953, 3041, 3043]
[3042, 3044, 3132]
[2955, 3043, 3045]
[3044, 3046, 3134]
[2957, 3045, 3047]
[3046, 3048, 3136]
[2959, 3047, 3049]
[3048, 3050, 3138]
[2961, 3049, 3051]
[3050, 3052, 3140]
[2963, 3051, 3053]
[3052, 3054, 3142]
[2965, 3053, 3055]
[3054, 3056, 3144]
[2967, 3055, 3057]
[3056, 3058, 3146]
[2969, 3057, 3059]
[2970, 3058, 3148]
[2971, 3061, 3149]
[3060, 3062, 3150]
[2973, 3061, 3063]
[3062, 3064, 3152]
[2975, 3063, 3065]
[3064, 3066, 3154]
[2977, 3065, 3067]
[3066, 3068, 3156]
[2979, 3067, 3069]
[3068, 3070, 3158]
[2981, 3069, 3071]
[3070, 3072, 3160]
[2983, 3071, 3073]
[3072, 3074, 3162]
[2985, 3073, 3075]
[3074, 3076, 3164]
[2987, 3075, 3077]
[3076, 3078, 3166]
[2989, 3077, 3079]
[3078, 3080, 3168]
[2991, 3079, 3081]
[3080, 3082, 3170]
[2993, 3081, 3083]
[3082, 3084, 3172]
[2995, 3083, 3085]
[3084, 3086, 3174]
[2997, 3085, 3087]
[3086, 3088, 3176]
[2999, 3087, 3089]
[3088, 3090, 3178]
[3001, 3089, 3091]
[3090, 3092, 3180]
[3003, 3091, 3093]
[3092, 3094, 3182]
[3005, 3093, 3095]
[3094, 3096, 3184]
[3007, 3095, 3097]
[3096, 3098, 3186]
[3009, 3097, 3099]
[3098, 3100, 3188]
[3011, 3099, 3101]
[3100, 3102, 3190]
[3013, 3101, 3103]
[3102, 3104, 3192]
[3015, 3103, 3105]
[3104, 3106, 3194]
[3017, 3105, 3107]
[3106, 3108, 3196]
[3019, 3107, 3109]
[3108, 3110, 3198]
[3021, 3109, 3111]
[3110, 3112, 3200]
[3023, 3111, 3113]
[3112, 3114, 3202]
[3025, 3113, 3115]
[3114, 3116, 3204]
[3027, 3115, 3117]
[3116, 3118, 3206]
[3029, 3117, 3119]
[3118, 3120, 3208]
[3031, 3119, 3121]
[3120, 3122, 3210]
[3033, 3121, 3123]
[3122, 3124, 3212]
[3035, 3123, 3125]
[3124, 3126, 3214]
[3037, 3125, 3127]
[3126, 3128, 3216]
[3039, 3127, 3129]
[3128, 3130, 3218]
[3041, 3129, 3131]
[3130, 3132, 3220]
[3043, 3131, 3133]
[3132, 3134, 3222]
[3045, 3133, 3135]
[3134, 3136, 3224]
[3047, 3135, 3137]
[3136, 3138, 3226]
[3049, 3137, 3139]
[3138, 3140, 3228]
[3051, 3139, 3141]
[3140, 3142, 3230]
[3053, 3141, 3143]
[3142, 3144, 3232]
[3055, 3143, 3145]
[3144, 3146, 3234]
[3057, 3145, 3147]
[3146, 3148, 3236]
[3059, 3147, 3149]
[3060, 3148, 3238]
[3061, 3151, 3239]
[3150, 3152, 3240]
[3063, 3151, 3153]
[3152, 3154, 3242]
[3065, 3153, 3155]
[3154, 3156, 3244]
[3067, 3155, 3157]
[3156, 3158, 3246]
[3069, 3157, 3159]
[3158, 3160, 3248]
[3071, 3159, 3161]
[3160, 3162, 3250]
[3073, 3161, 3163]
[3162, 3164, 3252]
[3075, 3163, 3165]
[3164, 3166, 3254]
[3077, 3165, 3167]
[3166, 3168, 3256]
[3079, 3167, 3169]
[3168, 3170, 3258]
[3081, 3169, 3171]
[3170, 3172, 3260]
[3083, 3171, 3173]
[3172, 3174, 3262]
[3085, 3173, 3175]
[3174, 3176, 3264]
[3087, 3175, 3177]
[3176, 3178, 3266]
[3089, 3177, 3179]
[3178, 3180, 3268]
[3091, 3179, 3181]
[3180, 3182, 3270]
[3093, 3181, 3183]
[3182, 3184, 3272]
[3095, 3183, 3185]
[3184, 3186, 3274]
[3097, 3185, 3187]
[3186, 3188, 3276]
[3099, 3187, 3189]
[3188, 3190, 3278]
[3101, 3189, 3191]
[3190, 3192, 3280]
[3103, 3191, 3193]
[3192, 3194, 3282]
[3105, 3193, 3195]
[3194, 3196, 3284]
[3107, 3195, 3197]
[3196, 3198, 3286]
[3109, 3197, 3199]
[3198, 3200, 3288]
[3111, 3199, 3201]
[3200, 3202, 3290]
[3113, 3201, 3203]
[3202, 3204, 3292]
[3115, 3203, 3205]
[3204, 3206, 3294]
[3117, 3205, 3207]
[3206, 3208, 3296]
[3119, 3207, 3209]
[3208, 3210, 3298]
[3121, 3209, 3211]
[3210, 3212, 3300]
[3123, 3211, 3213]
[3212, 3214, 3302]
[3125, 3213, 3215]
[3214, 3216, 3304]
[3127, 3215, 3217]
[3216, 3218, 3306]
[3129, 3217, 3219]
[3218, 3220, 3308]
[3131, 3219, 3221]
[3220, 3222, 3310]
[3133, 3221, 3223]
[3222, 3224, 3312]
[3135, 3223, 3225]
[3224, 3226, 3314]
[3137, 3225, 3227]
[3226, 3228, 3316]
[3139, 3227, 3229]
[3228, 3230, 3318]
[3141, 3229, 3231]
[3230, 3232, 3320]
[3143, 3231, 3233]
[3232, 3234, 3322]
[3145, 3233, 3235]
[3234, 3236, 3324]
[3147, 3235, 3237]
[3236, 3238, 3326]
[3149, 3237, 3239]
[3150, 3238, 3328]
[3151, 3241, 3329]
[3240, 3242, 3330]
[3153, 3241, 3243]
[3242, 3244, 3332]
[3155, 3243, 3245]
[3244, 3246, 3334]
[3157, 3245, 3247]
[3246, 3248, 3336]
[3159, 3247, 3249]
[3248, 3250, 3338]
[3161, 3249, 3251]
[3250, 3252, 3340]
[3163, 3251, 3253]
[3252, 3254, 3342]
[3165, 3253, 3255]
[3254, 3256, 3344]
[3167, 3255, 3257]
[3256, 3258, 3346]
[3169, 3257, 3259]
[3258, 3260, 3348]
[3171, 3259, 3261]
[3260, 3262, 3350]
[3173, 3261, 3263]
[3262, 3264, 3352]
[3175, 3263, 3265]
[3264, 3266, 3354]
[3177, 3265, 3267]
[3266, 3268, 3356]
[3179, 3267, 3269]
[3268, 3270, 3358]
[3181, 3269, 3271]
[3270, 3272, 3360]
[3183, 3271, 3273]
[3272, 3274, 3362]
[3185, 3273, 3275]
[3274, 3276, 3364]
[3187, 3275, 3277]
[3276, 3278, 3366]
[3189, 3277, 3279]
[3278, 3280, 3368]
[3191, 3279, 3281]
[3280, 3282, 3370]
[3193, 3281, 3283]
[3282, 3284, 3372]
[3195, 3283, 3285]
[3284, 3286, 3374]
[3197, 3285, 3287]
[3286, 3288, 3376]
[3199, 3287, 3289]
[3288, 3290, 3378]
[3201, 3289, 3291]
[3290, 3292, 3380]
[3203, 3291, 3293]
[3292, 3294, 3382]
[3205, 3293, 3295]
[3294, 3296, 3384]
[3207, 3295, 3297]
[3296, 3298, 3386]
[3209, 3297, 3299]
[3298, 3300, 3388]
[3211, 3299, 3301]
[3300, 3302, 3390]
[3213, 3301, 3303]
[3302, 3304, 3392]
[3215, 3303, 3305]
[3304, 3306, 3394]
[3217, 3305, 3307]
[3306, 3308, 3396]
[3219, 3307, 3309]
[3308, 3310, 3398]
[3221, 3309, 3311]
[3310, 3312, 3400]
[3223, 3311, 3313]
[3312, 3314, 3402]
[3225, 3313, 3315]
[3314, 3316, 3404]
[3227, 3315, 3317]
[3316, 3318, 3406]
[3229, 3317, 3319]
[3318, 3320, 3408]
[3231, 3319, 3321]
[3320, 3322, 3410]
[3233, 3321, 3323]
[3322, 3324, 3412]
[3235, 3323, 3325]
[3324, 3326, 3414]
[3237, 3325, 3327]
[3326, 3328, 3416]
[3239, 3327, 3329]
[3240, 3328, 3418]
[3241, 3331, 3419]
[3330, 3332, 3420]
[3243, 3331, 3333]
[3332, 3334, 3422]
[3245, 3333, 3335]
[3334, 3336, 3424]
[3247, 3335, 3337]
[3336, 3338, 3426]
[3249, 3337, 3339]
[3338, 3340, 3428]
[3251, 3339, 3341]
[3340, 3342, 3430]
[3253, 3341, 3343]
[3342, 3344, 3432]
[3255, 3343, 3345]
[3344, 3346, 3434]
[3257, 3345, 3347]
[3346, 3348, 3436]
[3259, 3347, 3349]
[3348, 3350, 3438]
[3261, 3349, 3351]
[3350, 3352, 3440]
[3263, 3351, 3353]
[3352, 3354, 3442]
[3265, 3353, 3355]
[3354, 3356, 3444]
[3267, 3355, 3357]
[3356, 3358, 3446]
[3269, 3357, 3359]
[3358, 3360, 3448]
[3271, 3359, 3361]
[3360, 3362, 3450]
[3273, 3361, 3363]
[3362, 3364, 3452]
[3275, 3363, 3365]
[3364, 3366, 3454]
[3277, 3365, 3367]
[3366, 3368, 3456]
[3279, 3367, 3369]
[3368, 3370, 3458]
[3281, 3369, 3371]
[3370, 3372, 3460]
[3283, 3371, 3373]
[3372, 3374, 3462]
[3285, 3373, 3375]
[3374, 3376, 3464]
[3287, 3375, 3377]
[3376, 3378, 3466]
[3289, 3377, 3379]
[3378, 3380, 3468]
[3291, 3379, 3381]
[3380, 3382, 3470]
[3293, 3381, 3383]
[3382, 3384, 3472]
[3295, 3383, 3385]
[3384, 3386, 3474]
[3297, 3385, 3387]
[3386, 3388, 3476]
[3299, 3387, 3389]
[3388, 3390, 3478]
[3301, 3389, 3391]
[3390, 3392, 3480]
[3303, 3391, 3393]
[3392, 3394, 3482]
[3305, 3393, 3395]
[3394, 3396, 3484]
[3307, 3395, 3397]
[3396, 3398, 3486]
[3309, 3397, 3399]
[3398, 3400, 3488]
[3311, 3399, 3401]
[3400, 3402, 3490]
[3313, 3401, 3403]
[3402, 3404, 3492]
[3315, 3403, 3405]
[3404, 3406, 3494]
[3317, 3405, 3407]
[3406, 3408, 3496]
[3319, 3407, 3409]
[3408, 3410, 3498]
[3321, 3409, 3411]
[3410, 3412, 3500]
[3323, 3411, 3413]
[3412, 3414, 3502]
[3325, 3413, 3415]
[3414, 3416, 3504]
[3327, 3415, 3417]
[3416, 3418, 3506]
[3329, 3417, 3419]
[3330, 3418, 3508]
[3331, 3421, 3509]
[3420, 3422, 3510]
[3333, 3421, 3423]
[3422, 3424, 3512]
[3335, 3423, 3425]
[3424, 3426, 3514]
[3337, 3425, 3427]
[3426, 3428, 3516]
[3339, 3427, 3429]
[3428, 3430, 3518]
[3341, 3429, 3431]
[3430, 3432, 3520]
[3343, 3431, 3433]
[3432, 3434, 3522]
[3345, 3433, 3435]
[3434, 3436, 3524]
[3347, 3435, 3437]
[3436, 3438, 3526]
[3349, 3437, 3439]
[3438, 3440, 3528]
[3351, 3439, 3441]
[3440, 3442, 3530]
[3353, 3441, 3443]
[3442, 3444, 3532]
[3355, 3443, 3445]
[3444, 3446, 3534]
[3357, 3445, 3447]
[3446, 3448, 3536]
[3359, 3447, 3449]
[3448, 3450, 3538]
[3361, 3449, 3451]
[3450, 3452, 3540]
[3363, 3451, 3453]
[3452, 3454, 3542]
[3365, 3453, 3455]
[3454, 3456, 3544]
[3367, 3455, 3457]
[3456, 3458, 3546]
[3369, 3457, 3459]
[3458, 3460, 3548]
[3371, 3459, 3461]
[3460, 3462, 3550]
[3373, 3461, 3463]
[3462, 3464, 3552]
[3375, 3463, 3465]
[3464, 3466, 3554]
[3377, 3465, 3467]
[3466, 3468, 3556]
[3379, 3467, 3469]
[3468, 3470, 3558]
[3381, 3469, 3471]
[3470, 3472, 3560]
[3383, 3471, 3473]
[3472, 3474, 3562]
[3385, 3473, 3475]
[3474, 3476, 3564]
[3387, 3475, 3477]
[3476, 3478, 3566]
[3389, 3477, 3479]
[3478, 3480, 3568]
[3391, 3479, 3481]
[3480, 3482, 3570]
[3393, 3481, 3483]
[3482, 3484, 3572]
[3395, 3483, 3485]
[3484, 3486, 3574]
[3397, 3485, 3487]
[3486, 3488, 3576]
[3399, 3487, 3489]
[3488, 3490, 3578]
[3401, 3489, 3491]
[3490, 3492, 3580]
[3403, 3491, 3493]
[3492, 3494, 3582]
[3405, 3493, 3495]
[3494, 3496, 3584]
[3407, 3495, 3497]
[3496, 3498, 3586]
[3409, 3497, 3499]
[3498, 3500, 3588]
[3411, 3499, 3501]
[3500, 3502, 3590]
[3413, 3501, 3503]
[3502, 3504, 3592]
[3415, 3503, 3505]
[3504, 3506, 3594]
[3417, 3505, 3507]
[3506, 3508, 3596]
[3419, 3507, 3509]
[3420, 3508, 3598]
[3421, 3511, 3599]
[3510, 3512, 3600]
[3423, 3511, 3513]
[3512, 3514, 3602]
[3425, 3513, 3515]
[3514, 3516, 3604]
[3427, 3515, 3517]
[3516, 3518, 3606]
[3429, 3517, 3519]
[3518, 3520, 3608]
[3431, 3519, 3521]
[3520, 3522, 3610]
[3433, 3521, 3523]
[3522, 3524, 3612]
[3435, 3523, 3525]
[3524, 3526, 3614]
[3437, 3525, 3527]
[3526, 3528, 3616]
[3439, 3527, 3529]
[3528, 3530, 3618]
[3441, 3529, 3531]
[3530, 3532, 3620]
[3443, 3531, 3533]
[3532, 3534, 3622]
[3445, 3533, 3535]
[3534, 3536, 3624]
[3447, 3535, 3537]
[3536, 3538, 3626]
[3449, 3537, 3539]
[3538, 3540, 3628]
[3451, 3539, 3541]
[3540, 3542, 3630]
[3453, 3541, 3543]
[3542, 3544, 3632]
[3455, 3543, 3545]
[3544, 3546, 3634]
[3457, 3545, 3547]
[3546, 3548, 3636]
[3459, 3547, 3549]
[3548, 3550, 3638]
[3461, 3549, 3551]
[3550, 3552, 3640]
[3463, 3551, 3553]
[3552, 3554, 3642]
[3465, 3553, 3555]
[3554, 3556, 3644]
[3467, 3555, 3557]
[3556, 3558, 3646]
[3469, 3557, 3559]
[3558, 3560, 3648]
[3471, 3559, 3561]
[3560, 3562, 3650]
[3473, 3561, 3563]
[3562, 3564, 3652]
[3475, 3563, 3565]
[3564, 3566, 3654]
[3477, 3565, 3567]
[3566, 3568, 3656]
[3479, 3567, 3569]
[3568, 3570, 3658]
[3481, 3569, 3571]
[3570, 3572, 3660]
[3483, 3571, 3573]
[3572, 3574, 3662]
[3485, 3573, 3575]
[3574, 3576, 3664]
[3487, 3575, 3577]
[3576, 3578, 3666]
[3489, 3577, 3579]
[3578, 3580, 3668]
[3491, 3579, 3581]
[3580, 3582, 3670]
[3493, 3581, 3583]
[3582, 3584, 3672]
[3495, 3583, 3585]
[3584, 3586, 3674]
[3497, 3585, 3587]
[3586, 3588, 3676]
[3499, 3587, 3589]
[3588, 3590, 3678]
[3501, 3589, 3591]
[3590, 3592, 3680]
[3503, 3591, 3593]
[3592, 3594, 3682]
[3505, 3593, 3595]
[3594, 3596, 3684]
[3507, 3595, 3597]
[3596, 3598, 3686]
[3509, 3597, 3599]
[3510, 3598, 3688]
[3511, 3601, 3689]
[3600, 3602, 3690]
[3513, 3601, 3603]
[3602, 3604, 3692]
[3515, 3603, 3605]
[3604, 3606, 3694]
[3517, 3605, 3607]
[3606, 3608, 3696]
[3519, 3607, 3609]
[3608, 3610, 3698]
[3521, 3609, 3611]
[3610, 3612, 3700]
[3523, 3611, 3613]
[3612, 3614, 3702]
[3525, 3613, 3615]
[3614, 3616, 3704]
[3527, 3615, 3617]
[3616, 3618, 3706]
[3529, 3617, 3619]
[3618, 3620, 3708]
[3531, 3619, 3621]
[3620, 3622, 3710]
[3533, 3621, 3623]
[3622, 3624, 3712]
[3535, 3623, 3625]
[3624, 3626, 3714]
[3537, 3625, 3627]
[3626, 3628, 3716]
[3539, 3627, 3629]
[3628, 3630, 3718]
[3541, 3629, 3631]
[3630, 3632, 3720]
[3543, 3631, 3633]
[3632, 3634, 3722]
[3545, 3633, 3635]
[3634, 3636, 3724]
[3547, 3635, 3637]
[3636, 3638, 3726]
[3549, 3637, 3639]
[3638, 3640, 3728]
[3551, 3639, 3641]
[3640, 3642, 3730]
[3553, 3641, 3643]
[3642, 3644, 3732]
[3555, 3643, 3645]
[3644, 3646, 3734]
[3557, 3645, 3647]
[3646, 3648, 3736]
[3559, 3647, 3649]
[3648, 3650, 3738]
[3561, 3649, 3651]
[3650, 3652, 3740]
[3563, 3651, 3653]
[3652, 3654, 3742]
[3565, 3653, 3655]
[3654, 3656, 3744]
[3567, 3655, 3657]
[3656, 3658, 3746]
[3569, 3657, 3659]
[3658, 3660, 3748]
[3571, 3659, 3661]
[3660, 3662, 3750]
[3573, 3661, 3663]
[3662, 3664, 3752]
[3575, 3663, 3665]
[3664, 3666, 3754]
[3577, 3665, 3667]
[3666, 3668, 3756]
[3579, 3667, 3669]
[3668, 3670, 3758]
[3581, 3669, 3671]
[3670, 3672, 3760]
[3583, 3671, 3673]
[3672, 3674, 3762]
[3585, 3673, 3675]
[3674, 3676, 3764]
[3587, 3675, 3677]
[3676, 3678, 3766]
[3589, 3677, 3679]
[3678, 3680, 3768]
[3591, 3679, 3681]
[3680, 3682, 3770]
[3593, 3681, 3683]
[3682, 3684, 3772]
[3595, 3683, 3685]
[3684, 3686, 3774]
[3597, 3685, 3687]
[3686, 3688, 3776]
[3599, 3687, 3689]
[3600, 3688, 3778]
[3601, 3691, 3779]
[3690, 3692, 3780]
[3603, 3691, 3693]
[3692, 3694, 3782]
[3605, 3693, 3695]
[3694, 3696, 3784]
[3607, 3695, 3697]
[3696, 3698, 3786]
[3609, 3697, 3699]
[3698, 3700, 3788]
[3611, 3699, 3701]
[3700, 3702, 3790]
[3613, 3701, 3703]
[3702, 3704, 3792]
[3615, 3703, 3705]
[3704, 3706, 3794]
[3617, 3705, 3707]
[3706, 3708, 3796]
[3619, 3707, 3709]
[3708, 3710, 3798]
[3621, 3709, 3711]
[3710, 3712, 3800]
[3623, 3711, 3713]
[3712, 3714, 3802]
[3625, 3713, 3715]
[3714, 3716, 3804]
[3627, 3715, 3717]
[3716, 3718, 3806]
[3629, 3717, 3719]
[3718, 3720, 3808]
[3631, 3719, 3721]
[3720, 3722, 3810]
[3633, 3721, 3723]
[3722, 3724, 3812]
[3635, 3723, 3725]
[3724, 3726, 3814]
[3637, 3725, 3727]
[3726, 3728, 3816]
[3639, 3727, 3729]
[3728, 3730, 3818]
[3641, 3729, 3731]
[3730, 3732, 3820]
[3643, 3731, 3733]
[3732, 3734, 3822]
[3645, 3733, 3735]
[3734, 3736, 3824]
[3647, 3735, 3737]
[3736, 3738, 3826]
[3649, 3737, 3739]
[3738, 3740, 3828]
[3651, 3739, 3741]
[3740, 3742, 3830]
[3653, 3741, 3743]
[3742, 3744, 3832]
[3655, 3743, 3745]
[3744, 3746, 3834]
[3657, 3745, 3747]
[3746, 3748, 3836]
[3659, 3747, 3749]
[3748, 3750, 3838]
[3661, 3749, 3751]
[3750, 3752, 3840]
[3663, 3751, 3753]
[3752, 3754, 3842]
[3665, 3753, 3755]
[3754, 3756, 3844]
[3667, 3755, 3757]
[3756, 3758, 3846]
[3669, 3757, 3759]
[3758, 3760, 3848]
[3671, 3759, 3761]
[3760, 3762, 3850]
[3673, 3761, 3763]
[3762, 3764, 3852]
[3675, 3763, 3765]
[3764, 3766, 3854]
[3677, 3765, 3767]
[3766, 3768, 3856]
[3679, 3767, 3769]
[3768, 3770, 3858]
[3681, 3769, 3771]
[3770, 3772, 3860]
[3683, 3771, 3773]
[3772, 3774, 3862]
[3685, 3773, 3775]
[3774, 3776, 3864]
[3687, 3775, 3777]
[3776, 3778, 3866]
[3689, 3777, 3779]
[3690, 3778, 3868]
[3691, 3781, 3869]
[3780, 3782, 3870]
[3693, 3781, 3783]
[3782, 3784, 3872]
[3695, 3783, 3785]
[3784, 3786, 3874]
[3697, 3785, 3787]
[3786, 3788, 3876]
[3699, 3787, 3789]
[3788, 3790, 3878]
[3701, 3789, 3791]
[3790, 3792, 3880]
[3703, 3791, 3793]
[3792, 3794, 3882]
[3705, 3793, 3795]
[3794, 3796, 3884]
[3707, 3795, 3797]
[3796, 3798, 3886]
[3709, 3797, 3799]
[3798, 3800, 3888]
[3711, 3799, 3801]
[3800, 3802, 3890]
[3713, 3801, 3803]
[3802, 3804, 3892]
[3715, 3803, 3805]
[3804, 3806, 3894]
[3717, 3805, 3807]
[3806, 3808, 3896]
[3719, 3807, 3809]
[3808, 3810, 3898]
[3721, 3809, 3811]
[3810, 3812, 3900]
[3723, 3811, 3813]
[3812, 3814, 3902]
[3725, 3813, 3815]
[3814, 3816, 3904]
[3727, 3815, 3817]
[3816, 3818, 3906]
[3729, 3817, 3819]
[3818, 3820, 3908]
[3731, 3819, 3821]
[3820, 3822, 3910]
[3733, 3821, 3823]
[3822, 3824, 3912]
[3735, 3823, 3825]
[3824, 3826, 3914]
[3737, 3825, 3827]
[3826, 3828, 3916]
[3739, 3827, 3829]
[3828, 3830, 3918]
[3741, 3829, 3831]
[3830, 3832, 3920]
[3743, 3831, 3833]
[3832, 3834, 3922]
[3745, 3833, 3835]
[3834, 3836, 3924]
[3747, 3835, 3837]
[3836, 3838, 3926]
[3749, 3837, 3839]
[3838, 3840, 3928]
[3751, 3839, 3841]
[3840, 3842, 3930]
[3753, 3841, 3843]
[3842, 3844, 3932]
[3755, 3843, 3845]
[3844, 3846, 3934]
[3757, 3845, 3847]
[3846, 3848, 3936]
[3759, 3847, 3849]
[3848, 3850, 3938]
[3761, 3849, 3851]
[3850, 3852, 3940]
[3763, 3851, 3853]
[3852, 3854, 3942]
[3765, 3853, 3855]
[3854, 3856, 3944]
[3767, 3855, 3857]
[3856, 3858, 3946]
[3769, 3857, 3859]
[3858, 3860, 3948]
[3771, 3859, 3861]
[3860, 3862, 3950]
[3773, 3861, 3863]
[3862, 3864, 3952]
[3775, 3863, 3865]
[3864, 3866, 3954]
[3777, 3865, 3867]
[3866, 3868, 3956]
[3779, 3867, 3869]
[3780, 3868, 3958]
[3781, 3871, 3959]
[3870, 3872, 3960]
[3783, 3871, 3873]
[3872, 3874, 3962]
[3785, 3873, 3875]
[3874, 3876, 3964]
[3787, 3875, 3877]
[3876, 3878, 3966]
[3789, 3877, 3879]
[3878, 3880, 3968]
[3791, 3879, 3881]
[3880, 3882, 3970]
[3793, 3881, 3883]
[3882, 3884, 3972]
[3795, 3883, 3885]
[3884, 3886, 3974]
[3797, 3885, 3887]
[3886, 3888, 3976]
[3799, 3887, 3889]
[3888, 3890, 3978]
[3801, 3889, 3891]
[3890, 3892, 3980]
[3803, 3891, 3893]
[3892, 3894, 3982]
[3805, 3893, 3895]
[3894, 3896, 3984]
[3807, 3895, 3897]
[3896, 3898, 3986]
[3809, 3897, 3899]
[3898, 3900, 3988]
[3811, 3899, 3901]
[3900, 3902, 3990]
[3813, 3901, 3903]
[3902, 3904, 3992]
[3815, 3903, 3905]
[3904, 3906, 3994]
[3817, 3905, 3907]
[3906, 3908, 3996]
[3819, 3907, 3909]
[3908, 3910, 3998]
[3821, 3909, 3911]
[3910, 3912, 4000]
[3823, 3911, 3913]
[3912, 3914, 4002]
[3825, 3913, 3915]
[3914, 3916, 4004]
[3827, 3915, 3917]
[3916, 3918, 4006]
[3829, 3917, 3919]
[3918, 3920, 4008]
[3831, 3919, 3921]
[3920, 3922, 4010]
[3833, 3921, 3923]
[3922, 3924, 4012]
[3835, 3923, 3925]
[3924, 3926, 4014]
[3837, 3925, 3927]
[3926, 3928, 4016]
[3839, 3927, 3929]
[3928, 3930, 4018]
[3841, 3929, 3931]
[3930, 3932, 4020]
[3843, 3931, 3933]
[3932, 3934, 4022]
[3845, 3933, 3935]
[3934, 3936, 4024]
[3847, 3935, 3937]
[3936, 3938, 4026]
[3849, 3937, 3939]
[3938, 3940, 4028]
[3851, 3939, 3941]
[3940, 3942, 4030]
[3853, 3941, 3943]
[3942, 3944, 4032]
[3855, 3943, 3945]
[3944, 3946, 4034]
[3857, 3945, 3947]
[3946, 3948, 4036]
[3859, 3947, 3949]
[3948, 3950, 4038]
[3861, 3949, 3951]
[3950, 3952, 4040]
[3863, 3951, 3953]
[3952, 3954, 4042]
[3865, 3953, 3955]
[3954, 3956, 4044]
[3867, 3955, 3957]
[3956, 3958, 4046]
[3869, 3957, 3959]
[3870, 3958, 4048]
[3871, 3961, 4049]
[0, 3960, 3962]
[3873, 3961, 3963]
[2, 3962, 3964]
[3875, 3963, 3965]
[4, 3964, 3966]
[3877, 3965, 3967]
[6, 3966, 3968]
[3879, 3967, 3969]
[8, 3968, 3970]
[3881, 3969, 3971]
[10, 3970, 3972]
[3883, 3971, 3973]
[12, 3972, 3974]
[3885, 3973, 3975]
[14, 3974, 3976]
[3887, 3975, 3977]
[16, 3976, 3978]
[3889, 3977, 3979]
[18, 3978, 3980]
[3891, 3979, 3981]
[20, 3980, 3982]
[3893, 3981, 3983]
[22, 3982, 3984]
[3895, 3983, 3985]
[24, 3984, 3986]
[3897, 3985, 3987]
[26, 3986, 3988]
[3899, 3987, 3989]
[28, 3988, 3990]
[3901, 3989, 3991]
[30, 3990, 3992]
[3903, 3991, 3993]
[32, 3992, 3994]
[3905, 3993, 3995]
[34, 3994, 3996]
[3907, 3995, 3997]
[36, 3996, 3998]
[3909, 3997, 3999]
[38, 3998, 4000]
[3911, 3999, 4001]
[40, 4000, 4002]
[3913, 4001, 4003]
[42, 4002, 4004]
[3915, 4003, 4005]
[44, 4004, 4006]
[3917, 4005, 4007]
[46, 4006, 4008]
[3919, 4007, 4009]
[48, 4008, 4010]
[3921, 4009, 4011]
[50, 4010, 4012]
[3923, 4011, 4013]
[52, 4012, 4014]
[3925, 4013, 4015]
[54, 4014, 4016]
[3927, 4015, 4017]
[56, 4016, 4018]
[3929, 4017, 4019]
[58, 4018, 4020]
[3931, 4019, 4021]
[60, 4020, 4022]
[3933, 4021, 4023]
[62, 4022, 4024]
[3935, 4023, 4025]
[64, 4024, 4026]
[3937, 4025, 4027]
[66, 4026, 4028]
[3939, 4027, 4029]
[68, 4028, 4030]
[3941, 4029, 4031]
[70, 4030, 4032]
[3943, 4031, 4033]
[72, 4032, 4034]
[3945, 4033, 4035]
[74, 4034, 4036]
[3947, 4035, 4037]
[76, 4036, 4038]
[3949, 4037, 4039]
[78, 4038, 4040]
[3951, 4039, 4041]
[80, 4040, 4042]
[3953, 4041, 4043]
[82, 4042, 4044]
[3955, 4043, 4045]
[84, 4044, 4046]
[3957, 4045, 4047]
[86, 4046, 4048]
[3959, 4047, 4049]
[88, 3960, 4048]
