[1, 49, 1201]
[0, 2, 50]
[1, 3, 1203]
[2, 4, 52]
[3, 5, 1205]
[4, 6, 54]
[5, 7, 1207]
[6, 8, 56]
[7, 9, 1209]
[8, 10, 58]
[9, 11, 1211]
[10, 12, 60]
[11, 13, 1213]
[12, 14, 62]
[13, 15, 1215]
[14, 16, 64]
[15, 17, 1217]
[16, 18, 66]
[17, 19, 1219]
[18, 20, 68]
[19, 21, 1221]
[20, 22, 70]
[21, 23, 1223]
[22, 24, 72]
[23, 25, 1225]
[24, 26, 74]
[25, 27, 1227]
[26, 28, 76]
[27, 29, 1229]
[28, 30, 78]
[29, 31, 1231]
[30, 32, 80]
[31, 33, 1233]
[32, 34, 82]
[33, 35, 1235]
[34, 36, 84]
[35, 37, 1237]
[36, 38, 86]
[37, 39, 1239]
[38, 40, 88]
[39, 41, 1241]
[40, 42, 90]
[41, 43, 1243]
[42, 44, 92]
[43, 45, 1245]
[44, 46, 94]
[45, 47, 1247]
[46, 48, 96]
[47, 49, 1249]
[0, 48, 98]
[1, 51, 99]
[50, 52, 100]
[3, 51, 53]
[52, 54, 102]
[5, 53, 55]
[54, 56, 104]
[7, 55, 57]
[56, 58, 106]
[9, 57, 59]
[58, 60, 108]
[11, 59, 61]
[60, 62, 110]
[13, 61, 63]
[62, 64, 112]
[15, 63, 65]
[64, 66, 114]
[17, 65, 67]
[66, 68, 116]
[19, 67, 69]
[68, 70, 118]
[21, 69, 71]
[70, 72, 120]
[23, 71, 73]
[72, 74, 122]
[25, 73, 75]
[74, 76, 124]
[27, 75, 77]
[76, 78, 126]
[29, 77, 79]
[78, 80, 128]
[31, 79, 81]
[80, 82, 130]
[33, 81, 83]
[82, 84, 132]
[35, 83, 85]
[84, 86, 134]
[37, 85, 87]
[86, 88, 136]
[39, 87, 89]
[88, 90, 138]
[41, 89, 91]
[90, 92, 140]
[43, 91, 93]
[92, 94, 142]
[45, 93, 95]
[94, 96, 144]
[47, 95, 97]
[96, 98, 146]
[49, 97, 99]
[50, 98, 148]
[51, 101, 149]
[100, 102, 150]
[53, 101, 103]
[102, 104, 152]
[55, 103, 105]
[104, 106, 154]
[57, 105, 107]
[106, 108, 156]
[59, 107, 109]
[108, 110, 158]
[61, 109, 111]
[110, 112, 160]
[63, 111, 113]
[112, 114, 162]
[65, 113, 115]
[114, 116, 164]
[67, 115, 117]
[116, 118, 166]
[69, 117, 119]
[118, 120, 168]
[71, 119, 121]
[120, 122, 170]
[73, 121, 123]
[122, 124, 172]
[75, 123, 125]
[124, 126, 174]
[77, 125, 127]
[126, 128, 176]
[79, 127, 129]
[128, 130, 178]
[81, 129, 131]
[130, 132, 180]
[83, 131, 133]
[132, 134, 182]
[85, 133, 135]
[134, 136, 184]
[87, 135, 137]
[136, 138, 186]
[89, 137, 139]
[138, 140, 188]
[91, 139, 141]
[140, 142, 190]
[93, 141, 143]
[142, 144, 192]
[95, 143, 145]
[144, 146, 194]
[97, 145, 147]
[146, 148, 196]
[99, 147, 149]
[100, 148, 198]
[101, 151, 199]
[150, 152, 200]
[103, 151, 153]
[152, 154, 202]
[105, 153, 155]
[154, 156, 204]
[107, 155, 157]
[156, 158, 206]
[109, 157, 159]
[158, 160, 208]
[111, 159, 161]
[160, 162, 210]
[113, 161, 163]
[162, 164, 212]
[115, 163, 165]
[164, 166, 214]
[117, 165, 167]
[166, 168, 216]
[119, 167, 169]
[168, 170, 218]
[121, 169, 171]
[170, 172, 220]
[123, 171, 173]
[172, 174, 222]
[125, 173, 175]
[174, 176, 224]
[127, 175, 177]
[176, 178, 226]
[129, 177, 179]
[178, 180, 228]
[131, 179, 181]
[180, 182, 230]
[133, 181, 183]
[182, 184, 232]
[135, 183, 185]
[184, 186, 234]
[137, 185, 187]
[186, 188, 236]
[139, 187, 189]
[188, 190, 238]
[141, 189, 191]
[190, 192, 240]
[143, 191, 193]
[192, 194, 242]
[145, 193, 195]
[194, 196, 244]
[147, 195, 197]
[196, 198, 246]
[149, 197, 199]
[150, 198, 248]
[151, 201, 249]
[200, 202, 250]
[153, 201, 203]
[202, 204, 252]
[155, 203, 205]
[204, 206, 254]
[157, 205, 207]
[206, 208, 256]
[159, 207, 209]
[208, 210, 258]
[161, 209, 211]
[210, 212, 260]
[163, 211, 213]
[212, 214, 262]
[165, 213, 215]
[214, 216, 264]
[167, 215, 217]
[216, 218, 266]
[169, 217, 219]
[218, 220, 268]
[171, 219, 221]
[220, 222, 270]
[173, 221, 223]
[222, 224, 272]
[175, 223, 225]
[224, 226, 274]
[177, 225, 227]
[226, 228, 276]
[179, 227, 229]
[228, 230, 278]
[181, 229, 231]
[230, 232, 280]
[183, 231, 233]
[232, 234, 282]
[185, 233, 235]
[234, 236, 284]
[187, 235, 237]
[236, 238, 286]
[189, 237, 239]
[238, 240, 288]
[191, 239, 241]
[240, 242, 290]
[193, 241, 243]
[242, 244, 292]
[195, 243, 245]
[244, 246, 294]
[197, 245, 247]
[246, 248, 296]
[199, 247, 249]
[200, 248, 298]
[201, 251, 299]
[250, 252, 300]
[203, 251, 253]
[252, 254, 302]
[205, 253, 255]
[254, 256, 304]
[207, 255, 257]
[256, 258, 306]
[209, 257, 259]
[258, 260, 308]
[211, 259, 261]
[260, 262, 310]
[213, 261, 263]
[262, 264, 312]
[215, 263, 265]
[264, 266, 314]
[217, 265, 267]
[266, 268, 316]
[219, 267, 269]
[268, 270, 318]
[221, 269, 271]
[270, 272, 320]
[223, 271, 273]
[272, 274, 322]
[225, 273, 275]
[274, 276, 324]
[227, 275, 277]
[276, 278, 326]
[229, 277, 279]
[278, 280, 328]
[231, 279, 281]
[280, 282, 330]
[233, 281, 283]
[282, 284, 332]
[235, 283, 285]
[284, 286, 334]
[237, 285, 287]
[286, 288, 336]
[239, 287, 289]
[288, 290, 338]
[241, 289, 291]
[290, 292, 340]
[243, 291, 293]
[292, 294, 342]
[245, 293, 295]
[294, 296, 344]
[247, 295, 297]
[296, 298, 346]
[249, 297, 299]
[250, 298, 348]
[251, 301, 349]
[300, 302, 350]
[253, 301, 303]
[302, 304, 352]
[255, 303, 305]
[304, 306, 354]
[257, 305, 307]
[306, 308, 356]
[259, 307, 309]
[308, 310, 358]
[261, 309, 311]
[310, 312, 360]
[263, 311, 313]
[312, 314, 362]
[265, 313, 315]
[314, 316, 364]
[267, 315, 317]
[316, 318, 366]
[269, 317, 319]
[318, 320, 368]
[271, 319, 321]
[320, 322, 370]
[273, 321, 323]
[322, 324, 372]
[275, 323, 325]
[324, 326, 374]
[277, 325, 327]
[326, 328, 376]
[279, 327, 329]
[328, 330, 378]
[281, 329, 331]
[330, 332, 380]
[283, 331, 333]
[332, 334, 382]
[285, 333, 335]
[334, 336, 384]
[287, 335, 337]
[336, 338, 386]
[289, 337, 339]
[338, 340, 388]
[291, 339, 341]
[340, 342, 390]
[293, 341, 343]
[342, 344, 392]
[295, 343, 345]
[344, 346, 394]
[297, 345, 347]
[346, 348, 396]
[299, 347, 349]
[300, 348, 398]
[301, 351, 399]
[350, 352, 400]
[303, 351, 353]
[352, 354, 402]
[305, 353, 355]
[354, 356, 404]
[307, 355, 357]
[356, 358, 406]
[309, 357, 359]
[358, 360, 408]
[311, 359, 361]
[360, 362, 410]
[313, 361, 363]
[362, 364, 412]
[315, 363, 365]
[364, 366, 414]
[317, 365, 367]
[366, 368, 416]
[319, 367, 369]
[368, 370, 418]
[321, 369, 371]
[370, 372, 420]
[323, 371, 373]
[372, 374, 422]
[325, 373, 375]
[374, 376, 424]
[327, 375, 377]
[376, 378, 426]
[329, 377, 379]
[378, 380, 428]
[331, 379, 381]
[380, 382, 430]
[333, 381, 383]
[382, 384, 432]
[335, 383, 385]
[384, 386, 434]
[337, 385, 387]
[386, 388, 436]
[339, 387, 389]
[388, 390, 438]
[341, 389, 391]
[390, 392, 440]
[343, 391, 393]
[392, 394, 442]
[345, 393, 395]
[394, 396, 444]
[347, 395, 397]
[396, 398, 446]
[349, 397, 399]
[350, 398, 448]
[351, 401, 449]
[400, 402, 450]
[353, 401, 403]
[402, 404, 452]
[355, 403, 405]
[404, 406, 454]
[357, 405, 407]
[406, 408, 456]
[359, 407, 409]
[408, 410, 458]
[361, 409, 411]
[410, 412, 460]
[363, 411, 413]
[412, 414, 462]
[365, 413, 415]
[414, 416, 464]
[367, 415, 417]
[416, 418, 466]
[369, 417, 419]
[418, 420, 468]
[371, 419, 421]
[420, 422, 470]
[373, 421, 423]
[422, 424, 472]
[375, 423, 425]
[424, 426, 474]
[377, 425, 427]
[426, 428, 476]
[379, 427, 429]
[428, 430, 478]
[381, 429, 431]
[430, 432, 480]
[383, 431, 433]
[432, 434, 482]
[385, 433, 435]
[434, 436, 484]
[387, 435, 437]
[436, 438, 486]
[389, 437, 439]
[438, 440, 488]
[391, 439, 441]
[440, 442, 490]
[393, 441, 443]
[442, 444, 492]
[395, 443, 445]
[444, 446, 494]
[397, 445, 447]
[446, 448, 496]
[399, 447, 449]
[400, 448, 498]
[401, 451, 499]
[450, 452, 500]
[403, 451, 453]
[452, 454, 502]
[405, 453, 455]
[454, 456, 504]
[407, 455, 457]
[456, 458, 506]
[409, 457, 459]
[458, 460, 508]
[411, 459, 461]
[460, 462, 510]
[413, 461, 463]
[462, 464, 512]
[415, 463, 465]
[464, 466, 514]
[417, 465, 467]
[466, 468, 516]
[419, 467, 469]
[468, 470, 518]
[421, 469, 471]
[470, 472, 520]
[423, 471, 473]
[472, 474, 522]
[425, 473, 475]
[474, 476, 524]
[427, 475, 477]
[476, 478, 526]
[429, 477, 479]
[478, 480, 528]
[431, 479, 481]
[480, 482, 530]
[433, 481, 483]
[482, 484, 532]
[435, 483, 485]
[484, 486, 534]
[437, 485, 487]
[486, 488, 536]
[439, 487, 489]
[488, 490, 538]
[441, 489, 491]
[490, 492, 540]
[443, 491, 493]
[492, 494, 542]
[445, 493, 495]
[494, 496, 544]
[447, 495, 497]
[496, 498, 546]
[449, 497, 499]
[450, 498, 548]
[451, 501, 549]
[500, 502, 550]
[453, 501, 503]
[502, 504, 552]
[455, 503, 505]
[504, 506, 554]
[457, 505, 507]
[506, 508, 556]
[459, 507, 509]
[508, 510, 558]
[461, 509, 511]
[510, 512, 560]
[463, 511, 513]
[512, 514, 562]
[465, 513, 515]
[514, 516, 564]
[467, 515, 517]
[516, 518, 566]
[469, 517, 519]
[518, 520, 568]
[471, 519, 521]
[520, 522, 570]
[473, 521, 523]
[522, 524, 572]
[475, 523, 525]
[524, 526, 574]
[477, 525, 527]
[526, 528, 576]
[479, 527, 529]
[528, 530, 578]
[481, 529, 531]
[530, 532, 580]
[483, 531, 533]
[532, 534, 582]
[485, 533, 535]
[534, 536, 584]
[487, 535, 537]
[536, 538, 586]
[489, 537, 539]
[538, 540, 588]
[491, 539, 541]
[540, 542, 590]
[493, 541, 543]
[542, 544, 592]
[495, 543, 545]
[544, 546, 594]
[497, 545, 547]
[546, 548, 596]
[499, 547, 549]
[500, 548, 598]
[501, 551, 599]
[550, 552, 600]
[503, 551, 553]
[552, 554, 602]
[505, 553, 555]
[554, 556, 604]
[507, 555, 557]
[556, 558, 606]
[509, 557, 559]
[558, 560, 608]
[511, 559, 561]
[560, 562, 610]
[513, 561, 563]
[562, 564, 612]
[515, 563, 565]
[564, 566, 614]
[517, 565, 567]
[566, 568, 616]
[519, 567, 569]
[568, 570, 618]
[521, 569, 571]
[570, 572, 620]
[523, 571, 573]
[572, 574, 622]
[525, 573, 575]
[574, 576, 624]
[527, 575, 577]
[576, 578, 626]
[529, 577, 579]
[578, 580, 628]
[531, 579, 581]
[580, 582, 630]
[533, 581, 583]
[582, 584, 632]
[535, 583, 585]
[584, 586, 634]
[537, 585, 587]
[586, 588, 636]
[539, 587, 589]
[588, 590, 638]
[541, 589, 591]
[590, 592, 640]
[543, 591, 593]
[592, 594, 642]
[545, 593, 595]
[594, 596, 644]
[547, 595, 597]
[596, 598, 646]
[549, 597, 599]
[550, 598, 648]
[551, 601, 649]
[600, 602, 650]
[553, 601, 603]
[602, 604, 652]
[555, 603, 605]
[604, 606, 654]
[557, 605, 607]
[606, 608, 656]
[559, 607, 609]
[608, 610, 658]
[561, 609, 611]
[610, 612, 660]
[563, 611, 613]
[612, 614, 662]
[565, 613, 615]
[614, 616, 664]
[567, 615, 617]
[616, 618, 666]
[569, 617, 619]
[618, 620, 668]
[571, 619, 621]
[620, 622, 670]
[573, 621, 623]
[622, 624, 672]
[575, 623, 625]
[624, 626, 674]
[577, 625, 627]
[626, 628, 676]
[579, 627, 629]
[628, 630, 678]
[581, 629, 631]
[630, 632, 680]
[583, 631, 633]
[632, 634, 682]
[585, 633, 635]
[634, 636, 684]
[587, 635, 637]
[636, 638, 686]
[589, 637, 639]
[638, 640, 688]
[591, 639, 641]
[640, 642, 690]
[593, 641, 643]
[642, 644, 692]
[595, 643, 645]
[644, 646, 694]
[597, 645, 647]
[646, 648, 696]
[599, 647, 649]
[600, 648, 698]
[601, 651, 699]
[650, 652, 700]
[603, 651, 653]
[652, 654, 702]
[605, 653, 655]
[654, 656, 704]
[607, 655, 657]
[656, 658, 706]
[609, 657, 659]
[658, 660, 708]
[611, 659, 661]
[660, 662, 710]
[613, 661, 663]
[662, 664, 712]
[615, 663, 665]
[664, 666, 714]
[617, 665, 667]
[666, 668, 716]
[619, 667, 669]
[668, 670, 718]
[621, 669, 671]
[670, 672, 720]
[623, 671, 673]
[672, 674, 722]
[625, 673, 675]
[674, 676, 724]
[627, 675, 677]
[676, 678, 726]
[629, 677, 679]
[678, 680, 728]
[631, 679, 681]
[680, 682, 730]
[633, 681, 683]
[682, 684, 732]
[635, 683, 685]
[684, 686, 734]
[637, 685, 687]
[686, 688, 736]
[639, 687, 689]
[688, 690, 738]
[641, 689, 691]
[690, 692, 740]
[643, 691, 693]
[692, 694, 742]
[645, 693, 695]
[694, 696, 744]
[647, 695, 697]
[696, 698, 746]
[649, 697, 699]
[650, 698, 748]
[651, 701, 749]
[700, 702, 750]
[653, 701, 703]
[702, 704, 752]
[655, 703, 705]
[704, 706, 754]
[657, 705, 707]
[706, 708, 756]
[659, 707, 709]
[708, 710, 758]
[661, 709, 711]
[710, 712, 760]
[663, 711, 713]
[712, 714, 762]
[665, 713, 715]
[714, 716, 764]
[667, 715, 717]
[716, 718, 766]
[669, 717, 719]
[718, 720, 768]
[671, 719, 721]
[720, 722, 770]
[673, 721, 723]
[722, 724, 772]
[675, 723, 725]
[724, 726, 774]
[677, 725, 727]
[726, 728, 776]
[679, 727, 729]
[728, 730, 778]
[681, 729, 731]
[730, 732, 780]
[683, 731, 733]
[732, 734, 782]
[685, 733, 735]
[734, 736, 784]
[687, 735, 737]
[736, 738, 786]
[689, 737, 739]
[738, 740, 788]
[691, 739, 741]
[740, 742, 790]
[693, 741, 743]
[742, 744, 792]
[695, 743, 745]
[744, 746, 794]
[697, 745, 747]
[746, 748, 796]
[699, 747, 749]
[700, 748, 798]
[701, 751, 799]
[750, 752, 800]
[703, 751, 753]
[752, 754, 802]
[705, 753, 755]
[754, 756, 804]
[707, 755, 757]
[756, 758, 806]
[709, 757, 759]
[758, 760, 808]
[711, 759, 761]
[760, 762, 810]
[713, 761, 763]
[762, 764, 812]
[715, 763, 765]
[764, 766, 814]
[717, 765, 767]
[766, 768, 816]
[719, 767, 769]
[768, 770, 818]
[721, 769, 771]
[770, 772, 820]
[723, 771, 773]
[772, 774, 822]
[725, 773, 775]
[774, 776, 824]
[727, 775, 777]
[776, 778, 826]
[729, 777, 779]
[778, 780, 828]
[731, 779, 781]
[780, 782, 830]
[733, 781, 783]
[782, 784, 832]
[735, 783, 785]
[784, 786, 834]
[737, 785, 787]
[786, 788, 836]
[739, 787, 789]
[788, 790, 838]
[741, 789, 791]
[790, 792, 840]
[743, 791, 793]
[792, 794, 842]
[745, 793, 795]
[794, 796, 844]
[747, 795, 797]
[796, 798, 846]
[749, 797, 799]
[750, 798, 848]
[751, 801, 849]
[800, 802, 850]
[753, 801, 803]
[802, 804, 852]
[755, 803, 805]
[804, 806, 854]
[757, 805, 807]
[806, 808, 856]
[759, 807, 809]
[808, 810, 858]
[761, 809, 811]
[810, 812, 860]
[763, 811, 813]
[812, 814, 862]
[765, 813, 815]
[814, 816, 864]
[767, 815, 817]
[816, 818, 866]
[769, 817, 819]
[818, 820, 868]
[771, 819, 821]
[820, 822, 870]
[773, 821, 823]
[822, 824, 872]
[775, 823, 825]
[824, 826, 874]
[777, 825, 827]
[826, 828, 876]
[779, 827, 829]
[828, 830, 878]
[781, 829, 831]
[830, 832, 880]
[783, 831, 833]
[832, 834, 882]
[785, 833, 835]
[834, 836, 884]
[787, 835, 837]
[836, 838, 886]
[789, 837, 839]
[838, 840, 888]
[791, 839, 841]
[840, 842, 890]
[793, 841, 843]
[842, 844, 892]
[795, 843, 845]
[844, 846, 894]
[797, 845, 847]
[846, 848, 896]
[799, 847, 849]
[800, 848, 898]
[801, 851, 899]
[850, 852, 900]
[803, 851, 853]
[852, 854, 902]
[805, 853, 855]
[854, 856, 904]
[807, 855, 857]
[856, 858, 906]
[809, 857, 859]
[858, 860, 908]
[811, 859, 861]
[860, 862, 910]
[813, 861, 863]
[862, 864, 912]
[815, 863, 865]
[864, 866, 914]
[817, 865, 867]
[866, 868, 916]
[819, 867, 869]
[868, 870, 918]
[821, 869, 871]
[870, 872, 920]
[823, 871, 873]
[872, 874, 922]
[825, 873, 875]
[874, 876, 924]
[827, 875, 877]
[876, 878, 926]
[829, 877, 879]
[878, 880, 928]
[831, 879, 881]
[880, 882, 930]
[833, 881, 883]
[882, 884, 932]
[835, 883, 885]
[884, 886, 934]
[837, 885, 887]
[886, 888, 936]
[839, 887, 889]
[888, 890, 938]
[841, 889, 891]
[890, 892, 940]
[843, 891, 893]
[892, 894, 942]
[845, 893, 895]
[894, 896, 944]
[847, 895, 897]
[896, 898, 946]
[849, 897, 899]
[850, 898, 948]
[851, 901, 949]
[900, 902, 950]
[853, 901, 903]
[902, 904, 952]
[855, 903, 905]
[904, 906, 954]
[857, 905, 907]
[906, 908, 956]
[859, 907, 909]
[908, 910, 958]
[861, 909, 911]
[910, 912, 960]
[863, 911, 913]
[912, 914, 962]
[865, 913, 915]
[914, 916, 964]
[867, 915, 917]
[916, 918, 966]
[869, 917, 919]
[918, 920, 968]
[871, 919, 921]
[920, 922, 970]
[873, 921, 923]
[922, 924, 972]
[875, 923, 925]
[924, 926, 974]
[877, 925, 927]
[926, 928, 976]
[879, 927, 929]
[928, 930, 978]
[881, 929, 931]
[930, 932, 980]
[883, 931, 933]
[932, 934, 982]
[885, 933, 935]
[934, 936, 984]
[887, 935, 937]
[936, 938, 986]
[889, 937, 939]
[938, 940, 988]
[891, 939, 941]
[940, 942, 990]
[893, 941, 943]
[942, 944, 992]
[895, 943, 945]
[944, 946, 994]
[897, 945, 947]
[946, 948, 996]
[899, 947, 949]
[900, 948, 998]
[901, 951, 999]
[950, 952, 1000]
[903, 951, 953]
[952, 954, 1002]
[905, 953, 955]
[954, 956, 1004]
[907, 955, 957]
[956, 958, 1006]
[909, 957, 959]
[958, 960, 1008]
[911, 959, 961]
[960, 962, 1010]
[913, 961, 963]
[962, 964, 1012]
[915, 963, 965]
[964, 966, 1014]
[917, 965, 967]
[966, 968, 1016]
[919, 967, 969]
[968, 970, 1018]
[921, 969, 971]
[970, 972, 1020]
[923, 971, 973]
[972, 974, 1022]
[925, 973, 975]
[974, 976, 1024]
[927, 975, 977]
[976, 978, 1026]
[929, 977, 979]
[978, 980, 1028]
[931, 979, 981]
[980, 982, 1030]
[933, 981, 983]
[982, 984, 1032]
[935, 983, 985]
[984, 986, 1034]
[937, 985, 987]
[986, 988, 1036]
[939, 987, 989]
[988, 990, 1038]
[941, 989, 991]
[990, 992, 1040]
[943, 991, 993]
[992, 994, 1042]
[945, 993, 995]
[994, 996, 1044]
[947, 995, 997]
[996, 998, 1046]
[949, 997, 999]
[950, 998, 1048]
[951, 1001, 1049]
[1000, 1002, 1050]
[953, 1001, 1003]
[1002, 1004, 1052]
[955, 1003, 1005]
[1004, 1006, 1054]
[957, 1005, 1007]
[1006, 1008, 1056]
[959, 1007, 1009]
[1008, 1010, 1058]
[961, 1009, 1011]
[1010, 1012, 1060]
[963, 1011, 1013]
[1012, 1014, 1062]
[965, 1013, 1015]
[1014, 1016, 1064]
[967, 1015, 1017]
[1016, 1018, 1066]
[969, 1017, 1019]
[1018, 1020, 1068]
[971, 1019, 1021]
[1020, 1022, 1070]
[973, 1021, 1023]
[1022, 1024, 1072]
[975, 1023, 1025]
[1024, 1026, 1074]
[977, 1025, 1027]
[1026, 1028, 1076]
[979, 1027, 1029]
[1028, 1030, 1078]
[981, 1029, 1031]
[1030, 1032, 1080]
[983, 1031, 1033]
[1032, 1034, 1082]
[985, 1033, 1035]
[1034, 1036, 1084]
[987, 1035, 1037]
[1036, 1038, 1086]
[989, 1037, 1039]
[1038, 1040, 1088]
[991, 1039, 1041]
[1040, 1042, 1090]
[993, 1041, 1043]
[1042, 1044, 1092]
[995, 1043, 1045]
[1044, 1046, 1094]
[997, 1045, 1047]
[1046, 1048, 1096]
[999, 1047, 1049]
[1000, 1048, 1098]
[1001, 1051, 1099]
[1050, 1052, 1100]
[1003, 1051, 1053]
[1052, 1054, 1102]
[1005, 1053, 1055]
[1054, 1056, 1104]
[1007, 1055, 1057]
[1056, 1058, 1106]
[1009, 1057, 1059]
[1058, 1060, 1108]
[1011, 1059, 1061]
[1060, 1062, 1110]
[1013, 1061, 1063]
[1062, 1064, 1112]
[1015, 1063, 1065]
[1064, 1066, 1114]
[1017, 1065, 1067]
[1066, 1068, 1116]
[1019, 1067, 1069]
[1068, 1070, 1118]
[1021, 1069, 1071]
[1070, 1072, 1120]
[1023, 1071, 1073]
[1072, 1074, 1122]
[1025, 1073, 1075]
[1074, 1076, 1124]
[1027, 1075, 1077]
[1076, 1078, 1126]
[1029, 1077, 1079]
[1078, 1080, 1128]
[1031, 1079, 1081]
[1080, 1082, 1130]
[1033, 1081, 1083]
[1082, 1084, 1132]
[1035, 1083, 1085]
[1084, 1086, 1134]
[1037, 1085, 1087]
[1086, 1088, 1136]
[1039, 1087, 1089]
[1088, 1090, 1138]
[1041, 1089, 1091]
[1090, 1092, 1140]
[1043, 1091, 1093]
[1092, 1094, 1142]
[1045, 1093, 1095]
[1094, 1096, 1144]
[1047, 1095, 1097]
[1096, 1098, 1146]
[1049, 1097, 1099]
[1050, 1098, 1148]
[1051, 1101, 1149]
[1100, 1102, 1150]
[1053, 1101, 1103]
[1102, 1104, 1152]
[1055, 1103, 1105]
[1104, 1106, 1154]
[1057, 1105, 1107]
[1106, 1108, 1156]
[1059, 1107, 1109]
[1108, 1110, 1158]
[1061, 1109, 1111]
[1110, 1112, 1160]
[1063, 1111, 1113]
[1112, 1114, 1162]
[1065, 1113, 1115]
[1114, 1116, 1164]
[1067, 1115, 1117]
[1116, 1118, 1166]
[1069, 1117, 1119]
[1118, 1120, 1168]
[1071, 1119, 1121]
[1120, 1122, 1170]
[1073, 1121, 1123]
[1122, 1124, 1172]
[1075, 1123, 1125]
[1124, 1126, 1174]
[1077, 1125, 1127]
[1126, 1128, 1176]
[1079, 1127, 1129]
[1128, 1130, 1178]
[1081, 1129, 1131]
[1130, 1132, 1180]
[1083, 1131, 1133]
[1132, 1134, 1182]
[1085, 1133, 1135]
[1134, 1136, 1184]
[1087, 1135, 1137]
[1136, 1138, 1186]
[1089, 1137, 1139]
[1138, 1140, 1188]
[1091, 1139, 1141]
[1140, 1142, 1190]
[1093, 1141, 1143]
[1142, 1144, 1192]
[1095, 1143, 1145]
[1144, 1146, 1194]
[1097, 1145, 1147]
[1146, 1148, 1196]
[1099, 1147, 1149]
[1100, 1148, 1198]
[1101, 1151, 1199]
[1150, 1152, 1200]
[1103, 1151, 1153]
[1152, 1154, 1202]
[1105, 1153, 1155]
[1154, 1156, 1204]
[1107, 1155, 1157]
[1156, 1158, 1206]
[1109, 1157, 1159]
[1158, 1160, 1208]
[1111, 1159, 1161]
[1160, 1162, 1210]
[1113, 1161, 1163]
[1162, 1164, 1212]
[1115, 1163, 1165]
[1164, 1166, 1214]
[1117, 1165, 1167]
[1166, 1168, 1216]
[1119, 1167, 1169]
[1168, 1170, 1218]
[1121, 1169, 1171]
[1170, 1172, 1220]
[1123, 1171, 1173]
[1172, 1174, 1222]
[1125, 1173, 1175]
[1174, 1176, 1224]
[1127, 1175, 1177]
[1176, 1178, 1226]
[1129, 1177, 1179]
[1178, 1180, 1228]
[1131, 1179, 1181]
[1180, 1182, 1230]
[1133, 1181, 1183]
[1182, 1184, 1232]
[1135, 1183, 1185]
[1184, 1186, 1234]
[1137, 1185, 1187]
[1186, 1188, 1236]
[1139, 1187, 1189]
[1188, 1190, 1238]
[1141, 1189, 1191]
[1190, 1192, 1240]
[1143, 1191, 1193]
[1192, 1194, 1242]
[1145, 1193, 1195]
[1194, 1196, 1244]
[1147, 1195, 1197]
[1196, 1198, 1246]
[1149, 1197, 1199]
[1150, 1198, 1248]
[1151, 1201, 1249]
[0, 1200, 1202]
[1153, 1201, 1203]
[2, 1202, 1204]
[1155, 1203, 1205]
[4, 1204, 1206]
[1157, 1205, 1207]
[6, 1206, 1208]
[1159, 1207, 1209]
[8, 1208, 1210]
[1161, 1209, 1211]
[10, 1210, 1212]
[1163, 1211, 1213]
[12, 1212, 1214]
[1165, 1213, 1215]
[14, 1214, 1216]
[1167, 1215, 1217]
[16, 1216, 1218]
[1169, 1217, 1219]
[18, 1218, 1220]
[1171, 1219, 1221]
[20, 1220, 1222]
[1173, 1221, 1223]
[22, 1222, 1224]
[1175, 1223, 1225]
[24, 1224, 1226]
[1177, 1225, 1227]
[26, 1226, 1228]
[1179, 1227, 1229]
[28, 1228, 1230]
[1181, 1229, 1231]
[30, 1230, 1232]
[1183, 1231, 1233]
[32, 1232, 1234]
[1185, 1233, 1235]
[34, 1234, 1236]
[1187, 1235, 1237]
[36, 1236, 1238]
[1189, 1237, 1239]
[38, 1238, 1240]
[1191, 1239, 1241]
[40, 1240, 1242]
[1193, 1241, 1243]
[42, 1242, 1244]
[1195, 1243, 1245]
[44, 1244, 1246]
[1197, 1245, 1247]
[46, 1246, 1248]
[1199, 1247, 1249]
[48, 1200, 1248]
