[1, 99, 4901]
[0, 2, 100]
[1, 3, 4903]
[2, 4, 102]
[3, 5, 4905]
[4, 6, 104]
[5, 7, 4907]
[6, 8, 106]
[7, 9, 4909]
[8, 10, 108]
[9, 11, 4911]
[10, 12, 110]
[11, 13, 4913]
[12, 14, 112]
[13, 15, 4915]
[14, 16, 114]
[15, 17, 4917]
[16, 18, 116]
[17, 19, 4919]
[18, 20, 118]
[19, 21, 4921]
[20, 22, 120]
[21, 23, 4923]
[22, 24, 122]
[23, 25, 4925]
[24, 26, 124]
[25, 27, 4927]
[26, 28, 126]
[27, 29, 4929]
[28, 30, 128]
[29, 31, 4931]
[30, 32, 130]
[31, 33, 4933]
[32, 34, 132]
[33, 35, 4935]
[34, 36, 134]
[35, 37, 4937]
[36, 38, 136]
[37, 39, 4939]
[38, 40, 138]
[39, 41, 4941]
[40, 42, 140]
[41, 43, 4943]
[42, 44, 142]
[43, 45, 4945]
[44, 46, 144]
[45, 47, 4947]
[46, 48, 146]
[47, 49, 4949]
[48, 50, 148]
[49, 51, 4951]
[50, 52, 150]
[51, 53, 4953]
[52, 54, 152]
[53, 55, 4955]
[54, 56, 154]
[55, 57, 4957]
[56, 58, 156]
[57, 59, 4959]
[58, 60, 158]
[59, 61, 4961]
[60, 62, 160]
[61, 63, 4963]
[62, 64, 162]
[63, 65, 4965]
[64, 66, 164]
[65, 67, 4967]
[66, 68, 166]
[67, 69, 4969]
[68, 70, 168]
[69, 71, 4971]
[70, 72, 170]
[71, 73, 4973]
[72, 74, 172]
[73, 75, 4975]
[74, 76, 174]
[75, 77, 4977]
[76, 78, 176]
[77, 79, 4979]
[78, 80, 178]
[79, 81, 4981]
[80, 82, 180]
[81, 83, 4983]
[82, 84, 182]
[83, 85, 4985]
[84, 86, 184]
[85, 87, 4987]
[86, 88, 186]
[87, 89, 4989]
[88, 90, 188]
[89, 91, 4991]
[90, 92, 190]
[91, 93, 4993]
[92, 94, 192]
[93, 95, 4995]
[94, 96, 194]
[95, 97, 4997]
[96, 98, 196]
[97, 99, 4999]
[0, 98, 198]
[1, 101, 199]
[100, 102, 200]
[3, 101, 103]
[102, 104, 202]
[5, 103, 105]
[104, 106, 204]
[7, 105, 107]
[106, 108, 206]
[9, 107, 109]
[108, 110, 208]
[11, 109, 111]
[110, 112, 210]
[13, 111, 113]
[112, 114, 212]
[15, 113, 115]
[114, 116, 214]
[17, 115, 117]
[116, 118, 216]
[19, 117, 119]
[118, 120, 218]
[21, 119, 121]
[120, 122, 220]
[23, 121, 123]
[122, 124, 222]
[25, 123, 125]
[124, 126, 224]
[27, 125, 127]
[126, 128, 226]
[29, 127, 129]
[128, 130, 228]
[31, 129, 131]
[130, 132, 230]
[33, 131, 133]
[132, 134, 232]
[35, 133, 135]
[134, 136, 234]
[37, 135, 137]
[136, 138, 236]
[39, 137, 139]
[138, 140, 238]
[41, 139, 141]
[140, 142, 240]
[43, 141, 143]
[142, 144, 242]
[45, 143, 145]
[144, 146, 244]
[47, 145, 147]
[146, 148, 246]
[49, 147, 149]
[148, 150, 248]
[51, 149, 151]
[150, 152, 250]
[53, 151, 153]
[152, 154, 252]
[55, 153, 155]
[154, 156, 254]
[57, 155, 157]
[156, 158, 256]
[59, 157, 159]
[158, 160, 258]
[61, 159, 161]
[160, 162, 260]
[63, 161, 163]
[162, 164, 262]
[65, 163, 165]
[164, 166, 264]
[67, 165, 167]
[166, 168, 266]
[69, 167, 169]
[168, 170, 268]
[71, 169, 171]
[170, 172, 270]
[73, 171, 173]
[172, 174, 272]
[75, 173, 175]
[174, 176, 274]
[77, 175, 177]
[176, 178, 276]
[79, 177, 179]
[178, 180, 278]
[81, 179, 181]
[180, 182, 280]
[83, 181, 183]
[182, 184, 282]
[85, 183, 185]
[184, 186, 284]
[87, 185, 187]
[186, 188, 286]
[89, 187, 189]
[188, 190, 288]
[91, 189, 191]
[190, 192, 290]
[93, 191, 193]
[192, 194, 292]
[95, 193, 195]
[194, 196, 294]
[97, 195, 197]
[196, 198, 296]
[99, 197, 199]
[100, 198, 298]
[101, 201, 299]
[200, 202, 300]
[103, 201, 203]
[202, 204, 302]
[105, 203, 205]
[204, 206, 304]
[107, 205, 207]
[206, 208, 306]
[109, 207, 209]
[208, 210, 308]
[111, 209, 211]
[210, 212, 310]
[113, 211, 213]
[212, 214, 312]
[115, 213, 215]
[214, 216, 314]
[117, 215, 217]
[216, 218, 316]
[119, 217, 219]
[218, 220, 318]
[121, 219, 221]
[220, 222, 320]
[123, 221, 223]
[222, 224, 322]
[125, 223, 225]
[224, 226, 324]
[127, 225, 227]
[226, 228, 326]
[129, 227, 229]
[228, 230, 328]
[131, 229, 231]
[230, 232, 330]
[133, 231, 233]
[232, 234, 332]
[135, 233, 235]
[234, 236, 334]
[137, 235, 237]
[236, 238, 336]
[139, 237, 239]
[238, 240, 338]
[141, 239, 241]
[240, 242, 340]
[143, 241, 243]
[242, 244, 342]
[145, 243, 245]
[244, 246, 344]
[147, 245, 247]
[246, 248, 346]
[149, 247, 249]
[248, 250, 348]
[151, 249, 251]
[250, 252, 350]
[153, 251, 253]
[252, 254, 352]
[155, 253, 255]
[254, 256, 354]
[157, 255, 257]
[256, 258, 356]
[159, 257, 259]
[258, 260, 358]
[161, 259, 261]
[260, 262, 360]
[163, 261, 263]
[262, 264, 362]
[165, 263, 265]
[264, 266, 364]
[167, 265, 267]
[266, 268, 366]
[169, 267, 269]
[268, 270, 368]
[171, 269, 271]
[270, 272, 370]
[173, 271, 273]
[272, 274, 372]
[175, 273, 275]
[274, 276, 374]
[177, 275, 277]
[276, 278, 376]
[179, 277, 279]
[278, 280, 378]
[181, 279, 281]
[280, 282, 380]
[183, 281, 283]
[282, 284, 382]
[185, 283, 285]
[284, 286, 384]
[187, 285, 287]
[286, 288, 386]
[189, 287, 289]
[288, 290, 388]
[191, 289, 291]
[290, 292, 390]
[193, 291, 293]
[292, 294, 392]
[195, 293, 295]
[294, 296, 394]
[197, 295, 297]
[296, 298, 396]
[199, 297, 299]
[200, 298, 398]
[201, 301, 399]
[300, 302, 400]
[203, 301, 303]
[302, 304, 402]
[205, 303, 305]
[304, 306, 404]
[207, 305, 307]
[306, 308, 406]
[209, 307, 309]
[308, 310, 408]
[211, 309, 311]
[310, 312, 410]
[213, 311, 313]
[312, 314, 412]
[215, 313, 315]
[314, 316, 414]
[217, 315, 317]
[316, 318, 416]
[219, 317, 319]
[318, 320, 418]
[221, 319, 321]
[320, 322, 420]
[223, 321, 323]
[322, 324, 422]
[225, 323, 325]
[324, 326, 424]
[227, 325, 327]
[326, 328, 426]
[229, 327, 329]
[328, 330, 428]
[231, 329, 331]
[330, 332, 430]
[233, 331, 333]
[332, 334, 432]
[235, 333, 335]
[334, 336, 434]
[237, 335, 337]
[336, 338, 436]
[239, 337, 339]
[338, 340, 438]
[241, 339, 341]
[340, 342, 440]
[243, 341, 343]
[342, 344, 442]
[245, 343, 345]
[344, 346, 444]
[247, 345, 347]
[346, 348, 446]
[249, 347, 349]
[348, 350, 448]
[251, 349, 351]
[350, 352, 450]
[253, 351, 353]
[352, 354, 452]
[255, 353, 355]
[354, 356, 454]
[257, 355, 357]
[356, 358, 456]
[259, 357, 359]
[358, 360, 458]
[261, 359, 361]
[360, 362, 460]
[263, 361, 363]
[362, 364, 462]
[265, 363, 365]
[364, 366, 464]
[267, 365, 367]
[366, 368, 466]
[269, 367, 369]
[368, 370, 468]
[271, 369, 371]
[370, 372, 470]
[273, 371, 373]
[372, 374, 472]
[275, 373, 375]
[374, 376, 474]
[277, 375, 377]
[376, 378, 476]
[279, 377, 379]
[378, 380, 478]
[281, 379, 381]
[380, 382, 480]
[283, 381, 383]
[382, 384, 482]
[285, 383, 385]
[384, 386, 484]
[287, 385, 387]
[386, 388, 486]
[289, 387, 389]
[388, 390, 488]
[291, 389, 391]
[390, 392, 490]
[293, 391, 393]
[392, 394, 492]
[295, 393, 395]
[394, 396, 494]
[297, 395, 397]
[396, 398, 496]
[299, 397, 399]
[300, 398, 498]
[301, 401, 499]
[400, 402, 500]
[303, 401, 403]
[402, 404, 502]
[305, 403, 405]
[404, 406, 504]
[307, 405, 407]
[406, 408, 506]
[309, 407, 409]
[408, 410, 508]
[311, 409, 411]
[410, 412, 510]
[313, 411, 413]
[412, 414, 512]
[315, 413, 415]
[414, 416, 514]
[317, 415, 417]
[416, 418, 516]
[319, 417, 419]
[418, 420, 518]
[321, 419, 421]
[420, 422, 520]
[323, 421, 423]
[422, 424, 522]
[325, 423, 425]
[424, 426, 524]
[327, 425, 427]
[426, 428, 526]
[329, 427, 429]
[428, 430, 528]
[331, 429, 431]
[430, 432, 530]
[333, 431, 433]
[432, 434, 532]
[335, 433, 435]
[434, 436, 534]
[337, 435, 437]
[436, 438, 536]
[339, 437, 439]
[438, 440, 538]
[341, 439, 441]
[440, 442, 540]
[343, 441, 443]
[442, 444, 542]
[345, 443, 445]
[444, 446, 544]
[347, 445, 447]
[446, 448, 546]
[349, 447, 449]
[448, 450, 548]
[351, 449, 451]
[450, 452, 550]
[353, 451, 453]
[452, 454, 552]
[355, 453, 455]
[454, 456, 554]
[357, 455, 457]
[456, 458, 556]
[359, 457, 459]
[458, 460, 558]
[361, 459, 461]
[460, 462, 560]
[363, 461, 463]
[462, 464, 562]
[365, 463, 465]
[464, 466, 564]
[367, 465, 467]
[466, 468, 566]
[369, 467, 469]
[468, 470, 568]
[371, 469, 471]
[470, 472, 570]
[373, 471, 473]
[472, 474, 572]
[375, 473, 475]
[474, 476, 574]
[377, 475, 477]
[476, 478, 576]
[379, 477, 479]
[478, 480, 578]
[381, 479, 481]
[480, 482, 580]
[383, 481, 483]
[482, 484, 582]
[385, 483, 485]
[484, 486, 584]
[387, 485, 487]
[486, 488, 586]
[389, 487, 489]
[488, 490, 588]
[391, 489, 491]
[490, 492, 590]
[393, 491, 493]
[492, 494, 592]
[395, 493, 495]
[494, 496, 594]
[397, 495, 497]
[496, 498, 596]
[399, 497, 499]
[400, 498, 598]
[401, 501, 599]
[500, 502, 600]
[403, 501, 503]
[502, 504, 602]
[405, 503, 505]
[504, 506, 604]
[407, 505, 507]
[506, 508, 606]
[409, 507, 509]
[508, 510, 608]
[411, 509, 511]
[510, 512, 610]
[413, 511, 513]
[512, 514, 612]
[415, 513, 515]
[514, 516, 614]
[417, 515, 517]
[516, 518, 616]
[419, 517, 519]
[518, 520, 618]
[421, 519, 521]
[520, 522, 620]
[423, 521, 523]
[522, 524, 622]
[425, 523, 525]
[524, 526, 624]
[427, 525, 527]
[526, 528, 626]
[429, 527, 529]
[528, 530, 628]
[431, 529, 531]
[530, 532, 630]
[433, 531, 533]
[532, 534, 632]
[435, 533, 535]
[534, 536, 634]
[437, 535, 537]
[536, 538, 636]
[439, 537, 539]
[538, 540, 638]
[441, 539, 541]
[540, 542, 640]
[443, 541, 543]
[542, 544, 642]
[445, 543, 545]
[544, 546, 644]
[447, 545, 547]
[546, 548, 646]
[449, 547, 549]
[548, 550, 648]
[451, 549, 551]
[550, 552, 650]
[453, 551, 553]
[552, 554, 652]
[455, 553, 555]
[554, 556, 654]
[457, 555, 557]
[556, 558, 656]
[459, 557, 559]
[558, 560, 658]
[461, 559, 561]
[560, 562, 660]
[463, 561, 563]
[562, 564, 662]
[465, 563, 565]
[564, 566, 664]
[467, 565, 567]
[566, 568, 666]
[469, 567, 569]
[568, 570, 668]
[471, 569, 571]
[570, 572, 670]
[473, 571, 573]
[572, 574, 672]
[475, 573, 575]
[574, 576, 674]
[477, 575, 577]
[576, 578, 676]
[479, 577, 579]
[578, 580, 678]
[481, 579, 581]
[580, 582, 680]
[483, 581, 583]
[582, 584, 682]
[485, 583, 585]
[584, 586, 684]
[487, 585, 587]
[586, 588, 686]
[489, 587, 589]
[588, 590, 688]
[491, 589, 591]
[590, 592, 690]
[493, 591, 593]
[592, 594, 692]
[495, 593, 595]
[594, 596, 694]
[497, 595, 597]
[596, 598, 696]
[499, 597, 599]
[500, 598, 698]
[501, 601, 699]
[600, 602, 700]
[503, 601, 603]
[602, 604, 702]
[505, 603, 605]
[604, 606, 704]
[507, 605, 607]
[606, 608, 706]
[509, 607, 609]
[608, 610, 708]
[511, 609, 611]
[610, 612, 710]
[513, 611, 613]
[612, 614, 712]
[515, 613, 615]
[614, 616, 714]
[517, 615, 617]
[616, 618, 716]
[519, 617, 619]
[618, 620, 718]
[521, 619, 621]
[620, 622, 720]
[523, 621, 623]
[622, 624, 722]
[525, 623, 625]
[624, 626, 724]
[527, 625, 627]
[626, 628, 726]
[529, 627, 629]
[628, 630, 728]
[531, 629, 631]
[630, 632, 730]
[533, 631, 633]
[632, 634, 732]
[535, 633, 635]
[634, 636, 734]
[537, 635, 637]
[636, 638, 736]
[539, 637, 639]
[638, 640, 738]
[541, 639, 641]
[640, 642, 740]
[543, 641, 643]
[642, 644, 742]
[545, 643, 645]
[644, 646, 744]
[547, 645, 647]
[646, 648, 746]
[549, 647, 649]
[648, 650, 748]
[551, 649, 651]
[650, 652, 750]
[553, 651, 653]
[652, 654, 752]
[555, 653, 655]
[654, 656, 754]
[557, 655, 657]
[656, 658, 756]
[559, 657, 659]
[658, 660, 758]
[561, 659, 661]
[660, 662, 760]
[563, 661, 663]
[662, 664, 762]
[565, 663, 665]
[664, 666, 764]
[567, 665, 667]
[666, 668, 766]
[569, 667, 669]
[668, 670, 768]
[571, 669, 671]
[670, 672, 770]
[573, 671, 673]
[672, 674, 772]
[575, 673, 675]
[674, 676, 774]
[577, 675, 677]
[676, 678, 776]
[579, 677, 679]
[678, 680, 778]
[581, 679, 681]
[680, 682, 780]
[583, 681, 683]
[682, 684, 782]
[585, 683, 685]
[684, 686, 784]
[587, 685, 687]
[686, 688, 786]
[589, 687, 689]
[688, 690, 788]
[591, 689, 691]
[690, 692, 790]
[593, 691, 693]
[692, 694, 792]
[595, 693, 695]
[694, 696, 794]
[597, 695, 697]
[696, 698, 796]
[599, 697, 699]
[600, 698, 798]
[601, 701, 799]
[700, 702, 800]
[603, 701, 703]
[702, 704, 802]
[605, 703, 705]
[704, 706, 804]
[607, 705, 707]
[706, 708, 806]
[609, 707, 709]
[708, 710, 808]
[611, 709, 711]
[710, 712, 810]
[613, 711, 713]
[712, 714, 812]
[615, 713, 715]
[714, 716, 814]
[617, 715, 717]
[716, 718, 816]
[619, 717, 719]
[718, 720, 818]
[621, 719, 721]
[720, 722, 820]
[623, 721, 723]
[722, 724, 822]
[625, 723, 725]
[724, 726, 824]
[627, 725, 727]
[726, 728, 826]
[629, 727, 729]
[728, 730, 828]
[631, 729, 731]
[730, 732, 830]
[633, 731, 733]
[732, 734, 832]
[635, 733, 735]
[734, 736, 834]
[637, 735, 737]
[736, 738, 836]
[639, 737, 739]
[738, 740, 838]
[641, 739, 741]
[740, 742, 840]
[643, 741, 743]
[742, 744, 842]
[645, 743, 745]
[744, 746, 844]
[647, 745, 747]
[746, 748, 846]
[649, 747, 749]
[748, 750, 848]
[651, 749, 751]
[750, 752, 850]
[653, 751, 753]
[752, 754, 852]
[655, 753, 755]
[754, 756, 854]
[657, 755, 757]
[756, 758, 856]
[659, 757, 759]
[758, 760, 858]
[661, 759, 761]
[760, 762, 860]
[663, 761, 763]
[762, 764, 862]
[665, 763, 765]
[764, 766, 864]
[667, 765, 767]
[766, 768, 866]
[669, 767, 769]
[768, 770, 868]
[671, 769, 771]
[770, 772, 870]
[673, 771, 773]
[772, 774, 872]
[675, 773, 775]
[774, 776, 874]
[677, 775, 777]
[776, 778, 876]
[679, 777, 779]
[778, 780, 878]
[681, 779, 781]
[780, 782, 880]
[683, 781, 783]
[782, 784, 882]
[685, 783, 785]
[784, 786, 884]
[687, 785, 787]
[786, 788, 886]
[689, 787, 789]
[788, 790, 888]
[691, 789, 791]
[790, 792, 890]
[693, 791, 793]
[792, 794, 892]
[695, 793, 795]
[794, 796, 894]
[697, 795, 797]
[796, 798, 896]
[699, 797, 799]
[700, 798, 898]
[701, 801, 899]
[800, 802, 900]
[703, 801, 803]
[802, 804, 902]
[705, 803, 805]
[804, 806, 904]
[707, 805, 807]
[806, 808, 906]
[709, 807, 809]
[808, 810, 908]
[711, 809, 811]
[810, 812, 910]
[713, 811, 813]
[812, 814, 912]
[715, 813, 815]
[814, 816, 914]
[717, 815, 817]
[816, 818, 916]
[719, 817, 819]
[818, 820, 918]
[721, 819, 821]
[820, 822, 920]
[723, 821, 823]
[822, 824, 922]
[725, 823, 825]
[824, 826, 924]
[727, 825, 827]
[826, 828, 926]
[729, 827, 829]
[828, 830, 928]
[731, 829, 831]
[830, 832, 930]
[733, 831, 833]
[832, 834, 932]
[735, 833, 835]
[834, 836, 934]
[737, 835, 837]
[836, 838, 936]
[739, 837, 839]
[838, 840, 938]
[741, 839, 841]
[840, 842, 940]
[743, 841, 843]
[842, 844, 942]
[745, 843, 845]
[844, 846, 944]
[747, 845, 847]
[846, 848, 946]
[749, 847, 849]
[848, 850, 948]
[751, 849, 851]
[850, 852, 950]
[753, 851, 853]
[852, 854, 952]
[755, 853, 855]
[854, 856, 954]
[757, 855, 857]
[856, 858, 956]
[759, 857, 859]
[858, 860, 958]
[761, 859, 861]
[860, 862, 960]
[763, 861, 863]
[862, 864, 962]
[765, 863, 865]
[864, 866, 964]
[767, 865, 867]
[866, 868, 966]
[769, 867, 869]
[868, 870, 968]
[771, 869, 871]
[870, 872, 970]
[773, 871, 873]
[872, 874, 972]
[775, 873, 875]
[874, 876, 974]
[777, 875, 877]
[876, 878, 976]
[779, 877, 879]
[878, 880, 978]
[781, 879, 881]
[880, 882, 980]
[783, 881, 883]
[882, 884, 982]
[785, 883, 885]
[884, 886, 984]
[787, 885, 887]
[886, 888, 986]
[789, 887, 889]
[888, 890, 988]
[791, 889, 891]
[890, 892, 990]
[793, 891, 893]
[892, 894, 992]
[795, 893, 895]
[894, 896, 994]
[797, 895, 897]
[896, 898, 996]
[799, 897, 899]
[800, 898, 998]
[801, 901, 999]
[900, 902, 1000]
[803, 901, 903]
[902, 904, 1002]
[805, 903, 905]
[904, 906, 1004]
[807, 905, 907]
[906, 908, 1006]
[809, 907, 909]
[908, 910, 1008]
[811, 909, 911]
[910, 912, 1010]
[813, 911, 913]
[912, 914, 1012]
[815, 913, 915]
[914, 916, 1014]
[817, 915, 917]
[916, 918, 1016]
[819, 917, 919]
[918, 920, 1018]
[821, 919, 921]
[920, 922, 1020]
[823, 921, 923]
[922, 924, 1022]
[825, 923, 925]
[924, 926, 1024]
[827, 925, 927]
[926, 928, 1026]
[829, 927, 929]
[928, 930, 1028]
[831, 929, 931]
[930, 932, 1030]
[833, 931, 933]
[932, 934, 1032]
[835, 933, 935]
[934, 936, 1034]
[837, 935, 937]
[936, 938, 1036]
[839, 937, 939]
[938, 940, 1038]
[841, 939, 941]
[940, 942, 1040]
[843, 941, 943]
[942, 944, 1042]
[845, 943, 945]
[944, 946, 1044]
[847, 945, 947]
[946, 948, 1046]
[849, 947, 949]
[948, 950, 1048]
[851, 949, 951]
[950, 952, 1050]
[853, 951, 953]
[952, 954, 1052]
[855, 953, 955]
[954, 956, 1054]
[857, 955, 957]
[956, 958, 1056]
[859, 957, 959]
[958, 960, 1058]
[861, 959, 961]
[960, 962, 1060]
[863, 961, 963]
[962, 964, 1062]
[865, 963, 965]
[964, 966, 1064]
[867, 965, 967]
[966, 968, 1066]
[869, 967, 969]
[968, 970, 1068]
[871, 969, 971]
[970, 972, 1070]
[873, 971, 973]
[972, 974, 1072]
[875, 973, 975]
[974, 976, 1074]
[877, 975, 977]
[976, 978, 1076]
[879, 977, 979]
[978, 980, 1078]
[881, 979, 981]
[980, 982, 1080]
[883, 981, 983]
[982, 984, 1082]
[885, 983, 985]
[984, 986, 1084]
[887, 985, 987]
[986, 988, 1086]
[889, 987, 989]
[988, 990, 1088]
[891, 989, 991]
[990, 992, 1090]
[893, 991, 993]
[992, 994, 1092]
[895, 993, 995]
[994, 996, 1094]
[897, 995, 997]
[996, 998, 1096]
[899, 997, 999]
[900, 998, 1098]
[901, 1001, 1099]
[1000, 1002, 1100]
[903, 1001, 1003]
[1002, 1004, 1102]
[905, 1003, 1005]
[1004, 1006, 1104]
[907, 1005, 1007]
[1006, 1008, 1106]
[909, 1007, 1009]
[1008, 1010, 1108]
[911, 1009, 1011]
[1010, 1012, 1110]
[913, 1011, 1013]
[1012, 1014, 1112]
[915, 1013, 1015]
[1014, 1016, 1114]
[917, 1015, 1017]
[1016, 1018, 1116]
[919, 1017, 1019]
[1018, 1020, 1118]
[921, 1019, 1021]
[1020, 1022, 1120]
[923, 1021, 1023]
[1022, 1024, 1122]
[925, 1023, 1025]
[1024, 1026, 1124]
[927, 1025, 1027]
[1026, 1028, 1126]
[929, 1027, 1029]
[1028, 1030, 1128]
[931, 1029, 1031]
[1030, 1032, 1130]
[933, 1031, 1033]
[1032, 1034, 1132]
[935, 1033, 1035]
[1034, 1036, 1134]
[937, 1035, 1037]
[1036, 1038, 1136]
[939, 1037, 1039]
[1038, 1040, 1138]
[941, 1039, 1041]
[1040, 1042, 1140]
[943, 1041, 1043]
[1042, 1044, 1142]
[945, 1043, 1045]
[1044, 1046, 1144]
[947, 1045, 1047]
[1046, 1048, 1146]
[949, 1047, 1049]
[1048, 1050, 1148]
[951, 1049, 1051]
[1050, 1052, 1150]
[953, 1051, 1053]
[1052, 1054, 1152]
[955, 1053, 1055]
[1054, 1056, 1154]
[957, 1055, 1057]
[1056, 1058, 1156]
[959, 1057, 1059]
[1058, 1060, 1158]
[961, 1059, 1061]
[1060, 1062, 1160]
[963, 1061, 1063]
[1062, 1064, 1162]
[965, 1063, 1065]
[1064, 1066, 1164]
[967, 1065, 1067]
[1066, 1068, 1166]
[969, 1067, 1069]
[1068, 1070, 1168]
[971, 1069, 1071]
[1070, 1072, 1170]
[973, 1071, 1073]
[1072, 1074, 1172]
[975, 1073, 1075]
[1074, 1076, 1174]
[977, 1075, 1077]
[1076, 1078, 1176]
[979, 1077, 1079]
[1078, 1080, 1178]
[981, 1079, 1081]
[1080, 1082, 1180]
[983, 1081, 1083]
[1082, 1084, 1182]
[985, 1083, 1085]
[1084, 1086, 1184]
[987, 1085, 1087]
[1086, 1088, 1186]
[989, 1087, 1089]
[1088, 1090, 1188]
[991, 1089, 1091]
[1090, 1092, 1190]
[993, 1091, 1093]
[1092, 1094, 1192]
[995, 1093, 1095]
[1094, 1096, 1194]
[997, 1095, 1097]
[1096, 1098, 1196]
[999, 1097, 1099]
[1000, 1098, 1198]
[1001, 1101, 1199]
[1100, 1102, 1200]
[1003, 1101, 1103]
[1102, 1104, 1202]
[1005, 1103, 1105]
[1104, 1106, 1204]
[1007, 1105, 1107]
[1106, 1108, 1206]
[1009, 1107, 1109]
[1108, 1110, 1208]
[1011, 1109, 1111]
[1110, 1112, 1210]
[1013, 1111, 1113]
[1112, 1114, 1212]
[1015, 1113, 1115]
[1114, 1116, 1214]
[1017, 1115, 1117]
[1116, 1118, 1216]
[1019, 1117, 1119]
[1118, 1120, 1218]
[1021, 1119, 1121]
[1120, 1122, 1220]
[1023, 1121, 1123]
[1122, 1124, 1222]
[1025, 1123, 1125]
[1124, 1126, 1224]
[1027, 1125, 1127]
[1126, 1128, 1226]
[1029, 1127, 1129]
[1128, 1130, 1228]
[1031, 1129, 1131]
[1130, 1132, 1230]
[1033, 1131, 1133]
[1132, 1134, 1232]
[1035, 1133, 1135]
[1134, 1136, 1234]
[1037, 1135, 1137]
[1136, 1138, 1236]
[1039, 1137, 1139]
[1138, 1140, 1238]
[1041, 1139, 1141]
[1140, 1142, 1240]
[1043, 1141, 1143]
[1142, 1144, 1242]
[1045, 1143, 1145]
[1144, 1146, 1244]
[1047, 1145, 1147]
[1146, 1148, 1246]
[1049, 1147, 1149]
[1148, 1150, 1248]
[1051, 1149, 1151]
[1150, 1152, 1250]
[1053, 1151, 1153]
[1152, 1154, 1252]
[1055, 1153, 1155]
[1154, 1156, 1254]
[1057, 1155, 1157]
[1156, 1158, 1256]
[1059, 1157, 1159]
[1158, 1160, 1258]
[1061, 1159, 1161]
[1160, 1162, 1260]
[1063, 1161, 1163]
[1162, 1164, 1262]
[1065, 1163, 1165]
[1164, 1166, 1264]
[1067, 1165, 1167]
[1166, 1168, 1266]
[1069, 1167, 1169]
[1168, 1170, 1268]
[1071, 1169, 1171]
[1170, 1172, 1270]
[1073, 1171, 1173]
[1172, 1174, 1272]
[1075, 1173, 1175]
[1174, 1176, 1274]
[1077, 1175, 1177]
[1176, 1178, 1276]
[1079, 1177, 1179]
[1178, 1180, 1278]
[1081, 1179, 1181]
[1180, 1182, 1280]
[1083, 1181, 1183]
[1182, 1184, 1282]
[1085, 1183, 1185]
[1184, 1186, 1284]
[1087, 1185, 1187]
[1186, 1188, 1286]
[1089, 1187, 1189]
[1188, 1190, 1288]
[1091, 1189, 1191]
[1190, 1192, 1290]
[1093, 1191, 1193]
[1192, 1194, 1292]
[1095, 1193, 1195]
[1194, 1196, 1294]
[1097, 1195, 1197]
[1196, 1198, 1296]
[1099, 1197, 1199]
[1100, 1198, 1298]
[1101, 1201, 1299]
[1200, 1202, 1300]
[1103, 1201, 1203]
[1202, 1204, 1302]
[1105, 1203, 1205]
[1204, 1206, 1304]
[1107, 1205, 1207]
[1206, 1208, 1306]
[1109, 1207, 1209]
[1208, 1210, 1308]
[1111, 1209, 1211]
[1210, 1212, 1310]
[1113, 1211, 1213]
[1212, 1214, 1312]
[1115, 1213, 1215]
[1214, 1216, 1314]
[1117, 1215, 1217]
[1216, 1218, 1316]
[1119, 1217, 1219]
[1218, 1220, 1318]
[1121, 1219, 1221]
[1220, 1222, 1320]
[1123, 1221, 1223]
[1222, 1224, 1322]
[1125, 1223, 1225]
[1224, 1226, 1324]
[1127, 1225, 1227]
[1226, 1228, 1326]
[1129, 1227, 1229]
[1228, 1230, 1328]
[1131, 1229, 1231]
[1230, 1232, 1330]
[1133, 1231, 1233]
[1232, 1234, 1332]
[1135, 1233, 1235]
[1234, 1236, 1334]
[1137, 1235, 1237]
[1236, 1238, 1336]
[1139, 1237, 1239]
[1238, 1240, 1338]
[1141, 1239, 1241]
[1240, 1242, 1340]
[1143, 1241, 1243]
[1242, 1244, 1342]
[1145, 1243, 1245]
[1244, 1246, 1344]
[1147, 1245, 1247]
[1246, 1248, 1346]
[1149, 1247, 1249]
[1248, 1250, 1348]
[1151, 1249, 1251]
[1250, 1252, 1350]
[1153, 1251, 1253]
[1252, 1254, 1352]
[1155, 1253, 1255]
[1254, 1256, 1354]
[1157, 1255, 1257]
[1256, 1258, 1356]
[1159, 1257, 1259]
[1258, 1260, 1358]
[1161, 1259, 1261]
[1260, 1262, 1360]
[1163, 1261, 1263]
[1262, 1264, 1362]
[1165, 1263, 1265]
[1264, 1266, 1364]
[1167, 1265, 1267]
[1266, 1268, 1366]
[1169, 1267, 1269]
[1268, 1270, 1368]
[1171, 1269, 1271]
[1270, 1272, 1370]
[1173, 1271, 1273]
[1272, 1274, 1372]
[1175, 1273, 1275]
[1274, 1276, 1374]
[1177, 1275, 1277]
[1276, 1278, 1376]
[1179, 1277, 1279]
[1278, 1280, 1378]
[1181, 1279, 1281]
[1280, 1282, 1380]
[1183, 1281, 1283]
[1282, 1284, 1382]
[1185, 1283, 1285]
[1284, 1286, 1384]
[1187, 1285, 1287]
[1286, 1288, 1386]
[1189, 1287, 1289]
[1288, 1290, 1388]
[1191, 1289, 1291]
[1290, 1292, 1390]
[1193, 1291, 1293]
[1292, 1294, 1392]
[1195, 1293, 1295]
[1294, 1296, 1394]
[1197, 1295, 1297]
[1296, 1298, 1396]
[1199, 1297, 1299]
[1200, 1298, 1398]
[1201, 1301, 1399]
[1300, 1302, 1400]
[1203, 1301, 1303]
[1302, 1304, 1402]
[1205, 1303, 1305]
[1304, 1306, 1404]
[1207, 1305, 1307]
[1306, 1308, 1406]
[1209, 1307, 1309]
[1308, 1310, 1408]
[1211, 1309, 1311]
[1310, 1312, 1410]
[1213, 1311, 1313]
[1312, 1314, 1412]
[1215, 1313, 1315]
[1314, 1316, 1414]
[1217, 1315, 1317]
[1316, 1318, 1416]
[1219, 1317, 1319]
[1318, 1320, 1418]
[1221, 1319, 1321]
[1320, 1322, 1420]
[1223, 1321, 1323]
[1322, 1324, 1422]
[1225, 1323, 1325]
[1324, 1326, 1424]
[1227, 1325, 1327]
[1326, 1328, 1426]
[1229, 1327, 1329]
[1328, 1330, 1428]
[1231, 1329, 1331]
[1330, 1332, 1430]
[1233, 1331, 1333]
[1332, 1334, 1432]
[1235, 1333, 1335]
[1334, 1336, 1434]
[1237, 1335, 1337]
[1336, 1338, 1436]
[1239, 1337, 1339]
[1338, 1340, 1438]
[1241, 1339, 1341]
[1340, 1342, 1440]
[1243, 1341, 1343]
[1342, 1344, 1442]
[1245, 1343, 1345]
[1344, 1346, 1444]
[1247, 1345, 1347]
[1346, 1348, 1446]
[1249, 1347, 1349]
[1348, 1350, 1448]
[1251, 1349, 1351]
[1350, 1352, 1450]
[1253, 1351, 1353]
[1352, 1354, 1452]
[1255, 1353, 1355]
[1354, 1356, 1454]
[1257, 1355, 1357]
[1356, 1358, 1456]
[1259, 1357, 1359]
[1358, 1360, 1458]
[1261, 1359, 1361]
[1360, 1362, 1460]
[1263, 1361, 1363]
[1362, 1364, 1462]
[1265, 1363, 1365]
[1364, 1366, 1464]
[1267, 1365, 1367]
[1366, 1368, 1466]
[1269, 1367, 1369]
[1368, 1370, 1468]
[1271, 1369, 1371]
[1370, 1372, 1470]
[1273, 1371, 1373]
[1372, 1374, 1472]
[1275, 1373, 1375]
[1374, 1376, 1474]
[1277, 1375, 1377]
[1376, 1378, 1476]
[1279, 1377, 1379]
[1378, 1380, 1478]
[1281, 1379, 1381]
[1380, 1382, 1480]
[1283, 1381, 1383]
[1382, 1384, 1482]
[1285, 1383, 1385]
[1384, 1386, 1484]
[1287, 1385, 1387]
[1386, 1388, 1486]
[1289, 1387, 1389]
[1388, 1390, 1488]
[1291, 1389, 1391]
[1390, 1392, 1490]
[1293, 1391, 1393]
[1392, 1394, 1492]
[1295, 1393, 1395]
[1394, 1396, 1494]
[1297, 1395, 1397]
[1396, 1398, 1496]
[1299, 1397, 1399]
[1300, 1398, 1498]
[1301, 1401, 1499]
[1400, 1402, 1500]
[1303, 1401, 1403]
[1402, 1404, 1502]
[1305, 1403, 1405]
[1404, 1406, 1504]
[1307, 1405, 1407]
[1406, 1408, 1506]
[1309, 1407, 1409]
[1408, 1410, 1508]
[1311, 1409, 1411]
[1410, 1412, 1510]
[1313, 1411, 1413]
[1412, 1414, 1512]
[1315, 1413, 1415]
[1414, 1416, 1514]
[1317, 1415, 1417]
[1416, 1418, 1516]
[1319, 1417, 1419]
[1418, 1420, 1518]
[1321, 1419, 1421]
[1420, 1422, 1520]
[1323, 1421, 1423]
[1422, 1424, 1522]
[1325, 1423, 1425]
[1424, 1426, 1524]
[1327, 1425, 1427]
[1426, 1428, 1526]
[1329, 1427, 1429]
[1428, 1430, 1528]
[1331, 1429, 1431]
[1430, 1432, 1530]
[1333, 1431, 1433]
[1432, 1434, 1532]
[1335, 1433, 1435]
[1434, 1436, 1534]
[1337, 1435, 1437]
[1436, 1438, 1536]
[1339, 1437, 1439]
[1438, 1440, 1538]
[1341, 1439, 1441]
[1440, 1442, 1540]
[1343, 1441, 1443]
[1442, 1444, 1542]
[1345, 1443, 1445]
[1444, 1446, 1544]
[1347, 1445, 1447]
[1446, 1448, 1546]
[1349, 1447, 1449]
[1448, 1450, 1548]
[1351, 1449, 1451]
[1450, 1452, 1550]
[1353, 1451, 1453]
[1452, 1454, 1552]
[1355, 1453, 1455]
[1454, 1456, 1554]
[1357, 1455, 1457]
[1456, 1458, 1556]
[1359, 1457, 1459]
[1458, 1460, 1558]
[1361, 1459, 1461]
[1460, 1462, 1560]
[1363, 1461, 1463]
[1462, 1464, 1562]
[1365, 1463, 1465]
[1464, 1466, 1564]
[1367, 1465, 1467]
[1466, 1468, 1566]
[1369, 1467, 1469]
[1468, 1470, 1568]
[1371, 1469, 1471]
[1470, 1472, 1570]
[1373, 1471, 1473]
[1472, 1474, 1572]
[1375, 1473, 1475]
[1474, 1476, 1574]
[1377, 1475, 1477]
[1476, 1478, 1576]
[1379, 1477, 1479]
[1478, 1480, 1578]
[1381, 1479, 1481]
[1480, 1482, 1580]
[1383, 1481, 1483]
[1482, 1484, 1582]
[1385, 1483, 1485]
[1484, 1486, 1584]
[1387, 1485, 1487]
[1486, 1488, 1586]
[1389, 1487, 1489]
[1488, 1490, 1588]
[1391, 1489, 1491]
[1490, 1492, 1590]
[1393, 1491, 1493]
[1492, 1494, 1592]
[1395, 1493, 1495]
[1494, 1496, 1594]
[1397, 1495, 1497]
[1496, 1498, 1596]
[1399, 1497, 1499]
[1400, 1498, 1598]
[1401, 1501, 1599]
[1500, 1502, 1600]
[1403, 1501, 1503]
[1502, 1504, 1602]
[1405, 1503, 1505]
[1504, 1506, 1604]
[1407, 1505, 1507]
[1506, 1508, 1606]
[1409, 1507, 1509]
[1508, 1510, 1608]
[1411, 1509, 1511]
[1510, 1512, 1610]
[1413, 1511, 1513]
[1512, 1514, 1612]
[1415, 1513, 1515]
[1514, 1516, 1614]
[1417, 1515, 1517]
[1516, 1518, 1616]
[1419, 1517, 1519]
[1518, 1520, 1618]
[1421, 1519, 1521]
[1520, 1522, 1620]
[1423, 1521, 1523]
[1522, 1524, 1622]
[1425, 1523, 1525]
[1524, 1526, 1624]
[1427, 1525, 1527]
[1526, 1528, 1626]
[1429, 1527, 1529]
[1528, 1530, 1628]
[1431, 1529, 1531]
[1530, 1532, 1630]
[1433, 1531, 1533]
[1532, 1534, 1632]
[1435, 1533, 1535]
[1534, 1536, 1634]
[1437, 1535, 1537]
[1536, 1538, 1636]
[1439, 1537, 1539]
[1538, 1540, 1638]
[1441, 1539, 1541]
[1540, 1542, 1640]
[1443, 1541, 1543]
[1542, 1544, 1642]
[1445, 1543, 1545]
[1544, 1546, 1644]
[1447, 1545, 1547]
[1546, 1548, 1646]
[1449, 1547, 1549]
[1548, 1550, 1648]
[1451, 1549, 1551]
[1550, 1552, 1650]
[1453, 1551, 1553]
[1552, 1554, 1652]
[1455, 1553, 1555]
[1554, 1556, 1654]
[1457, 1555, 1557]
[1556, 1558, 1656]
[1459, 1557, 1559]
[1558, 1560, 1658]
[1461, 1559, 1561]
[1560, 1562, 1660]
[1463, 1561, 1563]
[1562, 1564, 1662]
[1465, 1563, 1565]
[1564, 1566, 1664]
[1467, 1565, 1567]
[1566, 1568, 1666]
[1469, 1567, 1569]
[1568, 1570, 1668]
[1471, 1569, 1571]
[1570, 1572, 1670]
[1473, 1571, 1573]
[1572, 1574, 1672]
[1475, 1573, 1575]
[1574, 1576, 1674]
[1477, 1575, 1577]
[1576, 1578, 1676]
[1479, 1577, 1579]
[1578, 1580, 1678]
[1481, 1579, 1581]
[1580, 1582, 1680]
[1483, 1581, 1583]
[1582, 1584, 1682]
[1485, 1583, 1585]
[1584, 1586, 1684]
[1487, 1585, 1587]
[1586, 1588, 1686]
[1489, 1587, 1589]
[1588, 1590, 1688]
[1491, 1589, 1591]
[1590, 1592, 1690]
[1493, 1591, 1593]
[1592, 1594, 1692]
[1495, 1593, 1595]
[1594, 1596, 1694]
[1497, 1595, 1597]
[1596, 1598, 1696]
[1499, 1597, 1599]
[1500, 1598, 1698]
[1501, 1601, 1699]
[1600, 1602, 1700]
[1503, 1601, 1603]
[1602, 1604, 1702]
[1505, 1603, 1605]
[1604, 1606, 1704]
[1507, 1605, 1607]
[1606, 1608, 1706]
[1509, 1607, 1609]
[1608, 1610, 1708]
[1511, 1609, 1611]
[1610, 1612, 1710]
[1513, 1611, 1613]
[1612, 1614, 1712]
[1515, 1613, 1615]
[1614, 1616, 1714]
[1517, 1615, 1617]
[1616, 1618, 1716]
[1519, 1617, 1619]
[1618, 1620, 1718]
[1521, 1619, 1621]
[1620, 1622, 1720]
[1523, 1621, 1623]
[1622, 1624, 1722]
[1525, 1623, 1625]
[1624, 1626, 1724]
[1527, 1625, 1627]
[1626, 1628, 1726]
[1529, 1627, 1629]
[1628, 1630, 1728]
[1531, 1629, 1631]
[1630, 1632, 1730]
[1533, 1631, 1633]
[1632, 1634, 1732]
[1535, 1633, 1635]
[1634, 1636, 1734]
[1537, 1635, 1637]
[1636, 1638, 1736]
[1539, 1637, 1639]
[1638, 1640, 1738]
[1541, 1639, 1641]
[1640, 1642, 1740]
[1543, 1641, 1643]
[1642, 1644, 1742]
[1545, 1643, 1645]
[1644, 1646, 1744]
[1547, 1645, 1647]
[1646, 1648, 1746]
[1549, 1647, 1649]
[1648, 1650, 1748]
[1551, 1649, 1651]
[1650, 1652, 1750]
[1553, 1651, 1653]
[1652, 1654, 1752]
[1555, 1653, 1655]
[1654, 1656, 1754]
[1557, 1655, 1657]
[1656, 1658, 1756]
[1559, 1657, 1659]
[1658, 1660, 1758]
[1561, 1659, 1661]
[1660, 1662, 1760]
[1563, 1661, 1663]
[1662, 1664, 1762]
[1565, 1663, 1665]
[1664, 1666, 1764]
[1567, 1665, 1667]
[1666, 1668, 1766]
[1569, 1667, 1669]
[1668, 1670, 1768]
[1571, 1669, 1671]
[1670, 1672, 1770]
[1573, 1671, 1673]
[1672, 1674, 1772]
[1575, 1673, 1675]
[1674, 1676, 1774]
[1577, 1675, 1677]
[1676, 1678, 1776]
[1579, 1677, 1679]
[1678, 1680, 1778]
[1581, 1679, 1681]
[1680, 1682, 1780]
[1583, 1681, 1683]
[1682, 1684, 1782]
[1585, 1683, 1685]
[1684, 1686, 1784]
[1587, 1685, 1687]
[1686, 1688, 1786]
[1589, 1687, 1689]
[1688, 1690, 1788]
[1591, 1689, 1691]
[1690, 1692, 1790]
[1593, 1691, 1693]
[1692, 1694, 1792]
[1595, 1693, 1695]
[1694, 1696, 1794]
[1597, 1695, 1697]
[1696, 1698, 1796]
[1599, 1697, 1699]
[1600, 1698, 1798]
[1601, 1701, 1799]
[1700, 1702, 1800]
[1603, 1701, 1703]
[1702, 1704, 1802]
[1605, 1703, 1705]
[1704, 1706, 1804]
[1607, 1705, 1707]
[1706, 1708, 1806]
[1609, 1707, 1709]
[1708, 1710, 1808]
[1611, 1709, 1711]
[1710, 1712, 1810]
[1613, 1711, 1713]
[1712, 1714, 1812]
[1615, 1713, 1715]
[1714, 1716, 1814]
[1617, 1715, 1717]
[1716, 1718, 1816]
[1619, 1717, 1719]
[1718, 1720, 1818]
[1621, 1719, 1721]
[1720, 1722, 1820]
[1623, 1721, 1723]
[1722, 1724, 1822]
[1625, 1723, 1725]
[1724, 1726, 1824]
[1627, 1725, 1727]
[1726, 1728, 1826]
[1629, 1727, 1729]
[1728, 1730, 1828]
[1631, 1729, 1731]
[1730, 1732, 1830]
[1633, 1731, 1733]
[1732, 1734, 1832]
[1635, 1733, 1735]
[1734, 1736, 1834]
[1637, 1735, 1737]
[1736, 1738, 1836]
[1639, 1737, 1739]
[1738, 1740, 1838]
[1641, 1739, 1741]
[1740, 1742, 1840]
[1643, 1741, 1743]
[1742, 1744, 1842]
[1645, 1743, 1745]
[1744, 1746, 1844]
[1647, 1745, 1747]
[1746, 1748, 1846]
[1649, 1747, 1749]
[1748, 1750, 1848]
[1651, 1749, 1751]
[1750, 1752, 1850]
[1653, 1751, 1753]
[1752, 1754, 1852]
[1655, 1753, 1755]
[1754, 1756, 1854]
[1657, 1755, 1757]
[1756, 1758, 1856]
[1659, 1757, 1759]
[1758, 1760, 1858]
[1661, 1759, 1761]
[1760, 1762, 1860]
[1663, 1761, 1763]
[1762, 1764, 1862]
[1665, 1763, 1765]
[1764, 1766, 1864]
[1667, 1765, 1767]
[1766, 1768, 1866]
[1669, 1767, 1769]
[1768, 1770, 1868]
[1671, 1769, 1771]
[1770, 1772, 1870]
[1673, 1771, 1773]
[1772, 1774, 1872]
[1675, 1773, 1775]
[1774, 1776, 1874]
[1677, 1775, 1777]
[1776, 1778, 1876]
[1679, 1777, 1779]
[1778, 1780, 1878]
[1681, 1779, 1781]
[1780, 1782, 1880]
[1683, 1781, 1783]
[1782, 1784, 1882]
[1685, 1783, 1785]
[1784, 1786, 1884]
[1687, 1785, 1787]
[1786, 1788, 1886]
[1689, 1787, 1789]
[1788, 1790, 1888]
[1691, 1789, 1791]
[1790, 1792, 1890]
[1693, 1791, 1793]
[1792, 1794, 1892]
[1695, 1793, 1795]
[1794, 1796, 1894]
[1697, 1795, 1797]
[1796, 1798, 1896]
[1699, 1797, 1799]
[1700, 1798, 1898]
[1701, 1801, 1899]
[1800, 1802, 1900]
[1703, 1801, 1803]
[1802, 1804, 1902]
[1705, 1803, 1805]
[1804, 1806, 1904]
[1707, 1805, 1807]
[1806, 1808, 1906]
[1709, 1807, 1809]
[1808, 1810, 1908]
[1711, 1809, 1811]
[1810, 1812, 1910]
[1713, 1811, 1813]
[1812, 1814, 1912]
[1715, 1813, 1815]
[1814, 1816, 1914]
[1717, 1815, 1817]
[1816, 1818, 1916]
[1719, 1817, 1819]
[1818, 1820, 1918]
[1721, 1819, 1821]
[1820, 1822, 1920]
[1723, 1821, 1823]
[1822, 1824, 1922]
[1725, 1823, 1825]
[1824, 1826, 1924]
[1727, 1825, 1827]
[1826, 1828, 1926]
[1729, 1827, 1829]
[1828, 1830, 1928]
[1731, 1829, 1831]
[1830, 1832, 1930]
[1733, 1831, 1833]
[1832, 1834, 1932]
[1735, 1833, 1835]
[1834, 1836, 1934]
[1737, 1835, 1837]
[1836, 1838, 1936]
[1739, 1837, 1839]
[1838, 1840, 1938]
[1741, 1839, 1841]
[1840, 1842, 1940]
[1743, 1841, 1843]
[1842, 1844, 1942]
[1745, 1843, 1845]
[1844, 1846, 1944]
[1747, 1845, 1847]
[1846, 1848, 1946]
[1749, 1847, 1849]
[1848, 1850, 1948]
[1751, 1849, 1851]
[1850, 1852, 1950]
[1753, 1851, 1853]
[1852, 1854, 1952]
[1755, 1853, 1855]
[1854, 1856, 1954]
[1757, 1855, 1857]
[1856, 1858, 1956]
[1759, 1857, 1859]
[1858, 1860, 1958]
[1761, 1859, 1861]
[1860, 1862, 1960]
[1763, 1861, 1863]
[1862, 1864, 1962]
[1765, 1863, 1865]
[1864, 1866, 1964]
[1767, 1865, 1867]
[1866, 1868, 1966]
[1769, 1867, 1869]
[1868, 1870, 1968]
[1771, 1869, 1871]
[1870, 1872, 1970]
[1773, 1871, 1873]
[1872, 1874, 1972]
[1775, 1873, 1875]
[1874, 1876, 1974]
[1777, 1875, 1877]
[1876, 1878, 1976]
[1779, 1877, 1879]
[1878, 1880, 1978]
[1781, 1879, 1881]
[1880, 1882, 1980]
[1783, 1881, 1883]
[1882, 1884, 1982]
[1785, 1883, 1885]
[1884, 1886, 1984]
[1787, 1885, 1887]
[1886, 1888, 1986]
[1789, 1887, 1889]
[1888, 1890, 1988]
[1791, 1889, 1891]
[1890, 1892, 1990]
[1793, 1891, 1893]
[1892, 1894, 1992]
[1795, 1893, 1895]
[1894, 1896, 1994]
[1797, 1895, 1897]
[1896, 1898, 1996]
[1799, 1897, 1899]
[1800, 1898, 1998]
[1801, 1901, 1999]
[1900, 1902, 2000]
[1803, 1901, 1903]
[1902, 1904, 2002]
[1805, 1903, 1905]
[1904, 1906, 2004]
[1807, 1905, 1907]
[1906, 1908, 2006]
[1809, 1907, 1909]
[1908, 1910, 2008]
[1811, 1909, 1911]
[1910, 1912, 2010]
[1813, 1911, 1913]
[1912, 1914, 2012]
[1815, 1913, 1915]
[1914, 1916, 2014]
[1817, 1915, 1917]
[1916, 1918, 2016]
[1819, 1917, 1919]
[1918, 1920, 2018]
[1821, 1919, 1921]
[1920, 1922, 2020]
[1823, 1921, 1923]
[1922, 1924, 2022]
[1825, 1923, 1925]
[1924, 1926, 2024]
[1827, 1925, 1927]
[1926, 1928, 2026]
[1829, 1927, 1929]
[1928, 1930, 2028]
[1831, 1929, 1931]
[1930, 1932, 2030]
[1833, 1931, 1933]
[1932, 1934, 2032]
[1835, 1933, 1935]
[1934, 1936, 2034]
[1837, 1935, 1937]
[1936, 1938, 2036]
[1839, 1937, 1939]
[1938, 1940, 2038]
[1841, 1939, 1941]
[1940, 1942, 2040]
[1843, 1941, 1943]
[1942, 1944, 2042]
[1845, 1943, 1945]
[1944, 1946, 2044]
[1847, 1945, 1947]
[1946, 1948, 2046]
[1849, 1947, 1949]
[1948, 1950, 2048]
[1851, 1949, 1951]
[1950, 1952, 2050]
[1853, 1951, 1953]
[1952, 1954, 2052]
[1855, 1953, 1955]
[1954, 1956, 2054]
[1857, 1955, 1957]
[1956, 1958, 2056]
[1859, 1957, 1959]
[1958, 1960, 2058]
[1861, 1959, 1961]
[1960, 1962, 2060]
[1863, 1961, 1963]
[1962, 1964, 2062]
[1865, 1963, 1965]
[1964, 1966, 2064]
[1867, 1965, 1967]
[1966, 1968, 2066]
[1869, 1967, 1969]
[1968, 1970, 2068]
[1871, 1969, 1971]
[1970, 1972, 2070]
[1873, 1971, 1973]
[1972, 1974, 2072]
[1875, 1973, 1975]
[1974, 1976, 2074]
[1877, 1975, 1977]
[1976, 1978, 2076]
[1879, 1977, 1979]
[1978, 1980, 2078]
[1881, 1979, 1981]
[1980, 1982, 2080]
[1883, 1981, 1983]
[1982, 1984, 2082]
[1885, 1983, 1985]
[1984, 1986, 2084]
[1887, 1985, 1987]
[1986, 1988, 2086]
[1889, 1987, 1989]
[1988, 1990, 2088]
[1891, 1989, 1991]
[1990, 1992, 2090]
[1893, 1991, 1993]
[1992, 1994, 2092]
[1895, 1993, 1995]
[1994, 1996, 2094]
[1897, 1995, 1997]
[1996, 1998, 2096]
[1899, 1997, 1999]
[1900, 1998, 2098]
[1901, 2001, 2099]
[2000, 2002, 2100]
[1903, 2001, 2003]
[2002, 2004, 2102]
[1905, 2003, 2005]
[2004, 2006, 2104]
[1907, 2005, 2007]
[2006, 2008, 2106]
[1909, 2007, 2009]
[2008, 2010, 2108]
[1911, 2009, 2011]
[2010, 2012, 2110]
[1913, 2011, 2013]
[2012, 2014, 2112]
[1915, 2013, 2015]
[2014, 2016, 2114]
[1917, 2015, 2017]
[2016, 2018, 2116]
[1919, 2017, 2019]
[2018, 2020, 2118]
[1921, 2019, 2021]
[2020, 2022, 2120]
[1923, 2021, 2023]
[2022, 2024, 2122]
[1925, 2023, 2025]
[2024, 2026, 2124]
[1927, 2025, 2027]
[2026, 2028, 2126]
[1929, 2027, 2029]
[2028, 2030, 2128]
[1931, 2029, 2031]
[2030, 2032, 2130]
[1933, 2031, 2033]
[2032, 2034, 2132]
[1935, 2033, 2035]
[2034, 2036, 2134]
[1937, 2035, 2037]
[2036, 2038, 2136]
[1939, 2037, 2039]
[2038, 2040, 2138]
[1941, 2039, 2041]
[2040, 2042, 2140]
[1943, 2041, 2043]
[2042, 2044, 2142]
[1945, 2043, 2045]
[2044, 2046, 2144]
[1947, 2045, 2047]
[2046, 2048, 2146]
[1949, 2047, 2049]
[2048, 2050, 2148]
[1951, 2049, 2051]
[2050, 2052, 2150]
[1953, 2051, 2053]
[2052, 2054, 2152]
[1955, 2053, 2055]
[2054, 2056, 2154]
[1957, 2055, 2057]
[2056, 2058, 2156]
[1959, 2057, 2059]
[2058, 2060, 2158]
[1961, 2059, 2061]
[2060, 2062, 2160]
[1963, 2061, 2063]
[2062, 2064, 2162]
[1965, 2063, 2065]
[2064, 2066, 2164]
[1967, 2065, 2067]
[2066, 2068, 2166]
[1969, 2067, 2069]
[2068, 2070, 2168]
[1971, 2069, 2071]
[2070, 2072, 2170]
[1973, 2071, 2073]
[2072, 2074, 2172]
[1975, 2073, 2075]
[2074, 2076, 2174]
[1977, 2075, 2077]
[2076, 2078, 2176]
[1979, 2077, 2079]
[2078, 2080, 2178]
[1981, 2079, 2081]
[2080, 2082, 2180]
[1983, 2081, 2083]
[2082, 2084, 2182]
[1985, 2083, 2085]
[2084, 2086, 2184]
[1987, 2085, 2087]
[2086, 2088, 2186]
[1989, 2087, 2089]
[2088, 2090, 2188]
[1991, 2089, 2091]
[2090, 2092, 2190]
[1993, 2091, 2093]
[2092, 2094, 2192]
[1995, 2093, 2095]
[2094, 2096, 2194]
[1997, 2095, 2097]
[2096, 2098, 2196]
[1999, 2097, 2099]
[2000, 2098, 2198]
[2001, 2101, 2199]
[2100, 2102, 2200]
[2003, 2101, 2103]
[2102, 2104, 2202]
[2005, 2103, 2105]
[2104, 2106, 2204]
[2007, 2105, 2107]
[2106, 2108, 2206]
[2009, 2107, 2109]
[2108, 2110, 2208]
[2011, 2109, 2111]
[2110, 2112, 2210]
[2013, 2111, 2113]
[2112, 2114, 2212]
[2015, 2113, 2115]
[2114, 2116, 2214]
[2017, 2115, 2117]
[2116, 2118, 2216]
[2019, 2117, 2119]
[2118, 2120, 2218]
[2021, 2119, 2121]
[2120, 2122, 2220]
[2023, 2121, 2123]
[2122, 2124, 2222]
[2025, 2123, 2125]
[2124, 2126, 2224]
[2027, 2125, 2127]
[2126, 2128, 2226]
[2029, 2127, 2129]
[2128, 2130, 2228]
[2031, 2129, 2131]
[2130, 2132, 2230]
[2033, 2131, 2133]
[2132, 2134, 2232]
[2035, 2133, 2135]
[2134, 2136, 2234]
[2037, 2135, 2137]
[2136, 2138, 2236]
[2039, 2137, 2139]
[2138, 2140, 2238]
[2041, 2139, 2141]
[2140, 2142, 2240]
[2043, 2141, 2143]
[2142, 2144, 2242]
[2045, 2143, 2145]
[2144, 2146, 2244]
[2047, 2145, 2147]
[2146, 2148, 2246]
[2049, 2147, 2149]
[2148, 2150, 2248]
[2051, 2149, 2151]
[2150, 2152, 2250]
[2053, 2151, 2153]
[2152, 2154, 2252]
[2055, 2153, 2155]
[2154, 2156, 2254]
[2057, 2155, 2157]
[2156, 2158, 2256]
[2059, 2157, 2159]
[2158, 2160, 2258]
[2061, 2159, 2161]
[2160, 2162, 2260]
[2063, 2161, 2163]
[2162, 2164, 2262]
[2065, 2163, 2165]
[2164, 2166, 2264]
[2067, 2165, 2167]
[2166, 2168, 2266]
[2069, 2167, 2169]
[2168, 2170, 2268]
[2071, 2169, 2171]
[2170, 2172, 2270]
[2073, 2171, 2173]
[2172, 2174, 2272]
[2075, 2173, 2175]
[2174, 2176, 2274]
[2077, 2175, 2177]
[2176, 2178, 2276]
[2079, 2177, 2179]
[2178, 2180, 2278]
[2081, 2179, 2181]
[2180, 2182, 2280]
[2083, 2181, 2183]
[2182, 2184, 2282]
[2085, 2183, 2185]
[2184, 2186, 2284]
[2087, 2185, 2187]
[2186, 2188, 2286]
[2089, 2187, 2189]
[2188, 2190, 2288]
[2091, 2189, 2191]
[2190, 2192, 2290]
[2093, 2191, 2193]
[2192, 2194, 2292]
[2095, 2193, 2195]
[2194, 2196, 2294]
[2097, 2195, 2197]
[2196, 2198, 2296]
[2099, 2197, 2199]
[2100, 2198, 2298]
[2101, 2201, 2299]
[2200, 2202, 2300]
[2103, 2201, 2203]
[2202, 2204, 2302]
[2105, 2203, 2205]
[2204, 2206, 2304]
[2107, 2205, 2207]
[2206, 2208, 2306]
[2109, 2207, 2209]
[2208, 2210, 2308]
[2111, 2209, 2211]
[2210, 2212, 2310]
[2113, 2211, 2213]
[2212, 2214, 2312]
[2115, 2213, 2215]
[2214, 2216, 2314]
[2117, 2215, 2217]
[2216, 2218, 2316]
[2119, 2217, 2219]
[2218, 2220, 2318]
[2121, 2219, 2221]
[2220, 2222, 2320]
[2123, 2221, 2223]
[2222, 2224, 2322]
[2125, 2223, 2225]
[2224, 2226, 2324]
[2127, 2225, 2227]
[2226, 2228, 2326]
[2129, 2227, 2229]
[2228, 2230, 2328]
[2131, 2229, 2231]
[2230, 2232, 2330]
[2133, 2231, 2233]
[2232, 2234, 2332]
[2135, 2233, 2235]
[2234, 2236, 2334]
[2137, 2235, 2237]
[2236, 2238, 2336]
[2139, 2237, 2239]
[2238, 2240, 2338]
[2141, 2239, 2241]
[2240, 2242, 2340]
[2143, 2241, 2243]
[2242, 2244, 2342]
[2145, 2243, 2245]
[2244, 2246, 2344]
[2147, 2245, 2247]
[2246, 2248, 2346]
[2149, 2247, 2249]
[2248, 2250, 2348]
[2151, 2249, 2251]
[2250, 2252, 2350]
[2153, 2251, 2253]
[2252, 2254, 2352]
[2155, 2253, 2255]
[2254, 2256, 2354]
[2157, 2255, 2257]
[2256, 2258, 2356]
[2159, 2257, 2259]
[2258, 2260, 2358]
[2161, 2259, 2261]
[2260, 2262, 2360]
[2163, 2261, 2263]
[2262, 2264, 2362]
[2165, 2263, 2265]
[2264, 2266, 2364]
[2167, 2265, 2267]
[2266, 2268, 2366]
[2169, 2267, 2269]
[2268, 2270, 2368]
[2171, 2269, 2271]
[2270, 2272, 2370]
[2173, 2271, 2273]
[2272, 2274, 2372]
[2175, 2273, 2275]
[2274, 2276, 2374]
[2177, 2275, 2277]
[2276, 2278, 2376]
[2179, 2277, 2279]
[2278, 2280, 2378]
[2181, 2279, 2281]
[2280, 2282, 2380]
[2183, 2281, 2283]
[2282, 2284, 2382]
[2185, 2283, 2285]
[2284, 2286, 2384]
[2187, 2285, 2287]
[2286, 2288, 2386]
[2189, 2287, 2289]
[2288, 2290, 2388]
[2191, 2289, 2291]
[2290, 2292, 2390]
[2193, 2291, 2293]
[2292, 2294, 2392]
[2195, 2293, 2295]
[2294, 2296, 2394]
[2197, 2295, 2297]
[2296, 2298, 2396]
[2199, 2297, 2299]
[2200, 2298, 2398]
[2201, 2301, 2399]
[2300, 2302, 2400]
[2203, 2301, 2303]
[2302, 2304, 2402]
[2205, 2303, 2305]
[2304, 2306, 2404]
[2207, 2305, 2307]
[2306, 2308, 2406]
[2209, 2307, 2309]
[2308, 2310, 2408]
[2211, 2309, 2311]
[2310, 2312, 2410]
[2213, 2311, 2313]
[2312, 2314, 2412]
[2215, 2313, 2315]
[2314, 2316, 2414]
[2217, 2315, 2317]
[2316, 2318, 2416]
[2219, 2317, 2319]
[2318, 2320, 2418]
[2221, 2319, 2321]
[2320, 2322, 2420]
[2223, 2321, 2323]
[2322, 2324, 2422]
[2225, 2323, 2325]
[2324, 2326, 2424]
[2227, 2325, 2327]
[2326, 2328, 2426]
[2229, 2327, 2329]
[2328, 2330, 2428]
[2231, 2329, 2331]
[2330, 2332, 2430]
[2233, 2331, 2333]
[2332, 2334, 2432]
[2235, 2333, 2335]
[2334, 2336, 2434]
[2237, 2335, 2337]
[2336, 2338, 2436]
[2239, 2337, 2339]
[2338, 2340, 2438]
[2241, 2339, 2341]
[2340, 2342, 2440]
[2243, 2341, 2343]
[2342, 2344, 2442]
[2245, 2343, 2345]
[2344, 2346, 2444]
[2247, 2345, 2347]
[2346, 2348, 2446]
[2249, 2347, 2349]
[2348, 2350, 2448]
[2251, 2349, 2351]
[2350, 2352, 2450]
[2253, 2351, 2353]
[2352, 2354, 2452]
[2255, 2353, 2355]
[2354, 2356, 2454]
[2257, 2355, 2357]
[2356, 2358, 2456]
[2259, 2357, 2359]
[2358, 2360, 2458]
[2261, 2359, 2361]
[2360, 2362, 2460]
[2263, 2361, 2363]
[2362, 2364, 2462]
[2265, 2363, 2365]
[2364, 2366, 2464]
[2267, 2365, 2367]
[2366, 2368, 2466]
[2269, 2367, 2369]
[2368, 2370, 2468]
[2271, 2369, 2371]
[2370, 2372, 2470]
[2273, 2371, 2373]
[2372, 2374, 2472]
[2275, 2373, 2375]
[2374, 2376, 2474]
[2277, 2375, 2377]
[2376, 2378, 2476]
[2279, 2377, 2379]
[2378, 2380, 2478]
[2281, 2379, 2381]
[2380, 2382, 2480]
[2283, 2381, 2383]
[2382, 2384, 2482]
[2285, 2383, 2385]
[2384, 2386, 2484]
[2287, 2385, 2387]
[2386, 2388, 2486]
[2289, 2387, 2389]
[2388, 2390, 2488]
[2291, 2389, 2391]
[2390, 2392, 2490]
[2293, 2391, 2393]
[2392, 2394, 2492]
[2295, 2393, 2395]
[2394, 2396, 2494]
[2297, 2395, 2397]
[2396, 2398, 2496]
[2299, 2397, 2399]
[2300, 2398, 2498]
[2301, 2401, 2499]
[2400, 2402, 2500]
[2303, 2401, 2403]
[2402, 2404, 2502]
[2305, 2403, 2405]
[2404, 2406, 2504]
[2307, 2405, 2407]
[2406, 2408, 2506]
[2309, 2407, 2409]
[2408, 2410, 2508]
[2311, 2409, 2411]
[2410, 2412, 2510]
[2313, 2411, 2413]
[2412, 2414, 2512]
[2315, 2413, 2415]
[2414, 2416, 2514]
[2317, 2415, 2417]
[2416, 2418, 2516]
[2319, 2417, 2419]
[2418, 2420, 2518]
[2321, 2419, 2421]
[2420, 2422, 2520]
[2323, 2421, 2423]
[2422, 2424, 2522]
[2325, 2423, 2425]
[2424, 2426, 2524]
[2327, 2425, 2427]
[2426, 2428, 2526]
[2329, 2427, 2429]
[2428, 2430, 2528]
[2331, 2429, 2431]
[2430, 2432, 2530]
[2333, 2431, 2433]
[2432, 2434, 2532]
[2335, 2433, 2435]
[2434, 2436, 2534]
[2337, 2435, 2437]
[2436, 2438, 2536]
[2339, 2437, 2439]
[2438, 2440, 2538]
[2341, 2439, 2441]
[2440, 2442, 2540]
[2343, 2441, 2443]
[2442, 2444, 2542]
[2345, 2443, 2445]
[2444, 2446, 2544]
[2347, 2445, 2447]
[2446, 2448, 2546]
[2349, 2447, 2449]
[2448, 2450, 2548]
[2351, 2449, 2451]
[2450, 2452, 2550]
[2353, 2451, 2453]
[2452, 2454, 2552]
[2355, 2453, 2455]
[2454, 2456, 2554]
[2357, 2455, 2457]
[2456, 2458, 2556]
[2359, 2457, 2459]
[2458, 2460, 2558]
[2361, 2459, 2461]
[2460, 2462, 2560]
[2363, 2461, 2463]
[2462, 2464, 2562]
[2365, 2463, 2465]
[2464, 2466, 2564]
[2367, 2465, 2467]
[2466, 2468, 2566]
[2369, 2467, 2469]
[2468, 2470, 2568]
[2371, 2469, 2471]
[2470, 2472, 2570]
[2373, 2471, 2473]
[2472, 2474, 2572]
[2375, 2473, 2475]
[2474, 2476, 2574]
[2377, 2475, 2477]
[2476, 2478, 2576]
[2379, 2477, 2479]
[2478, 2480, 2578]
[2381, 2479, 2481]
[2480, 2482, 2580]
[2383, 2481, 2483]
[2482, 2484, 2582]
[2385, 2483, 2485]
[2484, 2486, 2584]
[2387, 2485, 2487]
[2486, 2488, 2586]
[2389, 2487, 2489]
[2488, 2490, 2588]
[2391, 2489, 2491]
[2490, 2492, 2590]
[2393, 2491, 2493]
[2492, 2494, 2592]
[2395, 2493, 2495]
[2494, 2496, 2594]
[2397, 2495, 2497]
[2496, 2498, 2596]
[2399, 2497, 2499]
[2400, 2498, 2598]
[2401, 2501, 2599]
[2500, 2502, 2600]
[2403, 2501, 2503]
[2502, 2504, 2602]
[2405, 2503, 2505]
[2504, 2506, 2604]
[2407, 2505, 2507]
[2506, 2508, 2606]
[2409, 2507, 2509]
[2508, 2510, 2608]
[2411, 2509, 2511]
[2510, 2512, 2610]
[2413, 2511, 2513]
[2512, 2514, 2612]
[2415, 2513, 2515]
[2514, 2516, 2614]
[2417, 2515, 2517]
[2516, 2518, 2616]
[2419, 2517, 2519]
[2518, 2520, 2618]
[2421, 2519, 2521]
[2520, 2522, 2620]
[2423, 2521, 2523]
[2522, 2524, 2622]
[2425, 2523, 2525]
[2524, 2526, 2624]
[2427, 2525, 2527]
[2526, 2528, 2626]
[2429, 2527, 2529]
[2528, 2530, 2628]
[2431, 2529, 2531]
[2530, 2532, 2630]
[2433, 2531, 2533]
[2532, 2534, 2632]
[2435, 2533, 2535]
[2534, 2536, 2634]
[2437, 2535, 2537]
[2536, 2538, 2636]
[2439, 2537, 2539]
[2538, 2540, 2638]
[2441, 2539, 2541]
[2540, 2542, 2640]
[2443, 2541, 2543]
[2542, 2544, 2642]
[2445, 2543, 2545]
[2544, 2546, 2644]
[2447, 2545, 2547]
[2546, 2548, 2646]
[2449, 2547, 2549]
[2548, 2550, 2648]
[2451, 2549, 2551]
[2550, 2552, 2650]
[2453, 2551, 2553]
[2552, 2554, 2652]
[2455, 2553, 2555]
[2554, 2556, 2654]
[2457, 2555, 2557]
[2556, 2558, 2656]
[2459, 2557, 2559]
[2558, 2560, 2658]
[2461, 2559, 2561]
[2560, 2562, 2660]
[2463, 2561, 2563]
[2562, 2564, 2662]
[2465, 2563, 2565]
[2564, 2566, 2664]
[2467, 2565, 2567]
[2566, 2568, 2666]
[2469, 2567, 2569]
[2568, 2570, 2668]
[2471, 2569, 2571]
[2570, 2572, 2670]
[2473, 2571, 2573]
[2572, 2574, 2672]
[2475, 2573, 2575]
[2574, 2576, 2674]
[2477, 2575, 2577]
[2576, 2578, 2676]
[2479, 2577, 2579]
[2578, 2580, 2678]
[2481, 2579, 2581]
[2580, 2582, 2680]
[2483, 2581, 2583]
[2582, 2584, 2682]
[2485, 2583, 2585]
[2584, 2586, 2684]
[2487, 2585, 2587]
[2586, 2588, 2686]
[2489, 2587, 2589]
[2588, 2590, 2688]
[2491, 2589, 2591]
[2590, 2592, 2690]
[2493, 2591, 2593]
[2592, 2594, 2692]
[2495, 2593, 2595]
[2594, 2596, 2694]
[2497, 2595, 2597]
[2596, 2598, 2696]
[2499, 2597, 2599]
[2500, 2598, 2698]
[2501, 2601, 2699]
[2600, 2602, 2700]
[2503, 2601, 2603]
[2602, 2604, 2702]
[2505, 2603, 2605]
[2604, 2606, 2704]
[2507, 2605, 2607]
[2606, 2608, 2706]
[2509, 2607, 2609]
[2608, 2610, 2708]
[2511, 2609, 2611]
[2610, 2612, 2710]
[2513, 2611, 2613]
[2612, 2614, 2712]
[2515, 2613, 2615]
[2614, 2616, 2714]
[2517, 2615, 2617]
[2616, 2618, 2716]
[2519, 2617, 2619]
[2618, 2620, 2718]
[2521, 2619, 2621]
[2620, 2622, 2720]
[2523, 2621, 2623]
[2622, 2624, 2722]
[2525, 2623, 2625]
[2624, 2626, 2724]
[2527, 2625, 2627]
[2626, 2628, 2726]
[2529, 2627, 2629]
[2628, 2630, 2728]
[2531, 2629, 2631]
[2630, 2632, 2730]
[2533, 2631, 2633]
[2632, 2634, 2732]
[2535, 2633, 2635]
[2634, 2636, 2734]
[2537, 2635, 2637]
[2636, 2638, 2736]
[2539, 2637, 2639]
[2638, 2640, 2738]
[2541, 2639, 2641]
[2640, 2642, 2740]
[2543, 2641, 2643]
[2642, 2644, 2742]
[2545, 2643, 2645]
[2644, 2646, 2744]
[2547, 2645, 2647]
[2646, 2648, 2746]
[2549, 2647, 2649]
[2648, 2650, 2748]
[2551, 2649, 2651]
[2650, 2652, 2750]
[2553, 2651, 2653]
[2652, 2654, 2752]
[2555, 2653, 2655]
[2654, 2656, 2754]
[2557, 2655, 2657]
[2656, 2658, 2756]
[2559, 2657, 2659]
[2658, 2660, 2758]
[2561, 2659, 2661]
[2660, 2662, 2760]
[2563, 2661, 2663]
[2662, 2664, 2762]
[2565, 2663, 2665]
[2664, 2666, 2764]
[2567, 2665, 2667]
[2666, 2668, 2766]
[2569, 2667, 2669]
[2668, 2670, 2768]
[2571, 2669, 2671]
[2670, 2672, 2770]
[2573, 2671, 2673]
[2672, 2674, 2772]
[2575, 2673, 2675]
[2674, 2676, 2774]
[2577, 2675, 2677]
[2676, 2678, 2776]
[2579, 2677, 2679]
[2678, 2680, 2778]
[2581, 2679, 2681]
[2680, 2682, 2780]
[2583, 2681, 2683]
[2682, 2684, 2782]
[2585, 2683, 2685]
[2684, 2686, 2784]
[2587, 2685, 2687]
[2686, 2688, 2786]
[2589, 2687, 2689]
[2688, 2690, 2788]
[2591, 2689, 2691]
[2690, 2692, 2790]
[2593, 2691, 2693]
[2692, 2694, 2792]
[2595, 2693, 2695]
[2694, 2696, 2794]
[2597, 2695, 2697]
[2696, 2698, 2796]
[2599, 2697, 2699]
[2600, 2698, 2798]
[2601, 2701, 2799]
[2700, 2702, 2800]
[2603, 2701, 2703]
[2702, 2704, 2802]
[2605, 2703, 2705]
[2704, 2706, 2804]
[2607, 2705, 2707]
[2706, 2708, 2806]
[2609, 2707, 2709]
[2708, 2710, 2808]
[2611, 2709, 2711]
[2710, 2712, 2810]
[2613, 2711, 2713]
[2712, 2714, 2812]
[2615, 2713, 2715]
[2714, 2716, 2814]
[2617, 2715, 2717]
[2716, 2718, 2816]
[2619, 2717, 2719]
[2718, 2720, 2818]
[2621, 2719, 2721]
[2720, 2722, 2820]
[2623, 2721, 2723]
[2722, 2724, 2822]
[2625, 2723, 2725]
[2724, 2726, 2824]
[2627, 2725, 2727]
[2726, 2728, 2826]
[2629, 2727, 2729]
[2728, 2730, 2828]
[2631, 2729, 2731]
[2730, 2732, 2830]
[2633, 2731, 2733]
[2732, 2734, 2832]
[2635, 2733, 2735]
[2734, 2736, 2834]
[2637, 2735, 2737]
[2736, 2738, 2836]
[2639, 2737, 2739]
[2738, 2740, 2838]
[2641, 2739, 2741]
[2740, 2742, 2840]
[2643, 2741, 2743]
[2742, 2744, 2842]
[2645, 2743, 2745]
[2744, 2746, 2844]
[2647, 2745, 2747]
[2746, 2748, 2846]
[2649, 2747, 2749]
[2748, 2750, 2848]
[2651, 2749, 2751]
[2750, 2752, 2850]
[2653, 2751, 2753]
[2752, 2754, 2852]
[2655, 2753, 2755]
[2754, 2756, 2854]
[2657, 2755, 2757]
[2756, 2758, 2856]
[2659, 2757, 2759]
[2758, 2760, 2858]
[2661, 2759, 2761]
[2760, 2762, 2860]
[2663, 2761, 2763]
[2762, 2764, 2862]
[2665, 2763, 2765]
[2764, 2766, 2864]
[2667, 2765, 2767]
[2766, 2768, 2866]
[2669, 2767, 2769]
[2768, 2770, 2868]
[2671, 2769, 2771]
[2770, 2772, 2870]
[2673, 2771, 2773]
[2772, 2774, 2872]
[2675, 2773, 2775]
[2774, 2776, 2874]
[2677, 2775, 2777]
[2776, 2778, 2876]
[2679, 2777, 2779]
[2778, 2780, 2878]
[2681, 2779, 2781]
[2780, 2782, 2880]
[2683, 2781, 2783]
[2782, 2784, 2882]
[2685, 2783, 2785]
[2784, 2786, 2884]
[2687, 2785, 2787]
[2786, 2788, 2886]
[2689, 2787, 2789]
[2788, 2790, 2888]
[2691, 2789, 2791]
[2790, 2792, 2890]
[2693, 2791, 2793]
[2792, 2794, 2892]
[2695, 2793, 2795]
[2794, 2796, 2894]
[2697, 2795, 2797]
[2796, 2798, 2896]
[2699, 2797, 2799]
[2700, 2798, 2898]
[2701, 2801, 2899]
[2800, 2802, 2900]
[2703, 2801, 2803]
[2802, 2804, 2902]
[2705, 2803, 2805]
[2804, 2806, 2904]
[2707, 2805, 2807]
[2806, 2808, 2906]
[2709, 2807, 2809]
[2808, 2810, 2908]
[2711, 2809, 2811]
[2810, 2812, 2910]
[2713, 2811, 2813]
[2812, 2814, 2912]
[2715, 2813, 2815]
[2814, 2816, 2914]
[2717, 2815, 2817]
[2816, 2818, 2916]
[2719, 2817, 2819]
[2818, 2820, 2918]
[2721, 2819, 2821]
[2820, 2822, 2920]
[2723, 2821, 2823]
[2822, 2824, 2922]
[2725, 2823, 2825]
[2824, 2826, 2924]
[2727, 2825, 2827]
[2826, 2828, 2926]
[2729, 2827, 2829]
[2828, 2830, 2928]
[2731, 2829, 2831]
[2830, 2832, 2930]
[2733, 2831, 2833]
[2832, 2834, 2932]
[2735, 2833, 2835]
[2834, 2836, 2934]
[2737, 2835, 2837]
[2836, 2838, 2936]
[2739, 2837, 2839]
[2838, 2840, 2938]
[2741, 2839, 2841]
[2840, 2842, 2940]
[2743, 2841, 2843]
[2842, 2844, 2942]
[2745, 2843, 2845]
[2844, 2846, 2944]
[2747, 2845, 2847]
[2846, 2848, 2946]
[2749, 2847, 2849]
[2848, 2850, 2948]
[2751, 2849, 2851]
[2850, 2852, 2950]
[2753, 2851, 2853]
[2852, 2854, 2952]
[2755, 2853, 2855]
[2854, 2856, 2954]
[2757, 2855, 2857]
[2856, 2858, 2956]
[2759, 2857, 2859]
[2858, 2860, 2958]
[2761, 2859, 2861]
[2860, 2862, 2960]
[2763, 2861, 2863]
[2862, 2864, 2962]
[2765, 2863, 2865]
[2864, 2866, 2964]
[2767, 2865, 2867]
[2866, 2868, 2966]
[2769, 2867, 2869]
[2868, 2870, 2968]
[2771, 2869, 2871]
[2870, 2872, 2970]
[2773, 2871, 2873]
[2872, 2874, 2972]
[2775, 2873, 2875]
[2874, 2876, 2974]
[2777, 2875, 2877]
[2876, 2878, 2976]
[2779, 2877, 2879]
[2878, 2880, 2978]
[2781, 2879, 2881]
[2880, 2882, 2980]
[2783, 2881, 2883]
[2882, 2884, 2982]
[2785, 2883, 2885]
[2884, 2886, 2984]
[2787, 2885, 2887]
[2886, 2888, 2986]
[2789, 2887, 2889]
[2888, 2890, 2988]
[2791, 2889, 2891]
[2890, 2892, 2990]
[2793, 2891, 2893]
[2892, 2894, 2992]
[2795, 2893, 2895]
[2894, 2896, 2994]
[2797, 2895, 2897]
[2896, 2898, 2996]
[2799, 2897, 2899]
[2800, 2898, 2998]
[2801, 2901, 2999]
[2900, 2902, 3000]
[2803, 2901, 2903]
[2902, 2904, 3002]
[2805, 2903, 2905]
[2904, 2906, 3004]
[2807, 2905, 2907]
[2906, 2908, 3006]
[2809, 2907, 2909]
[2908, 2910, 3008]
[2811, 2909, 2911]
[2910, 2912, 3010]
[2813, 2911, 2913]
[2912, 2914, 3012]
[2815, 2913, 2915]
[2914, 2916, 3014]
[2817, 2915, 2917]
[2916, 2918, 3016]
[2819, 2917, 2919]
[2918, 2920, 3018]
[2821, 2919, 2921]
[2920, 2922, 3020]
[2823, 2921, 2923]
[2922, 2924, 3022]
[2825, 2923, 2925]
[2924, 2926, 3024]
[2827, 2925, 2927]
[2926, 2928, 3026]
[2829, 2927, 2929]
[2928, 2930, 3028]
[2831, 2929, 2931]
[2930, 2932, 3030]
[2833, 2931, 2933]
[2932, 2934, 3032]
[2835, 2933, 2935]
[2934, 2936, 3034]
[2837, 2935, 2937]
[2936, 2938, 3036]
[2839, 2937, 2939]
[2938, 2940, 3038]
[2841, 2939, 2941]
[2940, 2942, 3040]
[2843, 2941, 2943]
[2942, 2944, 3042]
[2845, 2943, 2945]
[2944, 2946, 3044]
[2847, 2945, 2947]
[2946, 2948, 3046]
[2849, 2947, 2949]
[2948, 2950, 3048]
[2851, 2949, 2951]
[2950, 2952, 3050]
[2853, 2951, 2953]
[2952, 2954, 3052]
[2855, 2953, 2955]
[2954, 2956, 3054]
[2857, 2955, 2957]
[2956, 2958, 3056]
[2859, 2957, 2959]
[2958, 2960, 3058]
[2861, 2959, 2961]
[2960, 2962, 3060]
[2863, 2961, 2963]
[2962, 2964, 3062]
[2865, 2963, 2965]
[2964, 2966, 3064]
[2867, 2965, 2967]
[2966, 2968, 3066]
[2869, 2967, 2969]
[2968, 2970, 3068]
[2871, 2969, 2971]
[2970, 2972, 3070]
[2873, 2971, 2973]
[2972, 2974, 3072]
[2875, 2973, 2975]
[2974, 2976, 3074]
[2877, 2975, 2977]
[2976, 2978, 3076]
[2879, 2977, 2979]
[2978, 2980, 3078]
[2881, 2979, 2981]
[2980, 2982, 3080]
[2883, 2981, 2983]
[2982, 2984, 3082]
[2885, 2983, 2985]
[2984, 2986, 3084]
[2887, 2985, 2987]
[2986, 2988, 3086]
[2889, 2987, 2989]
[2988, 2990, 3088]
[2891, 2989, 2991]
[2990, 2992, 3090]
[2893, 2991, 2993]
[2992, 2994, 3092]
[2895, 2993, 2995]
[2994, 2996, 3094]
[2897, 2995, 2997]
[2996, 2998, 3096]
[2899, 2997, 2999]
[2900, 2998, 3098]
[2901, 3001, 3099]
[3000, 3002, 3100]
[2903, 3001, 3003]
[3002, 3004, 3102]
[2905, 3003, 3005]
[3004, 3006, 3104]
[2907, 3005, 3007]
[3006, 3008, 3106]
[2909, 3007, 3009]
[3008, 3010, 3108]
[2911, 3009, 3011]
[3010, 3012, 3110]
[2913, 3011, 3013]
[3012, 3014, 3112]
[2915, 3013, 3015]
[3014, 3016, 3114]
[2917, 3015, 3017]
[3016, 3018, 3116]
[2919, 3017, 3019]
[3018, 3020, 3118]
[2921, 3019, 3021]
[3020, 3022, 3120]
[2923, 3021, 3023]
[3022, 3024, 3122]
[2925, 3023, 3025]
[3024, 3026, 3124]
[2927, 3025, 3027]
[3026, 3028, 3126]
[2929, 3027, 3029]
[3028, 3030, 3128]
[2931, 3029, 3031]
[3030, 3032, 3130]
[2933, 3031, 3033]
[3032, 3034, 3132]
[2935, 3033, 3035]
[3034, 3036, 3134]
[2937, 3035, 3037]
[3036, 3038, 3136]
[2939, 3037, 3039]
[3038, 3040, 3138]
[2941, 3039, 3041]
[3040, 3042, 3140]
[2943, 3041, 3043]
[3042, 3044, 3142]
[2945, 3043, 3045]
[3044, 3046, 3144]
[2947, 3045, 3047]
[3046, 3048, 3146]
[2949, 3047, 3049]
[3048, 3050, 3148]
[2951, 3049, 3051]
[3050, 3052, 3150]
[2953, 3051, 3053]
[3052, 3054, 3152]
[2955, 3053, 3055]
[3054, 3056, 3154]
[2957, 3055, 3057]
[3056, 3058, 3156]
[2959, 3057, 3059]
[3058, 3060, 3158]
[2961, 3059, 3061]
[3060, 3062, 3160]
[2963, 3061, 3063]
[3062, 3064, 3162]
[2965, 3063, 3065]
[3064, 3066, 3164]
[2967, 3065, 3067]
[3066, 3068, 3166]
[2969, 3067, 3069]
[3068, 3070, 3168]
[2971, 3069, 3071]
[3070, 3072, 3170]
[2973, 3071, 3073]
[3072, 3074, 3172]
[2975, 3073, 3075]
[3074, 3076, 3174]
[2977, 3075, 3077]
[3076, 3078, 3176]
[2979, 3077, 3079]
[3078, 3080, 3178]
[2981, 3079, 3081]
[3080, 3082, 3180]
[2983, 3081, 3083]
[3082, 3084, 3182]
[2985, 3083, 3085]
[3084, 3086, 3184]
[2987, 3085, 3087]
[3086, 3088, 3186]
[2989, 3087, 3089]
[3088, 3090, 3188]
[2991, 3089, 3091]
[3090, 3092, 3190]
[2993, 3091, 3093]
[3092, 3094, 3192]
[2995, 3093, 3095]
[3094, 3096, 3194]
[2997, 3095, 3097]
[3096, 3098, 3196]
[2999, 3097, 3099]
[3000, 3098, 3198]
[3001, 3101, 3199]
[3100, 3102, 3200]
[3003, 3101, 3103]
[3102, 3104, 3202]
[3005, 3103, 3105]
[3104, 3106, 3204]
[3007, 3105, 3107]
[3106, 3108, 3206]
[3009, 3107, 3109]
[3108, 3110, 3208]
[3011, 3109, 3111]
[3110, 3112, 3210]
[3013, 3111, 3113]
[3112, 3114, 3212]
[3015, 3113, 3115]
[3114, 3116, 3214]
[3017, 3115, 3117]
[3116, 3118, 3216]
[3019, 3117, 3119]
[3118, 3120, 3218]
[3021, 3119, 3121]
[3120, 3122, 3220]
[3023, 3121, 3123]
[3122, 3124, 3222]
[3025, 3123, 3125]
[3124, 3126, 3224]
[3027, 3125, 3127]
[3126, 3128, 3226]
[3029, 3127, 3129]
[3128, 3130, 3228]
[3031, 3129, 3131]
[3130, 3132, 3230]
[3033, 3131, 3133]
[3132, 3134, 3232]
[3035, 3133, 3135]
[3134, 3136, 3234]
[3037, 3135, 3137]
[3136, 3138, 3236]
[3039, 3137, 3139]
[3138, 3140, 3238]
[3041, 3139, 3141]
[3140, 3142, 3240]
[3043, 3141, 3143]
[3142, 3144, 3242]
[3045, 3143, 3145]
[3144, 3146, 3244]
[3047, 3145, 3147]
[3146, 3148, 3246]
[3049, 3147, 3149]
[3148, 3150, 3248]
[3051, 3149, 3151]
[3150, 3152, 3250]
[3053, 3151, 3153]
[3152, 3154, 3252]
[3055, 3153, 3155]
[3154, 3156, 3254]
[3057, 3155, 3157]
[3156, 3158, 3256]
[3059, 3157, 3159]
[3158, 3160, 3258]
[3061, 3159, 3161]
[3160, 3162, 3260]
[3063, 3161, 3163]
[3162, 3164, 3262]
[3065, 3163, 3165]
[3164, 3166, 3264]
[3067, 3165, 3167]
[3166, 3168, 3266]
[3069, 3167, 3169]
[3168, 3170, 3268]
[3071, 3169, 3171]
[3170, 3172, 3270]
[3073, 3171, 3173]
[3172, 3174, 3272]
[3075, 3173, 3175]
[3174, 3176, 3274]
[3077, 3175, 3177]
[3176, 3178, 3276]
[3079, 3177, 3179]
[3178, 3180, 3278]
[3081, 3179, 3181]
[3180, 3182, 3280]
[3083, 3181, 3183]
[3182, 3184, 3282]
[3085, 3183, 3185]
[3184, 3186, 3284]
[3087, 3185, 3187]
[3186, 3188, 3286]
[3089, 3187, 3189]
[3188, 3190, 3288]
[3091, 3189, 3191]
[3190, 3192, 3290]
[3093, 3191, 3193]
[3192, 3194, 3292]
[3095, 3193, 3195]
[3194, 3196, 3294]
[3097, 3195, 3197]
[3196, 3198, 3296]
[3099, 3197, 3199]
[3100, 3198, 3298]
[3101, 3201, 3299]
[3200, 3202, 3300]
[3103, 3201, 3203]
[3202, 3204, 3302]
[3105, 3203, 3205]
[3204, 3206, 3304]
[3107, 3205, 3207]
[3206, 3208, 3306]
[3109, 3207, 3209]
[3208, 3210, 3308]
[3111, 3209, 3211]
[3210, 3212, 3310]
[3113, 3211, 3213]
[3212, 3214, 3312]
[3115, 3213, 3215]
[3214, 3216, 3314]
[3117, 3215, 3217]
[3216, 3218, 3316]
[3119, 3217, 3219]
[3218, 3220, 3318]
[3121, 3219, 3221]
[3220, 3222, 3320]
[3123, 3221, 3223]
[3222, 3224, 3322]
[3125, 3223, 3225]
[3224, 3226, 3324]
[3127, 3225, 3227]
[3226, 3228, 3326]
[3129, 3227, 3229]
[3228, 3230, 3328]
[3131, 3229, 3231]
[3230, 3232, 3330]
[3133, 3231, 3233]
[3232, 3234, 3332]
[3135, 3233, 3235]
[3234, 3236, 3334]
[3137, 3235, 3237]
[3236, 3238, 3336]
[3139, 3237, 3239]
[3238, 3240, 3338]
[3141, 3239, 3241]
[3240, 3242, 3340]
[3143, 3241, 3243]
[3242, 3244, 3342]
[3145, 3243, 3245]
[3244, 3246, 3344]
[3147, 3245, 3247]
[3246, 3248, 3346]
[3149, 3247, 3249]
[3248, 3250, 3348]
[3151, 3249, 3251]
[3250, 3252, 3350]
[3153, 3251, 3253]
[3252, 3254, 3352]
[3155, 3253, 3255]
[3254, 3256, 3354]
[3157, 3255, 3257]
[3256, 3258, 3356]
[3159, 3257, 3259]
[3258, 3260, 3358]
[3161, 3259, 3261]
[3260, 3262, 3360]
[3163, 3261, 3263]
[3262, 3264, 3362]
[3165, 3263, 3265]
[3264, 3266, 3364]
[3167, 3265, 3267]
[3266, 3268, 3366]
[3169, 3267, 3269]
[3268, 3270, 3368]
[3171, 3269, 3271]
[3270, 3272, 3370]
[3173, 3271, 3273]
[3272, 3274, 3372]
[3175, 3273, 3275]
[3274, 3276, 3374]
[3177, 3275, 3277]
[3276, 3278, 3376]
[3179, 3277, 3279]
[3278, 3280, 3378]
[3181, 3279, 3281]
[3280, 3282, 3380]
[3183, 3281, 3283]
[3282, 3284, 3382]
[3185, 3283, 3285]
[3284, 3286, 3384]
[3187, 3285, 3287]
[3286, 3288, 3386]
[3189, 3287, 3289]
[3288, 3290, 3388]
[3191, 3289, 3291]
[3290, 3292, 3390]
[3193, 3291, 3293]
[3292, 3294, 3392]
[3195, 3293, 3295]
[3294, 3296, 3394]
[3197, 3295, 3297]
[3296, 3298, 3396]
[3199, 3297, 3299]
[3200, 3298, 3398]
[3201, 3301, 3399]
[3300, 3302, 3400]
[3203, 3301, 3303]
[3302, 3304, 3402]
[3205, 3303, 3305]
[3304, 3306, 3404]
[3207, 3305, 3307]
[3306, 3308, 3406]
[3209, 3307, 3309]
[3308, 3310, 3408]
[3211, 3309, 3311]
[3310, 3312, 3410]
[3213, 3311, 3313]
[3312, 3314, 3412]
[3215, 3313, 3315]
[3314, 3316, 3414]
[3217, 3315, 3317]
[3316, 3318, 3416]
[3219, 3317, 3319]
[3318, 3320, 3418]
[3221, 3319, 3321]
[3320, 3322, 3420]
[3223, 3321, 3323]
[3322, 3324, 3422]
[3225, 3323, 3325]
[3324, 3326, 3424]
[3227, 3325, 3327]
[3326, 3328, 3426]
[3229, 3327, 3329]
[3328, 3330, 3428]
[3231, 3329, 3331]
[3330, 3332, 3430]
[3233, 3331, 3333]
[3332, 3334, 3432]
[3235, 3333, 3335]
[3334, 3336, 3434]
[3237, 3335, 3337]
[3336, 3338, 3436]
[3239, 3337, 3339]
[3338, 3340, 3438]
[3241, 3339, 3341]
[3340, 3342, 3440]
[3243, 3341, 3343]
[3342, 3344, 3442]
[3245, 3343, 3345]
[3344, 3346, 3444]
[3247, 3345, 3347]
[3346, 3348, 3446]
[3249, 3347, 3349]
[3348, 3350, 3448]
[3251, 3349, 3351]
[3350, 3352, 3450]
[3253, 3351, 3353]
[3352, 3354, 3452]
[3255, 3353, 3355]
[3354, 3356, 3454]
[3257, 3355, 3357]
[3356, 3358, 3456]
[3259, 3357, 3359]
[3358, 3360, 3458]
[3261, 3359, 3361]
[3360, 3362, 3460]
[3263, 3361, 3363]
[3362, 3364, 3462]
[3265, 3363, 3365]
[3364, 3366, 3464]
[3267, 3365, 3367]
[3366, 3368, 3466]
[3269, 3367, 3369]
[3368, 3370, 3468]
[3271, 3369, 3371]
[3370, 3372, 3470]
[3273, 3371, 3373]
[3372, 3374, 3472]
[3275, 3373, 3375]
[3374, 3376, 3474]
[3277, 3375, 3377]
[3376, 3378, 3476]
[3279, 3377, 3379]
[3378, 3380, 3478]
[3281, 3379, 3381]
[3380, 3382, 3480]
[3283, 3381, 3383]
[3382, 3384, 3482]
[3285, 3383, 3385]
[3384, 3386, 3484]
[3287, 3385, 3387]
[3386, 3388, 3486]
[3289, 3387, 3389]
[3388, 3390, 3488]
[3291, 3389, 3391]
[3390, 3392, 3490]
[3293, 3391, 3393]
[3392, 3394, 3492]
[3295, 3393, 3395]
[3394, 3396, 3494]
[3297, 3395, 3397]
[3396, 3398, 3496]
[3299, 3397, 3399]
[3300, 3398, 3498]
[3301, 3401, 3499]
[3400, 3402, 3500]
[3303, 3401, 3403]
[3402, 3404, 3502]
[3305, 3403, 3405]
[3404, 3406, 3504]
[3307, 3405, 3407]
[3406, 3408, 3506]
[3309, 3407, 3409]
[3408, 3410, 3508]
[3311, 3409, 3411]
[3410, 3412, 3510]
[3313, 3411, 3413]
[3412, 3414, 3512]
[3315, 3413, 3415]
[3414, 3416, 3514]
[3317, 3415, 3417]
[3416, 3418, 3516]
[3319, 3417, 3419]
[3418, 3420, 3518]
[3321, 3419, 3421]
[3420, 3422, 3520]
[3323, 3421, 3423]
[3422, 3424, 3522]
[3325, 3423, 3425]
[3424, 3426, 3524]
[3327, 3425, 3427]
[3426, 3428, 3526]
[3329, 3427, 3429]
[3428, 3430, 3528]
[3331, 3429, 3431]
[3430, 3432, 3530]
[3333, 3431, 3433]
[3432, 3434, 3532]
[3335, 3433, 3435]
[3434, 3436, 3534]
[3337, 3435, 3437]
[3436, 3438, 3536]
[3339, 3437, 3439]
[3438, 3440, 3538]
[3341, 3439, 3441]
[3440, 3442, 3540]
[3343, 3441, 3443]
[3442, 3444, 3542]
[3345, 3443, 3445]
[3444, 3446, 3544]
[3347, 3445, 3447]
[3446, 3448, 3546]
[3349, 3447, 3449]
[3448, 3450, 3548]
[3351, 3449, 3451]
[3450, 3452, 3550]
[3353, 3451, 3453]
[3452, 3454, 3552]
[3355, 3453, 3455]
[3454, 3456, 3554]
[3357, 3455, 3457]
[3456, 3458, 3556]
[3359, 3457, 3459]
[3458, 3460, 3558]
[3361, 3459, 3461]
[3460, 3462, 3560]
[3363, 3461, 3463]
[3462, 3464, 3562]
[3365, 3463, 3465]
[3464, 3466, 3564]
[3367, 3465, 3467]
[3466, 3468, 3566]
[3369, 3467, 3469]
[3468, 3470, 3568]
[3371, 3469, 3471]
[3470, 3472, 3570]
[3373, 3471, 3473]
[3472, 3474, 3572]
[3375, 3473, 3475]
[3474, 3476, 3574]
[3377, 3475, 3477]
[3476, 3478, 3576]
[3379, 3477, 3479]
[3478, 3480, 3578]
[3381, 3479, 3481]
[3480, 3482, 3580]
[3383, 3481, 3483]
[3482, 3484, 3582]
[3385, 3483, 3485]
[3484, 3486, 3584]
[3387, 3485, 3487]
[3486, 3488, 3586]
[3389, 3487, 3489]
[3488, 3490, 3588]
[3391, 3489, 3491]
[3490, 3492, 3590]
[3393, 3491, 3493]
[3492, 3494, 3592]
[3395, 3493, 3495]
[3494, 3496, 3594]
[3397, 3495, 3497]
[3496, 3498, 3596]
[3399, 3497, 3499]
[3400, 3498, 3598]
[3401, 3501, 3599]
[3500, 3502, 3600]
[3403, 3501, 3503]
[3502, 3504, 3602]
[3405, 3503, 3505]
[3504, 3506, 3604]
[3407, 3505, 3507]
[3506, 3508, 3606]
[3409, 3507, 3509]
[3508, 3510, 3608]
[3411, 3509, 3511]
[3510, 3512, 3610]
[3413, 3511, 3513]
[3512, 3514, 3612]
[3415, 3513, 3515]
[3514, 3516, 3614]
[3417, 3515, 3517]
[3516, 3518, 3616]
[3419, 3517, 3519]
[3518, 3520, 3618]
[3421, 3519, 3521]
[3520, 3522, 3620]
[3423, 3521, 3523]
[3522, 3524, 3622]
[3425, 3523, 3525]
[3524, 3526, 3624]
[3427, 3525, 3527]
[3526, 3528, 3626]
[3429, 3527, 3529]
[3528, 3530, 3628]
[3431, 3529, 3531]
[3530, 3532, 3630]
[3433, 3531, 3533]
[3532, 3534, 3632]
[3435, 3533, 3535]
[3534, 3536, 3634]
[3437, 3535, 3537]
[3536, 3538, 3636]
[3439, 3537, 3539]
[3538, 3540, 3638]
[3441, 3539, 3541]
[3540, 3542, 3640]
[3443, 3541, 3543]
[3542, 3544, 3642]
[3445, 3543, 3545]
[3544, 3546, 3644]
[3447, 3545, 3547]
[3546, 3548, 3646]
[3449, 3547, 3549]
[3548, 3550, 3648]
[3451, 3549, 3551]
[3550, 3552, 3650]
[3453, 3551, 3553]
[3552, 3554, 3652]
[3455, 3553, 3555]
[3554, 3556, 3654]
[3457, 3555, 3557]
[3556, 3558, 3656]
[3459, 3557, 3559]
[3558, 3560, 3658]
[3461, 3559, 3561]
[3560, 3562, 3660]
[3463, 3561, 3563]
[3562, 3564, 3662]
[3465, 3563, 3565]
[3564, 3566, 3664]
[3467, 3565, 3567]
[3566, 3568, 3666]
[3469, 3567, 3569]
[3568, 3570, 3668]
[3471, 3569, 3571]
[3570, 3572, 3670]
[3473, 3571, 3573]
[3572, 3574, 3672]
[3475, 3573, 3575]
[3574, 3576, 3674]
[3477, 3575, 3577]
[3576, 3578, 3676]
[3479, 3577, 3579]
[3578, 3580, 3678]
[3481, 3579, 3581]
[3580, 3582, 3680]
[3483, 3581, 3583]
[3582, 3584, 3682]
[3485, 3583, 3585]
[3584, 3586, 3684]
[3487, 3585, 3587]
[3586, 3588, 3686]
[3489, 3587, 3589]
[3588, 3590, 3688]
[3491, 3589, 3591]
[3590, 3592, 3690]
[3493, 3591, 3593]
[3592, 3594, 3692]
[3495, 3593, 3595]
[3594, 3596, 3694]
[3497, 3595, 3597]
[3596, 3598, 3696]
[3499, 3597, 3599]
[3500, 3598, 3698]
[3501, 3601, 3699]
[3600, 3602, 3700]
[3503, 3601, 3603]
[3602, 3604, 3702]
[3505, 3603, 3605]
[3604, 3606, 3704]
[3507, 3605, 3607]
[3606, 3608, 3706]
[3509, 3607, 3609]
[3608, 3610, 3708]
[3511, 3609, 3611]
[3610, 3612, 3710]
[3513, 3611, 3613]
[3612, 3614, 3712]
[3515, 3613, 3615]
[3614, 3616, 3714]
[3517, 3615, 3617]
[3616, 3618, 3716]
[3519, 3617, 3619]
[3618, 3620, 3718]
[3521, 3619, 3621]
[3620, 3622, 3720]
[3523, 3621, 3623]
[3622, 3624, 3722]
[3525, 3623, 3625]
[3624, 3626, 3724]
[3527, 3625, 3627]
[3626, 3628, 3726]
[3529, 3627, 3629]
[3628, 3630, 3728]
[3531, 3629, 3631]
[3630, 3632, 3730]
[3533, 3631, 3633]
[3632, 3634, 3732]
[3535, 3633, 3635]
[3634, 3636, 3734]
[3537, 3635, 3637]
[3636, 3638, 3736]
[3539, 3637, 3639]
[3638, 3640, 3738]
[3541, 3639, 3641]
[3640, 3642, 3740]
[3543, 3641, 3643]
[3642, 3644, 3742]
[3545, 3643, 3645]
[3644, 3646, 3744]
[3547, 3645, 3647]
[3646, 3648, 3746]
[3549, 3647, 3649]
[3648, 3650, 3748]
[3551, 3649, 3651]
[3650, 3652, 3750]
[3553, 3651, 3653]
[3652, 3654, 3752]
[3555, 3653, 3655]
[3654, 3656, 3754]
[3557, 3655, 3657]
[3656, 3658, 3756]
[3559, 3657, 3659]
[3658, 3660, 3758]
[3561, 3659, 3661]
[3660, 3662, 3760]
[3563, 3661, 3663]
[3662, 3664, 3762]
[3565, 3663, 3665]
[3664, 3666, 3764]
[3567, 3665, 3667]
[3666, 3668, 3766]
[3569, 3667, 3669]
[3668, 3670, 3768]
[3571, 3669, 3671]
[3670, 3672, 3770]
[3573, 3671, 3673]
[3672, 3674, 3772]
[3575, 3673, 3675]
[3674, 3676, 3774]
[3577, 3675, 3677]
[3676, 3678, 3776]
[3579, 3677, 3679]
[3678, 3680, 3778]
[3581, 3679, 3681]
[3680, 3682, 3780]
[3583, 3681, 3683]
[3682, 3684, 3782]
[3585, 3683, 3685]
[3684, 3686, 3784]
[3587, 3685, 3687]
[3686, 3688, 3786]
[3589, 3687, 3689]
[3688, 3690, 3788]
[3591, 3689, 3691]
[3690, 3692, 3790]
[3593, 3691, 3693]
[3692, 3694, 3792]
[3595, 3693, 3695]
[3694, 3696, 3794]
[3597, 3695, 3697]
[3696, 3698, 3796]
[3599, 3697, 3699]
[3600, 3698, 3798]
[3601, 3701, 3799]
[3700, 3702, 3800]
[3603, 3701, 3703]
[3702, 3704, 3802]
[3605, 3703, 3705]
[3704, 3706, 3804]
[3607, 3705, 3707]
[3706, 3708, 3806]
[3609, 3707, 3709]
[3708, 3710, 3808]
[3611, 3709, 3711]
[3710, 3712, 3810]
[3613, 3711, 3713]
[3712, 3714, 3812]
[3615, 3713, 3715]
[3714, 3716, 3814]
[3617, 3715, 3717]
[3716, 3718, 3816]
[3619, 3717, 3719]
[3718, 3720, 3818]
[3621, 3719, 3721]
[3720, 3722, 3820]
[3623, 3721, 3723]
[3722, 3724, 3822]
[3625, 3723, 3725]
[3724, 3726, 3824]
[3627, 3725, 3727]
[3726, 3728, 3826]
[3629, 3727, 3729]
[3728, 3730, 3828]
[3631, 3729, 3731]
[3730, 3732, 3830]
[3633, 3731, 3733]
[3732, 3734, 3832]
[3635, 3733, 3735]
[3734, 3736, 3834]
[3637, 3735, 3737]
[3736, 3738, 3836]
[3639, 3737, 3739]
[3738, 3740, 3838]
[3641, 3739, 3741]
[3740, 3742, 3840]
[3643, 3741, 3743]
[3742, 3744, 3842]
[3645, 3743, 3745]
[3744, 3746, 3844]
[3647, 3745, 3747]
[3746, 3748, 3846]
[3649, 3747, 3749]
[3748, 3750, 3848]
[3651, 3749, 3751]
[3750, 3752, 3850]
[3653, 3751, 3753]
[3752, 3754, 3852]
[3655, 3753, 3755]
[3754, 3756, 3854]
[3657, 3755, 3757]
[3756, 3758, 3856]
[3659, 3757, 3759]
[3758, 3760, 3858]
[3661, 3759, 3761]
[3760, 3762, 3860]
[3663, 3761, 3763]
[3762, 3764, 3862]
[3665, 3763, 3765]
[3764, 3766, 3864]
[3667, 3765, 3767]
[3766, 3768, 3866]
[3669, 3767, 3769]
[3768, 3770, 3868]
[3671, 3769, 3771]
[3770, 3772, 3870]
[3673, 3771, 3773]
[3772, 3774, 3872]
[3675, 3773, 3775]
[3774, 3776, 3874]
[3677, 3775, 3777]
[3776, 3778, 3876]
[3679, 3777, 3779]
[3778, 3780, 3878]
[3681, 3779, 3781]
[3780, 3782, 3880]
[3683, 3781, 3783]
[3782, 3784, 3882]
[3685, 3783, 3785]
[3784, 3786, 3884]
[3687, 3785, 3787]
[3786, 3788, 3886]
[3689, 3787, 3789]
[3788, 3790, 3888]
[3691, 3789, 3791]
[3790, 3792, 3890]
[3693, 3791, 3793]
[3792, 3794, 3892]
[3695, 3793, 3795]
[3794, 3796, 3894]
[3697, 3795, 3797]
[3796, 3798, 3896]
[3699, 3797, 3799]
[3700, 3798, 3898]
[3701, 3801, 3899]
[3800, 3802, 3900]
[3703, 3801, 3803]
[3802, 3804, 3902]
[3705, 3803, 3805]
[3804, 3806, 3904]
[3707, 3805, 3807]
[3806, 3808, 3906]
[3709, 3807, 3809]
[3808, 3810, 3908]
[3711, 3809, 3811]
[3810, 3812, 3910]
[3713, 3811, 3813]
[3812, 3814, 3912]
[3715, 3813, 3815]
[3814, 3816, 3914]
[3717, 3815, 3817]
[3816, 3818, 3916]
[3719, 3817, 3819]
[3818, 3820, 3918]
[3721, 3819, 3821]
[3820, 3822, 3920]
[3723, 3821, 3823]
[3822, 3824, 3922]
[3725, 3823, 3825]
[3824, 3826, 3924]
[3727, 3825, 3827]
[3826, 3828, 3926]
[3729, 3827, 3829]
[3828, 3830, 3928]
[3731, 3829, 3831]
[3830, 3832, 3930]
[3733, 3831, 3833]
[3832, 3834, 3932]
[3735, 3833, 3835]
[3834, 3836, 3934]
[3737, 3835, 3837]
[3836, 3838, 3936]
[3739, 3837, 3839]
[3838, 3840, 3938]
[3741, 3839, 3841]
[3840, 3842, 3940]
[3743, 3841, 3843]
[3842, 3844, 3942]
[3745, 3843, 3845]
[3844, 3846, 3944]
[3747, 3845, 3847]
[3846, 3848, 3946]
[3749, 3847, 3849]
[3848, 3850, 3948]
[3751, 3849, 3851]
[3850, 3852, 3950]
[3753, 3851, 3853]
[3852, 3854, 3952]
[3755, 3853, 3855]
[3854, 3856, 3954]
[3757, 3855, 3857]
[3856, 3858, 3956]
[3759, 3857, 3859]
[3858, 3860, 3958]
[3761, 3859, 3861]
[3860, 3862, 3960]
[3763, 3861, 3863]
[3862, 3864, 3962]
[3765, 3863, 3865]
[3864, 3866, 3964]
[3767, 3865, 3867]
[3866, 3868, 3966]
[3769, 3867, 3869]
[3868, 3870, 3968]
[3771, 3869, 3871]
[3870, 3872, 3970]
[3773, 3871, 3873]
[3872, 3874, 3972]
[3775, 3873, 3875]
[3874, 3876, 3974]
[3777, 3875, 3877]
[3876, 3878, 3976]
[3779, 3877, 3879]
[3878, 3880, 3978]
[3781, 3879, 3881]
[3880, 3882, 3980]
[3783, 3881, 3883]
[3882, 3884, 3982]
[3785, 3883, 3885]
[3884, 3886, 3984]
[3787, 3885, 3887]
[3886, 3888, 3986]
[3789, 3887, 3889]
[3888, 3890, 3988]
[3791, 3889, 3891]
[3890, 3892, 3990]
[3793, 3891, 3893]
[3892, 3894, 3992]
[3795, 3893, 3895]
[3894, 3896, 3994]
[3797, 3895, 3897]
[3896, 3898, 3996]
[3799, 3897, 3899]
[3800, 3898, 3998]
[3801, 3901, 3999]
[3900, 3902, 4000]
[3803, 3901, 3903]
[3902, 3904, 4002]
[3805, 3903, 3905]
[3904, 3906, 4004]
[3807, 3905, 3907]
[3906, 3908, 4006]
[3809, 3907, 3909]
[3908, 3910, 4008]
[3811, 3909, 3911]
[3910, 3912, 4010]
[3813, 3911, 3913]
[3912, 3914, 4012]
[3815, 3913, 3915]
[3914, 3916, 4014]
[3817, 3915, 3917]
[3916, 3918, 4016]
[3819, 3917, 3919]
[3918, 3920, 4018]
[3821, 3919, 3921]
[3920, 3922, 4020]
[3823, 3921, 3923]
[3922, 3924, 4022]
[3825, 3923, 3925]
[3924, 3926, 4024]
[3827, 3925, 3927]
[3926, 3928, 4026]
[3829, 3927, 3929]
[3928, 3930, 4028]
[3831, 3929, 3931]
[3930, 3932, 4030]
[3833, 3931, 3933]
[3932, 3934, 4032]
[3835, 3933, 3935]
[3934, 3936, 4034]
[3837, 3935, 3937]
[3936, 3938, 4036]
[3839, 3937, 3939]
[3938, 3940, 4038]
[3841, 3939, 3941]
[3940, 3942, 4040]
[3843, 3941, 3943]
[3942, 3944, 4042]
[3845, 3943, 3945]
[3944, 3946, 4044]
[3847, 3945, 3947]
[3946, 3948, 4046]
[3849, 3947, 3949]
[3948, 3950, 4048]
[3851, 3949, 3951]
[3950, 3952, 4050]
[3853, 3951, 3953]
[3952, 3954, 4052]
[3855, 3953, 3955]
[3954, 3956, 4054]
[3857, 3955, 3957]
[3956, 3958, 4056]
[3859, 3957, 3959]
[3958, 3960, 4058]
[3861, 3959, 3961]
[3960, 3962, 4060]
[3863, 3961, 3963]
[3962, 3964, 4062]
[3865, 3963, 3965]
[3964, 3966, 4064]
[3867, 3965, 3967]
[3966, 3968, 4066]
[3869, 3967, 3969]
[3968, 3970, 4068]
[3871, 3969, 3971]
[3970, 3972, 4070]
[3873, 3971, 3973]
[3972, 3974, 4072]
[3875, 3973, 3975]
[3974, 3976, 4074]
[3877, 3975, 3977]
[3976, 3978, 4076]
[3879, 3977, 3979]
[3978, 3980, 4078]
[3881, 3979, 3981]
[3980, 3982, 4080]
[3883, 3981, 3983]
[3982, 3984, 4082]
[3885, 3983, 3985]
[3984, 3986, 4084]
[3887, 3985, 3987]
[3986, 3988, 4086]
[3889, 3987, 3989]
[3988, 3990, 4088]
[3891, 3989, 3991]
[3990, 3992, 4090]
[3893, 3991, 3993]
[3992, 3994, 4092]
[3895, 3993, 3995]
[3994, 3996, 4094]
[3897, 3995, 3997]
[3996, 3998, 4096]
[3899, 3997, 3999]
[3900, 3998, 4098]
[3901, 4001, 4099]
[4000, 4002, 4100]
[3903, 4001, 4003]
[4002, 4004, 4102]
[3905, 4003, 4005]
[4004, 4006, 4104]
[3907, 4005, 4007]
[4006, 4008, 4106]
[3909, 4007, 4009]
[4008, 4010, 4108]
[3911, 4009, 4011]
[4010, 4012, 4110]
[3913, 4011, 4013]
[4012, 4014, 4112]
[3915, 4013, 4015]
[4014, 4016, 4114]
[3917, 4015, 4017]
[4016, 4018, 4116]
[3919, 4017, 4019]
[4018, 4020, 4118]
[3921, 4019, 4021]
[4020, 4022, 4120]
[3923, 4021, 4023]
[4022, 4024, 4122]
[3925, 4023, 4025]
[4024, 4026, 4124]
[3927, 4025, 4027]
[4026, 4028, 4126]
[3929, 4027, 4029]
[4028, 4030, 4128]
[3931, 4029, 4031]
[4030, 4032, 4130]
[3933, 4031, 4033]
[4032, 4034, 4132]
[3935, 4033, 4035]
[4034, 4036, 4134]
[3937, 4035, 4037]
[4036, 4038, 4136]
[3939, 4037, 4039]
[4038, 4040, 4138]
[3941, 4039, 4041]
[4040, 4042, 4140]
[3943, 4041, 4043]
[4042, 4044, 4142]
[3945, 4043, 4045]
[4044, 4046, 4144]
[3947, 4045, 4047]
[4046, 4048, 4146]
[3949, 4047, 4049]
[4048, 4050, 4148]
[3951, 4049, 4051]
[4050, 4052, 4150]
[3953, 4051, 4053]
[4052, 4054, 4152]
[3955, 4053, 4055]
[4054, 4056, 4154]
[3957, 4055, 4057]
[4056, 4058, 4156]
[3959, 4057, 4059]
[4058, 4060, 4158]
[3961, 4059, 4061]
[4060, 4062, 4160]
[3963, 4061, 4063]
[4062, 4064, 4162]
[3965, 4063, 4065]
[4064, 4066, 4164]
[3967, 4065, 4067]
[4066, 4068, 4166]
[3969, 4067, 4069]
[4068, 4070, 4168]
[3971, 4069, 4071]
[4070, 4072, 4170]
[3973, 4071, 4073]
[4072, 4074, 4172]
[3975, 4073, 4075]
[4074, 4076, 4174]
[3977, 4075, 4077]
[4076, 4078, 4176]
[3979, 4077, 4079]
[4078, 4080, 4178]
[3981, 4079, 4081]
[4080, 4082, 4180]
[3983, 4081, 4083]
[4082, 4084, 4182]
[3985, 4083, 4085]
[4084, 4086, 4184]
[3987, 4085, 4087]
[4086, 4088, 4186]
[3989, 4087, 4089]
[4088, 4090, 4188]
[3991, 4089, 4091]
[4090, 4092, 4190]
[3993, 4091, 4093]
[4092, 4094, 4192]
[3995, 4093, 4095]
[4094, 4096, 4194]
[3997, 4095, 4097]
[4096, 4098, 4196]
[3999, 4097, 4099]
[4000, 4098, 4198]
[4001, 4101, 4199]
[4100, 4102, 4200]
[4003, 4101, 4103]
[4102, 4104, 4202]
[4005, 4103, 4105]
[4104, 4106, 4204]
[4007, 4105, 4107]
[4106, 4108, 4206]
[4009, 4107, 4109]
[4108, 4110, 4208]
[4011, 4109, 4111]
[4110, 4112, 4210]
[4013, 4111, 4113]
[4112, 4114, 4212]
[4015, 4113, 4115]
[4114, 4116, 4214]
[4017, 4115, 4117]
[4116, 4118, 4216]
[4019, 4117, 4119]
[4118, 4120, 4218]
[4021, 4119, 4121]
[4120, 4122, 4220]
[4023, 4121, 4123]
[4122, 4124, 4222]
[4025, 4123, 4125]
[4124, 4126, 4224]
[4027, 4125, 4127]
[4126, 4128, 4226]
[4029, 4127, 4129]
[4128, 4130, 4228]
[4031, 4129, 4131]
[4130, 4132, 4230]
[4033, 4131, 4133]
[4132, 4134, 4232]
[4035, 4133, 4135]
[4134, 4136, 4234]
[4037, 4135, 4137]
[4136, 4138, 4236]
[4039, 4137, 4139]
[4138, 4140, 4238]
[4041, 4139, 4141]
[4140, 4142, 4240]
[4043, 4141, 4143]
[4142, 4144, 4242]
[4045, 4143, 4145]
[4144, 4146, 4244]
[4047, 4145, 4147]
[4146, 4148, 4246]
[4049, 4147, 4149]
[4148, 4150, 4248]
[4051, 4149, 4151]
[4150, 4152, 4250]
[4053, 4151, 4153]
[4152, 4154, 4252]
[4055, 4153, 4155]
[4154, 4156, 4254]
[4057, 4155, 4157]
[4156, 4158, 4256]
[4059, 4157, 4159]
[4158, 4160, 4258]
[4061, 4159, 4161]
[4160, 4162, 4260]
[4063, 4161, 4163]
[4162, 4164, 4262]
[4065, 4163, 4165]
[4164, 4166, 4264]
[4067, 4165, 4167]
[4166, 4168, 4266]
[4069, 4167, 4169]
[4168, 4170, 4268]
[4071, 4169, 4171]
[4170, 4172, 4270]
[4073, 4171, 4173]
[4172, 4174, 4272]
[4075, 4173, 4175]
[4174, 4176, 4274]
[4077, 4175, 4177]
[4176, 4178, 4276]
[4079, 4177, 4179]
[4178, 4180, 4278]
[4081, 4179, 4181]
[4180, 4182, 4280]
[4083, 4181, 4183]
[4182, 4184, 4282]
[4085, 4183, 4185]
[4184, 4186, 4284]
[4087, 4185, 4187]
[4186, 4188, 4286]
[4089, 4187, 4189]
[4188, 4190, 4288]
[4091, 4189, 4191]
[4190, 4192, 4290]
[4093, 4191, 4193]
[4192, 4194, 4292]
[4095, 4193, 4195]
[4194, 4196, 4294]
[4097, 4195, 4197]
[4196, 4198, 4296]
[4099, 4197, 4199]
[4100, 4198, 4298]
[4101, 4201, 4299]
[4200, 4202, 4300]
[4103, 4201, 4203]
[4202, 4204, 4302]
[4105, 4203, 4205]
[4204, 4206, 4304]
[4107, 4205, 4207]
[4206, 4208, 4306]
[4109, 4207, 4209]
[4208, 4210, 4308]
[4111, 4209, 4211]
[4210, 4212, 4310]
[4113, 4211, 4213]
[4212, 4214, 4312]
[4115, 4213, 4215]
[4214, 4216, 4314]
[4117, 4215, 4217]
[4216, 4218, 4316]
[4119, 4217, 4219]
[4218, 4220, 4318]
[4121, 4219, 4221]
[4220, 4222, 4320]
[4123, 4221, 4223]
[4222, 4224, 4322]
[4125, 4223, 4225]
[4224, 4226, 4324]
[4127, 4225, 4227]
[4226, 4228, 4326]
[4129, 4227, 4229]
[4228, 4230, 4328]
[4131, 4229, 4231]
[4230, 4232, 4330]
[4133, 4231, 4233]
[4232, 4234, 4332]
[4135, 4233, 4235]
[4234, 4236, 4334]
[4137, 4235, 4237]
[4236, 4238, 4336]
[4139, 4237, 4239]
[4238, 4240, 4338]
[4141, 4239, 4241]
[4240, 4242, 4340]
[4143, 4241, 4243]
[4242, 4244, 4342]
[4145, 4243, 4245]
[4244, 4246, 4344]
[4147, 4245, 4247]
[4246, 4248, 4346]
[4149, 4247, 4249]
[4248, 4250, 4348]
[4151, 4249, 4251]
[4250, 4252, 4350]
[4153, 4251, 4253]
[4252, 4254, 4352]
[4155, 4253, 4255]
[4254, 4256, 4354]
[4157, 4255, 4257]
[4256, 4258, 4356]
[4159, 4257, 4259]
[4258, 4260, 4358]
[4161, 4259, 4261]
[4260, 4262, 4360]
[4163, 4261, 4263]
[4262, 4264, 4362]
[4165, 4263, 4265]
[4264, 4266, 4364]
[4167, 4265, 4267]
[4266, 4268, 4366]
[4169, 4267, 4269]
[4268, 4270, 4368]
[4171, 4269, 4271]
[4270, 4272, 4370]
[4173, 4271, 4273]
[4272, 4274, 4372]
[4175, 4273, 4275]
[4274, 4276, 4374]
[4177, 4275, 4277]
[4276, 4278, 4376]
[4179, 4277, 4279]
[4278, 4280, 4378]
[4181, 4279, 4281]
[4280, 4282, 4380]
[4183, 4281, 4283]
[4282, 4284, 4382]
[4185, 4283, 4285]
[4284, 4286, 4384]
[4187, 4285, 4287]
[4286, 4288, 4386]
[4189, 4287, 4289]
[4288, 4290, 4388]
[4191, 4289, 4291]
[4290, 4292, 4390]
[4193, 4291, 4293]
[4292, 4294, 4392]
[4195, 4293, 4295]
[4294, 4296, 4394]
[4197, 4295, 4297]
[4296, 4298, 4396]
[4199, 4297, 4299]
[4200, 4298, 4398]
[4201, 4301, 4399]
[4300, 4302, 4400]
[4203, 4301, 4303]
[4302, 4304, 4402]
[4205, 4303, 4305]
[4304, 4306, 4404]
[4207, 4305, 4307]
[4306, 4308, 4406]
[4209, 4307, 4309]
[4308, 4310, 4408]
[4211, 4309, 4311]
[4310, 4312, 4410]
[4213, 4311, 4313]
[4312, 4314, 4412]
[4215, 4313, 4315]
[4314, 4316, 4414]
[4217, 4315, 4317]
[4316, 4318, 4416]
[4219, 4317, 4319]
[4318, 4320, 4418]
[4221, 4319, 4321]
[4320, 4322, 4420]
[4223, 4321, 4323]
[4322, 4324, 4422]
[4225, 4323, 4325]
[4324, 4326, 4424]
[4227, 4325, 4327]
[4326, 4328, 4426]
[4229, 4327, 4329]
[4328, 4330, 4428]
[4231, 4329, 4331]
[4330, 4332, 4430]
[4233, 4331, 4333]
[4332, 4334, 4432]
[4235, 4333, 4335]
[4334, 4336, 4434]
[4237, 4335, 4337]
[4336, 4338, 4436]
[4239, 4337, 4339]
[4338, 4340, 4438]
[4241, 4339, 4341]
[4340, 4342, 4440]
[4243, 4341, 4343]
[4342, 4344, 4442]
[4245, 4343, 4345]
[4344, 4346, 4444]
[4247, 4345, 4347]
[4346, 4348, 4446]
[4249, 4347, 4349]
[4348, 4350, 4448]
[4251, 4349, 4351]
[4350, 4352, 4450]
[4253, 4351, 4353]
[4352, 4354, 4452]
[4255, 4353, 4355]
[4354, 4356, 4454]
[4257, 4355, 4357]
[4356, 4358, 4456]
[4259, 4357, 4359]
[4358, 4360, 4458]
[4261, 4359, 4361]
[4360, 4362, 4460]
[4263, 4361, 4363]
[4362, 4364, 4462]
[4265, 4363, 4365]
[4364, 4366, 4464]
[4267, 4365, 4367]
[4366, 4368, 4466]
[4269, 4367, 4369]
[4368, 4370, 4468]
[4271, 4369, 4371]
[4370, 4372, 4470]
[4273, 4371, 4373]
[4372, 4374, 4472]
[4275, 4373, 4375]
[4374, 4376, 4474]
[4277, 4375, 4377]
[4376, 4378, 4476]
[4279, 4377, 4379]
[4378, 4380, 4478]
[4281, 4379, 4381]
[4380, 4382, 4480]
[4283, 4381, 4383]
[4382, 4384, 4482]
[4285, 4383, 4385]
[4384, 4386, 4484]
[4287, 4385, 4387]
[4386, 4388, 4486]
[4289, 4387, 4389]
[4388, 4390, 4488]
[4291, 4389, 4391]
[4390, 4392, 4490]
[4293, 4391, 4393]
[4392, 4394, 4492]
[4295, 4393, 4395]
[4394, 4396, 4494]
[4297, 4395, 4397]
[4396, 4398, 4496]
[4299, 4397, 4399]
[4300, 4398, 4498]
[4301, 4401, 4499]
[4400, 4402, 4500]
[4303, 4401, 4403]
[4402, 4404, 4502]
[4305, 4403, 4405]
[4404, 4406, 4504]
[4307, 4405, 4407]
[4406, 4408, 4506]
[4309, 4407, 4409]
[4408, 4410, 4508]
[4311, 4409, 4411]
[4410, 4412, 4510]
[4313, 4411, 4413]
[4412, 4414, 4512]
[4315, 4413, 4415]
[4414, 4416, 4514]
[4317, 4415, 4417]
[4416, 4418, 4516]
[4319, 4417, 4419]
[4418, 4420, 4518]
[4321, 4419, 4421]
[4420, 4422, 4520]
[4323, 4421, 4423]
[4422, 4424, 4522]
[4325, 4423, 4425]
[4424, 4426, 4524]
[4327, 4425, 4427]
[4426, 4428, 4526]
[4329, 4427, 4429]
[4428, 4430, 4528]
[4331, 4429, 4431]
[4430, 4432, 4530]
[4333, 4431, 4433]
[4432, 4434, 4532]
[4335, 4433, 4435]
[4434, 4436, 4534]
[4337, 4435, 4437]
[4436, 4438, 4536]
[4339, 4437, 4439]
[4438, 4440, 4538]
[4341, 4439, 4441]
[4440, 4442, 4540]
[4343, 4441, 4443]
[4442, 4444, 4542]
[4345, 4443, 4445]
[4444, 4446, 4544]
[4347, 4445, 4447]
[4446, 4448, 4546]
[4349, 4447, 4449]
[4448, 4450, 4548]
[4351, 4449, 4451]
[4450, 4452, 4550]
[4353, 4451, 4453]
[4452, 4454, 4552]
[4355, 4453, 4455]
[4454, 4456, 4554]
[4357, 4455, 4457]
[4456, 4458, 4556]
[4359, 4457, 4459]
[4458, 4460, 4558]
[4361, 4459, 4461]
[4460, 4462, 4560]
[4363, 4461, 4463]
[4462, 4464, 4562]
[4365, 4463, 4465]
[4464, 4466, 4564]
[4367, 4465, 4467]
[4466, 4468, 4566]
[4369, 4467, 4469]
[4468, 4470, 4568]
[4371, 4469, 4471]
[4470, 4472, 4570]
[4373, 4471, 4473]
[4472, 4474, 4572]
[4375, 4473, 4475]
[4474, 4476, 4574]
[4377, 4475, 4477]
[4476, 4478, 4576]
[4379, 4477, 4479]
[4478, 4480, 4578]
[4381, 4479, 4481]
[4480, 4482, 4580]
[4383, 4481, 4483]
[4482, 4484, 4582]
[4385, 4483, 4485]
[4484, 4486, 4584]
[4387, 4485, 4487]
[4486, 4488, 4586]
[4389, 4487, 4489]
[4488, 4490, 4588]
[4391, 4489, 4491]
[4490, 4492, 4590]
[4393, 4491, 4493]
[4492, 4494, 4592]
[4395, 4493, 4495]
[4494, 4496, 4594]
[4397, 4495, 4497]
[4496, 4498, 4596]
[4399, 4497, 4499]
[4400, 4498, 4598]
[4401, 4501, 4599]
[4500, 4502, 4600]
[4403, 4501, 4503]
[4502, 4504, 4602]
[4405, 4503, 4505]
[4504, 4506, 4604]
[4407, 4505, 4507]
[4506, 4508, 4606]
[4409, 4507, 4509]
[4508, 4510, 4608]
[4411, 4509, 4511]
[4510, 4512, 4610]
[4413, 4511, 4513]
[4512, 4514, 4612]
[4415, 4513, 4515]
[4514, 4516, 4614]
[4417, 4515, 4517]
[4516, 4518, 4616]
[4419, 4517, 4519]
[4518, 4520, 4618]
[4421, 4519, 4521]
[4520, 4522, 4620]
[4423, 4521, 4523]
[4522, 4524, 4622]
[4425, 4523, 4525]
[4524, 4526, 4624]
[4427, 4525, 4527]
[4526, 4528, 4626]
[4429, 4527, 4529]
[4528, 4530, 4628]
[4431, 4529, 4531]
[4530, 4532, 4630]
[4433, 4531, 4533]
[4532, 4534, 4632]
[4435, 4533, 4535]
[4534, 4536, 4634]
[4437, 4535, 4537]
[4536, 4538, 4636]
[4439, 4537, 4539]
[4538, 4540, 4638]
[4441, 4539, 4541]
[4540, 4542, 4640]
[4443, 4541, 4543]
[4542, 4544, 4642]
[4445, 4543, 4545]
[4544, 4546, 4644]
[4447, 4545, 4547]
[4546, 4548, 4646]
[4449, 4547, 4549]
[4548, 4550, 4648]
[4451, 4549, 4551]
[4550, 4552, 4650]
[4453, 4551, 4553]
[4552, 4554, 4652]
[4455, 4553, 4555]
[4554, 4556, 4654]
[4457, 4555, 4557]
[4556, 4558, 4656]
[4459, 4557, 4559]
[4558, 4560, 4658]
[4461, 4559, 4561]
[4560, 4562, 4660]
[4463, 4561, 4563]
[4562, 4564, 4662]
[4465, 4563, 4565]
[4564, 4566, 4664]
[4467, 4565, 4567]
[4566, 4568, 4666]
[4469, 4567, 4569]
[4568, 4570, 4668]
[4471, 4569, 4571]
[4570, 4572, 4670]
[4473, 4571, 4573]
[4572, 4574, 4672]
[4475, 4573, 4575]
[4574, 4576, 4674]
[4477, 4575, 4577]
[4576, 4578, 4676]
[4479, 4577, 4579]
[4578, 4580, 4678]
[4481, 4579, 4581]
[4580, 4582, 4680]
[4483, 4581, 4583]
[4582, 4584, 4682]
[4485, 4583, 4585]
[4584, 4586, 4684]
[4487, 4585, 4587]
[4586, 4588, 4686]
[4489, 4587, 4589]
[4588, 4590, 4688]
[4491, 4589, 4591]
[4590, 4592, 4690]
[4493, 4591, 4593]
[4592, 4594, 4692]
[4495, 4593, 4595]
[4594, 4596, 4694]
[4497, 4595, 4597]
[4596, 4598, 4696]
[4499, 4597, 4599]
[4500, 4598, 4698]
[4501, 4601, 4699]
[4600, 4602, 4700]
[4503, 4601, 4603]
[4602, 4604, 4702]
[4505, 4603, 4605]
[4604, 4606, 4704]
[4507, 4605, 4607]
[4606, 4608, 4706]
[4509, 4607, 4609]
[4608, 4610, 4708]
[4511, 4609, 4611]
[4610, 4612, 4710]
[4513, 4611, 4613]
[4612, 4614, 4712]
[4515, 4613, 4615]
[4614, 4616, 4714]
[4517, 4615, 4617]
[4616, 4618, 4716]
[4519, 4617, 4619]
[4618, 4620, 4718]
[4521, 4619, 4621]
[4620, 4622, 4720]
[4523, 4621, 4623]
[4622, 4624, 4722]
[4525, 4623, 4625]
[4624, 4626, 4724]
[4527, 4625, 4627]
[4626, 4628, 4726]
[4529, 4627, 4629]
[4628, 4630, 4728]
[4531, 4629, 4631]
[4630, 4632, 4730]
[4533, 4631, 4633]
[4632, 4634, 4732]
[4535, 4633, 4635]
[4634, 4636, 4734]
[4537, 4635, 4637]
[4636, 4638, 4736]
[4539, 4637, 4639]
[4638, 4640, 4738]
[4541, 4639, 4641]
[4640, 4642, 4740]
[4543, 4641, 4643]
[4642, 4644, 4742]
[4545, 4643, 4645]
[4644, 4646, 4744]
[4547, 4645, 4647]
[4646, 4648, 4746]
[4549, 4647, 4649]
[4648, 4650, 4748]
[4551, 4649, 4651]
[4650, 4652, 4750]
[4553, 4651, 4653]
[4652, 4654, 4752]
[4555, 4653, 4655]
[4654, 4656, 4754]
[4557, 4655, 4657]
[4656, 4658, 4756]
[4559, 4657, 4659]
[4658, 4660, 4758]
[4561, 4659, 4661]
[4660, 4662, 4760]
[4563, 4661, 4663]
[4662, 4664, 4762]
[4565, 4663, 4665]
[4664, 4666, 4764]
[4567, 4665, 4667]
[4666, 4668, 4766]
[4569, 4667, 4669]
[4668, 4670, 4768]
[4571, 4669, 4671]
[4670, 4672, 4770]
[4573, 4671, 4673]
[4672, 4674, 4772]
[4575, 4673, 4675]
[4674, 4676, 4774]
[4577, 4675, 4677]
[4676, 4678, 4776]
[4579, 4677, 4679]
[4678, 4680, 4778]
[4581, 4679, 4681]
[4680, 4682, 4780]
[4583, 4681, 4683]
[4682, 4684, 4782]
[4585, 4683, 4685]
[4684, 4686, 4784]
[4587, 4685, 4687]
[4686, 4688, 4786]
[4589, 4687, 4689]
[4688, 4690, 4788]
[4591, 4689, 4691]
[4690, 4692, 4790]
[4593, 4691, 4693]
[4692, 4694, 4792]
[4595, 4693, 4695]
[4694, 4696, 4794]
[4597, 4695, 4697]
[4696, 4698, 4796]
[4599, 4697, 4699]
[4600, 4698, 4798]
[4601, 4701, 4799]
[4700, 4702, 4800]
[4603, 4701, 4703]
[4702, 4704, 4802]
[4605, 4703, 4705]
[4704, 4706, 4804]
[4607, 4705, 4707]
[4706, 4708, 4806]
[4609, 4707, 4709]
[4708, 4710, 4808]
[4611, 4709, 4711]
[4710, 4712, 4810]
[4613, 4711, 4713]
[4712, 4714, 4812]
[4615, 4713, 4715]
[4714, 4716, 4814]
[4617, 4715, 4717]
[4716, 4718, 4816]
[4619, 4717, 4719]
[4718, 4720, 4818]
[4621, 4719, 4721]
[4720, 4722, 4820]
[4623, 4721, 4723]
[4722, 4724, 4822]
[4625, 4723, 4725]
[4724, 4726, 4824]
[4627, 4725, 4727]
[4726, 4728, 4826]
[4629, 4727, 4729]
[4728, 4730, 4828]
[4631, 4729, 4731]
[4730, 4732, 4830]
[4633, 4731, 4733]
[4732, 4734, 4832]
[4635, 4733, 4735]
[4734, 4736, 4834]
[4637, 4735, 4737]
[4736, 4738, 4836]
[4639, 4737, 4739]
[4738, 4740, 4838]
[4641, 4739, 4741]
[4740, 4742, 4840]
[4643, 4741, 4743]
[4742, 4744, 4842]
[4645, 4743, 4745]
[4744, 4746, 4844]
[4647, 4745, 4747]
[4746, 4748, 4846]
[4649, 4747, 4749]
[4748, 4750, 4848]
[4651, 4749, 4751]
[4750, 4752, 4850]
[4653, 4751, 4753]
[4752, 4754, 4852]
[4655, 4753, 4755]
[4754, 4756, 4854]
[4657, 4755, 4757]
[4756, 4758, 4856]
[4659, 4757, 4759]
[4758, 4760, 4858]
[4661, 4759, 4761]
[4760, 4762, 4860]
[4663, 4761, 4763]
[4762, 4764, 4862]
[4665, 4763, 4765]
[4764, 4766, 4864]
[4667, 4765, 4767]
[4766, 4768, 4866]
[4669, 4767, 4769]
[4768, 4770, 4868]
[4671, 4769, 4771]
[4770, 4772, 4870]
[4673, 4771, 4773]
[4772, 4774, 4872]
[4675, 4773, 4775]
[4774, 4776, 4874]
[4677, 4775, 4777]
[4776, 4778, 4876]
[4679, 4777, 4779]
[4778, 4780, 4878]
[4681, 4779, 4781]
[4780, 4782, 4880]
[4683, 4781, 4783]
[4782, 4784, 4882]
[4685, 4783, 4785]
[4784, 4786, 4884]
[4687, 4785, 4787]
[4786, 4788, 4886]
[4689, 4787, 4789]
[4788, 4790, 4888]
[4691, 4789, 4791]
[4790, 4792, 4890]
[4693, 4791, 4793]
[4792, 4794, 4892]
[4695, 4793, 4795]
[4794, 4796, 4894]
[4697, 4795, 4797]
[4796, 4798, 4896]
[4699, 4797, 4799]
[4700, 4798, 4898]
[4701, 4801, 4899]
[4800, 4802, 4900]
[4703, 4801, 4803]
[4802, 4804, 4902]
[4705, 4803, 4805]
[4804, 4806, 4904]
[4707, 4805, 4807]
[4806, 4808, 4906]
[4709, 4807, 4809]
[4808, 4810, 4908]
[4711, 4809, 4811]
[4810, 4812, 4910]
[4713, 4811, 4813]
[4812, 4814, 4912]
[4715, 4813, 4815]
[4814, 4816, 4914]
[4717, 4815, 4817]
[4816, 4818, 4916]
[4719, 4817, 4819]
[4818, 4820, 4918]
[4721, 4819, 4821]
[4820, 4822, 4920]
[4723, 4821, 4823]
[4822, 4824, 4922]
[4725, 4823, 4825]
[4824, 4826, 4924]
[4727, 4825, 4827]
[4826, 4828, 4926]
[4729, 4827, 4829]
[4828, 4830, 4928]
[4731, 4829, 4831]
[4830, 4832, 4930]
[4733, 4831, 4833]
[4832, 4834, 4932]
[4735, 4833, 4835]
[4834, 4836, 4934]
[4737, 4835, 4837]
[4836, 4838, 4936]
[4739, 4837, 4839]
[4838, 4840, 4938]
[4741, 4839, 4841]
[4840, 4842, 4940]
[4743, 4841, 4843]
[4842, 4844, 4942]
[4745, 4843, 4845]
[4844, 4846, 4944]
[4747, 4845, 4847]
[4846, 4848, 4946]
[4749, 4847, 4849]
[4848, 4850, 4948]
[4751, 4849, 4851]
[4850, 4852, 4950]
[4753, 4851, 4853]
[4852, 4854, 4952]
[4755, 4853, 4855]
[4854, 4856, 4954]
[4757, 4855, 4857]
[4856, 4858, 4956]
[4759, 4857, 4859]
[4858, 4860, 4958]
[4761, 4859, 4861]
[4860, 4862, 4960]
[4763, 4861, 4863]
[4862, 4864, 4962]
[4765, 4863, 4865]
[4864, 4866, 4964]
[4767, 4865, 4867]
[4866, 4868, 4966]
[4769, 4867, 4869]
[4868, 4870, 4968]
[4771, 4869, 4871]
[4870, 4872, 4970]
[4773, 4871, 4873]
[4872, 4874, 4972]
[4775, 4873, 4875]
[4874, 4876, 4974]
[4777, 4875, 4877]
[4876, 4878, 4976]
[4779, 4877, 4879]
[4878, 4880, 4978]
[4781, 4879, 4881]
[4880, 4882, 4980]
[4783, 4881, 4883]
[4882, 4884, 4982]
[4785, 4883, 4885]
[4884, 4886, 4984]
[4787, 4885, 4887]
[4886, 4888, 4986]
[4789, 4887, 4889]
[4888, 4890, 4988]
[4791, 4889, 4891]
[4890, 4892, 4990]
[4793, 4891, 4893]
[4892, 4894, 4992]
[4795, 4893, 4895]
[4894, 4896, 4994]
[4797, 4895, 4897]
[4896, 4898, 4996]
[4799, 4897, 4899]
[4800, 4898, 4998]
[4801, 4901, 4999]
[0, 4900, 4902]
[4803, 4901, 4903]
[2, 4902, 4904]
[4805, 4903, 4905]
[4, 4904, 4906]
[4807, 4905, 4907]
[6, 4906, 4908]
[4809, 4907, 4909]
[8, 4908, 4910]
[4811, 4909, 4911]
[10, 4910, 4912]
[4813, 4911, 4913]
[12, 4912, 4914]
[4815, 4913, 4915]
[14, 4914, 4916]
[4817, 4915, 4917]
[16, 4916, 4918]
[4819, 4917, 4919]
[18, 4918, 4920]
[4821, 4919, 4921]
[20, 4920, 4922]
[4823, 4921, 4923]
[22, 4922, 4924]
[4825, 4923, 4925]
[24, 4924, 4926]
[4827, 4925, 4927]
[26, 4926, 4928]
[4829, 4927, 4929]
[28, 4928, 4930]
[4831, 4929, 4931]
[30, 4930, 4932]
[4833, 4931, 4933]
[32, 4932, 4934]
[4835, 4933, 4935]
[34, 4934, 4936]
[4837, 4935, 4937]
[36, 4936, 4938]
[4839, 4937, 4939]
[38, 4938, 4940]
[4841, 4939, 4941]
[40, 4940, 4942]
[4843, 4941, 4943]
[42, 4942, 4944]
[4845, 4943, 4945]
[44, 4944, 4946]
[4847, 4945, 4947]
[46, 4946, 4948]
[4849, 4947, 4949]
[48, 4948, 4950]
[4851, 4949, 4951]
[50, 4950, 4952]
[4853, 4951, 4953]
[52, 4952, 4954]
[4855, 4953, 4955]
[54, 4954, 4956]
[4857, 4955, 4957]
[56, 4956, 4958]
[4859, 4957, 4959]
[58, 4958, 4960]
[4861, 4959, 4961]
[60, 4960, 4962]
[4863, 4961, 4963]
[62, 4962, 4964]
[4865, 4963, 4965]
[64, 4964, 4966]
[4867, 4965, 4967]
[66, 4966, 4968]
[4869, 4967, 4969]
[68, 4968, 4970]
[4871, 4969, 4971]
[70, 4970, 4972]
[4873, 4971, 4973]
[72, 4972, 4974]
[4875, 4973, 4975]
[74, 4974, 4976]
[4877, 4975, 4977]
[76, 4976, 4978]
[4879, 4977, 4979]
[78, 4978, 4980]
[4881, 4979, 4981]
[80, 4980, 4982]
[4883, 4981, 4983]
[82, 4982, 4984]
[4885, 4983, 4985]
[84, 4984, 4986]
[4887, 4985, 4987]
[86, 4986, 4988]
[4889, 4987, 4989]
[88, 4988, 4990]
[4891, 4989, 4991]
[90, 4990, 4992]
[4893, 4991, 4993]
[92, 4992, 4994]
[4895, 4993, 4995]
[94, 4994, 4996]
[4897, 4995, 4997]
[96, 4996, 4998]
[4899, 4997, 4999]
[98, 4900, 4998]
