[1, 69, 2381]
[0, 2, 70]
[1, 3, 2383]
[2, 4, 72]
[3, 5, 2385]
[4, 6, 74]
[5, 7, 2387]
[6, 8, 76]
[7, 9, 2389]
[8, 10, 78]
[9, 11, 2391]
[10, 12, 80]
[11, 13, 2393]
[12, 14, 82]
[13, 15, 2395]
[14, 16, 84]
[15, 17, 2397]
[16, 18, 86]
[17, 19, 2399]
[18, 20, 88]
[19, 21, 2401]
[20, 22, 90]
[21, 23, 2403]
[22, 24, 92]
[23, 25, 2405]
[24, 26, 94]
[25, 27, 2407]
[26, 28, 96]
[27, 29, 2409]
[28, 30, 98]
[29, 31, 2411]
[30, 32, 100]
[31, 33, 2413]
[32, 34, 102]
[33, 35, 2415]
[34, 36, 104]
[35, 37, 2417]
[36, 38, 106]
[37, 39, 2419]
[38, 40, 108]
[39, 41, 2421]
[40, 42, 110]
[41, 43, 2423]
[42, 44, 112]
[43, 45, 2425]
[44, 46, 114]
[45, 47, 2427]
[46, 48, 116]
[47, 49, 2429]
[48, 50, 118]
[49, 51, 2431]
[50, 52, 120]
[51, 53, 2433]
[52, 54, 122]
[53, 55, 2435]
[54, 56, 124]
[55, 57, 2437]
[56, 58, 126]
[57, 59, 2439]
[58, 60, 128]
[59, 61, 2441]
[60, 62, 130]
[61, 63, 2443]
[62, 64, 132]
[63, 65, 2445]
[64, 66, 134]
[65, 67, 2447]
[66, 68, 136]
[67, 69, 2449]
[0, 68, 138]
[1, 71, 139]
[70, 72, 140]
[3, 71, 73]
[72, 74, 142]
[5, 73, 75]
[74, 76, 144]
[7, 75, 77]
[76, 78, 146]
[9, 77, 79]
[78, 80, 148]
[11, 79, 81]
[80, 82, 150]
[13, 81, 83]
[82, 84, 152]
[15, 83, 85]
[84, 86, 154]
[17, 85, 87]
[86, 88, 156]
[19, 87, 89]
[88, 90, 158]
[21, 89, 91]
[90, 92, 160]
[23, 91, 93]
[92, 94, 162]
[25, 93, 95]
[94, 96, 164]
[27, 95, 97]
[96, 98, 166]
[29, 97, 99]
[98, 100, 168]
[31, 99, 101]
[100, 102, 170]
[33, 101, 103]
[102, 104, 172]
[35, 103, 105]
[104, 106, 174]
[37, 105, 107]
[106, 108, 176]
[39, 107, 109]
[108, 110, 178]
[41, 109, 111]
[110, 112, 180]
[43, 111, 113]
[112, 114, 182]
[45, 113, 115]
[114, 116, 184]
[47, 115, 117]
[116, 118, 186]
[49, 117, 119]
[118, 120, 188]
[51, 119, 121]
[120, 122, 190]
[53, 121, 123]
[122, 124, 192]
[55, 123, 125]
[124, 126, 194]
[57, 125, 127]
[126, 128, 196]
[59, 127, 129]
[128, 130, 198]
[61, 129, 131]
[130, 132, 200]
[63, 131, 133]
[132, 134, 202]
[65, 133, 135]
[134, 136, 204]
[67, 135, 137]
[136, 138, 206]
[69, 137, 139]
[70, 138, 208]
[71, 141, 209]
[140, 142, 210]
[73, 141, 143]
[142, 144, 212]
[75, 143, 145]
[144, 146, 214]
[77, 145, 147]
[146, 148, 216]
[79, 147, 149]
[148, 150, 218]
[81, 149, 151]
[150, 152, 220]
[83, 151, 153]
[152, 154, 222]
[85, 153, 155]
[154, 156, 224]
[87, 155, 157]
[156, 158, 226]
[89, 157, 159]
[158, 160, 228]
[91, 159, 161]
[160, 162, 230]
[93, 161, 163]
[162, 164, 232]
[95, 163, 165]
[164, 166, 234]
[97, 165, 167]
[166, 168, 236]
[99, 167, 169]
[168, 170, 238]
[101, 169, 171]
[170, 172, 240]
[103, 171, 173]
[172, 174, 242]
[105, 173, 175]
[174, 176, 244]
[107, 175, 177]
[176, 178, 246]
[109, 177, 179]
[178, 180, 248]
[111, 179, 181]
[180, 182, 250]
[113, 181, 183]
[182, 184, 252]
[115, 183, 185]
[184, 186, 254]
[117, 185, 187]
[186, 188, 256]
[119, 187, 189]
[188, 190, 258]
[121, 189, 191]
[190, 192, 260]
[123, 191, 193]
[192, 194, 262]
[125, 193, 195]
[194, 196, 264]
[127, 195, 197]
[196, 198, 266]
[129, 197, 199]
[198, 200, 268]
[131, 199, 201]
[200, 202, 270]
[133, 201, 203]
[202, 204, 272]
[135, 203, 205]
[204, 206, 274]
[137, 205, 207]
[206, 208, 276]
[139, 207, 209]
[140, 208, 278]
[141, 211, 279]
[210, 212, 280]
[143, 211, 213]
[212, 214, 282]
[145, 213, 215]
[214, 216, 284]
[147, 215, 217]
[216, 218, 286]
[149, 217, 219]
[218, 220, 288]
[151, 219, 221]
[220, 222, 290]
[153, 221, 223]
[222, 224, 292]
[155, 223, 225]
[224, 226, 294]
[157, 225, 227]
[226, 228, 296]
[159, 227, 229]
[228, 230, 298]
[161, 229, 231]
[230, 232, 300]
[163, 231, 233]
[232, 234, 302]
[165, 233, 235]
[234, 236, 304]
[167, 235, 237]
[236, 238, 306]
[169, 237, 239]
[238, 240, 308]
[171, 239, 241]
[240, 242, 310]
[173, 241, 243]
[242, 244, 312]
[175, 243, 245]
[244, 246, 314]
[177, 245, 247]
[246, 248, 316]
[179, 247, 249]
[248, 250, 318]
[181, 249, 251]
[250, 252, 320]
[183, 251, 253]
[252, 254, 322]
[185, 253, 255]
[254, 256, 324]
[187, 255, 257]
[256, 258, 326]
[189, 257, 259]
[258, 260, 328]
[191, 259, 261]
[260, 262, 330]
[193, 261, 263]
[262, 264, 332]
[195, 263, 265]
[264, 266, 334]
[197, 265, 267]
[266, 268, 336]
[199, 267, 269]
[268, 270, 338]
[201, 269, 271]
[270, 272, 340]
[203, 271, 273]
[272, 274, 342]
[205, 273, 275]
[274, 276, 344]
[207, 275, 277]
[276, 278, 346]
[209, 277, 279]
[210, 278, 348]
[211, 281, 349]
[280, 282, 350]
[213, 281, 283]
[282, 284, 352]
[215, 283, 285]
[284, 286, 354]
[217, 285, 287]
[286, 288, 356]
[219, 287, 289]
[288, 290, 358]
[221, 289, 291]
[290, 292, 360]
[223, 291, 293]
[292, 294, 362]
[225, 293, 295]
[294, 296, 364]
[227, 295, 297]
[296, 298, 366]
[229, 297, 299]
[298, 300, 368]
[231, 299, 301]
[300, 302, 370]
[233, 301, 303]
[302, 304, 372]
[235, 303, 305]
[304, 306, 374]
[237, 305, 307]
[306, 308, 376]
[239, 307, 309]
[308, 310, 378]
[241, 309, 311]
[310, 312, 380]
[243, 311, 313]
[312, 314, 382]
[245, 313, 315]
[314, 316, 384]
[247, 315, 317]
[316, 318, 386]
[249, 317, 319]
[318, 320, 388]
[251, 319, 321]
[320, 322, 390]
[253, 321, 323]
[322, 324, 392]
[255, 323, 325]
[324, 326, 394]
[257, 325, 327]
[326, 328, 396]
[259, 327, 329]
[328, 330, 398]
[261, 329, 331]
[330, 332, 400]
[263, 331, 333]
[332, 334, 402]
[265, 333, 335]
[334, 336, 404]
[267, 335, 337]
[336, 338, 406]
[269, 337, 339]
[338, 340, 408]
[271, 339, 341]
[340, 342, 410]
[273, 341, 343]
[342, 344, 412]
[275, 343, 345]
[344, 346, 414]
[277, 345, 347]
[346, 348, 416]
[279, 347, 349]
[280, 348, 418]
[281, 351, 419]
[350, 352, 420]
[283, 351, 353]
[352, 354, 422]
[285, 353, 355]
[354, 356, 424]
[287, 355, 357]
[356, 358, 426]
[289, 357, 359]
[358, 360, 428]
[291, 359, 361]
[360, 362, 430]
[293, 361, 363]
[362, 364, 432]
[295, 363, 365]
[364, 366, 434]
[297, 365, 367]
[366, 368, 436]
[299, 367, 369]
[368, 370, 438]
[301, 369, 371]
[370, 372, 440]
[303, 371, 373]
[372, 374, 442]
[305, 373, 375]
[374, 376, 444]
[307, 375, 377]
[376, 378, 446]
[309, 377, 379]
[378, 380, 448]
[311, 379, 381]
[380, 382, 450]
[313, 381, 383]
[382, 384, 452]
[315, 383, 385]
[384, 386, 454]
[317, 385, 387]
[386, 388, 456]
[319, 387, 389]
[388, 390, 458]
[321, 389, 391]
[390, 392, 460]
[323, 391, 393]
[392, 394, 462]
[325, 393, 395]
[394, 396, 464]
[327, 395, 397]
[396, 398, 466]
[329, 397, 399]
[398, 400, 468]
[331, 399, 401]
[400, 402, 470]
[333, 401, 403]
[402, 404, 472]
[335, 403, 405]
[404, 406, 474]
[337, 405, 407]
[406, 408, 476]
[339, 407, 409]
[408, 410, 478]
[341, 409, 411]
[410, 412, 480]
[343, 411, 413]
[412, 414, 482]
[345, 413, 415]
[414, 416, 484]
[347, 415, 417]
[416, 418, 486]
[349, 417, 419]
[350, 418, 488]
[351, 421, 489]
[420, 422, 490]
[353, 421, 423]
[422, 424, 492]
[355, 423, 425]
[424, 426, 494]
[357, 425, 427]
[426, 428, 496]
[359, 427, 429]
[428, 430, 498]
[361, 429, 431]
[430, 432, 500]
[363, 431, 433]
[432, 434, 502]
[365, 433, 435]
[434, 436, 504]
[367, 435, 437]
[436, 438, 506]
[369, 437, 439]
[438, 440, 508]
[371, 439, 441]
[440, 442, 510]
[373, 441, 443]
[442, 444, 512]
[375, 443, 445]
[444, 446, 514]
[377, 445, 447]
[446, 448, 516]
[379, 447, 449]
[448, 450, 518]
[381, 449, 451]
[450, 452, 520]
[383, 451, 453]
[452, 454, 522]
[385, 453, 455]
[454, 456, 524]
[387, 455, 457]
[456, 458, 526]
[389, 457, 459]
[458, 460, 528]
[391, 459, 461]
[460, 462, 530]
[393, 461, 463]
[462, 464, 532]
[395, 463, 465]
[464, 466, 534]
[397, 465, 467]
[466, 468, 536]
[399, 467, 469]
[468, 470, 538]
[401, 469, 471]
[470, 472, 540]
[403, 471, 473]
[472, 474, 542]
[405, 473, 475]
[474, 476, 544]
[407, 475, 477]
[476, 478, 546]
[409, 477, 479]
[478, 480, 548]
[411, 479, 481]
[480, 482, 550]
[413, 481, 483]
[482, 484, 552]
[415, 483, 485]
[484, 486, 554]
[417, 485, 487]
[486, 488, 556]
[419, 487, 489]
[420, 488, 558]
[421, 491, 559]
[490, 492, 560]
[423, 491, 493]
[492, 494, 562]
[425, 493, 495]
[494, 496, 564]
[427, 495, 497]
[496, 498, 566]
[429, 497, 499]
[498, 500, 568]
[431, 499, 501]
[500, 502, 570]
[433, 501, 503]
[502, 504, 572]
[435, 503, 505]
[504, 506, 574]
[437, 505, 507]
[506, 508, 576]
[439, 507, 509]
[508, 510, 578]
[441, 509, 511]
[510, 512, 580]
[443, 511, 513]
[512, 514, 582]
[445, 513, 515]
[514, 516, 584]
[447, 515, 517]
[516, 518, 586]
[449, 517, 519]
[518, 520, 588]
[451, 519, 521]
[520, 522, 590]
[453, 521, 523]
[522, 524, 592]
[455, 523, 525]
[524, 526, 594]
[457, 525, 527]
[526, 528, 596]
[459, 527, 529]
[528, 530, 598]
[461, 529, 531]
[530, 532, 600]
[463, 531, 533]
[532, 534, 602]
[465, 533, 535]
[534, 536, 604]
[467, 535, 537]
[536, 538, 606]
[469, 537, 539]
[538, 540, 608]
[471, 539, 541]
[540, 542, 610]
[473, 541, 543]
[542, 544, 612]
[475, 543, 545]
[544, 546, 614]
[477, 545, 547]
[546, 548, 616]
[479, 547, 549]
[548, 550, 618]
[481, 549, 551]
[550, 552, 620]
[483, 551, 553]
[552, 554, 622]
[485, 553, 555]
[554, 556, 624]
[487, 555, 557]
[556, 558, 626]
[489, 557, 559]
[490, 558, 628]
[491, 561, 629]
[560, 562, 630]
[493, 561, 563]
[562, 564, 632]
[495, 563, 565]
[564, 566, 634]
[497, 565, 567]
[566, 568, 636]
[499, 567, 569]
[568, 570, 638]
[501, 569, 571]
[570, 572, 640]
[503, 571, 573]
[572, 574, 642]
[505, 573, 575]
[574, 576, 644]
[507, 575, 577]
[576, 578, 646]
[509, 577, 579]
[578, 580, 648]
[511, 579, 581]
[580, 582, 650]
[513, 581, 583]
[582, 584, 652]
[515, 583, 585]
[584, 586, 654]
[517, 585, 587]
[586, 588, 656]
[519, 587, 589]
[588, 590, 658]
[521, 589, 591]
[590, 592, 660]
[523, 591, 593]
[592, 594, 662]
[525, 593, 595]
[594, 596, 664]
[527, 595, 597]
[596, 598, 666]
[529, 597, 599]
[598, 600, 668]
[531, 599, 601]
[600, 602, 670]
[533, 601, 603]
[602, 604, 672]
[535, 603, 605]
[604, 606, 674]
[537, 605, 607]
[606, 608, 676]
[539, 607, 609]
[608, 610, 678]
[541, 609, 611]
[610, 612, 680]
[543, 611, 613]
[612, 614, 682]
[545, 613, 615]
[614, 616, 684]
[547, 615, 617]
[616, 618, 686]
[549, 617, 619]
[618, 620, 688]
[551, 619, 621]
[620, 622, 690]
[553, 621, 623]
[622, 624, 692]
[555, 623, 625]
[624, 626, 694]
[557, 625, 627]
[626, 628, 696]
[559, 627, 629]
[560, 628, 698]
[561, 631, 699]
[630, 632, 700]
[563, 631, 633]
[632, 634, 702]
[565, 633, 635]
[634, 636, 704]
[567, 635, 637]
[636, 638, 706]
[569, 637, 639]
[638, 640, 708]
[571, 639, 641]
[640, 642, 710]
[573, 641, 643]
[642, 644, 712]
[575, 643, 645]
[644, 646, 714]
[577, 645, 647]
[646, 648, 716]
[579, 647, 649]
[648, 650, 718]
[581, 649, 651]
[650, 652, 720]
[583, 651, 653]
[652, 654, 722]
[585, 653, 655]
[654, 656, 724]
[587, 655, 657]
[656, 658, 726]
[589, 657, 659]
[658, 660, 728]
[591, 659, 661]
[660, 662, 730]
[593, 661, 663]
[662, 664, 732]
[595, 663, 665]
[664, 666, 734]
[597, 665, 667]
[666, 668, 736]
[599, 667, 669]
[668, 670, 738]
[601, 669, 671]
[670, 672, 740]
[603, 671, 673]
[672, 674, 742]
[605, 673, 675]
[674, 676, 744]
[607, 675, 677]
[676, 678, 746]
[609, 677, 679]
[678, 680, 748]
[611, 679, 681]
[680, 682, 750]
[613, 681, 683]
[682, 684, 752]
[615, 683, 685]
[684, 686, 754]
[617, 685, 687]
[686, 688, 756]
[619, 687, 689]
[688, 690, 758]
[621, 689, 691]
[690, 692, 760]
[623, 691, 693]
[692, 694, 762]
[625, 693, 695]
[694, 696, 764]
[627, 695, 697]
[696, 698, 766]
[629, 697, 699]
[630, 698, 768]
[631, 701, 769]
[700, 702, 770]
[633, 701, 703]
[702, 704, 772]
[635, 703, 705]
[704, 706, 774]
[637, 705, 707]
[706, 708, 776]
[639, 707, 709]
[708, 710, 778]
[641, 709, 711]
[710, 712, 780]
[643, 711, 713]
[712, 714, 782]
[645, 713, 715]
[714, 716, 784]
[647, 715, 717]
[716, 718, 786]
[649, 717, 719]
[718, 720, 788]
[651, 719, 721]
[720, 722, 790]
[653, 721, 723]
[722, 724, 792]
[655, 723, 725]
[724, 726, 794]
[657, 725, 727]
[726, 728, 796]
[659, 727, 729]
[728, 730, 798]
[661, 729, 731]
[730, 732, 800]
[663, 731, 733]
[732, 734, 802]
[665, 733, 735]
[734, 736, 804]
[667, 735, 737]
[736, 738, 806]
[669, 737, 739]
[738, 740, 808]
[671, 739, 741]
[740, 742, 810]
[673, 741, 743]
[742, 744, 812]
[675, 743, 745]
[744, 746, 814]
[677, 745, 747]
[746, 748, 816]
[679, 747, 749]
[748, 750, 818]
[681, 749, 751]
[750, 752, 820]
[683, 751, 753]
[752, 754, 822]
[685, 753, 755]
[754, 756, 824]
[687, 755, 757]
[756, 758, 826]
[689, 757, 759]
[758, 760, 828]
[691, 759, 761]
[760, 762, 830]
[693, 761, 763]
[762, 764, 832]
[695, 763, 765]
[764, 766, 834]
[697, 765, 767]
[766, 768, 836]
[699, 767, 769]
[700, 768, 838]
[701, 771, 839]
[770, 772, 840]
[703, 771, 773]
[772, 774, 842]
[705, 773, 775]
[774, 776, 844]
[707, 775, 777]
[776, 778, 846]
[709, 777, 779]
[778, 780, 848]
[711, 779, 781]
[780, 782, 850]
[713, 781, 783]
[782, 784, 852]
[715, 783, 785]
[784, 786, 854]
[717, 785, 787]
[786, 788, 856]
[719, 787, 789]
[788, 790, 858]
[721, 789, 791]
[790, 792, 860]
[723, 791, 793]
[792, 794, 862]
[725, 793, 795]
[794, 796, 864]
[727, 795, 797]
[796, 798, 866]
[729, 797, 799]
[798, 800, 868]
[731, 799, 801]
[800, 802, 870]
[733, 801, 803]
[802, 804, 872]
[735, 803, 805]
[804, 806, 874]
[737, 805, 807]
[806, 808, 876]
[739, 807, 809]
[808, 810, 878]
[741, 809, 811]
[810, 812, 880]
[743, 811, 813]
[812, 814, 882]
[745, 813, 815]
[814, 816, 884]
[747, 815, 817]
[816, 818, 886]
[749, 817, 819]
[818, 820, 888]
[751, 819, 821]
[820, 822, 890]
[753, 821, 823]
[822, 824, 892]
[755, 823, 825]
[824, 826, 894]
[757, 825, 827]
[826, 828, 896]
[759, 827, 829]
[828, 830, 898]
[761, 829, 831]
[830, 832, 900]
[763, 831, 833]
[832, 834, 902]
[765, 833, 835]
[834, 836, 904]
[767, 835, 837]
[836, 838, 906]
[769, 837, 839]
[770, 838, 908]
[771, 841, 909]
[840, 842, 910]
[773, 841, 843]
[842, 844, 912]
[775, 843, 845]
[844, 846, 914]
[777, 845, 847]
[846, 848, 916]
[779, 847, 849]
[848, 850, 918]
[781, 849, 851]
[850, 852, 920]
[783, 851, 853]
[852, 854, 922]
[785, 853, 855]
[854, 856, 924]
[787, 855, 857]
[856, 858, 926]
[789, 857, 859]
[858, 860, 928]
[791, 859, 861]
[860, 862, 930]
[793, 861, 863]
[862, 864, 932]
[795, 863, 865]
[864, 866, 934]
[797, 865, 867]
[866, 868, 936]
[799, 867, 869]
[868, 870, 938]
[801, 869, 871]
[870, 872, 940]
[803, 871, 873]
[872, 874, 942]
[805, 873, 875]
[874, 876, 944]
[807, 875, 877]
[876, 878, 946]
[809, 877, 879]
[878, 880, 948]
[811, 879, 881]
[880, 882, 950]
[813, 881, 883]
[882, 884, 952]
[815, 883, 885]
[884, 886, 954]
[817, 885, 887]
[886, 888, 956]
[819, 887, 889]
[888, 890, 958]
[821, 889, 891]
[890, 892, 960]
[823, 891, 893]
[892, 894, 962]
[825, 893, 895]
[894, 896, 964]
[827, 895, 897]
[896, 898, 966]
[829, 897, 899]
[898, 900, 968]
[831, 899, 901]
[900, 902, 970]
[833, 901, 903]
[902, 904, 972]
[835, 903, 905]
[904, 906, 974]
[837, 905, 907]
[906, 908, 976]
[839, 907, 909]
[840, 908, 978]
[841, 911, 979]
[910, 912, 980]
[843, 911, 913]
[912, 914, 982]
[845, 913, 915]
[914, 916, 984]
[847, 915, 917]
[916, 918, 986]
[849, 917, 919]
[918, 920, 988]
[851, 919, 921]
[920, 922, 990]
[853, 921, 923]
[922, 924, 992]
[855, 923, 925]
[924, 926, 994]
[857, 925, 927]
[926, 928, 996]
[859, 927, 929]
[928, 930, 998]
[861, 929, 931]
[930, 932, 1000]
[863, 931, 933]
[932, 934, 1002]
[865, 933, 935]
[934, 936, 1004]
[867, 935, 937]
[936, 938, 1006]
[869, 937, 939]
[938, 940, 1008]
[871, 939, 941]
[940, 942, 1010]
[873, 941, 943]
[942, 944, 1012]
[875, 943, 945]
[944, 946, 1014]
[877, 945, 947]
[946, 948, 1016]
[879, 947, 949]
[948, 950, 1018]
[881, 949, 951]
[950, 952, 1020]
[883, 951, 953]
[952, 954, 1022]
[885, 953, 955]
[954, 956, 1024]
[887, 955, 957]
[956, 958, 1026]
[889, 957, 959]
[958, 960, 1028]
[891, 959, 961]
[960, 962, 1030]
[893, 961, 963]
[962, 964, 1032]
[895, 963, 965]
[964, 966, 1034]
[897, 965, 967]
[966, 968, 1036]
[899, 967, 969]
[968, 970, 1038]
[901, 969, 971]
[970, 972, 1040]
[903, 971, 973]
[972, 974, 1042]
[905, 973, 975]
[974, 976, 1044]
[907, 975, 977]
[976, 978, 1046]
[909, 977, 979]
[910, 978, 1048]
[911, 981, 1049]
[980, 982, 1050]
[913, 981, 983]
[982, 984, 1052]
[915, 983, 985]
[984, 986, 1054]
[917, 985, 987]
[986, 988, 1056]
[919, 987, 989]
[988, 990, 1058]
[921, 989, 991]
[990, 992, 1060]
[923, 991, 993]
[992, 994, 1062]
[925, 993, 995]
[994, 996, 1064]
[927, 995, 997]
[996, 998, 1066]
[929, 997, 999]
[998, 1000, 1068]
[931, 999, 1001]
[1000, 1002, 1070]
[933, 1001, 1003]
[1002, 1004, 1072]
[935, 1003, 1005]
[1004, 1006, 1074]
[937, 1005, 1007]
[1006, 1008, 1076]
[939, 1007, 1009]
[1008, 1010, 1078]
[941, 1009, 1011]
[1010, 1012, 1080]
[943, 1011, 1013]
[1012, 1014, 1082]
[945, 1013, 1015]
[1014, 1016, 1084]
[947, 1015, 1017]
[1016, 1018, 1086]
[949, 1017, 1019]
[1018, 1020, 1088]
[951, 1019, 1021]
[1020, 1022, 1090]
[953, 1021, 1023]
[1022, 1024, 1092]
[955, 1023, 1025]
[1024, 1026, 1094]
[957, 1025, 1027]
[1026, 1028, 1096]
[959, 1027, 1029]
[1028, 1030, 1098]
[961, 1029, 1031]
[1030, 1032, 1100]
[963, 1031, 1033]
[1032, 1034, 1102]
[965, 1033, 1035]
[1034, 1036, 1104]
[967, 1035, 1037]
[1036, 1038, 1106]
[969, 1037, 1039]
[1038, 1040, 1108]
[971, 1039, 1041]
[1040, 1042, 1110]
[973, 1041, 1043]
[1042, 1044, 1112]
[975, 1043, 1045]
[1044, 1046, 1114]
[977, 1045, 1047]
[1046, 1048, 1116]
[979, 1047, 1049]
[980, 1048, 1118]
[981, 1051, 1119]
[1050, 1052, 1120]
[983, 1051, 1053]
[1052, 1054, 1122]
[985, 1053, 1055]
[1054, 1056, 1124]
[987, 1055, 1057]
[1056, 1058, 1126]
[989, 1057, 1059]
[1058, 1060, 1128]
[991, 1059, 1061]
[1060, 1062, 1130]
[993, 1061, 1063]
[1062, 1064, 1132]
[995, 1063, 1065]
[1064, 1066, 1134]
[997, 1065, 1067]
[1066, 1068, 1136]
[999, 1067, 1069]
[1068, 1070, 1138]
[1001, 1069, 1071]
[1070, 1072, 1140]
[1003, 1071, 1073]
[1072, 1074, 1142]
[1005, 1073, 1075]
[1074, 1076, 1144]
[1007, 1075, 1077]
[1076, 1078, 1146]
[1009, 1077, 1079]
[1078, 1080, 1148]
[1011, 1079, 1081]
[1080, 1082, 1150]
[1013, 1081, 1083]
[1082, 1084, 1152]
[1015, 1083, 1085]
[1084, 1086, 1154]
[1017, 1085, 1087]
[1086, 1088, 1156]
[1019, 1087, 1089]
[1088, 1090, 1158]
[1021, 1089, 1091]
[1090, 1092, 1160]
[1023, 1091, 1093]
[1092, 1094, 1162]
[1025, 1093, 1095]
[1094, 1096, 1164]
[1027, 1095, 1097]
[1096, 1098, 1166]
[1029, 1097, 1099]
[1098, 1100, 1168]
[1031, 1099, 1101]
[1100, 1102, 1170]
[1033, 1101, 1103]
[1102, 1104, 1172]
[1035, 1103, 1105]
[1104, 1106, 1174]
[1037, 1105, 1107]
[1106, 1108, 1176]
[1039, 1107, 1109]
[1108, 1110, 1178]
[1041, 1109, 1111]
[1110, 1112, 1180]
[1043, 1111, 1113]
[1112, 1114, 1182]
[1045, 1113, 1115]
[1114, 1116, 1184]
[1047, 1115, 1117]
[1116, 1118, 1186]
[1049, 1117, 1119]
[1050, 1118, 1188]
[1051, 1121, 1189]
[1120, 1122, 1190]
[1053, 1121, 1123]
[1122, 1124, 1192]
[1055, 1123, 1125]
[1124, 1126, 1194]
[1057, 1125, 1127]
[1126, 1128, 1196]
[1059, 1127, 1129]
[1128, 1130, 1198]
[1061, 1129, 1131]
[1130, 1132, 1200]
[1063, 1131, 1133]
[1132, 1134, 1202]
[1065, 1133, 1135]
[1134, 1136, 1204]
[1067, 1135, 1137]
[1136, 1138, 1206]
[1069, 1137, 1139]
[1138, 1140, 1208]
[1071, 1139, 1141]
[1140, 1142, 1210]
[1073, 1141, 1143]
[1142, 1144, 1212]
[1075, 1143, 1145]
[1144, 1146, 1214]
[1077, 1145, 1147]
[1146, 1148, 1216]
[1079, 1147, 1149]
[1148, 1150, 1218]
[1081, 1149, 1151]
[1150, 1152, 1220]
[1083, 1151, 1153]
[1152, 1154, 1222]
[1085, 1153, 1155]
[1154, 1156, 1224]
[1087, 1155, 1157]
[1156, 1158, 1226]
[1089, 1157, 1159]
[1158, 1160, 1228]
[1091, 1159, 1161]
[1160, 1162, 1230]
[1093, 1161, 1163]
[1162, 1164, 1232]
[1095, 1163, 1165]
[1164, 1166, 1234]
[1097, 1165, 1167]
[1166, 1168, 1236]
[1099, 1167, 1169]
[1168, 1170, 1238]
[1101, 1169, 1171]
[1170, 1172, 1240]
[1103, 1171, 1173]
[1172, 1174, 1242]
[1105, 1173, 1175]
[1174, 1176, 1244]
[1107, 1175, 1177]
[1176, 1178, 1246]
[1109, 1177, 1179]
[1178, 1180, 1248]
[1111, 1179, 1181]
[1180, 1182, 1250]
[1113, 1181, 1183]
[1182, 1184, 1252]
[1115, 1183, 1185]
[1184, 1186, 1254]
[1117, 1185, 1187]
[1186, 1188, 1256]
[1119, 1187, 1189]
[1120, 1188, 1258]
[1121, 1191, 1259]
[1190, 1192, 1260]
[1123, 1191, 1193]
[1192, 1194, 1262]
[1125, 1193, 1195]
[1194, 1196, 1264]
[1127, 1195, 1197]
[1196, 1198, 1266]
[1129, 1197, 1199]
[1198, 1200, 1268]
[1131, 1199, 1201]
[1200, 1202, 1270]
[1133, 1201, 1203]
[1202, 1204, 1272]
[1135, 1203, 1205]
[1204, 1206, 1274]
[1137, 1205, 1207]
[1206, 1208, 1276]
[1139, 1207, 1209]
[1208, 1210, 1278]
[1141, 1209, 1211]
[1210, 1212, 1280]
[1143, 1211, 1213]
[1212, 1214, 1282]
[1145, 1213, 1215]
[1214, 1216, 1284]
[1147, 1215, 1217]
[1216, 1218, 1286]
[1149, 1217, 1219]
[1218, 1220, 1288]
[1151, 1219, 1221]
[1220, 1222, 1290]
[1153, 1221, 1223]
[1222, 1224, 1292]
[1155, 1223, 1225]
[1224, 1226, 1294]
[1157, 1225, 1227]
[1226, 1228, 1296]
[1159, 1227, 1229]
[1228, 1230, 1298]
[1161, 1229, 1231]
[1230, 1232, 1300]
[1163, 1231, 1233]
[1232, 1234, 1302]
[1165, 1233, 1235]
[1234, 1236, 1304]
[1167, 1235, 1237]
[1236, 1238, 1306]
[1169, 1237, 1239]
[1238, 1240, 1308]
[1171, 1239, 1241]
[1240, 1242, 1310]
[1173, 1241, 1243]
[1242, 1244, 1312]
[1175, 1243, 1245]
[1244, 1246, 1314]
[1177, 1245, 1247]
[1246, 1248, 1316]
[1179, 1247, 1249]
[1248, 1250, 1318]
[1181, 1249, 1251]
[1250, 1252, 1320]
[1183, 1251, 1253]
[1252, 1254, 1322]
[1185, 1253, 1255]
[1254, 1256, 1324]
[1187, 1255, 1257]
[1256, 1258, 1326]
[1189, 1257, 1259]
[1190, 1258, 1328]
[1191, 1261, 1329]
[1260, 1262, 1330]
[1193, 1261, 1263]
[1262, 1264, 1332]
[1195, 1263, 1265]
[1264, 1266, 1334]
[1197, 1265, 1267]
[1266, 1268, 1336]
[1199, 1267, 1269]
[1268, 1270, 1338]
[1201, 1269, 1271]
[1270, 1272, 1340]
[1203, 1271, 1273]
[1272, 1274, 1342]
[1205, 1273, 1275]
[1274, 1276, 1344]
[1207, 1275, 1277]
[1276, 1278, 1346]
[1209, 1277, 1279]
[1278, 1280, 1348]
[1211, 1279, 1281]
[1280, 1282, 1350]
[1213, 1281, 1283]
[1282, 1284, 1352]
[1215, 1283, 1285]
[1284, 1286, 1354]
[1217, 1285, 1287]
[1286, 1288, 1356]
[1219, 1287, 1289]
[1288, 1290, 1358]
[1221, 1289, 1291]
[1290, 1292, 1360]
[1223, 1291, 1293]
[1292, 1294, 1362]
[1225, 1293, 1295]
[1294, 1296, 1364]
[1227, 1295, 1297]
[1296, 1298, 1366]
[1229, 1297, 1299]
[1298, 1300, 1368]
[1231, 1299, 1301]
[1300, 1302, 1370]
[1233, 1301, 1303]
[1302, 1304, 1372]
[1235, 1303, 1305]
[1304, 1306, 1374]
[1237, 1305, 1307]
[1306, 1308, 1376]
[1239, 1307, 1309]
[1308, 1310, 1378]
[1241, 1309, 1311]
[1310, 1312, 1380]
[1243, 1311, 1313]
[1312, 1314, 1382]
[1245, 1313, 1315]
[1314, 1316, 1384]
[1247, 1315, 1317]
[1316, 1318, 1386]
[1249, 1317, 1319]
[1318, 1320, 1388]
[1251, 1319, 1321]
[1320, 1322, 1390]
[1253, 1321, 1323]
[1322, 1324, 1392]
[1255, 1323, 1325]
[1324, 1326, 1394]
[1257, 1325, 1327]
[1326, 1328, 1396]
[1259, 1327, 1329]
[1260, 1328, 1398]
[1261, 1331, 1399]
[1330, 1332, 1400]
[1263, 1331, 1333]
[1332, 1334, 1402]
[1265, 1333, 1335]
[1334, 1336, 1404]
[1267, 1335, 1337]
[1336, 1338, 1406]
[1269, 1337, 1339]
[1338, 1340, 1408]
[1271, 1339, 1341]
[1340, 1342, 1410]
[1273, 1341, 1343]
[1342, 1344, 1412]
[1275, 1343, 1345]
[1344, 1346, 1414]
[1277, 1345, 1347]
[1346, 1348, 1416]
[1279, 1347, 1349]
[1348, 1350, 1418]
[1281, 1349, 1351]
[1350, 1352, 1420]
[1283, 1351, 1353]
[1352, 1354, 1422]
[1285, 1353, 1355]
[1354, 1356, 1424]
[1287, 1355, 1357]
[1356, 1358, 1426]
[1289, 1357, 1359]
[1358, 1360, 1428]
[1291, 1359, 1361]
[1360, 1362, 1430]
[1293, 1361, 1363]
[1362, 1364, 1432]
[1295, 1363, 1365]
[1364, 1366, 1434]
[1297, 1365, 1367]
[1366, 1368, 1436]
[1299, 1367, 1369]
[1368, 1370, 1438]
[1301, 1369, 1371]
[1370, 1372, 1440]
[1303, 1371, 1373]
[1372, 1374, 1442]
[1305, 1373, 1375]
[1374, 1376, 1444]
[1307, 1375, 1377]
[1376, 1378, 1446]
[1309, 1377, 1379]
[1378, 1380, 1448]
[1311, 1379, 1381]
[1380, 1382, 1450]
[1313, 1381, 1383]
[1382, 1384, 1452]
[1315, 1383, 1385]
[1384, 1386, 1454]
[1317, 1385, 1387]
[1386, 1388, 1456]
[1319, 1387, 1389]
[1388, 1390, 1458]
[1321, 1389, 1391]
[1390, 1392, 1460]
[1323, 1391, 1393]
[1392, 1394, 1462]
[1325, 1393, 1395]
[1394, 1396, 1464]
[1327, 1395, 1397]
[1396, 1398, 1466]
[1329, 1397, 1399]
[1330, 1398, 1468]
[1331, 1401, 1469]
[1400, 1402, 1470]
[1333, 1401, 1403]
[1402, 1404, 1472]
[1335, 1403, 1405]
[1404, 1406, 1474]
[1337, 1405, 1407]
[1406, 1408, 1476]
[1339, 1407, 1409]
[1408, 1410, 1478]
[1341, 1409, 1411]
[1410, 1412, 1480]
[1343, 1411, 1413]
[1412, 1414, 1482]
[1345, 1413, 1415]
[1414, 1416, 1484]
[1347, 1415, 1417]
[1416, 1418, 1486]
[1349, 1417, 1419]
[1418, 1420, 1488]
[1351, 1419, 1421]
[1420, 1422, 1490]
[1353, 1421, 1423]
[1422, 1424, 1492]
[1355, 1423, 1425]
[1424, 1426, 1494]
[1357, 1425, 1427]
[1426, 1428, 1496]
[1359, 1427, 1429]
[1428, 1430, 1498]
[1361, 1429, 1431]
[1430, 1432, 1500]
[1363, 1431, 1433]
[1432, 1434, 1502]
[1365, 1433, 1435]
[1434, 1436, 1504]
[1367, 1435, 1437]
[1436, 1438, 1506]
[1369, 1437, 1439]
[1438, 1440, 1508]
[1371, 1439, 1441]
[1440, 1442, 1510]
[1373, 1441, 1443]
[1442, 1444, 1512]
[1375, 1443, 1445]
[1444, 1446, 1514]
[1377, 1445, 1447]
[1446, 1448, 1516]
[1379, 1447, 1449]
[1448, 1450, 1518]
[1381, 1449, 1451]
[1450, 1452, 1520]
[1383, 1451, 1453]
[1452, 1454, 1522]
[1385, 1453, 1455]
[1454, 1456, 1524]
[1387, 1455, 1457]
[1456, 1458, 1526]
[1389, 1457, 1459]
[1458, 1460, 1528]
[1391, 1459, 1461]
[1460, 1462, 1530]
[1393, 1461, 1463]
[1462, 1464, 1532]
[1395, 1463, 1465]
[1464, 1466, 1534]
[1397, 1465, 1467]
[1466, 1468, 1536]
[1399, 1467, 1469]
[1400, 1468, 1538]
[1401, 1471, 1539]
[1470, 1472, 1540]
[1403, 1471, 1473]
[1472, 1474, 1542]
[1405, 1473, 1475]
[1474, 1476, 1544]
[1407, 1475, 1477]
[1476, 1478, 1546]
[1409, 1477, 1479]
[1478, 1480, 1548]
[1411, 1479, 1481]
[1480, 1482, 1550]
[1413, 1481, 1483]
[1482, 1484, 1552]
[1415, 1483, 1485]
[1484, 1486, 1554]
[1417, 1485, 1487]
[1486, 1488, 1556]
[1419, 1487, 1489]
[1488, 1490, 1558]
[1421, 1489, 1491]
[1490, 1492, 1560]
[1423, 1491, 1493]
[1492, 1494, 1562]
[1425, 1493, 1495]
[1494, 1496, 1564]
[1427, 1495, 1497]
[1496, 1498, 1566]
[1429, 1497, 1499]
[1498, 1500, 1568]
[1431, 1499, 1501]
[1500, 1502, 1570]
[1433, 1501, 1503]
[1502, 1504, 1572]
[1435, 1503, 1505]
[1504, 1506, 1574]
[1437, 1505, 1507]
[1506, 1508, 1576]
[1439, 1507, 1509]
[1508, 1510, 1578]
[1441, 1509, 1511]
[1510, 1512, 1580]
[1443, 1511, 1513]
[1512, 1514, 1582]
[1445, 1513, 1515]
[1514, 1516, 1584]
[1447, 1515, 1517]
[1516, 1518, 1586]
[1449, 1517, 1519]
[1518, 1520, 1588]
[1451, 1519, 1521]
[1520, 1522, 1590]
[1453, 1521, 1523]
[1522, 1524, 1592]
[1455, 1523, 1525]
[1524, 1526, 1594]
[1457, 1525, 1527]
[1526, 1528, 1596]
[1459, 1527, 1529]
[1528, 1530, 1598]
[1461, 1529, 1531]
[1530, 1532, 1600]
[1463, 1531, 1533]
[1532, 1534, 1602]
[1465, 1533, 1535]
[1534, 1536, 1604]
[1467, 1535, 1537]
[1536, 1538, 1606]
[1469, 1537, 1539]
[1470, 1538, 1608]
[1471, 1541, 1609]
[1540, 1542, 1610]
[1473, 1541, 1543]
[1542, 1544, 1612]
[1475, 1543, 1545]
[1544, 1546, 1614]
[1477, 1545, 1547]
[1546, 1548, 1616]
[1479, 1547, 1549]
[1548, 1550, 1618]
[1481, 1549, 1551]
[1550, 1552, 1620]
[1483, 1551, 1553]
[1552, 1554, 1622]
[1485, 1553, 1555]
[1554, 1556, 1624]
[1487, 1555, 1557]
[1556, 1558, 1626]
[1489, 1557, 1559]
[1558, 1560, 1628]
[1491, 1559, 1561]
[1560, 1562, 1630]
[1493, 1561, 1563]
[1562, 1564, 1632]
[1495, 1563, 1565]
[1564, 1566, 1634]
[1497, 1565, 1567]
[1566, 1568, 1636]
[1499, 1567, 1569]
[1568, 1570, 1638]
[1501, 1569, 1571]
[1570, 1572, 1640]
[1503, 1571, 1573]
[1572, 1574, 1642]
[1505, 1573, 1575]
[1574, 1576, 1644]
[1507, 1575, 1577]
[1576, 1578, 1646]
[1509, 1577, 1579]
[1578, 1580, 1648]
[1511, 1579, 1581]
[1580, 1582, 1650]
[1513, 1581, 1583]
[1582, 1584, 1652]
[1515, 1583, 1585]
[1584, 1586, 1654]
[1517, 1585, 1587]
[1586, 1588, 1656]
[1519, 1587, 1589]
[1588, 1590, 1658]
[1521, 1589, 1591]
[1590, 1592, 1660]
[1523, 1591, 1593]
[1592, 1594, 1662]
[1525, 1593, 1595]
[1594, 1596, 1664]
[1527, 1595, 1597]
[1596, 1598, 1666]
[1529, 1597, 1599]
[1598, 1600, 1668]
[1531, 1599, 1601]
[1600, 1602, 1670]
[1533, 1601, 1603]
[1602, 1604, 1672]
[1535, 1603, 1605]
[1604, 1606, 1674]
[1537, 1605, 1607]
[1606, 1608, 1676]
[1539, 1607, 1609]
[1540, 1608, 1678]
[1541, 1611, 1679]
[1610, 1612, 1680]
[1543, 1611, 1613]
[1612, 1614, 1682]
[1545, 1613, 1615]
[1614, 1616, 1684]
[1547, 1615, 1617]
[1616, 1618, 1686]
[1549, 1617, 1619]
[1618, 1620, 1688]
[1551, 1619, 1621]
[1620, 1622, 1690]
[1553, 1621, 1623]
[1622, 1624, 1692]
[1555, 1623, 1625]
[1624, 1626, 1694]
[1557, 1625, 1627]
[1626, 1628, 1696]
[1559, 1627, 1629]
[1628, 1630, 1698]
[1561, 1629, 1631]
[1630, 1632, 1700]
[1563, 1631, 1633]
[1632, 1634, 1702]
[1565, 1633, 1635]
[1634, 1636, 1704]
[1567, 1635, 1637]
[1636, 1638, 1706]
[1569, 1637, 1639]
[1638, 1640, 1708]
[1571, 1639, 1641]
[1640, 1642, 1710]
[1573, 1641, 1643]
[1642, 1644, 1712]
[1575, 1643, 1645]
[1644, 1646, 1714]
[1577, 1645, 1647]
[1646, 1648, 1716]
[1579, 1647, 1649]
[1648, 1650, 1718]
[1581, 1649, 1651]
[1650, 1652, 1720]
[1583, 1651, 1653]
[1652, 1654, 1722]
[1585, 1653, 1655]
[1654, 1656, 1724]
[1587, 1655, 1657]
[1656, 1658, 1726]
[1589, 1657, 1659]
[1658, 1660, 1728]
[1591, 1659, 1661]
[1660, 1662, 1730]
[1593, 1661, 1663]
[1662, 1664, 1732]
[1595, 1663, 1665]
[1664, 1666, 1734]
[1597, 1665, 1667]
[1666, 1668, 1736]
[1599, 1667, 1669]
[1668, 1670, 1738]
[1601, 1669, 1671]
[1670, 1672, 1740]
[1603, 1671, 1673]
[1672, 1674, 1742]
[1605, 1673, 1675]
[1674, 1676, 1744]
[1607, 1675, 1677]
[1676, 1678, 1746]
[1609, 1677, 1679]
[1610, 1678, 1748]
[1611, 1681, 1749]
[1680, 1682, 1750]
[1613, 1681, 1683]
[1682, 1684, 1752]
[1615, 1683, 1685]
[1684, 1686, 1754]
[1617, 1685, 1687]
[1686, 1688, 1756]
[1619, 1687, 1689]
[1688, 1690, 1758]
[1621, 1689, 1691]
[1690, 1692, 1760]
[1623, 1691, 1693]
[1692, 1694, 1762]
[1625, 1693, 1695]
[1694, 1696, 1764]
[1627, 1695, 1697]
[1696, 1698, 1766]
[1629, 1697, 1699]
[1698, 1700, 1768]
[1631, 1699, 1701]
[1700, 1702, 1770]
[1633, 1701, 1703]
[1702, 1704, 1772]
[1635, 1703, 1705]
[1704, 1706, 1774]
[1637, 1705, 1707]
[1706, 1708, 1776]
[1639, 1707, 1709]
[1708, 1710, 1778]
[1641, 1709, 1711]
[1710, 1712, 1780]
[1643, 1711, 1713]
[1712, 1714, 1782]
[1645, 1713, 1715]
[1714, 1716, 1784]
[1647, 1715, 1717]
[1716, 1718, 1786]
[1649, 1717, 1719]
[1718, 1720, 1788]
[1651, 1719, 1721]
[1720, 1722, 1790]
[1653, 1721, 1723]
[1722, 1724, 1792]
[1655, 1723, 1725]
[1724, 1726, 1794]
[1657, 1725, 1727]
[1726, 1728, 1796]
[1659, 1727, 1729]
[1728, 1730, 1798]
[1661, 1729, 1731]
[1730, 1732, 1800]
[1663, 1731, 1733]
[1732, 1734, 1802]
[1665, 1733, 1735]
[1734, 1736, 1804]
[1667, 1735, 1737]
[1736, 1738, 1806]
[1669, 1737, 1739]
[1738, 1740, 1808]
[1671, 1739, 1741]
[1740, 1742, 1810]
[1673, 1741, 1743]
[1742, 1744, 1812]
[1675, 1743, 1745]
[1744, 1746, 1814]
[1677, 1745, 1747]
[1746, 1748, 1816]
[1679, 1747, 1749]
[1680, 1748, 1818]
[1681, 1751, 1819]
[1750, 1752, 1820]
[1683, 1751, 1753]
[1752, 1754, 1822]
[1685, 1753, 1755]
[1754, 1756, 1824]
[1687, 1755, 1757]
[1756, 1758, 1826]
[1689, 1757, 1759]
[1758, 1760, 1828]
[1691, 1759, 1761]
[1760, 1762, 1830]
[1693, 1761, 1763]
[1762, 1764, 1832]
[1695, 1763, 1765]
[1764, 1766, 1834]
[1697, 1765, 1767]
[1766, 1768, 1836]
[1699, 1767, 1769]
[1768, 1770, 1838]
[1701, 1769, 1771]
[1770, 1772, 1840]
[1703, 1771, 1773]
[1772, 1774, 1842]
[1705, 1773, 1775]
[1774, 1776, 1844]
[1707, 1775, 1777]
[1776, 1778, 1846]
[1709, 1777, 1779]
[1778, 1780, 1848]
[1711, 1779, 1781]
[1780, 1782, 1850]
[1713, 1781, 1783]
[1782, 1784, 1852]
[1715, 1783, 1785]
[1784, 1786, 1854]
[1717, 1785, 1787]
[1786, 1788, 1856]
[1719, 1787, 1789]
[1788, 1790, 1858]
[1721, 1789, 1791]
[1790, 1792, 1860]
[1723, 1791, 1793]
[1792, 1794, 1862]
[1725, 1793, 1795]
[1794, 1796, 1864]
[1727, 1795, 1797]
[1796, 1798, 1866]
[1729, 1797, 1799]
[1798, 1800, 1868]
[1731, 1799, 1801]
[1800, 1802, 1870]
[1733, 1801, 1803]
[1802, 1804, 1872]
[1735, 1803, 1805]
[1804, 1806, 1874]
[1737, 1805, 1807]
[1806, 1808, 1876]
[1739, 1807, 1809]
[1808, 1810, 1878]
[1741, 1809, 1811]
[1810, 1812, 1880]
[1743, 1811, 1813]
[1812, 1814, 1882]
[1745, 1813, 1815]
[1814, 1816, 1884]
[1747, 1815, 1817]
[1816, 1818, 1886]
[1749, 1817, 1819]
[1750, 1818, 1888]
[1751, 1821, 1889]
[1820, 1822, 1890]
[1753, 1821, 1823]
[1822, 1824, 1892]
[1755, 1823, 1825]
[1824, 1826, 1894]
[1757, 1825, 1827]
[1826, 1828, 1896]
[1759, 1827, 1829]
[1828, 1830, 1898]
[1761, 1829, 1831]
[1830, 1832, 1900]
[1763, 1831, 1833]
[1832, 1834, 1902]
[1765, 1833, 1835]
[1834, 1836, 1904]
[1767, 1835, 1837]
[1836, 1838, 1906]
[1769, 1837, 1839]
[1838, 1840, 1908]
[1771, 1839, 1841]
[1840, 1842, 1910]
[1773, 1841, 1843]
[1842, 1844, 1912]
[1775, 1843, 1845]
[1844, 1846, 1914]
[1777, 1845, 1847]
[1846, 1848, 1916]
[1779, 1847, 1849]
[1848, 1850, 1918]
[1781, 1849, 1851]
[1850, 1852, 1920]
[1783, 1851, 1853]
[1852, 1854, 1922]
[1785, 1853, 1855]
[1854, 1856, 1924]
[1787, 1855, 1857]
[1856, 1858, 1926]
[1789, 1857, 1859]
[1858, 1860, 1928]
[1791, 1859, 1861]
[1860, 1862, 1930]
[1793, 1861, 1863]
[1862, 1864, 1932]
[1795, 1863, 1865]
[1864, 1866, 1934]
[1797, 1865, 1867]
[1866, 1868, 1936]
[1799, 1867, 1869]
[1868, 1870, 1938]
[1801, 1869, 1871]
[1870, 1872, 1940]
[1803, 1871, 1873]
[1872, 1874, 1942]
[1805, 1873, 1875]
[1874, 1876, 1944]
[1807, 1875, 1877]
[1876, 1878, 1946]
[1809, 1877, 1879]
[1878, 1880, 1948]
[1811, 1879, 1881]
[1880, 1882, 1950]
[1813, 1881, 1883]
[1882, 1884, 1952]
[1815, 1883, 1885]
[1884, 1886, 1954]
[1817, 1885, 1887]
[1886, 1888, 1956]
[1819, 1887, 1889]
[1820, 1888, 1958]
[1821, 1891, 1959]
[1890, 1892, 1960]
[1823, 1891, 1893]
[1892, 1894, 1962]
[1825, 1893, 1895]
[1894, 1896, 1964]
[1827, 1895, 1897]
[1896, 1898, 1966]
[1829, 1897, 1899]
[1898, 1900, 1968]
[1831, 1899, 1901]
[1900, 1902, 1970]
[1833, 1901, 1903]
[1902, 1904, 1972]
[1835, 1903, 1905]
[1904, 1906, 1974]
[1837, 1905, 1907]
[1906, 1908, 1976]
[1839, 1907, 1909]
[1908, 1910, 1978]
[1841, 1909, 1911]
[1910, 1912, 1980]
[1843, 1911, 1913]
[1912, 1914, 1982]
[1845, 1913, 1915]
[1914, 1916, 1984]
[1847, 1915, 1917]
[1916, 1918, 1986]
[1849, 1917, 1919]
[1918, 1920, 1988]
[1851, 1919, 1921]
[1920, 1922, 1990]
[1853, 1921, 1923]
[1922, 1924, 1992]
[1855, 1923, 1925]
[1924, 1926, 1994]
[1857, 1925, 1927]
[1926, 1928, 1996]
[1859, 1927, 1929]
[1928, 1930, 1998]
[1861, 1929, 1931]
[1930, 1932, 2000]
[1863, 1931, 1933]
[1932, 1934, 2002]
[1865, 1933, 1935]
[1934, 1936, 2004]
[1867, 1935, 1937]
[1936, 1938, 2006]
[1869, 1937, 1939]
[1938, 1940, 2008]
[1871, 1939, 1941]
[1940, 1942, 2010]
[1873, 1941, 1943]
[1942, 1944, 2012]
[1875, 1943, 1945]
[1944, 1946, 2014]
[1877, 1945, 1947]
[1946, 1948, 2016]
[1879, 1947, 1949]
[1948, 1950, 2018]
[1881, 1949, 1951]
[1950, 1952, 2020]
[1883, 1951, 1953]
[1952, 1954, 2022]
[1885, 1953, 1955]
[1954, 1956, 2024]
[1887, 1955, 1957]
[1956, 1958, 2026]
[1889, 1957, 1959]
[1890, 1958, 2028]
[1891, 1961, 2029]
[1960, 1962, 2030]
[1893, 1961, 1963]
[1962, 1964, 2032]
[1895, 1963, 1965]
[1964, 1966, 2034]
[1897, 1965, 1967]
[1966, 1968, 2036]
[1899, 1967, 1969]
[1968, 1970, 2038]
[1901, 1969, 1971]
[1970, 1972, 2040]
[1903, 1971, 1973]
[1972, 1974, 2042]
[1905, 1973, 1975]
[1974, 1976, 2044]
[1907, 1975, 1977]
[1976, 1978, 2046]
[1909, 1977, 1979]
[1978, 1980, 2048]
[1911, 1979, 1981]
[1980, 1982, 2050]
[1913, 1981, 1983]
[1982, 1984, 2052]
[1915, 1983, 1985]
[1984, 1986, 2054]
[1917, 1985, 1987]
[1986, 1988, 2056]
[1919, 1987, 1989]
[1988, 1990, 2058]
[1921, 1989, 1991]
[1990, 1992, 2060]
[1923, 1991, 1993]
[1992, 1994, 2062]
[1925, 1993, 1995]
[1994, 1996, 2064]
[1927, 1995, 1997]
[1996, 1998, 2066]
[1929, 1997, 1999]
[1998, 2000, 2068]
[1931, 1999, 2001]
[2000, 2002, 2070]
[1933, 2001, 2003]
[2002, 2004, 2072]
[1935, 2003, 2005]
[2004, 2006, 2074]
[1937, 2005, 2007]
[2006, 2008, 2076]
[1939, 2007, 2009]
[2008, 2010, 2078]
[1941, 2009, 2011]
[2010, 2012, 2080]
[1943, 2011, 2013]
[2012, 2014, 2082]
[1945, 2013, 2015]
[2014, 2016, 2084]
[1947, 2015, 2017]
[2016, 2018, 2086]
[1949, 2017, 2019]
[2018, 2020, 2088]
[1951, 2019, 2021]
[2020, 2022, 2090]
[1953, 2021, 2023]
[2022, 2024, 2092]
[1955, 2023, 2025]
[2024, 2026, 2094]
[1957, 2025, 2027]
[2026, 2028, 2096]
[1959, 2027, 2029]
[1960, 2028, 2098]
[1961, 2031, 2099]
[2030, 2032, 2100]
[1963, 2031, 2033]
[2032, 2034, 2102]
[1965, 2033, 2035]
[2034, 2036, 2104]
[1967, 2035, 2037]
[2036, 2038, 2106]
[1969, 2037, 2039]
[2038, 2040, 2108]
[1971, 2039, 2041]
[2040, 2042, 2110]
[1973, 2041, 2043]
[2042, 2044, 2112]
[1975, 2043, 2045]
[2044, 2046, 2114]
[1977, 2045, 2047]
[2046, 2048, 2116]
[1979, 2047, 2049]
[2048, 2050, 2118]
[1981, 2049, 2051]
[2050, 2052, 2120]
[1983, 2051, 2053]
[2052, 2054, 2122]
[1985, 2053, 2055]
[2054, 2056, 2124]
[1987, 2055, 2057]
[2056, 2058, 2126]
[1989, 2057, 2059]
[2058, 2060, 2128]
[1991, 2059, 2061]
[2060, 2062, 2130]
[1993, 2061, 2063]
[2062, 2064, 2132]
[1995, 2063, 2065]
[2064, 2066, 2134]
[1997, 2065, 2067]
[2066, 2068, 2136]
[1999, 2067, 2069]
[2068, 2070, 2138]
[2001, 2069, 2071]
[2070, 2072, 2140]
[2003, 2071, 2073]
[2072, 2074, 2142]
[2005, 2073, 2075]
[2074, 2076, 2144]
[2007, 2075, 2077]
[2076, 2078, 2146]
[2009, 2077, 2079]
[2078, 2080, 2148]
[2011, 2079, 2081]
[2080, 2082, 2150]
[2013, 2081, 2083]
[2082, 2084, 2152]
[2015, 2083, 2085]
[2084, 2086, 2154]
[2017, 2085, 2087]
[2086, 2088, 2156]
[2019, 2087, 2089]
[2088, 2090, 2158]
[2021, 2089, 2091]
[2090, 2092, 2160]
[2023, 2091, 2093]
[2092, 2094, 2162]
[2025, 2093, 2095]
[2094, 2096, 2164]
[2027, 2095, 2097]
[2096, 2098, 2166]
[2029, 2097, 2099]
[2030, 2098, 2168]
[2031, 2101, 2169]
[2100, 2102, 2170]
[2033, 2101, 2103]
[2102, 2104, 2172]
[2035, 2103, 2105]
[2104, 2106, 2174]
[2037, 2105, 2107]
[2106, 2108, 2176]
[2039, 2107, 2109]
[2108, 2110, 2178]
[2041, 2109, 2111]
[2110, 2112, 2180]
[2043, 2111, 2113]
[2112, 2114, 2182]
[2045, 2113, 2115]
[2114, 2116, 2184]
[2047, 2115, 2117]
[2116, 2118, 2186]
[2049, 2117, 2119]
[2118, 2120, 2188]
[2051, 2119, 2121]
[2120, 2122, 2190]
[2053, 2121, 2123]
[2122, 2124, 2192]
[2055, 2123, 2125]
[2124, 2126, 2194]
[2057, 2125, 2127]
[2126, 2128, 2196]
[2059, 2127, 2129]
[2128, 2130, 2198]
[2061, 2129, 2131]
[2130, 2132, 2200]
[2063, 2131, 2133]
[2132, 2134, 2202]
[2065, 2133, 2135]
[2134, 2136, 2204]
[2067, 2135, 2137]
[2136, 2138, 2206]
[2069, 2137, 2139]
[2138, 2140, 2208]
[2071, 2139, 2141]
[2140, 2142, 2210]
[2073, 2141, 2143]
[2142, 2144, 2212]
[2075, 2143, 2145]
[2144, 2146, 2214]
[2077, 2145, 2147]
[2146, 2148, 2216]
[2079, 2147, 2149]
[2148, 2150, 2218]
[2081, 2149, 2151]
[2150, 2152, 2220]
[2083, 2151, 2153]
[2152, 2154, 2222]
[2085, 2153, 2155]
[2154, 2156, 2224]
[2087, 2155, 2157]
[2156, 2158, 2226]
[2089, 2157, 2159]
[2158, 2160, 2228]
[2091, 2159, 2161]
[2160, 2162, 2230]
[2093, 2161, 2163]
[2162, 2164, 2232]
[2095, 2163, 2165]
[2164, 2166, 2234]
[2097, 2165, 2167]
[2166, 2168, 2236]
[2099, 2167, 2169]
[2100, 2168, 2238]
[2101, 2171, 2239]
[2170, 2172, 2240]
[2103, 2171, 2173]
[2172, 2174, 2242]
[2105, 2173, 2175]
[2174, 2176, 2244]
[2107, 2175, 2177]
[2176, 2178, 2246]
[2109, 2177, 2179]
[2178, 2180, 2248]
[2111, 2179, 2181]
[2180, 2182, 2250]
[2113, 2181, 2183]
[2182, 2184, 2252]
[2115, 2183, 2185]
[2184, 2186, 2254]
[2117, 2185, 2187]
[2186, 2188, 2256]
[2119, 2187, 2189]
[2188, 2190, 2258]
[2121, 2189, 2191]
[2190, 2192, 2260]
[2123, 2191, 2193]
[2192, 2194, 2262]
[2125, 2193, 2195]
[2194, 2196, 2264]
[2127, 2195, 2197]
[2196, 2198, 2266]
[2129, 2197, 2199]
[2198, 2200, 2268]
[2131, 2199, 2201]
[2200, 2202, 2270]
[2133, 2201, 2203]
[2202, 2204, 2272]
[2135, 2203, 2205]
[2204, 2206, 2274]
[2137, 2205, 2207]
[2206, 2208, 2276]
[2139, 2207, 2209]
[2208, 2210, 2278]
[2141, 2209, 2211]
[2210, 2212, 2280]
[2143, 2211, 2213]
[2212, 2214, 2282]
[2145, 2213, 2215]
[2214, 2216, 2284]
[2147, 2215, 2217]
[2216, 2218, 2286]
[2149, 2217, 2219]
[2218, 2220, 2288]
[2151, 2219, 2221]
[2220, 2222, 2290]
[2153, 2221, 2223]
[2222, 2224, 2292]
[2155, 2223, 2225]
[2224, 2226, 2294]
[2157, 2225, 2227]
[2226, 2228, 2296]
[2159, 2227, 2229]
[2228, 2230, 2298]
[2161, 2229, 2231]
[2230, 2232, 2300]
[2163, 2231, 2233]
[2232, 2234, 2302]
[2165, 2233, 2235]
[2234, 2236, 2304]
[2167, 2235, 2237]
[2236, 2238, 2306]
[2169, 2237, 2239]
[2170, 2238, 2308]
[2171, 2241, 2309]
[2240, 2242, 2310]
[2173, 2241, 2243]
[2242, 2244, 2312]
[2175, 2243, 2245]
[2244, 2246, 2314]
[2177, 2245, 2247]
[2246, 2248, 2316]
[2179, 2247, 2249]
[2248, 2250, 2318]
[2181, 2249, 2251]
[2250, 2252, 2320]
[2183, 2251, 2253]
[2252, 2254, 2322]
[2185, 2253, 2255]
[2254, 2256, 2324]
[2187, 2255, 2257]
[2256, 2258, 2326]
[2189, 2257, 2259]
[2258, 2260, 2328]
[2191, 2259, 2261]
[2260, 2262, 2330]
[2193, 2261, 2263]
[2262, 2264, 2332]
[2195, 2263, 2265]
[2264, 2266, 2334]
[2197, 2265, 2267]
[2266, 2268, 2336]
[2199, 2267, 2269]
[2268, 2270, 2338]
[2201, 2269, 2271]
[2270, 2272, 2340]
[2203, 2271, 2273]
[2272, 2274, 2342]
[2205, 2273, 2275]
[2274, 2276, 2344]
[2207, 2275, 2277]
[2276, 2278, 2346]
[2209, 2277, 2279]
[2278, 2280, 2348]
[2211, 2279, 2281]
[2280, 2282, 2350]
[2213, 2281, 2283]
[2282, 2284, 2352]
[2215, 2283, 2285]
[2284, 2286, 2354]
[2217, 2285, 2287]
[2286, 2288, 2356]
[2219, 2287, 2289]
[2288, 2290, 2358]
[2221, 2289, 2291]
[2290, 2292, 2360]
[2223, 2291, 2293]
[2292, 2294, 2362]
[2225, 2293, 2295]
[2294, 2296, 2364]
[2227, 2295, 2297]
[2296, 2298, 2366]
[2229, 2297, 2299]
[2298, 2300, 2368]
[2231, 2299, 2301]
[2300, 2302, 2370]
[2233, 2301, 2303]
[2302, 2304, 2372]
[2235, 2303, 2305]
[2304, 2306, 2374]
[2237, 2305, 2307]
[2306, 2308, 2376]
[2239, 2307, 2309]
[2240, 2308, 2378]
[2241, 2311, 2379]
[2310, 2312, 2380]
[2243, 2311, 2313]
[2312, 2314, 2382]
[2245, 2313, 2315]
[2314, 2316, 2384]
[2247, 2315, 2317]
[2316, 2318, 2386]
[2249, 2317, 2319]
[2318, 2320, 2388]
[2251, 2319, 2321]
[2320, 2322, 2390]
[2253, 2321, 2323]
[2322, 2324, 2392]
[2255, 2323, 2325]
[2324, 2326, 2394]
[2257, 2325, 2327]
[2326, 2328, 2396]
[2259, 2327, 2329]
[2328, 2330, 2398]
[2261, 2329, 2331]
[2330, 2332, 2400]
[2263, 2331, 2333]
[2332, 2334, 2402]
[2265, 2333, 2335]
[2334, 2336, 2404]
[2267, 2335, 2337]
[2336, 2338, 2406]
[2269, 2337, 2339]
[2338, 2340, 2408]
[2271, 2339, 2341]
[2340, 2342, 2410]
[2273, 2341, 2343]
[2342, 2344, 2412]
[2275, 2343, 2345]
[2344, 2346, 2414]
[2277, 2345, 2347]
[2346, 2348, 2416]
[2279, 2347, 2349]
[2348, 2350, 2418]
[2281, 2349, 2351]
[2350, 2352, 2420]
[2283, 2351, 2353]
[2352, 2354, 2422]
[2285, 2353, 2355]
[2354, 2356, 2424]
[2287, 2355, 2357]
[2356, 2358, 2426]
[2289, 2357, 2359]
[2358, 2360, 2428]
[2291, 2359, 2361]
[2360, 2362, 2430]
[2293, 2361, 2363]
[2362, 2364, 2432]
[2295, 2363, 2365]
[2364, 2366, 2434]
[2297, 2365, 2367]
[2366, 2368, 2436]
[2299, 2367, 2369]
[2368, 2370, 2438]
[2301, 2369, 2371]
[2370, 2372, 2440]
[2303, 2371, 2373]
[2372, 2374, 2442]
[2305, 2373, 2375]
[2374, 2376, 2444]
[2307, 2375, 2377]
[2376, 2378, 2446]
[2309, 2377, 2379]
[2310, 2378, 2448]
[2311, 2381, 2449]
[0, 2380, 2382]
[2313, 2381, 2383]
[2, 2382, 2384]
[2315, 2383, 2385]
[4, 2384, 2386]
[2317, 2385, 2387]
[6, 2386, 2388]
[2319, 2387, 2389]
[8, 2388, 2390]
[2321, 2389, 2391]
[10, 2390, 2392]
[2323, 2391, 2393]
[12, 2392, 2394]
[2325, 2393, 2395]
[14, 2394, 2396]
[2327, 2395, 2397]
[16, 2396, 2398]
[2329, 2397, 2399]
[18, 2398, 2400]
[2331, 2399, 2401]
[20, 2400, 2402]
[2333, 2401, 2403]
[22, 2402, 2404]
[2335, 2403, 2405]
[24, 2404, 2406]
[2337, 2405, 2407]
[26, 2406, 2408]
[2339, 2407, 2409]
[28, 2408, 2410]
[2341, 2409, 2411]
[30, 2410, 2412]
[2343, 2411, 2413]
[32, 2412, 2414]
[2345, 2413, 2415]
[34, 2414, 2416]
[2347, 2415, 2417]
[36, 2416, 2418]
[2349, 2417, 2419]
[38, 2418, 2420]
[2351, 2419, 2421]
[40, 2420, 2422]
[2353, 2421, 2423]
[42, 2422, 2424]
[2355, 2423, 2425]
[44, 2424, 2426]
[2357, 2425, 2427]
[46, 2426, 2428]
[2359, 2427, 2429]
[48, 2428, 2430]
[2361, 2429, 2431]
[50, 2430, 2432]
[2363, 2431, 2433]
[52, 2432, 2434]
[2365, 2433, 2435]
[54, 2434, 2436]
[2367, 2435, 2437]
[56, 2436, 2438]
[2369, 2437, 2439]
[58, 2438, 2440]
[2371, 2439, 2441]
[60, 2440, 2442]
[2373, 2441, 2443]
[62, 2442, 2444]
[2375, 2443, 2445]
[64, 2444, 2446]
[2377, 2445, 2447]
[66, 2446, 2448]
[2379, 2447, 2449]
[68, 2380, 2448]
