1
0
2
0
0
0
0
6
0
5
0
14
0
7
0
0
4
0
2
0
3
0
6
0
5
0
0
1
0
11
5
0
20
0
11
0
9
0
20
0
8
0
0
10
0
0
11
0
1
0
18
0
20
0
17
0
13
13
0
2
6
0
16
0
5
0
8
0
7
0
4
0
0
16
0
0
10
0
6
0
4
0
16
0
11
0
7
0
0
3
3
0
7
0
19
0
12
0
10
0
17
0
19
0
3
0
1
0
9
0
12
0
19
0
13
0
19
0
1
0
17
0
3
0
3
0
7
0
3
0
18
0
15
0
17
0
19
0
2
0
18
0
2
0
8
0
1
0
19
0
6
0
10
0
19
0
16
0
5
0
19
0
10
0
0
0
14
0
14
0
20
0
11
0
2
0
16
0
0
15
9
0
18
0
3
0
19
0
7
0
14
0
17
0
0
0
0
0
14
0
2
0
6
0
7
0
8
0
11
0
0
0
2
0
7
0
3
0
5
0
14
0
6
0
9
