0.0420587
0.0262692
0.0843362
0.0184416
0.0185171
0.0214084
0.016041
0.0796075
0.00520217
0.0341123
0.0333104
0.0418465
0.0329292
0.0768876
0.0451551
0.0484109
0.112924
0.0228729
0.0406763
0.141327
0.0222335
0.0293728
0.107288
0.0814344
0.0616904
0.00381811
0.0675552
0.0634601
0.0752015
0.0883759
0.082993
0.0675149
0.0168316
0.0161939
0.14087
0.120757
0.0201088
0.080217
0.0436877
0.0274329
0.146933
0.124572
0.0657615
0.0664038
0.114315
0.0123277
0.0526946
0.0643886
0.131922
0.0626989
0.0625951
0.0792384
0.0999973
0.0168099
0.139511
0.0981519
0.116259
0.0388717
0.149433
0.0640429
0.0378753
0.152384
0.0468528
0.13197
0.0346051
0.0639053
0.136598
0.140604
0.0993619
0.0764217
0.0260993
0.0280862
0.131452
0.0439687
0.100988
0.0378332
0.0749811
0.104204
0.107921
0.0683762
0.0643418
0.134166
0.0383197
0.138566
0.183651
0.0219752
0.0982785
0.052849
0.134458
0.0731831
0.133758
0.130892
0.166354
0.132704
0.0998144
0.125012
0.0246597
0.117138
0.173717
0.0105494
0.150011
0.141518
0.0761803
0.111691
0.0825352
0.0408423
0.059798
0.124079
0.122466
0.140975
0.0195987
0.0565804
0.0685654
0.0350365
0.161873
0.081685
0.15176
0.0944465
0.0898578
0.189288
0.141576
0.126525
0.229599
0.0436358
0.0832184
0.0378005
0.130744
0.101737
0.0867988
0.212929
0.0779258
0.138052
0.158232
0.0416172
0.0706852
0.0862069
0.148194
0.137717
0.177458
0.0536321
0.123048
0.0450004
0.0612896
0.123044
0.145951
0.16216
0.0290704
0.0451082
0.125195
0.135331
0.0859405
0.133799
0.0245142
0.122893
0.191687
0.216273
0.042906
0.130173
0.00739301
0.132511
0.055576
0.046525
0.0922005
0.0779129
0.079323
0.127812
0.0949379
0.0906254
0.141364
0.205364
0.0793821
0.0845483
0.263894
0.209483
0.127009
0.0634945
0.0989365
0.129843
0.190266
0.0969329
0.0663084
0.138543
0.067789
0.145124
0.030785
0.0571874
0.165295
0.10066
0.0965575
0.132851
0.174155
0.224758
0.235808
0.219817
0.0554506
0.0642813
0.0876318
0.0495723
0.156804
0.309769
0.0774803
0.10042
0.12586
0.102876
0.0701502
0.167805
0.0620924
0.0960509
0.138852
0.12513
0.0159716
0.159635
0.0125006
0.23112
0.150564
0.078583
0.31263
0.0648073
0.117677
0.0766503
0.0833157
0.057917
0.122714
0.0880472
0.0487793
0.0903224
0.169555
0.0177179
0.154728
0.158692
0.254148
0.149711
0.1886
0.189301
0.016542
0.129096
0.133168
0.0921139
0.147305
0.200989
0.0820399
0.0203341
0.0691824
0.144
0.0899402
0.136577
0.258356
0.0626252
0.200012
0.0945271
0.148664
0.100903
0.0945606
0.0647009
0.220474
0.084389
0.0757493
0.0299652
0.0770665
0.254313
0.0642969
0.0164128
0.0571528
0.0823568
0.0951985
0.0505317
0.0415299
0.157817
0.0817699
0.0598882
0.234849
0.0159286
0.065612
0.0907684
0.226378
0.0359222
0.126586
0.111604
0.231374
0.0902253
0.01963
0.315714
0.154231
0.18529
0.00788083
0.172681
0.0512965
0.212698
0.128038
0.11383
0.100808
0.14639
0.0299735
0.124964
0.0555933
0.0762325
0.122857
0.0673159
0.0900299
0.102148
0.0314899
0.120382
0.0480939
0.0230269
0.15091
0.132751
0.0782672
0.0900287
0.249152
0.150295
0.111851
0.101066
0.0509567
0.0513973
0.225114
0.0560449
0.070318
0.0769155
0.0233664
0.0766608
0.0429814
0.154916
0.164506
0.0967034
0.119753
0.176863
0.0303396
0.0406521
0.19012
0.180499
0.167998
0.0375258
0.178681
0.134249
0.0642437
0.181854
0.0864109
0.146585
0.162985
0.0448477
0.126422
0.0801308
0.0822661
0.227765
0.220344
0.13644
0.267935
0.20299
0.0377761
0.197741
0.147199
0.0270984
0.168995
0.0916831
0.0971886
0.164549
0.0295707
0.186757
0.237002
0.098208
0.0583194
0.174816
0.104547
0.0782412
0.137011
0.130024
0.0865136
0.231972
0.102418
0.245563
0.224213
0.0866449
0.0383289
0.0919825
0.205911
0.33887
0.208246
0.211254
0.12806
0.153697
0.0806329
0.241874
0.133836
0.161363
0.153488
0.070152
0.0888153
0.281004
0.0668294
0.0517814
0.221977
0.098684
0.0701783
0.0936182
0.313892
0.271475
0.194818
0.138141
0.238949
0.236724
0.290827
0.233021
0.144335
0.287497
0.199078
0.11898
0.149404
0.158021
0.355651
0.345227
0.326368
0.141225
0.0388484
0.0959726
0.1336
0.0852762
0.244834
0.168873
0.227729
0.304475
0.123703
0.252556
0.0672682
0.235804
0.25797
0.161906
0.157372
0.103693
0.154179
0.147501
0.226458
0.0444127
0.1957
0.116149
0.246787
0.156875
0.157807
0.0390394
0.214171
0.124225
0.0487714
0.174932
0.168903
0.189306
0.218883
0.162733
0.0891652
0.170262
0.20619
0.0835111
0.203494
0.0671815
0.289576
0.238338
0.19694
0.140516
0.318656
0.223821
0.14278
0.157155
0.183938
0.278078
0.120262
0.0934332
0.140485
0.213217
0.319167
0.187929
0.156899
0.128388
0.342548
0.268915
0.27384
0.0575266
0.176105
0.230531
0.0853194
0.241251
0.246848
0.20463
0.228396
0.191916
0.111591
0.161052
0.19337
0.161932
0.297056
0.217241
0.175464
0.285416
0.153318
0.205763
0.0995257
0.25916
0.0642685
0.221164
0.141138
0.315208
0.265072
0.302694
0.242917
0.300575
0.134119
0.187632
0.195894
0.0954758
0.120541
0.231245
0.296938
0.122769
0.287859
0.211923
0.192282
0.113887
0.210029
0.23897
0.188727
0.127138
0.106198
0.0914713
0.0685006
0.13304
0.279164
0.204166
0.152007
0.192715
0.0381542
0.165945
0.231199
0.190111
0.230498
0.185231
0.272285
0.108065
0.15674
0.280991
0.266611
0.145473
0.181717
0.219856
0.109632
0.291595
0.0608194
0.321843
0.0786842
0.249715
0.204716
0.112808
0.330064
0.130195
0.26299
0.242255
0.284187
0.25704
0.338819
0.253772
0.312846
0.0996332
0.0796253
0.150042
0.17462
0.166491
0.273356
0.216881
0.121776
0.0523098
0.207345
0.206946
0.186177
0.310464
0.260175
0.0703986
0.0636587
0.167515
0.236507
0.179747
0.122832
0.0968136
0.179373
0.10467
0.123059
0.253305
0.145465
0.165715
0.0378811
0.199038
0.166764
0.258
0.268188
0.134211
0.135497
0.0915353
0.172604
0.123561
0.0412102
0.0915657
0.259915
0.158865
0.32564
0.0744368
0.245843
0.171238
0.24559
0.272844
0.0506869
0.20538
0.112393
0.188119
0.125337
0.126398
0.234901
0.187787
0.239365
0.222942
0.200828
0.268692
0.181763
0.194746
0.115712
0.19174
0.0740381
0.255826
0.21079
0.267074
0.196441
0.267811
0.299871
0.276823
0.120033
0.327117
0.0406956
0.178078
0.141429
0.225511
0.0929274
0.324546
0.218363
0.0467626
0.210717
0.0640953
0.0371514
0.182874
0.281654
0.165234
0.322464
0.108311
0.302529
0.187411
0.165724
0.181338
0.134478
0.123323
0.222435
0.0931143
0.146916
0.104888
0.106096
0.135546
0.0909898
0.202438
0.248036
0.142835
0.15862
0.227223
0.225945
0.226002
0.105365
0.299155
0.17567
0.324124
0.252271
0.196731
0.287489
0.213804
0.130067
0.212096
0.220447
0.18707
0.243927
0.317036
0.315185
0.0987314
0.209184
0.116594
0.200765
0.224323
0.29413
0.194272
0.309261
0.158654
0.185289
0.10972
0.235944
0.266278
0.147366
0.110736
0.369111
0.214556
0.242837
0.258038
0.320185
0.122892
0.240087
0.259122
0.248039
0.250419
0.166589
0.214857
0.0939316
0.190788
0.23547
0.0801589
0.1578
0.144476
0.117883
0.211788
0.0133429
0.320018
0.290783
0.156267
0.197471
0.158443
0.276551
0.334484
0.168753
0.242314
0.237302
0.266597
0.221046
0.290437
0.297267
0.309114
0.31541
0.380307
0.35738
0.163681
0.290575
0.260645
0.386579
0.299412
0.243953
0.303455
0.239574
0.342876
0.190497
0.280822
0.273222
0.225769
0.460809
0.330156
0.311957
0.279399
0.252405
0.398417
0.364151
0.374659
0.211929
0.320996
0.228453
0.376216
0.333598
0.363249
0.244165
0.320165
0.33382
0.416107
0.409836
0.371619
0.369959
0.283647
0.28657
0.300915
0.374737
0.302882
0.308111
0.289279
0.342963
0.378252
0.38783
0.19407
0.355746
0.357884
0.244343
0.299331
0.477671
0.417332
0.17806
0.381581
0.242345
0.355537
0.370975
0.250237
0.346906
0.42449
0.228359
0.280294
0.354052
0.325395
0.224661
0.2581
0.353574
0.422168
0.310886
0.380726
0.189498
0.299349
0.294029
0.22701
0.205145
0.259505
0.24105
0.195079
0.326387
0.117866
0.278519
0.215185
0.129646
0.265218
0.20541
0.315109
0.187089
0.228323
0.129774
0.296602
0.176243
0.273078
0.257592
0.24355
0.175666
0.251906
0.31845
0.23836
0.215648
0.188158
0.234081
0.245532
0.368262
0.219737
0.286591
0.209529
0.212112
0.410782
0.344334
0.209689
0.167758
0.253265
0.153851
0.243887
0.287287
0.289818
0.355739
0.343888
0.25761
0.297879
0.420384
0.267302
0.269639
0.366846
0.352587
0.365433
0.277511
0.330997
0.331559
0.321471
0.34082
0.323006
0.332975
0.325277
0.404403
0.318724
0.458996
0.325304
0.334266
0.327994
0.207228
0.270122
0.420507
0.327116
0.299206
0.371243
0.239959
0.259089
0.276831
0.309322
0.353308
0.438024
0.36138
0.378369
0.373238
0.36055
0.253419
0.351854
0.32136
0.32607
0.220392
0.372296
0.260285
0.350608
0.339546
0.274194
0.347027
0.280553
0.406772
0.305215
0.365461
0.474971
0.271894
0.411024
0.280992
0.278415
0.255449
0.271274
0.328291
0.277436
0.323718
0.295857
0.270323
0.446322
0.297547
0.247256
0.311637
0.20792
0.357298
0.257285
0.268095
0.242427
0.328603
0.4274
0.23191
0.268471
0.420754
0.369547
0.434505
0.417042
0.39382
0.231905
0.320897
0.29805
0.308749
0.429686
0.355336
0.17114
0.0202324
0.198116
0.144879
0.35254
0.215316
0.252548
0.119927
0.192732
0.110126
0.279813
0.0997624
0.212844
0.0760887
0.0918402
0.0736181
0.200942
0.22171
0.138145
0.176297
0.255118
0.243617
0.101752
0.110761
0.132612
0.301383
0.119832
0.405408
0.141859
0.21649
0.270609
0.163867
0.197195
0.159231
0.122708
0.257909
0.222306
0.284804
0.0623697
0.130291
0.0544337
0.153605
0.297758
0.107893
0.197392
0.167987
0.351467
0.239693
0.162398
0.236495
0.100668
0.11566
0.22312
0.241751
0.17187
0.437079
0.145164
0.32716
0.203932
0.109072
0.109748
0.260874
0.361503
0.273121
0.117789
0.208702
0.16013
0.216828
0.10319
0.281897
0.267408
0.128913
0.16079
0.197202
0.120355
0.236254
0.196432
0.280229
0.150697
0.00874274
0.295084
0.265306
0.300449
0.295157
0.226848
0.452977
0.0909555
0.171106
0.26308
0.258369
0.325824
0.0980355
0.0793117
0.0890607
0.218997
0.191348
0.063718
0.107421
0.202849
0.31334
0.252987
0.404072
0.201286
0.220685
0.253142
0.309889
0.326058
0.22115
0.289445
0.128346
0.226425
0.387469
0.291517
0.332764
0.298874
0.235663
0.359724
0.34591
0.348926
0.337528
0.386933
0.440021
0.24178
0.410187
0.265304
0.246365
0.262464
0.261951
0.304258
0.176642
0.265303
0.354073
0.292997
0.276041
0.276941
0.240416
0.173276
0.350728
0.319199
0.426919
0.237773
0.235951
0.48581
0.50093
0.286031
0.469004
0.440842
0.4119
0.247046
0.401225
0.367932
0.361598
0.33671
0.378048
0.420015
0.509836
0.390219
0.376003
0.450299
0.321989
0.424665
0.365958
0.291278
0.308449
0.398714
0.340683
0.213618
0.337489
0.470992
0.463488
0.356149
0.348377
0.367133
0.286317
0.460376
0.391866
0.38319
0.404265
0.327159
0.390605
0.342902
0.308454
0.249667
0.343448
0.314614
0.287426
0.297219
0.349239
0.300123
0.331263
0.425774
0.310479
0.346858
0.25585
0.211067
0.33569
0.38122
0.370747
0.493596
0.506333
0.326783
0.383995
0.322385
0.402655
0.431298
0.333539
0.3853
0.360595
0.353825
0.347516
0.321967
0.326553
0.463351
0.373085
0.368839
0.461643
0.424241
0.404962
0.373541
0.398684
0.266385
0.390105
0.477122
0.357791
0.349932
0.440335
0.373993
0.405377
0.349891
0.43037
0.284929
0.357785
0.362733
0.457136
0.381871
0.304228
0.440995
0.402572
0.317194
0.382564
0.411101
0.32601
0.39948
0.247765
0.380957
0.505055
0.4033
0.439835
0.334184
0.398795
0.248863
0.366095
0.412527
0.363603
0.335476
0.364553
0.38629
0.300229
0.403755
0.376993
0.408987
0.419785
0.307684
0.40346
0.374589
0.399089
0.387
0.515692
0.289746
0.288597
0.244819
0.252778
0.513354
0.325568
0.302235
0.380803
0.398583
0.50193
0.371838
0.341748
0.349442
0.417765
0.484636
0.466458
0.429506
0.522075
0.446376
0.387964
0.438615
0.411162
0.290029
0.229955
0.211653
0.427226
0.333041
0.247145
0.198601
0.248567
0.464349
0.402556
0.458056
0.220993
0.553048
0.393489
0.274615
0.382241
0.4322
0.406963
0.447109
0.402556
0.344324
0.513103
0.436761
0.376398
0.358963
0.440491
0.448391
0.311982
0.325824
0.385247
0.225085
0.378501
0.377215
0.433719
0.3185
0.418267
0.411748
0.380115
0.431093
0.48791
0.371251
0.453214
0.488688
0.511086
0.465065
0.422603
0.358981
0.394907
0.401124
0.408765
0.311982
0.455988
0.505891
0.154541
0.219096
0.398729
0.504211
0.433227
0.40325
0.286319
0.395136
0.408075
0.382317
0.43612
0.224632
0.404023
0.332409
0.382859
0.34731
0.421277
0.228827
0.425837
0.385202
0.254634
0.169612
0.27346
0.219137
0.38562
0.254804
0.345995
0.245569
0.149879
0.0945496
0.126491
0.386389
0.162449
0.259445
0.327289
0.287639
0.273498
0.160339
0.180711
0.2941
0.257753
0.223344
0.295803
0.128272
0.15778
0.132413
0.103247
0.140521
0.0468535
0.418327
0.0870434
0.208648
0.154082
0.204904
0.160972
0.220534
0.318899
0.206263
0.170659
0.468315
0.390035
0.176805
0.100146
0.238923
0.240833
0.352212
0.274886
0.29998
0.42539
0.126293
0.259479
0.242536
0.203102
0.13119
0.312685
0.0722178
0.0868249
0.18763
0.130442
0.193629
0.197346
0.135393
0.244421
0.393453
0.216805
0.290885
0.148248
0.211701
0.342264
0.208089
0.257804
0.337018
0.203788
0.200433
0.0767588
0.280805
0.0883839
0.230111
0.242702
0.102131
0.0828493
0.0784883
0.0683541
0.379176
0.125373
0.19014
0.429175
0.305532
0.0490609
0.206522
0.173485
0.0715827
0.162407
0.158836
0.298181
0.317669
0.344398
0.0433052
0.254433
0.0821755
0.155076
0.380613
0.193524
0.156989
0.366653
0.492203
0.080106
0.230399
0.253378
0.387685
0.241464
0.412976
0.472737
0.492177
0.287611
0.167047
0.202838
0.575058
0.309612
0.287828
0.454021
0.424285
0.350407
0.526278
0.259228
0.369929
0.358309
0.500815
0.376277
0.333801
0.373817
0.291522
0.260076
0.217535
0.14128
0.189281
0.248684
0.351903
0.240533
0.332742
0.229248
0.461504
0.305868
0.382336
0.304877
0.31971
0.343539
0.303658
0.200341
0.431397
0.230116
0.406854
0.368966
0.32041
0.287337
0.376572
0.305506
0.428808
0.417249
0.256151
0.294922
0.232607
0.249732
0.468824
0.298008
0.280826
0.343741
0.277772
0.490524
0.380019
0.298334
0.323529
0.453637
0.452915
0.325098
0.365201
0.365747
0.302456
0.411544
0.386053
0.42755
0.516964
0.340272
0.387212
0.271064
0.254481
0.411217
0.549963
0.317087
0.480828
0.463292
0.324651
0.132911
0.180206
0.352096
0.363356
0.320907
0.135306
0.216285
0.284076
0.484595
0.337016
0.361689
0.269165
0.386268
0.180687
0.300422
0.374046
0.438985
0.452699
0.251267
0.266952
0.424486
0.330329
0.3634
0.40998
0.416697
0.266626
0.445802
0.332969
0.350794
0.400055
0.381092
0.246654
0.380802
0.548029
0.462824
0.343786
0.482264
0.58403
0.420897
0.536202
0.449723
0.407785
0.517766
0.489286
0.373143
0.452579
0.47194
0.389744
0.350607
0.36554
0.453173
0.347952
0.242483
0.517269
0.462724
0.439953
0.379623
0.290861
0.292823
0.297655
0.347012
0.316298
0.385943
0.249792
0.418264
0.298197
0.266165
0.40389
0.291226
0.360009
0.348913
0.423822
0.436274
0.335237
0.343086
0.37139
0.380246
0.273669
0.525757
0.169256
0.339217
0.274747
0.366326
0.285787
0.357776
0.402144
0.598088
0.47331
0.400274
0.356465
0.410455
0.310732
0.439005
0.360444
0.22837
0.578216
0.312746
0.326881
0.255076
0.21389
0.488261
0.32905
0.491423
0.29481
0.201898
0.529773
0.444682
0.440325
0.293615
0.39191
0.431416
0.335954
0.391641
0.48129
0.322627
0.369924
0.403251
0.508798
0.331867
0.632414
0.521693
0.450749
0.172221
0.283786
0.332628
0.468333
0.451302
0.358064
0.530153
0.375746
0.492973
0.321416
0.420652
0.315453
0.400629
0.523258
0.191394
0.26753
0.380796
0.266022
0.123996
0.452987
0.405935
0.307418
0.339258
0.455621
0.333861
0.312746
0.247842
0.391624
0.21079
0.508899
0.2884
0.543472
0.24044
0.181473
0.509017
0.278562
0.275217
0.486862
0.498419
0.224475
0.330965
0.428555
0.537217
0.492741
0.353403
0.120778
0.310436
0.334269
0.196389
0.528632
0.473202
0.424122
0.386948
0.487102
0.484144
0.27613
0.479856
0.467463
0.213629
0.335152
0.489986
0.39512
0.412594
0.448919
0.261956
0.333853
0.193717
0.543869
0.244971
0.272493
0.363086
0.512069
0.414975
0.101443
0.393201
0.374264
0.342737
0.180215
0.480596
0.53148
0.156367
0.204663
0.493409
0.259217
0.207511
0.445408
0.338599
0.51657
0.511682
0.495616
0.607781
0.549885
0.46791
0.558707
0.565658
0.546771
0.457474
0.605076
0.470424
0.598909
0.477473
0.437795
0.588385
0.522612
0.46137
0.501835
0.54693
0.550749
0.566006
0.557523
0.530221
0.442966
0.578001
0.472382
0.535192
0.645842
0.529589
0.432004
0.490463
0.607798
0.58547
0.41895
0.639195
0.535344
0.492493
0.599699
0.521788
0.470575
0.457348
0.401634
0.430257
0.484479
0.431668
0.533347
0.511599
0.570321
0.454322
0.396476
0.59481
0.462491
0.631614
0.418036
0.574251
0.41003
0.519341
0.484349
0.564788
0.397596
0.463083
0.487863
0.533901
0.508517
0.533243
0.492133
0.31668
0.49984
0.517793
0.409808
0.551073
0.586607
0.401763
0.526352
0.514419
0.615841
0.46562
0.324332
0.428419
0.529968
0.493092
0.318853
0.44858
0.543745
0.390047
0.31969
0.533716
0.541484
0.372995
0.607636
0.592621
0.294724
0.638616
0.53568
0.623051
0.314277
0.482564
0.6627
0.57227
0.655808
0.656284
0.645067
0.61131
0.668512
0.565546
0.541967
0.57942
0.563002
0.671102
0.593039
0.644679
0.572526
0.569229
0.568198
0.581561
0.557285
0.585506
0.542536
0.681273
0.734484
0.580375
0.569233
0.655351
0.618688
0.534959
0.750805
0.622338
0.682855
0.571362
0.671214
0.764296
0.595935
0.608064
0.688232
0.653462
0.670688
0.610191
0.661576
0.621541
0.715157
0.688755
0.66248
0.608423
0.651242
0.663378
0.73387
0.710277
0.648547
0.754927
0.704837
0.702669
0.653052
0.663274
0.70939
0.688145
0.688346
0.746409
0.703812
0.688864
0.712487
0.713016
0.653953
0.677607
0.686188
0.660868
0.709451
0.658036
0.711222
0.688532
0.654947
0.638249
0.740488
0.702545
0.648939
0.640194
0.689438
0.6154
0.578486
0.728422
0.551934
0.732249
0.550231
0.671455
0.610973
0.576174
0.697235
0.594734
0.678037
0.584057
0.682964
0.662237
0.553825
0.578839
0.649758
0.661284
0.708744
0.611659
0.681984
0.633592
0.675155
0.670948
0.67235
0.67363
0.645451
0.693292
0.657381
0.660321
0.680636
0.648896
0.733547
0.699912
0.710686
0.766441
0.661749
0.718823
0.691752
0.676047
0.621724
0.711758
0.665323
0.686846
0.742366
0.632891
0.693045
0.669806
0.679155
0.719049
0.645808
0.760313
0.729791
0.663238
0.693536
0.69154
0.715081
0.704389
0.744375
0.678978
0.590467
0.543794
0.634505
0.695994
0.523154
0.552349
0.646261
0.651542
0.617733
0.645636
0.650621
0.611504
0.562872
0.631237
0.576247
0.615923
0.62478
0.672311
0.680811
0.642942
0.720577
0.666077
0.550969
0.661166
0.711939
0.63677
0.634652
0.5652
0.569676
0.555265
0.726111
0.558356
0.619237
0.522441
0.533042
0.660018
0.587442
0.6845
0.529391
0.639448
0.688965
0.667138
0.695467
0.582851
0.554367
0.62367
0.593012
0.668079
0.509848
0.587955
0.683738
0.667247
0.706725
0.676726
0.633146
0.690571
0.594213
0.625844
0.668867
0.578888
0.644511
0.600405
0.639089
0.734688
0.574266
0.733778
0.658015
0.66875
0.688262
0.522885
0.719356
0.582713
0.60117
0.663607
0.548388
0.588569
0.61567
0.565629
0.713248
0.575421
0.647115
0.717735
0.729546
0.610949
0.59399
0.680461
0.620223
0.653461
0.650165
0.656627
0.692334
0.705318
0.688167
0.735725
0.531829
0.642011
0.542556
0.630195
0.6947
0.716472
0.667923
0.724965
0.691056
0.494162
0.628172
0.717977
0.546426
0.453126
0.519415
0.692247
0.687521
0.727848
0.718283
0.755244
0.71205
0.631593
0.493343
0.500241
0.706974
0.591785
0.765136
0.746385
0.661741
0.773812
0.54681
0.632615
0.489531
0.687471
0.608742
0.694041
0.700142
0.76706
0.517571
0.761198
0.784884
0.58996
0.819996
0.779969
0.805658
0.759084
0.80626
0.739746
0.750558
0.797669
0.776992
0.762918
0.78015
0.674205
0.691079
0.575369
0.706668
0.589093
0.719758
0.67951
0.683124
0.664795
0.711159
0.683059
0.740132
0.572416
0.710088
0.708357
0.62163
0.75521
0.659995
0.758317
0.659867
0.7361
0.660784
0.658214
0.744957
0.609104
0.661485
0.650278
0.684073
0.72173
0.712276
0.647874
0.700558
0.770743
0.624137
0.608665
0.716083
0.617882
0.736013
0.735741
0.666718
0.776289
0.657961
0.666811
0.647816
0.715779
0.769701
0.688819
0.672513
0.718345
0.654522
0.754794
0.639124
0.708845
0.697244
0.690886
0.652016
0.666743
0.561582
0.632446
0.694669
0.660711
0.632708
0.752088
0.675089
0.616391
0.726713
0.649388
0.692039
0.669792
0.696722
0.719946
0.588126
0.654997
0.678201
0.678178
0.653177
0.735838
0.661436
0.699272
0.667614
0.646248
0.701209
0.632494
0.667043
0.587568
0.686881
0.582518
0.710555
0.64585
0.674806
0.582134
0.648495
0.669482
0.722081
0.657416
0.635536
0.664852
0.730624
0.602693
0.648221
0.664798
0.577745
0.589059
0.662024
0.58641
0.695614
0.644233
0.773584
0.601743
0.758522
0.677917
0.578313
0.591695
0.588053
0.685902
0.625233
0.675105
0.706229
0.642025
0.692543
0.662667
0.653001
0.690299
0.685898
0.641525
0.731615
0.663762
0.731385
0.669604
0.707888
0.626878
0.678556
0.668383
0.680987
0.691647
0.644897
0.737224
0.642355
0.559142
0.699269
0.66998
0.651694
0.6795
0.631502
0.68297
0.641233
0.739825
0.679612
0.68024
0.630772
0.612082
0.499974
0.622581
0.585528
0.611068
0.661581
0.671734
0.626139
0.638153
0.599794
0.664773
0.652316
0.617117
0.626787
0.574783
0.690578
0.566531
0.683162
0.64674
0.563778
0.691778
0.692817
0.673744
0.631346
0.651748
0.592118
0.645678
0.639356
0.560034
0.440716
0.478644
0.551063
0.559607
0.632999
0.609595
0.664847
0.463895
0.537997
0.564134
0.666757
0.628388
0.523491
0.512933
0.532771
0.438695
0.484707
0.550026
0.498786
0.639079
0.541044
0.682573
0.555133
0.588266
0.611198
0.67847
0.502996
0.475007
0.412477
0.665775
0.476115
0.603418
0.508266
0.584744
0.687239
0.629221
0.513941
0.598229
0.677416
0.589289
0.630174
0.640712
0.645156
0.728483
0.557479
0.600171
0.482351
0.545853
0.455134
0.527304
0.412482
0.573718
0.555015
0.625143
0.568641
0.487691
0.583994
0.640388
0.603209
0.594118
0.566364
0.535845
0.624229
0.600223
0.729525
0.53893
0.47467
0.635558
0.471189
0.583812
0.509854
0.654383
0.574931
0.592705
0.619559
0.498513
0.546236
0.547055
0.546888
0.526211
0.631999
0.565894
0.555707
0.559578
0.597757
0.63114
0.63457
0.619459
0.575915
0.639722
0.636936
0.646816
0.623911
0.658253
0.626785
0.635505
0.551042
0.578135
0.565605
0.639464
0.554621
0.63784
0.582898
0.655317
0.628178
0.640452
0.665525
0.687165
0.570268
0.558404
0.641223
0.645569
0.568379
0.702027
0.653868
0.59765
0.621207
0.578248
0.662165
0.581537
0.573667
0.524126
0.681959
0.548449
0.608388
0.544495
0.643575
0.589714
0.646597
0.470447
0.549761
0.590965
0.478895
0.516282
0.548156
0.46638
0.466152
0.496272
0.586349
0.523911
0.618598
0.623413
0.643656
0.683035
0.680761
0.604048
0.675732
0.668528
0.690795
0.694685
0.711896
0.608554
0.712283
0.676405
0.70039
0.632222
0.668158
0.698016
0.743259
0.743837
0.661702
0.604947
0.725247
0.651142
0.676428
0.684327
0.594372
0.725256
0.699972
0.704167
0.650428
0.593009
0.662336
0.620049
0.654376
0.617316
0.753691
0.603017
0.643918
0.729939
0.676264
0.705195
0.659186
0.666706
0.715875
0.664065
0.739257
0.758787
0.646774
0.730674
0.616409
0.587065
0.712407
0.679113
0.706226
0.61337
0.617945
0.64108
0.678307
0.616618
0.801163
0.72157
0.6968
0.768095
0.781476
0.593772
0.649539
0.715213
0.664639
0.671942
0.644577
0.59241
0.682271
0.576861
0.66478
0.706999
0.665196
0.63995
0.642492
0.647756
0.737352
0.742036
0.705943
0.748219
0.778677
0.716011
0.719031
0.723244
0.690973
0.730805
0.700196
0.752543
0.705014
0.653451
0.735097
0.807597
0.742546
0.760318
0.807328
0.759601
0.747811
0.774385
0.756873
0.830458
0.799206
0.714015
0.72992
0.720617
0.663294
0.554292
0.672485
0.621938
0.69852
0.701059
0.607235
0.764173
0.757116
0.735863
0.781654
0.773776
0.786882
0.79428
0.761797
0.731259
0.663716
0.788224
0.7263
0.733346
0.659599
0.728858
0.756732
0.745754
0.617086
0.705451
0.804844
0.691753
0.672469
0.794251
0.77274
0.750982
0.682798
0.666371
0.760976
0.62609
0.679385
0.718557
0.670266
0.675084
0.759663
0.727355
0.695397
0.694997
0.756023
0.75508
0.705972
0.649362
0.728208
0.78761
0.692427
0.733503
0.804679
0.676444
0.715687
0.754801
0.709685
0.662068
0.694411
0.639983
0.658735
0.632207
0.671441
0.716501
0.746315
0.71141
0.731087
0.658885
0.701218
0.666792
0.750745
0.699556
0.745304
0.724983
0.64487
0.630005
0.762416
0.717542
0.694073
0.740573
0.730999
0.646305
0.741641
0.633968
0.734773
0.69991
0.715836
0.70676
0.703854
0.784232
0.752933
0.687508
0.685477
0.701766
0.760058
0.687137
0.759211
0.688614
0.639132
0.720764
0.757421
0.756372
0.8
0.768431
0.671793
0.751187
0.753258
0.750987
0.736354
0.737708
0.759801
0.717036
0.776723
0.782377
0.76776
0.599518
0.621876
0.830307
0.61624
0.774428
0.658725
0.759409
0.746474
0.7209
0.698607
0.68282
0.641199
0.707133
0.772572
0.703465
0.783043
0.765353
0.815239
0.818817
0.705463
0.756027
0.671084
0.805679
0.774701
0.709381
0.829878
0.740415
0.662913
0.741279
0.783363
0.76217
0.81114
0.631994
0.761564
0.616435
0.676092
0.749522
0.72763
0.824906
0.82816
0.785163
0.80322
0.64203
0.739467
0.630654
0.736875
0.731915
0.714722
0.576665
0.819437
0.693218
0.701148
0.551308
0.797796
0.6545
0.651764
0.642322
0.522696
0.671876
0.586192
0.60416
0.5705
0.65219
0.630576
0.561386
0.767616
0.771957
0.682435
0.611315
0.717619
0.69425
0.642226
0.71307
0.776952
0.58533
0.677768
0.650576
0.72011
0.634079
0.674968
0.806873
0.695224
0.787935
0.763864
0.640913
0.671386
0.515932
0.740156
0.784608
0.666771
0.710755
0.744777
0.735286
0.762443
0.790908
0.545619
0.62756
0.586636
0.445817
0.577719
0.730434
0.711033
0.582094
0.648511
0.554946
0.654106
0.742893
0.632757
0.590016
0.592451
0.55767
0.694544
0.71645
0.71585
0.601369
0.716527
0.729165
0.705726
0.63463
0.682672
0.577432
0.744041
0.59585
0.628493
0.800338
0.788102
0.685901
0.816375
0.677948
0.821222
0.798927
0.686285
0.697541
0.7942
0.714729
0.698496
0.739445
0.64562
0.7004
0.711944
0.721403
0.755735
0.789087
0.761687
0.678577
0.845389
0.653996
0.830725
0.81474
0.680865
0.819231
0.805716
0.703571
0.816223
0.67807
0.773541
0.752937
0.735661
0.694947
0.774725
0.729365
0.799274
0.735814
0.766357
0.778376
0.759829
0.768626
0.739007
0.782005
0.745781
0.770837
0.804626
0.71209
0.771727
0.769261
0.753973
0.767215
0.798642
0.81481
0.818382
0.811011
0.769415
0.836888
0.818196
0.850648
0.84473
0.855143
0.841046
0.732492
0.77658
0.807033
0.792544
0.821922
0.77207
0.837319
0.799782
0.829783
0.790125
0.779804
0.757533
0.760035
0.761335
0.867902
0.802435
0.78585
0.765107
0.78133
0.784556
0.784162
0.741845
0.771369
0.766394
0.741583
0.709342
0.772295
0.732204
0.813147
0.726015
0.805078
0.840943
0.799721
0.733938
0.783927
0.808576
0.77917
0.761525
0.766943
0.79077
0.735026
0.755518
0.790633
0.760205
0.7463
0.781166
0.816246
0.766171
0.746852
0.797864
0.813752
0.778251
0.79737
0.811094
0.794608
0.779003
0.748219
0.747386
0.766388
0.809128
0.767591
0.793012
0.767563
0.770988
0.822325
0.798204
0.779388
0.792444
0.773021
0.805259
0.841995
0.785421
0.774412
0.816688
0.79966
0.82204
0.775496
0.79711
0.807052
0.79952
0.801607
0.791273
0.83422
0.751877
0.847283
0.796719
0.80678
0.742709
0.788416
0.765107
0.744486
0.738818
0.723944
0.769919
0.811875
0.807005
0.785816
0.801997
0.803738
0.789456
0.818775
0.820745
0.851973
0.782444
0.816256
0.832098
0.778361
0.832889
0.781334
0.754754
0.783505
0.831187
0.755506
0.830512
0.814874
0.777037
0.791385
0.840067
0.811886
0.817227
0.785597
0.763619
0.783267
0.75987
0.85149
0.841371
0.776345
0.829036
0.771656
0.77258
0.769179
0.768856
0.818059
0.782108
0.779119
0.797018
0.798099
0.763616
0.802571
0.794143
0.808095
0.814505
0.787461
0.772259
0.801802
0.814954
0.772029
0.828907
0.80591
0.788278
0.741987
0.811582
0.812872
0.780195
0.803846
0.815426
0.811563
0.819407
0.800995
0.801814
0.747414
0.781953
0.779162
0.806059
0.769211
0.829183
0.759254
0.774534
0.755953
0.799563
0.813032
0.712317
0.746231
0.758663
0.766359
0.715712
0.756075
0.768183
0.699523
0.738034
0.788839
0.779771
0.783389
0.752233
0.757557
0.77369
0.732573
0.717309
0.745679
0.817124
0.769992
0.73912
0.774116
0.741367
0.76283
0.804507
0.776432
0.789393
0.804198
0.803911
0.752343
0.798751
0.772426
0.781563
0.754206
0.7229
0.754054
0.735482
0.730623
0.735695
0.71278
0.733062
0.763658
0.780011
0.769275
0.741329
0.772998
0.742995
0.77372
0.779229
0.812127
0.748021
0.799239
0.785401
0.794043
0.806367
0.774695
0.811271
0.733168
0.798442
0.816657
0.780935
0.782684
0.788764
0.77554
0.758447
0.801583
0.818421
0.859397
0.752873
0.734229
0.796619
0.805188
0.791837
0.78505
0.78035
0.795876
0.775079
0.787716
0.806298
0.771694
0.77486
0.766845
0.768452
0.741633
0.797574
0.770038
0.803927
0.776189
0.835643
0.754645
0.762104
0.773561
0.783755
0.742757
0.794337
0.77252
0.75219
0.791784
0.716053
0.766553
0.768409
0.774586
0.728179
0.771668
0.772586
0.803579
0.760731
0.790512
0.769907
0.781723
0.798432
0.780985
0.781758
0.782307
0.805862
0.79607
0.773258
0.822105
0.828313
0.79069
0.835495
0.80677
0.789709
0.778009
0.828455
0.794445
0.829968
0.811282
0.797493
0.805384
0.816613
0.798088
0.811321
0.850758
0.850568
0.820576
0.816132
0.809999
0.850721
0.85601
0.805951
0.836464
0.792239
0.813547
0.753147
0.829025
0.819188
0.818697
0.802097
0.835378
0.795364
0.814203
0.851704
0.801084
0.799404
0.819127
0.77092
0.832428
0.808953
0.818796
0.781375
0.810482
0.810433
0.801754
0.817526
0.807804
0.820471
0.787813
0.848935
0.810996
0.853552
0.828191
0.821994
0.80883
0.830224
0.840849
0.845697
0.830139
0.858961
0.856509
0.81331
0.833363
0.83356
0.811317
0.803185
0.859021
0.838396
0.829049
0.830085
0.835569
0.832878
0.836627
0.82867
0.787077
0.788215
0.814583
0.814499
0.837206
0.849311
0.850401
0.826979
0.846603
0.844736
0.85306
0.858819
0.83401
0.867292
0.862555
0.859981
0.839035
0.836897
0.861117
0.850466
0.869731
0.829543
0.8614
0.873224
0.83024
0.847403
0.834942
0.872252
0.862847
0.851352
0.84647
0.849836
0.870396
0.851937
0.872371
0.862495
0.886041
0.875483
0.870483
0.855511
0.863704
0.82693
0.837256
0.850966
0.865331
0.858315
0.849159
0.884691
0.816822
0.842563
0.795403
0.850406
0.815109
0.863867
0.820982
0.854735
0.860088
0.816223
0.839772
0.830472
0.831563
0.842611
0.822782
0.823915
0.813904
0.827361
0.881725
0.851872
0.834466
0.871737
0.84057
0.810519
0.839621
0.810901
0.782417
0.809673
0.832162
0.803765
0.842513
0.84243
0.869952
0.863743
0.820794
0.794219
0.818937
0.857899
0.831842
0.866256
0.822684
0.828763
0.809431
0.831507
0.875248
0.857208
0.797515
0.848697
0.84094
0.812865
0.837844
0.774402
0.812563
0.820707
0.855207
0.813102
0.849227
0.830392
0.801623
0.841198
0.799709
0.810985
0.806504
0.818388
0.798557
0.830917
0.855679
0.825076
0.810962
0.776759
0.837874
0.82217
0.832725
0.833351
0.867208
0.825924
0.839255
0.797014
0.813384
0.867721
0.856676
0.818814
0.825287
0.826948
0.8186
0.848967
0.848439
0.841999
0.83511
0.830127
0.838643
0.840342
0.828681
0.882964
0.844509
0.84866
0.861858
0.802426
0.852567
0.808471
0.842587
0.850839
0.86478
0.858249
0.861897
0.853812
0.822632
0.787108
0.825101
0.837496
0.863206
0.817225
0.807498
0.821539
0.810758
0.813019
0.846512
0.837824
0.870907
0.860539
0.838676
0.888626
0.829574
0.813822
0.821592
0.819498
0.826675
0.862896
0.83935
0.875428
0.867228
0.838235
0.83893
0.856924
0.896977
0.894274
0.82839
0.857126
0.849258
0.829527
0.8391
0.844679
0.837194
0.874057
0.825158
0.864209
0.870584
0.84985
0.836364
0.804055
0.873538
0.869329
0.824146
0.86773
0.848951
0.847693
0.831481
0.884059
0.858942
0.805618
0.840122
0.869866
0.825854
0.857461
0.813309
0.811583
0.857169
0.840994
0.852911
0.851462
0.821222
0.856008
0.824466
0.844432
0.847069
0.822078
0.814434
0.826293
0.797336
0.828756
0.846229
0.864869
0.880195
0.853626
0.830813
0.859191
0.81754
0.772049
0.847639
0.859424
0.829886
0.869301
0.892635
0.843349
0.857777
0.807006
0.798389
0.837242
0.861784
0.811646
0.84414
0.844669
0.850206
0.821107
0.812856
0.826732
0.866021
0.808311
0.766146
0.788578
0.869511
0.777713
0.800916
0.802486
0.833038
0.749665
0.832993
0.829479
0.801713
0.851463
0.820958
0.867195
0.752563
0.818394
0.808049
0.85949
0.83011
0.798142
0.802158
0.853615
0.832792
0.836411
0.810425
0.811187
0.83937
0.801328
0.86256
0.860755
0.831411
0.789438
0.834312
0.864151
0.819682
0.805653
0.816771
0.76751
0.810607
0.845647
0.817488
0.781886
0.820108
0.833741
0.819124
0.786141
0.783126
0.816591
0.830382
0.831836
0.822818
0.851602
0.87808
0.80979
0.823779
0.850685
0.852958
0.86209
0.892172
0.816738
0.829906
0.801467
0.877315
0.827034
0.826744
0.891994
0.894367
0.781324
0.862492
0.872359
0.82441
0.866189
0.851324
0.856476
0.847265
0.880773
0.86161
0.858567
0.799811
0.83612
0.846028
0.820836
0.821794
0.816276
0.813795
0.800818
0.827584
0.795044
0.803643
0.792303
0.852593
0.81252
0.789041
0.814236
0.832071
0.885132
0.809125
0.845097
0.792062
0.845714
0.80715
0.879446
0.796997
0.790677
0.83472
0.840648
0.835342
0.824915
0.797457
0.864879
0.827629
0.796779
0.823761
0.809677
0.839694
0.822534
0.809699
0.823827
0.876992
0.786318
0.771338
0.850329
0.800178
0.841209
0.817932
0.808003
0.84853
0.841636
0.875194
0.884427
0.82337
0.85892
0.861359
0.815176
0.874568
0.858728
0.834909
0.818772
0.850002
0.862881
0.862358
0.821352
0.82633
0.838075
0.832186
0.89915
0.830882
0.815609
0.861729
0.831493
0.828167
0.867561
0.764383
0.768981
0.836634
0.84853
0.805737
0.86136
0.825411
0.857041
0.85997
0.867516
0.846706
0.863887
0.84387
0.866867
0.84548
0.840929
0.860251
0.843266
0.836846
0.84943
0.85543
0.818015
0.8386
0.844835
0.846172
0.830404
0.856021
0.856311
0.836584
0.840589
0.846309
0.871911
0.864
0.833658
0.800404
0.809308
0.827475
0.781519
0.873833
0.85268
0.82395
0.837389
0.839045
0.801773
0.813899
0.817174
0.772918
0.805293
0.80429
0.828988
0.847711
0.828909
0.826267
0.7827
0.846128
0.810928
0.831361
0.824424
0.815008
0.81765
0.825468
0.839005
0.854248
0.860008
0.842398
0.868687
0.860365
0.856473
0.844161
0.880142
0.888905
0.849583
0.823318
0.856991
0.893998
0.880119
0.833951
0.810735
0.88294
0.860483
0.875415
0.869042
0.812626
0.8331
0.874641
0.858994
0.859883
0.84466
0.862004
0.859825
0.796615
0.859395
0.87205
0.881024
0.860395
0.837868
0.840689
0.862601
0.845922
0.854054
0.882403
0.865353
0.898317
0.864786
0.883121
0.851036
0.872268
0.874989
0.872281
0.860725
0.861411
0.842607
0.818762
0.843203
0.881675
0.820046
0.842107
0.856454
0.884533
0.87982
0.859363
0.861946
0.85935
0.836873
0.873657
0.862256
0.848855
0.828555
0.863508
0.864877
0.872839
0.915572
0.876929
0.829176
0.833742
0.837326
0.869471
0.843682
0.835019
0.907984
0.842278
0.878414
0.852085
0.870986
0.847453
0.884864
0.88653
0.857009
0.825007
0.824739
0.831761
0.82155
0.887852
0.853133
0.864105
0.877546
0.889218
0.870134
0.875134
0.833712
0.846984
0.861526
0.85417
0.869466
0.856289
0.869739
0.872038
0.854364
0.870574
0.872538
0.863105
0.878721
0.871136
0.872972
0.866976
0.867444
0.870029
0.8571
0.885271
0.857716
0.897264
0.891101
0.865374
0.87486
0.870049
0.893763
0.879396
0.907267
0.87955
0.890245
0.906054
0.896069
0.904367
0.88749
0.892359
0.856808
0.906367
0.921293
0.910881
0.912867
0.914934
0.918089
0.920468
0.909158
0.909237
0.879185
0.924291
0.90213
0.880354
0.867488
0.901942
0.886324
0.914218
0.880039
0.897778
0.90148
0.896639
0.876161
0.941626
0.903938
0.875871
0.916747
0.87325
0.926336
0.882081
0.900292
0.895635
0.911628
0.878919
0.905416
0.874214
0.892869
0.865703
0.905671
0.896604
0.881083
0.911532
0.877334
0.908964
0.894161
0.872976
0.881544
0.914833
0.891169
0.876484
0.929336
0.876978
0.894375
0.886893
0.900055
0.901871
0.862258
0.896696
0.871543
0.902277
0.866627
0.892869
0.889535
0.852456
0.846913
0.865228
0.870704
0.86641
0.913496
0.902664
0.926823
0.886026
0.87271
0.892633
0.882782
0.890368
0.903468
0.895602
0.903308
0.929615
0.905815
0.891308
0.897575
0.905738
0.900889
0.909737
0.881167
0.914434
0.864764
0.881362
0.893446
0.875698
0.898155
0.88212
0.878432
0.872118
0.86896
0.877033
0.900578
0.904169
0.906152
0.914973
0.928012
0.932494
0.915676
0.931606
0.923926
0.939916
0.924783
0.943588
0.936058
0.927381
0.938926
0.937492
0.934764
0.955703
0.934233
0.928299
0.939439
0.948877
0.937798
0.935905
0.947761
0.944276
0.940411
0.945223
0.940231
0.948154
0.942005
0.947369
0.926
0.94886
0.935427
0.940502
0.945215
0.939078
0.927662
0.947115
0.95138
0.950299
0.94402
0.966342
0.961911
0.953975
0.941005
0.945046
0.944543
0.939405
0.9509
0.950542
0.938188
0.955607
0.95326
0.954033
0.945513
0.945962
0.932794
0.945415
0.943857
0.943271
0.946487
0.949301
0.942672
0.953204
0.958555
0.949861
0.964429
0.951597
0.941425
0.947375
0.939384
0.942729
0.933507
0.942922
0.926008
0.95273
0.953881
0.9423
0.948509
0.945962
0.958764
0.93609
0.94156
0.953693
0.948725
0.94527
0.949522
0.942157
0.945912
0.948358
0.932222
0.94122
0.949643
0.937809
0.953608
0.944016
0.931483
0.955186
0.93117
0.957202
0.940037
0.937702
0.934682
0.931747
0.946557
0.937263
0.949794
0.94216
0.94438
0.938144
0.946985
0.942733
0.940856
0.948613
0.941263
0.951865
0.951069
0.953336
0.949069
0.940569
0.954381
0.947826
0.939727
0.956609
0.9567
0.950756
0.93627
0.946188
0.952437
0.939833
0.943606
0.93842
0.945243
0.949591
0.949007
0.927012
0.94944
0.940669
0.945632
0.943931
0.946778
0.938493
0.960227
0.944256
0.941456
0.945193
0.93036
0.945394
0.944159
0.944445
0.947721
0.94647
0.945513
0.956948
0.95278
0.941769
0.949037
0.936824
0.935319
0.935735
0.953807
0.94858
0.946184
0.948028
0.93469
0.947449
0.925678
0.948644
0.933166
0.951759
0.937377
0.93363
0.932075
0.958071
0.939775
0.943866
0.952511
0.959475
0.938863
0.950719
0.945809
0.947368
0.943268
0.936031
0.945161
0.94014
0.943202
0.941659
0.946945
0.944794
0.936089
0.938418
0.938685
0.950908
0.951344
0.955333
0.955446
0.939539
0.93435
0.941274
0.94467
0.932427
0.947997
0.951285
0.957124
0.946684
0.952377
0.954311
0.943446
0.954906
0.947335
0.952377
0.942467
0.933859
0.935969
0.95557
0.936686
0.932513
0.950116
0.955592
0.936176
0.943885
0.946808
0.942682
0.95793
0.946212
0.939272
0.939303
0.941977
0.947206
0.962964
0.950834
0.945992
0.951037
0.936004
0.943943
0.954166
0.969189
0.919575
0.957822
0.93599
0.942416
0.929543
0.917105
0.93867
0.932018
0.945709
0.944756
0.926724
0.926355
0.932551
0.951313
0.950752
0.948465
0.92312
0.948948
0.943613
0.931784
0.934971
0.940749
0.928198
0.941458
0.944736
0.938026
0.943413
0.946277
0.941638
0.948566
0.937698
0.956983
0.953674
0.930222
0.946077
0.936721
0.955399
0.94117
0.933412
0.936869
0.928011
0.934942
0.9549
0.945806
0.943235
0.952838
0.947756
0.941996
0.94532
0.944494
0.955361
0.940014
0.93679
0.944567
0.944224
0.923034
0.928005
0.929478
0.932586
0.932577
0.936128
0.946378
0.937921
0.959341
0.944637
0.959907
0.937725
0.957515
0.934697
0.956032
0.947353
0.942309
0.94082
0.942491
0.959604
0.948283
0.950152
0.95611
0.945816
0.950666
0.954011
0.953851
0.955482
0.962509
0.952759
0.956244
0.940535
0.95494
0.951293
0.942706
0.957765
0.941052
0.943825
0.959447
0.949572
0.946211
0.959079
0.955901
0.946386
0.947374
0.94377
0.942932
0.964662
0.95419
0.944324
0.95147
0.93535
0.943228
0.942598
0.935622
0.955983
0.929714
0.928229
0.9493
0.93707
0.935727
0.931304
0.934667
0.961241
0.941753
0.954736
0.945005
0.952404
0.938861
0.941257
0.940915
0.952558
0.931793
0.948202
0.94912
0.943236
0.938045
0.94191
0.957574
0.95438
0.941177
0.955702
0.961964
0.952347
0.951626
0.952822
0.94039
0.949983
0.954973
0.945301
0.942783
0.939302
0.949819
0.954678
0.935901
0.945234
0.944696
0.940153
0.934001
0.950486
0.948888
0.941141
0.914654
0.911363
0.908358
0.941351
0.928622
0.926885
0.926487
0.928399
0.90685
0.948578
0.905218
0.946525
0.926273
0.923407
0.91498
0.931229
0.932944
0.930909
0.929868
0.916892
0.921603
0.930991
0.924237
0.935684
0.944662
0.929953
0.921212
0.940565
0.960123
0.959105
0.963522
0.937179
0.943991
0.914716
0.941744
0.926193
0.945094
0.914545
0.951845
0.953712
0.925831
0.956421
0.921766
0.960119
0.922635
0.945955
0.924353
0.933432
0.951539
0.92622
0.903963
0.901519
0.913343
0.942963
0.91499
0.917332
0.934452
0.947009
0.95253
0.925845
0.930381
0.958424
0.904559
0.945476
0.948735
0.931958
0.950272
0.902189
0.928874
0.95106
0.939601
0.915959
0.934738
0.957085
0.917111
0.958576
0.947209
0.943619
0.948856
0.956981
0.944168
0.955443
0.954453
0.956627
0.957937
0.955905
0.938539
0.965494
0.939322
0.955989
0.949162
0.944125
0.965421
0.951736
0.952977
0.950251
0.953858
0.952574
0.957023
0.9524
0.940624
0.950068
0.949531
0.949738
0.958509
0.953267
0.957358
0.959335
0.957623
0.962131
0.968702
0.950932
0.934199
0.937932
0.942495
0.958062
0.951682
0.95505
0.96095
0.952113
0.953559
0.944688
0.953016
0.949366
0.957925
0.93859
0.969277
0.962693
0.964432
0.972155
0.957854
0.965022
0.963681
0.965188
0.947973
0.95651
0.968631
0.940816
0.975517
0.962652
0.961993
0.96529
0.961018
0.961935
0.950477
0.972867
0.957985
0.954526
0.950455
0.970952
0.95816
0.952101
0.957326
0.953199
0.965796
0.95719
0.968591
0.959984
0.963902
0.957233
0.967228
0.957754
0.955702
0.941486
0.945047
0.950441
0.956362
0.948607
0.95188
0.964738
0.961984
0.961523
0.948901
0.962491
0.963891
0.94864
0.95808
0.961035
0.94891
0.950176
0.966949
0.968325
0.953336
0.954628
0.964722
0.966804
0.966219
0.965394
0.956492
0.967299
0.970963
0.946368
0.962578
0.959444
0.954261
0.948811
0.947382
0.950965
0.951875
0.944849
0.953456
0.951725
0.946066
0.95888
0.951952
0.952068
0.945141
0.963439
0.961051
0.95772
0.948271
0.956434
0.962235
0.946581
0.964916
0.958961
0.959295
0.936589
0.958396
0.953599
0.944521
0.942341
0.944591
0.941629
0.951728
0.956467
0.943571
0.943072
0.949161
0.956018
0.954071
0.944106
0.959554
0.960761
0.956081
0.954799
0.955066
0.955201
0.95029
0.963441
0.965168
0.955893
0.951188
0.948605
0.958578
0.948383
0.954787
0.957038
0.97145
0.959253
0.961973
0.969555
0.950971
0.954787
0.962757
0.965119
0.955575
0.957418
0.970296
0.958085
0.962041
0.957979
0.955003
0.965835
0.960433
0.951943
0.971631
0.966087
0.961605
0.956254
0.957588
0.96967
0.970747
0.955152
0.956685
0.953657
0.966938
0.961018
0.953161
0.958331
0.95474
0.966826
0.956873
0.969145
0.952628
0.95739
0.973576
0.956369
0.959672
0.971595
0.966477
0.962508
0.952221
0.970782
0.962407
0.94511
0.944123
0.959694
0.947069
0.965785
0.9702
0.949098
0.957516
0.951651
0.948835
0.95663
0.944212
0.962121
0.96441
0.94926
0.955299
0.963602
0.952603
0.965416
0.946214
0.958281
0.94618
0.956579
0.962538
0.950047
0.96792
0.956822
0.973994
0.944994
0.959654
0.949934
0.964856
0.955922
0.937941
0.955312
0.944336
0.960104
0.963924
0.953311
0.949309
0.939468
0.936126
0.963563
0.964207
0.950864
0.967924
0.959467
0.967438
0.947057
0.953489
0.952419
0.974231
0.952588
0.965797
0.963402
0.959922
0.944562
0.958637
0.955721
0.960554
0.96794
0.946766
0.965202
0.943143
0.973892
0.977949
0.934951
0.956108
0.954635
0.949008
0.959985
0.965022
0.953631
0.949946
0.969979
0.968194
0.939971
0.961531
0.94169
0.956699
0.961734
0.950171
0.956332
0.971966
0.956343
0.96484
0.967469
0.953638
0.946948
0.948732
0.957732
0.948316
0.948957
0.941932
0.95798
0.978505
0.977728
0.973702
0.978933
0.968574
0.945784
0.978981
0.951507
0.948545
0.979987
0.981028
0.981379
0.980868
0.958907
0.968827
0.966322
0.970212
0.959084
0.953385
0.969267
0.942795
0.958515
0.973495
0.960814
0.978027
0.977843
0.969625
0.954314
0.97145
0.963027
0.973496
0.967357
0.97185
0.962041
0.969109
0.974823
0.961885
0.958519
0.958732
0.967587
0.969205
0.955542
0.967228
0.97487
0.964142
0.958062
0.96091
0.96248
0.959958
0.96708
0.965739
0.971972
0.968126
0.967588
0.966581
0.970372
0.980837
0.962915
0.963505
0.976249
0.978248
0.966578
0.96895
0.98032
0.97035
0.952999
0.96192
0.965345
0.983228
0.968813
0.982612
0.967238
0.982198
0.963243
0.953875
0.958232
0.976149
0.968245
0.961757
0.958778
0.953378
0.960115
0.959601
0.957886
0.97133
0.95739
0.964508
0.959679
0.963453
0.976204
0.976631
0.95834
0.965124
0.96599
0.942236
0.972311
0.968336
0.958052
0.967757
0.972961
0.953582
0.967248
0.972012
0.973651
0.968703
0.964685
0.953323
0.96088
0.966375
0.970069
0.972879
0.974061
0.970071
0.963817
0.972437
0.975217
0.98645
0.974187
0.981207
0.976658
0.98101
0.967103
0.969671
0.981907
0.98418
0.974317
0.981627
0.975646
0.976649
0.991565
0.989487
0.978928
0.976227
0.986743
0.986682
0.98996
0.985689
0.983148
0.980578
0.986367
0.989191
0.979408
0.982648
0.990633
0.976508
0.982034
0.981217
0.977837
0.987567
0.989958
0.980223
0.992326
0.989519
0.978423
0.988796
0.981627
0.978851
0.986035
0.987445
0.988254
0.990211
0.987655
0.992223
0.985501
0.991212
0.990224
0.991212
0.985455
0.989191
0.989175
0.991162
0.991179
0.988764
0.989613
0.994386
0.984359
0.987574
0.99595
0.986367
0.990762
0.990197
0.979152
0.986917
0.985927
0.994945
0.993527
0.989928
0.992165
0.992179
0.993392
0.992164
0.994376
0.988594
0.994561
0.988197
0.994374
0.985745
0.992125
0.987702
0.990141
0.990545
0.995361
0.994359
0.996112
0.990573
0.987763
0.989756
0.99313
0.995961
0.99275
0.992144
0.988341
0.989332
0.992145
0.996534
0.985224
0.992007
0.98687
0.9897
0.989306
0.985347
0.989728
0.989742
0.99723
0.991728
0.990918
0.992513
0.993649
0.994464
0.995625
0.98976
0.99172
0.99643
0.995615
0.987772
0.994456
0.99364
0.990855
0.995603
0.993651
0.994207
0.987756
0.991678
0.982376
0.987979
0.98799
0.989528
0.993516
0.985234
0.991327
0.992141
0.997416
0.994116
0.987402
0.985449
0.992712
0.986078
0.995888
0.996448
0.992574
0.996459
0.991739
0.992543
0.990764
0.992118
0.991146
0.989761
0.996425
0.996833
0.992154
0.992565
0.996851
0.996445
0.992555
0.991724
0.991701
0.989733
0.992103
0.995039
0.990127
0.996248
0.988347
0.99602
0.99446
0.992084
0.993061
0.995432
0.997394
0.989688
0.989112
0.993453
0.992789
0.988754
0.985159
0.990888
0.989912
0.995452
0.99156
0.993106
0.988998
0.988998
0.992956
0.991762
0.995312
0.996459
0.99449
0.992532
0.997249
0.99449
0.990607
0.991751
0.994506
0.990602
0.993703
0.992166
0.990191
0.9927
0.992513
0.996017
0.994456
0.996008
0.993642
0.99011
0.995823
0.995997
0.995823
0.990096
0.996816
0.995025
0.996002
0.993477
0.998209
0.992085
0.995428
0.992897
0.993473
0.995447
0.992927
0.995455
0.991285
0.994069
0.996256
0.995471
0.990178
0.994075
0.992132
0.995047
0.990182
0.997245
0.991739
0.994894
0.994901
0.995471
0.990752
0.993516
0.990209
0.98886
0.992573
0.992739
0.995496
0.995095
0.98886
0.990399
0.995312
0.988625
0.996455
0.995073
0.994096
0.996042
0.988231
0.988231
0.997982
0.988133
0.987332
0.987518
0.989731
0.993243
0.994856
0.991671
0.991667
0.993462
0.993036
0.992631
0.995014
0.995007
0.993604
0.995
0.989051
0.99259
0.993962
0.994382
0.988132
0.994366
0.993947
0.993955
0.993954
0.988547
0.989119
0.993143
0.988548
0.989145
0.992556
0.99058
0.99338
0.990596
0.991169
0.989161
0.992567
0.987609
0.988784
0.989569
0.992969
0.993373
0.991996
0.991985
0.995378
0.992968
0.995769
0.994943
0.992968
0.994794
0.993963
0.994772
0.993946
0.994344
0.994352
0.99436
0.992374
0.991974
0.99439
0.995805
0.996803
0.995829
0.99682
0.994444
0.994866
0.996825
0.995846
0.994866
0.994852
0.994866
0.996829
0.996825
0.99584
0.99624
0.996251
0.995846
0.994859
0.997226
0.993474
0.99821
0.999184
0.993429
0.998195
0.996789
0.994384
0.997185
0.993389
0.99678
0.992798
0.997191
0.994386
0.992798
0.992798
0.997211
0.998773
0.994798
0.994798
0.997191
0.994791
0.994783
0.996762
0.995764
0.996762
0.996762
0.992929
0.994344
0.99432
0.992309
0.995728
0.995728
0.992899
0.994318
0.995345
0.993364
0.991974
0.995378
0.991974
0.995372
0.993392
0.993373
0.995352
0.99054
0.996771
0.997357
0.993978
0.990527
0.990567
0.990567
0.995782
0.994384
0.995788
0.994392
0.9944
0.992417
0.995382
0.995382
0.995382
0.993988
0.99483
0.995401
0.997218
0.996816
0.996811
0.993444
0.99542
0.995414
0.995414
0.993444
0.993453
0.994859
0.993462
0.994852
0.994852
0.99542
0.994038
0.994852
0.995429
0.995423
0.996816
0.994852
0.996811
0.996401
0.994831
0.994853
0.993869
0.996817
0.993066
0.99821
0.998782
0.998782
0.992081
0.992081
0.99878
0.991678
0.99542
0.988418
0.994592
0.994439
0.994622
0.98735
0.989312
0.992679
0.993483
0.989347
0.989927
0.99075
0.993266
0.989355
0.988384
0.991715
0.991129
0.994477
0.990319
0.992869
0.995057
0.990332
0.990334
0.993096
0.994236
0.993085
0.993085
0.993103
0.993093
0.990287
0.99363
0.991264
0.986331
0.997795
0.99207
0.994852
0.994038
0.994038
0.992081
0.989871
0.989899
0.989315
0.990713
0.989311
0.994614
0.989285
0.988739
0.994023
0.992618
0.991212
0.992628
0.987283
0.994583
0.991212
0.995984
0.99062
0.988796
0.989191
0.991989
0.986912
0.987603
0.98875
0.988183
0.992978
0.992566
0.992396
0.992396
0.993389
0.990568
0.99537
0.995356
0.995362
0.993946
0.995362
0.994772
0.997183
0.994378
0.996363
0.994376
0.996373
0.995799
0.99441
0.974825
0.986049
0.984621
0.985996
0.990981
0.988598
0.982662
0.995798
0.978968
0.989136
0.973953
0.980109
0.979665
0.988086
0.983882
0.988052
0.993936
0.981343
0.988676
0.996798
0.994003
0.994012
0.99402
0.995012
0.99402
0.991072
0.991072
0.991097
0.991097
0.996404
0.990097
0.989717
0.990111
0.990111
0.992086
0.994845
0.99265
0.991499
0.993058
0.99264
0.991667
0.994452
0.995034
0.994452
0.993886
0.992907
0.994454
0.992491
0.996409
0.993066
0.994446
0.998205
0.999593
0.999595
0.998618
0.992482
0.993066
0.990698
0.991279
0.991709
0.996997
0.988195
0.991694
0.9921
0.992096
0.993066
0.994055
0.992085
0.992074
0.989674
0.995423
0.990661
0.996399
0.996389
0.990622
0.994958
0.991587
0.991575
0.995369
0.99058
0.991587
0.995388
0.994408
0.990992
0.987776
0.986969
0.98878
0.992587
0.987808
0.990216
0.992178
0.992161
0.990161
0.993576
0.991561
0.988167
0.990572
0.990572
0.988183
0.992156
0.989576
0.989984
0.990012
0.994802
0.990188
0.991169
0.989598
0.992398
0.991958
0.991137
0.985463
0.991946
0.987841
0.988221
0.988657
0.991091
0.992492
0.983855
0.993345
0.994089
0.990077
0.991917
0.987081
0.991137
0.991529
0.993947
0.993937
0.991958
0.993935
0.992368
0.994136
0.990431
0.993413
0.995388
0.992592
0.988813
0.99162
0.986254
0.986298
0.988312
0.991068
0.990256
0.995833
0.99444
0.989222
0.993594
0.996389
0.990633
0.992619
0.99062
0.9906
0.993576
0.995793
0.991596
0.995554
0.990142
0.993361
0.99337
0.99619
0.993361
0.996185
0.993775
0.99619
0.995782
0.994376
0.997774
0.996206
0.996206
0.995378
0.996222
0.996224
0.995238
0.995407
0.996224
0.994993
0.995811
0.995811
0.98962
0.992988
0.991591
0.991587
0.99241
0.994153
0.990158
0.988991
0.989591
0.996534
0.98861
0.988058
0.99144
0.992852
0.992862
0.993642
0.992491
0.99486
0.993875
1
0.99526
0.99526
0.997226
1
0.997211
0.99522
1
0.99522
0.999183
0.995227
0.997207
0.999183
0.999185
0.995247
1
0.997222
0.995834
0.995834
0.99723
1
0.995286
0.995286
0.998215
0.998217
0.998214
0.998209
0.994866
0.999595
0.994873
0.996259
0.994887
0.996264
0.99488
0.996264
0.996264
0.998217
0.994873
0.997639
0.998618
1
0.997238
0.997646
0.999596
0.999597
0.999597
0.999598
0.994894
0.996279
0.999597
0.998224
0.998219
0.998217
0.998224
0.995879
0.996282
0.995868
0.993519
0.998227
0.994908
0.998227
0.999598
0.999598
0.996274
0.999599
0.998219
0.999596
0.994873
0.998215
0.999595
0.999596
0.998219
0.998219
0.999596
0.994873
0.994873
0.998219
0.997241
0.994894
0.999597
0.999596
0.99488
0.998219
0.999596
0.99488
0.996264
0.996264
0.99488
0.998217
0.997646
0.998214
0.997646
0.997646
0.996256
0.998217
0.999595
0.996243
0.998207
0.999594
0.996253
0.998204
0.996829
0.996271
0.996261
0.996838
0.996264
0.99488
0.996829
0.996256
0.997643
0.997643
0.996833
0.997646
0.995455
0.992129
0.992129
0.995466
0.994891
0.994894
0.999598
0.996274
0.998215
0.999596
0.999596
0.997245
0.998627
0.998629
0.999599
0.999599
0.998631
0.994908
0.999599
0.991758
1
0.999597
0.997643
1
0.999595
0.997643
0.996264
0.994887
0.998222
0.999597
0.997821
0.999597
0.992534
0.994894
0.992534
0.999597
0.999597
0.994901
0.995869
0.994894
0.994887
0.994483
0.997234
0.994866
0.994859
0.995857
0.994887
0.995863
0.996842
0.994894
0.996842
0.992129
0.998217
0.993921
0.997251
0.997823
0.99548
0.997255
0.997823
0.997826
0.997258
0.997255
0.993912
0.997243
0.995455
0.998217
0.997808
0.998209
0.995455
0.993499
0.993516
0.996274
0.99782
0.996279
0.993929
0.995473
0.994901
0.997249
0.997249
0.99588
0.99588
0.994498
0.994908
0.994908
0.994894
0.996842
0.995869
0.994901
0.994498
0.99588
0.99588
0.996851
0.994908
0.995874
0.994483
0.994483
0.994483
0.994467
0.994467
0.996829
0.993501
0.992118
0.99449
0.994087
0.998388
0.999598
0.999196
0.996454
0.995486
0.993543
0.998793
0.992168
0.998793
0.99079
0.992587
0.995093
0.991783
0.991771
0.9908
0.994126
0.992186
0.996863
0.990812
0.998231
0.997433
0.996864
0.996864
0.992183
0.994126
0.997426
0.991606
0.991617
0.998229
0.992585
0.993159
0.995893
0.990412
0.998397
0.995899
0.995893
0.995876
0.991736
0.998794
0.99296
0.99296
0.996456
0.990372
0.99257
0.990412
0.990635
0.996465
0.992604
0.995903
0.994515
0.994515
0.992542
0.994485
0.994483
0.994483
0.994483
0.994483
0.994483
0.994498
0.996445
0.996445
0.992544
0.992139
0.99215
0.99449
0.994498
0.99726
0.995891
0.994915
0.995891
0.997271
0.994543
0.994943
0.995908
0.994936
0.997268
0.995886
0.993161
0.995897
0.993152
0.994515
0.995483
0.993534
0.991189
0.991202
0.992565
0.993703
0.991356
0.995075
0.995075
0.993525
0.993528
0.990774
0.992172
0.994087
0.992161
0.995075
0.992762
0.995095
0.993555
0.994922
0.992173
0.994097
0.991177
0.991724
0.994475
0.994055
0.992085
0.994055
0.992085
0.992085
0.991678
0.994452
0.993065
0.992085
0.994038
0.99321
0.988862
0.990238
0.988846
0.993996
0.993996
0.988254
0.994998
0.989663
0.994423
0.991035
0.990633
0.989191
0.989161
0.988732
0.99115
0.988337
0.98832
0.989559
0.987176
0.990171
0.991745
0.988627
0.988627
0.991756
0.986311
0.984337
0.986722
0.987442
0.980028
0.986857
0.988493
0.984535
0.975817
0.992686
0.984277
0.975722
0.990688
0.976553
0.995503
0.976514
0.982361
0.983373
0.990187
0.977441
0.982662
0.979935
0.985073
0.985918
0.986558
0.988182
0.985153
0.98594
0.985098
0.987537
0.984164
0.989317
0.979841
0.981251
0.981416
0.981627
0.976202
0.9782
0.979013
0.98586
0.980194
0.983067
0.985028
0.981834
0.981766
0.978583
0.982614
0.982576
0.982617
0.984441
0.987048
0.986047
0.986655
0.977419
0.97982
0.975408
0.984201
0.986034
0.985464
0.98464
0.977192
0.983641
0.975997
0.972955
0.981014
0.972908
0.984869
0.980983
0.974899
0.975234
0.973073
0.975937
0.970668
0.981098
0.983688
0.973529
0.978814
0.975851
0.977212
0.98388
0.978408
0.978289
0.977787
0.985423
0.97941
0.969151
0.984787
0.986432
0.98224
0.96418
0.966397
0.969778
0.979344
0.975983
0.975907
0.981347
0.979147
0.978699
0.970874
0.980635
0.973513
0.979214
0.973616
0.980282
0.975474
0.979642
0.984513
0.983733
0.980989
0.982925
0.984531
0.989334
0.98936
0.979761
0.983153
0.989812
0.979587
0.981627
0.990384
0.980038
0.987042
0.978562
0.98331
0.985264
0.990563
0.987414
0.992034
0.98305
0.985007
0.987026
0.987753
0.98784
0.989814
0.984446
0.982614
0.991209
0.988434
0.990423
0.994161
0.989391
0.984825
0.986562
0.9928
0.986835
0.984048
0.996556
0.989778
0.984951
0.988365
0.991157
0.989145
0.99355
0.993549
0.991539
0.991561
0.991599
0.990596
0.989191
0.988768
0.988581
0.989332
0.990161
0.98904
0.979834
0.982896
0.985844
0.982979
0.991664
0.988638
0.98073
0.988669
0.983232
0.984692
0.983811
0.980711
0.98885
0.986009
0.989799
0.986365
0.977481
0.994475
0.987352
0.981822
0.982414
0.989322
0.97603
0.986061
0.986611
0.982087
0.979186
0.982009
0.979286
0.977269
0.97978
0.985478
0.980171
0.9856
0.979963
0.981632
0.989973
0.980515
0.975363
0.967256
0.9827
0.973378
0.978731
0.9832
0.978324
0.974625
0.976348
0.978479
0.97912
0.982221
0.983006
0.973373
0.975407
0.973461
0.974025
0.978217
0.970157
0.97846
0.978434
0.980033
0.987357
0.983176
0.979357
0.973753
0.974906
0.969584
0.978136
0.981051
0.968074
0.969086
0.976651
0.973687
0.976235
0.972629
0.970128
0.974244
0.976409
0.973843
0.981885
0.982614
0.979078
0.976097
0.984354
0.976204
0.973834
0.977111
0.973064
0.98071
0.973208
0.970306
0.971187
0.977973
0.982221
0.960973
0.984487
0.980524
0.977652
0.971042
0.97697
0.981772
0.968986
0.971351
0.97393
0.969037
0.977988
0.967422
0.972024
0.973672
0.976865
0.967295
0.976665
0.97096
0.966084
0.972107
0.971645
0.97709
0.97363
0.970999
0.984219
0.97929
0.981304
0.97649
0.972741
0.975647
0.973543
0.982022
0.978611
0.978419
0.978745
0.980203
0.980065
0.985763
0.979684
0.98223
0.982153
0.975225
0.973755
0.980874
0.97783
0.978006
0.974982
0.977359
0.97429
0.975645
0.97555
0.981604
0.978543
0.979885
0.974523
0.981841
0.978326
0.984148
0.985387
0.981523
0.974253
0.982264
0.976358
0.982728
0.967564
0.968502
0.968935
0.977375
0.978531
0.976737
0.981475
0.973926
0.976592
0.976484
0.976297
0.978449
0.980257
0.97745
0.973348
0.98324
0.985281
0.975408
0.972133
0.983233
0.974799
0.974301
0.969821
0.968721
0.98725
0.983157
0.983361
0.977474
0.985064
0.980434
0.98361
0.967168
0.975025
0.985892
0.98266
0.981665
0.986419
0.978448
0.987285
0.98135
0.981375
0.975893
0.983801
0.981727
0.986812
0.985595
0.983555
0.988489
0.983579
0.983131
0.981421
0.98411
0.979233
0.987682
0.985488
0.990809
0.984931
0.976291
0.976556
0.989709
0.985925
0.987002
0.986413
0.986749
0.984388
0.979802
0.974687
0.984425
0.985482
0.985545
0.981886
0.981942
0.98398
0.989946
0.99257
0.993843
0.986534
0.99303
0.984554
0.991053
0.991469
0.990869
0.987607
0.98921
0.992482
0.991644
0.985338
0.993878
0.989871
0.987442
0.990863
0.986023
0.992471
0.993495
0.992474
0.994066
0.986617
0.986571
0.993068
0.994469
0.987204
0.992055
0.988638
0.984621
0.984794
0.9945
0.991501
0.988485
0.992485
0.997332
0.982807
0.990488
0.991493
0.987481
0.995095
0.990088
0.989121
0.989121
0.990278
0.991087
0.988294
0.985463
0.986118
0.9852
0.983812
0.992041
0.971957
0.981797
0.984764
0.975334
0.985805
0.971515
0.9738
0.977249
0.975627
0.985439
0.986023
0.985797
0.971823
0.978202
0.974297
0.981151
0.989414
0.989628
0.972674
0.982735
0.974919
0.97073
0.97154
0.984857
0.971287
0.983898
0.98396
0.982566
0.983795
0.985901
0.981107
0.975178
0.971871
0.974766
0.984579
0.971364
0.974829
0.97101
0.976261
0.983326
0.971588
0.982325
0.97454
0.969555
0.973996
0.985866
0.973708
0.965103
0.972306
0.98847
0.969794
0.980551
0.979286
0.98972
0.970145
0.96814
0.974308
0.979768
0.979078
0.981681
0.972012
0.966942
0.983045
0.979633
0.967539
0.975445
0.98071
0.974756
0.987975
0.98277
0.974012
0.978713
0.975194
0.977707
0.976335
0.982771
0.980569
0.974552
0.982581
0.982451
0.980407
0.971091
0.976978
0.971449
0.978005
0.986375
0.971936
0.98918
0.980459
0.975437
0.97448
0.992679
0.978763
0.983738
0.982709
0.982662
0.979086
0.970292
0.979016
0.975793
0.981037
0.986922
0.985286
0.97232
0.980179
0.982393
0.97607
0.967961
0.977601
0.974392
0.971259
0.973619
0.975715
0.970654
0.972658
0.973797
0.978413
0.98884
0.957524
0.970857
0.957591
0.968811
0.972786
0.972049
0.969797
0.967968
0.970713
0.971712
0.97751
0.972784
0.966043
0.975918
0.967144
0.979015
0.983512
0.964485
0.971339
0.983052
0.98088
0.963676
0.967651
0.978067
0.97505
0.977393
0.975027
0.97159
0.977618
0.978755
0.975323
0.978753
0.972337
0.962936
0.967705
0.976576
0.976816
0.977794
0.97552
0.979544
0.979647
0.976018
0.9698
0.972155
0.97858
0.984806
0.975589
0.98242
0.981422
0.972841
0.976196
0.972789
0.973888
0.978028
0.981636
0.980574
0.975562
0.977241
0.975345
0.985786
0.967944
0.982735
0.985384
0.961614
0.970091
0.965862
0.967481
0.974132
0.973804
0.969874
0.971225
0.968817
0.96656
0.968907
0.982208
0.965352
0.972238
0.975054
0.961451
0.964062
0.966755
0.967561
0.964633
0.965408
0.970738
0.963079
0.972708
0.96849
0.964755
0.965555
0.968612
0.971819
0.959535
0.958332
0.971591
0.969082
0.958409
0.974225
0.964734
0.960977
0.96521
0.96992
0.97483
0.968956
0.957286
0.976265
0.969514
0.962799
0.957929
0.965785
0.964336
0.973473
0.969391
0.967221
0.964173
0.965332
0.972618
0.967338
0.95776
0.97304
0.965276
0.962864
0.972885
0.956189
0.96438
0.972676
0.984809
0.959423
0.972905
0.964398
0.968148
0.974373
0.971475
0.972764
0.960277
0.969956
0.965526
0.955131
0.962813
0.968263
0.972928
0.970114
0.964603
0.968112
0.960638
0.965987
0.960161
0.965654
0.963427
0.985787
0.960977
0.967659
0.961335
0.957129
0.962707
0.967929
0.98043
0.964019
0.96543
0.957042
0.957813
0.959737
0.964678
0.972802
0.975172
0.95683
0.971525
0.9587
0.964979
0.959067
0.968256
0.964291
0.958383
0.964302
0.954933
0.960504
0.959526
0.968716
0.958118
0.968897
0.977231
0.961911
0.960173
0.954105
0.977222
0.956762
0.961228
0.974671
0.957051
0.955501
0.944442
0.950336
0.948652
0.960108
0.962554
0.94749
0.964024
0.959984
0.964511
0.9597
0.964661
0.97319
0.961831
0.959756
0.961163
0.962238
0.969808
0.96884
0.970684
0.983384
0.960974
0.968912
0.947504
0.948712
0.956134
0.955851
0.968342
0.959752
0.957971
0.958404
0.960357
0.950784
0.964156
0.951368
0.967874
0.971808
0.965826
0.953982
0.962266
0.96279
0.964652
0.949768
0.961801
0.957407
0.960566
0.964967
0.962853
0.951546
0.96112
0.961061
0.953744
0.955591
0.966688
0.955454
0.945367
0.959983
0.955586
0.964489
0.954449
0.961304
0.958702
0.962142
0.962868
0.954169
0.958511
0.952154
0.957006
0.957971
0.954487
0.956057
0.959561
0.966752
0.963884
0.959815
0.955936
0.955644
0.965874
0.952766
0.95924
0.965776
0.958646
0.964926
0.958451
0.966801
0.963735
0.971325
0.937942
0.949858
0.967978
0.967705
0.974246
0.955454
0.96139
0.956492
0.963153
0.958208
0.959313
0.967927
0.971276
0.976412
0.952733
0.967556
0.966583
0.952206
0.941429
0.953895
0.951477
0.959545
0.955657
0.963148
0.956627
0.960141
0.962777
0.94358
0.980103
0.95773
0.96693
0.975013
0.962945
0.967901
0.961649
0.957885
0.965076
0.9692
0.977016
0.971157
0.975039
0.961882
0.96919
0.958943
0.96068
0.965594
0.965523
0.966659
0.973375
0.966443
0.966457
0.960801
0.964979
0.967269
0.962404
0.965296
0.95442
0.966206
0.948971
0.977271
0.952398
0.957669
0.953809
0.962583
0.956747
0.962708
0.966605
0.963919
0.966375
0.946166
0.960461
0.945859
0.949837
0.976049
0.970255
0.965392
0.97005
0.961677
0.952298
0.952149
0.959818
0.965495
0.952318
0.965816
0.961977
0.955787
0.963993
0.963898
0.964189
0.961157
0.964633
0.954562
0.961143
0.969919
0.974083
0.965618
0.971408
0.967085
0.959248
0.949568
0.968696
0.954364
0.959644
0.966827
0.97575
0.963738
0.969745
0.961695
0.968387
0.965217
0.969268
0.964121
0.963453
0.97054
0.964487
0.965944
0.966455
0.962928
0.961737
0.971509
0.960977
0.963455
0.966395
0.971468
0.960438
0.96968
0.960637
0.965252
0.966151
0.965649
0.96455
0.968971
0.954225
0.958038
0.9609
0.959893
0.983313
0.962044
0.982561
0.957598
0.963027
0.956527
0.975787
0.965337
0.973091
0.970037
0.959697
0.952418
0.96551
0.962208
0.962929
0.964245
0.973283
0.975647
0.96843
0.967567
0.967683
0.965541
0.962523
0.96807
0.964369
0.972263
0.964071
0.973512
0.964535
0.974026
0.958594
0.959657
0.967553
0.965989
0.96105
0.9719
0.972024
0.960832
0.972042
0.974946
0.962928
0.966845
0.973366
0.960135
0.961446
0.971486
0.971441
0.963019
0.971876
0.962622
0.9605
0.965808
0.960365
0.95124
0.976338
0.969249
0.955547
0.963055
0.954799
0.962021
0.9638
0.965248
0.96746
0.970059
0.960174
0.965469
0.969558
0.965453
0.959
0.980138
0.964835
0.970383
0.950943
0.969605
0.95824
0.964209
0.966936
0.971033
0.97385
0.96027
0.956737
0.973956
0.967378
0.955148
0.965623
0.973473
0.956848
0.964184
0.954581
0.948845
0.971585
0.96133
0.964693
0.963243
0.963977
0.963782
0.962435
0.96775
0.976355
0.972674
0.964547
0.970604
0.971079
0.975669
0.976564
0.977087
0.968451
0.960325
0.970654
0.969473
0.96037
0.960032
0.968729
0.967498
0.954401
0.96875
0.968155
0.961862
0.978091
0.965448
0.971071
0.964851
0.968034
0.969207
0.978532
0.985929
0.972115
0.963682
0.966105
0.975336
0.969832
0.964524
0.966048
0.966826
0.969788
0.960229
0.97424
0.976445
0.966827
0.983888
0.967884
0.973548
0.975271
0.965498
0.968467
0.965343
0.963205
0.970508
0.970851
0.979068
0.966364
0.965014
0.960381
0.964771
0.964348
0.96437
0.9634
0.966075
0.966773
0.973511
0.966429
0.970583
0.968967
0.967599
0.974153
0.964633
0.963354
0.964498
0.960927
0.965269
0.964598
0.966349
0.981041
0.974689
0.968539
0.966176
0.973353
0.964925
0.971424
0.964813
0.959871
0.979135
0.961439
0.965575
0.961714
0.974169
0.963065
0.962072
0.970411
0.975156
0.955546
0.957672
0.975205
0.961565
0.969434
0.964019
0.959556
0.969329
0.978425
0.966941
0.953437
0.956251
0.947551
0.974055
0.957605
0.964032
0.964034
0.952176
0.947
0.966769
0.965111
0.960923
0.94249
0.943214
0.968133
0.96114
0.95023
0.96073
0.9452
0.953266
0.957319
0.95777
0.968171
0.951075
0.955453
0.955069
0.950089
0.948989
0.948785
0.962138
0.957046
0.962056
0.955666
0.964079
0.962325
0.953842
0.965572
0.95236
0.955472
0.958542
0.962683
0.958106
0.963819
0.957436
0.949351
0.957519
0.947453
0.950485
0.955805
0.954994
0.96197
0.954583
0.953286
0.956266
0.934434
0.945054
0.947481
0.960801
0.961896
0.964786
0.945867
0.939915
0.957153
0.942203
0.968306
0.956419
0.945484
0.953023
0.944719
0.942917
0.951356
0.949772
0.957896
0.953865
0.94092
0.959436
0.942055
0.946065
0.938335
0.963363
0.94066
0.951042
0.944108
0.958587
0.950621
0.940194
0.952142
0.949039
0.952706
0.939379
0.944965
0.961619
0.973571
0.954941
0.946779
0.957896
0.935159
0.945172
0.951259
0.931826
0.954925
0.93782
0.953465
0.937659
0.963538
0.950583
0.954158
0.952886
0.96173
0.958147
0.948187
0.964864
0.948915
0.939115
0.951395
0.927823
0.950249
0.950472
0.940431
0.953024
0.954623
0.937107
0.953198
0.962805
0.935177
0.957004
0.945684
0.961933
0.966171
0.958903
0.949379
0.948757
0.956593
0.954049
0.955077
0.939203
0.966285
0.943941
0.943801
0.951527
0.933999
0.941412
0.957267
0.948207
0.948427
0.955355
0.936958
0.950048
0.938027
0.967965
0.958531
0.958146
0.940376
0.949051
0.933067
0.959161
0.949055
0.949744
0.959818
0.928196
0.95636
0.953657
0.938014
0.924416
0.930197
0.951938
0.952839
0.937368
0.959393
0.951212
0.950407
0.964402
0.957458
0.959114
0.94626
0.954421
0.938078
0.96833
0.954476
0.9546
0.955907
0.946026
0.95549
0.951314
0.951403
0.956091
0.944452
0.957333
0.951973
0.971001
0.961053
0.936911
0.941249
0.940469
0.944059
0.947739
0.950844
0.94716
0.960299
0.957091
0.950114
0.967623
0.949783
0.979448
0.94243
0.963323
0.942538
0.954744
0.961853
0.950859
0.948187
0.956198
0.95574
0.939737
0.949363
0.946024
0.942988
0.949053
0.961642
0.949709
0.961731
0.951667
0.958294
0.957425
0.959982
0.950242
0.964297
0.954718
0.947749
0.93583
0.960862
0.942109
0.947558
0.957452
0.945955
0.952112
0.938181
0.955978
0.946204
0.951929
0.950558
0.941865
0.937106
0.942129
0.944076
0.942959
0.94813
0.959381
0.934616
0.943603
0.950778
0.937637
0.944943
0.952224
0.95069
0.945417
0.945797
0.942495
0.972493
0.95447
0.940662
0.94986
0.94091
0.942965
0.935367
0.950691
0.95944
0.952608
0.956649
0.951097
0.948954
0.946612
0.939298
0.942366
0.95599
0.953198
0.952489
0.955396
0.956704
0.954698
0.946684
0.934459
0.956473
0.962476
0.955338
0.945711
0.93735
0.931129
0.942866
0.956227
0.950575
0.950307
0.940421
0.958309
0.949262
0.942622
0.941521
0.960077
0.954138
0.936639
0.940726
0.942788
0.946788
0.951037
0.960059
0.948062
0.94829
0.95568
0.954898
0.936871
0.946607
0.945273
0.94706
0.934632
0.948497
0.947707
0.949457
0.974152
0.953613
0.971747
0.967946
0.959522
0.951742
0.955154
0.942776
0.939835
0.966098
0.959563
0.957018
0.971234
0.954094
0.968239
0.971675
0.961706
0.959038
0.945007
0.970302
0.960687
0.95316
0.955828
0.97684
0.946366
0.955313
0.959232
0.96244
0.95179
0.965731
0.960554
0.96381
0.95236
0.945841
0.945162
0.96629
0.937754
0.962834
0.961676
0.955055
0.964579
0.961126
0.962505
0.946193
0.967206
0.96048
0.959782
0.968239
0.964321
0.953034
0.95985
0.961666
0.953486
0.97543
0.950422
0.951313
0.965469
0.970439
0.965933
0.9632
0.965907
0.951997
0.951723
0.971068
0.962659
0.961383
0.958345
0.954997
0.947567
0.96457
0.962124
0.964337
0.966288
0.970978
0.975431
0.96391
0.954969
0.956828
0.971203
0.966263
0.959828
0.969789
0.961802
0.968031
0.968032
0.955602
0.970259
0.951125
0.959735
0.965192
0.965798
0.970216
0.963119
0.963332
0.969276
0.973357
0.968776
0.954981
0.955527
0.960758
0.962005
0.96375
0.966991
0.95075
0.964651
0.969421
0.966234
0.96108
0.968411
0.978867
0.959086
0.95988
0.953804
0.960365
0.964009
0.966144
0.970225
0.965343
0.962035
0.981194
0.972883
0.985681
0.965172
0.977354
0.959136
0.960674
0.976314
0.972367
0.973575
0.966271
0.969789
0.971625
0.970477
0.969744
0.9613
0.964775
0.966371
0.963697
0.95765
0.963958
0.971566
0.960701
0.965593
0.965144
0.956483
0.964118
0.960117
0.959873
0.962606
0.960083
0.968968
0.968194
0.950907
0.967083
0.965362
0.963485
0.969131
0.968013
0.969184
0.957403
0.971845
0.961353
0.96531
0.947286
0.963755
0.969608
0.966048
0.97226
0.966954
0.967597
0.95906
0.959813
0.956732
0.952966
0.958535
0.962805
0.960442
0.956974
0.958629
0.952133
0.960002
0.965393
0.958434
0.957841
0.965684
0.971887
0.961905
0.951852
0.955904
0.956148
0.957675
0.949768
0.969755
0.962688
0.960076
0.960137
0.961132
0.973184
0.962601
0.975722
0.974335
0.979959
0.974726
0.974444
0.968975
0.984207
0.969756
0.974408
0.976816
0.973581
0.973618
0.976024
0.979374
0.973101
0.975472
0.978482
0.975336
0.977893
0.974956
0.980428
0.967757
0.977445
0.970635
0.978963
0.974986
0.982265
0.976071
0.98167
0.976352
0.975543
0.979342
0.977349
0.976727
0.980684
0.982048
0.981604
0.975514
0.982588
0.98437
0.974603
0.979524
0.981588
0.980539
0.973413
0.969552
0.986591
0.984662
0.972675
0.98318
0.98
0.977593
0.978035
0.982662
0.97697
0.979441
0.969674
0.969381
0.969914
0.989367
0.982725
0.967136
0.967389
0.988762
0.982785
0.985814
0.986574
0.97565
0.981011
0.978403
0.980841
0.984241
0.984247
0.978872
0.977917
0.977887
0.985191
0.986593
0.980405
0.974835
0.974908
0.983433
0.983458
0.977486
0.985929
0.984074
0.984041
0.976108
0.978293
0.981215
0.98284
0.976704
0.982076
0.976747
0.977673
0.980168
0.982588
0.983009
0.981215
0.982684
0.978823
0.981066
0.9875
0.978695
0.987664
0.982734
0.983729
0.983133
0.984793
0.983754
0.984641
0.986268
0.986765
0.985582
0.986216
0.983766
0.992083
0.983913
0.989168
0.991746
0.984573
0.993008
0.986424
0.987227
0.992557
0.985936
0.985916
0.99155
0.989161
0.987754
0.988338
0.99058
0.99015
0.992718
0.981934
0.986335
0.991119
0.989702
0.990726
0.988784
0.989601
0.985805
0.985373
0.985918
0.994133
0.984965
0.986386
0.985996
0.991634
0.985435
0.988811
0.988796
0.991175
0.991187
0.986798
0.988216
0.991597
0.99036
0.984942
0.987196
0.985957
0.987785
0.990178
0.992142
0.994376
0.988158
0.991707
0.991944
0.986703
0.992133
0.991163
0.988199
0.991176
0.993003
0.990616
0.988803
0.995563
0.99557
0.984867
0.995007
0.985887
0.987866
0.988823
0.988776
0.985805
0.985975
0.99418
0.989258
0.982545
0.996985
0.992674
0.993639
0.991279
0.993633
0.988335
0.986927
0.986518
0.99027
0.99027
0.990659
0.992221
0.991477
0.995828
0.994608
0.992492
0.997798
0.988314
0.989285
0.991067
0.991272
0.99405
0.990712
0.990686
0.991824
0.991272
0.992073
0.99151
0.991523
0.992907
0.991679
0.992491
0.990707
0.992679
0.994069
0.994069
0.992699
0.990777
0.992742
0.989414
0.989414
0.994096
0.98937
0.994071
0.990726
0.990726
0.992672
0.99169
0.990715
0.990127
0.987518
0.993093
0.995597
0.987536
0.993094
0.995054
0.993074
0.985557
0.99031
0.996994
0.988344
0.997802
0.988352
0.995439
0.992248
0.993617
0.990646
0.992063
0.990672
0.990291
0.990305
0.98735
0.989871
0.990673
0.993659
0.989747
0.994483
0.992702
0.990752
0.98799
0.993659
0.983832
0.988943
0.991274
0.988094
0.988904
0.982264
0.984289
0.984849
0.987035
0.991312
0.991493
0.985214
0.985257
0.987587
0.986802
0.989946
0.986797
0.986245
0.99039
0.988042
0.993128
0.994665
0.986097
0.985696
0.988065
0.986119
0.99039
0.986648
0.987621
0.99136
0.991749
0.992318
0.98804
0.99176
0.991749
0.99079
0.987054
0.990377
0.990337
0.995455
0.991325
0.987558
0.985214
0.985194
0.997808
0.982831
0.989926
0.990749
0.993674
0.990749
0.993668
0.992269
0.99365
0.99072
0.994638
0.98796
0.989341
0.988363
0.991703
0.988937
0.989916
0.988379
0.993104
0.993683
0.991749
0.990386
0.993133
0.993133
0.990399
0.993123
0.993128
0.995062
0.988384
0.995053
0.988363
0.99309
0.992113
0.992103
0.992659
0.991248
0.991248
0.992639
0.99124
0.994598
0.992067
0.994606
0.98986
0.995414
0.987448
0.994179
0.994171
0.994171
0.992592
0.99556
0.987361
0.995956
0.993563
0.990991
0.993578
0.990778
0.990436
0.992747
0.993996
0.994802
0.99537
0.996198
0.995375
0.995775
0.995787
0.996193
0.995369
0.998769
0.995801
0.992802
0.992812
0.994394
0.996785
0.991974
0.979841
0.978464
0.977981
0.983111
0.993848
0.977863
0.977608
0.991406
0.990771
0.988046
0.982041
0.984824
0.979209
0.973298
0.991098
0.986333
0.984016
0.978266
0.989571
0.977664
0.979614
0.990587
0.993497
0.988507
0.988358
0.978994
0.979019
0.978221
0.99498
0.973768
0.989136
0.977632
0.985893
0.976132
0.991612
0.97887
0.986765
0.974926
0.979845
0.984194
0.972944
0.994563
0.987924
0.972256
0.976454
0.98832
0.968508
0.978247
0.985857
0.99314
0.989687
0.989931
0.973215
0.984733
0.981729
0.98875
0.99017
0.976785
0.973726
0.973968
0.973811
0.975587
0.991962
0.980744
0.977783
0.989716
0.978706
0.986685
0.980707
0.979489
0.98507
0.987536
0.976081
0.992519
0.979487
0.988274
0.979642
0.990721
0.988326
0.988429
0.988299
0.974372
0.98724
0.991212
0.991239
0.98883
0.977305
0.986407
0.990895
0.990851
0.983812
0.989443
0.979702
0.978702
0.982808
0.975406
0.984535
0.990925
0.995935
0.986759
0.98576
0.990092
0.985955
0.984858
0.975839
0.978829
0.995166
0.982809
0.986852
0.986878
0.978964
0.98886
0.988482
0.974676
0.991455
0.9885
0.978689
0.993333
0.976858
0.988047
0.98351
0.988341
0.995352
0.992375
0.980573
0.97943
0.987024
0.993347
0.982091
0.983926
0.98386
0.981003
0.993177
0.980459
0.984008
0.989829
0.980718
0.967181
0.988942
0.973777
0.975467
0.993
0.988185
0.990183
0.986815
0.990197
0.991359
0.991359
0.996374
0.989361
0.99098
0.988733
0.983513
0.988303
0.991526
0.986287
0.988278
0.996095
0.987231
0.986594
0.978372
0.986525
0.984531
0.99041
0.985925
0.983892
0.988048
0.985797
0.986062
0.991099
0.987449
0.992282
0.98647
0.988442
0.984469
0.985271
0.991299
0.989875
0.984727
0.985449
0.988304
0.991527
0.988083
0.992492
0.989717
0.988719
0.989545
0.992538
0.988717
0.989084
0.987614
0.987234
0.986236
0.991063
0.991036
0.989629
0.987635
0.986199
0.98924
0.986079
0.987062
0.987633
0.986651
0.986688
0.991515
0.989119
0.989701
0.989701
0.988287
0.984898
0.987315
0.987698
0.985734
0.992116
0.985255
0.985838
0.990676
0.9871
0.98784
0.990085
0.991478
0.985603
0.987199
0.987217
0.987772
0.987737
0.988144
0.990174
0.987719
0.984273
0.989987
0.980245
0.991158
0.987743
0.98776
0.989006
0.982093
0.978197
0.98081
0.989151
0.979323
0.982785
0.983758
0.976777
0.98431
0.983264
0.98251
0.993155
0.984795
0.990542
0.989963
0.988348
0.984667
0.987125
0.985848
0.984911
0.983425
0.987567
0.988732
0.983844
0.988541
0.985086
0.991992
0.989917
0.984029
0.991954
0.987022
0.9899
0.994402
0.989041
0.985838
0.988051
0.993576
0.989914
0.991929
0.989461
0.988298
0.992373
0.988848
0.987821
0.991926
0.98989
0.995265
0.98199
0.983993
0.988444
0.989272
0.988298
0.990351
0.991355
0.99133
0.989478
0.986998
0.989026
0.988848
0.98662
0.983976
0.985574
0.990079
0.986574
0.987399
0.984573
0.981323
0.982783
0.985636
0.987702
0.984067
0.982595
0.988093
0.992406
0.993623
0.988569
0.983616
0.984394
0.986426
0.987075
0.987937
0.980782
0.981595
0.980701
0.982788
0.983613
0.990953
0.99011
0.98557
0.989704
0.981893
0.989752
0.988729
0.983821
0.990003
0.987135
0.990762
0.988997
0.981257
0.988729
0.980251
0.982269
0.981257
0.985334
0.987299
0.988541
0.977941
0.978884
0.986617
0.991507
0.9872
0.990202
0.989627
0.986037
0.980862
0.993522
0.990685
0.98848
0.989746
0.990784
0.987071
0.987094
0.990291
0.984722
0.989886
0.989509
0.984173
0.989089
0.991861
0.989106
0.983238
0.986627
0.986186
0.986553
0.992829
0.98555
0.995027
0.981399
0.989073
0.993057
0.987513
0.982614
0.982614
0.984143
0.984936
0.986307
0.983529
0.990681
0.982169
0.985298
0.993799
0.985949
0.991004
0.981665
0.991365
0.981627
0.987212
0.992359
0.992359
0.982456
0.987247
0.993172
0.984419
0.987365
0.991179
0.985979
0.986835
0.989376
0.979626
0.987806
0.991032
0.988402
0.985052
0.991961
0.992779
0.985626
0.990665
0.98987
0.98073
0.995053
0.986747
0.985595
0.984021
0.992828
0.986153
0.989323
0.981806
0.989719
0.98988
0.984683
0.995807
0.994406
0.983241
0.989364
0.983416
0.991186
0.991591
0.990168
0.984053
0.991137
0.995939
0.990138
0.987083
0.996354
0.985169
0.992983
0.991601
0.991204
0.995385
0.989175
0.997546
0.993138
0.995939
0.98913
0.990113
0.988261
0.991502
0.984279
0.986275
0.988125
0.992973
0.992983
0.997382
0.993412
0.991424
0.996211
0.994798
0.993971
0.996201
0.993963
0.993398
0.998769
0.992848
0.995401
0.991451
0.994022
0.996794
0.992019
0.997374
0.99761
0.992828
0.992587
0.998598
0.994812
0.999182
0.993823
0.99441
0.994808
0.993826
0.994417
0.991047
0.996389
0.996389
0.996379
0.995807
0.992998
0.993018
0.995813
0.997197
0.995793
0.9986
0.992417
0.998363
0.994417
0.997203
0.99638
0.990438
0.994406
0.996785
0.992408
0.994801
0.997203
0.997203
0.997191
0.997197
0.99619
0.997596
1
1
0.999589
0.99761
0.997606
0.99761
0.996794
0.996214
0.996214
0.998194
0.996794
0.996219
0.997613
0.998199
0.997623
0.996811
0.996816
0.997626
0.997623
0.996235
0.998202
0.99623
0.996235
0.996811
0.996811
0.998204
0.998204
0.998207
0.996245
0.99682
0.997228
0.996825
0.996825
0.999595
0.996248
0.998215
0.999596
0.994454
0.994469
0.993085
0.993492
0.992092
0.996829
0.989341
0.991134
0.993668
0.994064
0.992285
0.992927
0.993243
0.994062
0.993078
0.9921
0.994059
0.994063
0.994079
0.991701
0.994475
0.995458
0.995069
0.992722
0.993528
0.991178
0.995075
0.993537
0.990812
0.998397
0.987958
0.991251
0.993738
0.996458
0.993137
0.989193
0.98766
0.978827
0.996448
0.995258
0.988073
0.980093
0.984795
0.980287
0.988121
0.989521
0.99028
0.985637
0.992421
0.986635
0.9915
0.987822
0.984807
0.986635
0.991485
0.991488
0.986456
0.987377
0.996653
0.986777
0.986795
0.985609
0.989137
0.992555
0.985682
0.987358
0.988322
0.994566
0.98473
0.986638
0.993605
0.98569
0.992416
0.989127
0.991986
0.993578
0.984429
0.986365
0.98924
0.986576
0.984767
0.984364
0.988486
0.987515
0.985192
0.990971
0.991759
0.982785
0.989026
0.990372
0.985689
0.983752
0.983775
0.98861
0.982524
0.987053
0.987035
0.983722
0.990129
0.985113
0.983045
0.985641
0.984686
0.991758
0.990543
0.99053
0.98956
0.984139
0.986247
0.988016
0.982878
0.982642
0.995448
0.985982
0.989745
0.989494
0.987096
0.984685
0.994204
0.987039
0.994993
0.990793
0.99221
0.98449
0.983289
0.988419
0.98506
0.981679
0.984646
0.993016
0.983585
0.994747
0.986446
0.989659
0.992207
0.982231
0.985805
0.990185
0.986826
0.987369
0.992718
0.990706
0.982979
0.983007
0.98924
0.988226
0.983156
0.9896
0.982689
0.984158
0.988589
0.981258
0.993634
0.989179
0.987754
0.984113
0.988739
0.986051
0.991159
0.985905
0.985261
0.986563
0.980204
0.984864
0.991171
0.985902
0.98486
0.984286
0.9873
0.984069
0.979087
0.987802
0.976709
0.989449
0.985955
0.98452
0.982722
0.981851
0.978365
0.986358
0.984812
0.985461
0.983837
0.981966
0.980559
0.990633
0.987539
0.988566
0.983615
0.981959
0.982613
0.984274
0.991057
0.989276
0.990499
0.988637
0.9847
0.980018
0.98898
0.984013
0.98871
0.982786
0.98689
0.98549
0.984009
0.987363
0.991083
0.982067
0.985426
0.983144
0.988473
0.984988
0.989971
0.996047
0.981105
0.988024
0.98842
0.989432
0.98741
0.985711
0.984125
0.988452
0.987982
0.990487
0.984387
0.987842
0.982487
0.982549
0.986632
0.990959
0.990972
0.990538
0.991952
0.989871
0.986958
0.99277
0.997284
0.991329
0.994643
0.993211
0.99035
0.988332
0.997297
0.994255
0.99629
0.995697
0.994263
0.994255
0.99629
0.99324
0.996698
0.991354
0.994847
0.996099
0.995864
0.993659
0.995265
0.991812
0.993256
0.995282
0.994689
0.994269
0.99083
0.991843
0.993878
0.98899
0.990992
0.989928
0.994842
0.994842
0.987917
0.995035
0.990365
0.99443
0.99112
0.989086
0.985864
0.988348
0.994858
0.993859
0.990979
0.987513
0.995864
0.984473
0.988699
0.981769
0.986669
0.976302
0.99221
0.98827
0.975242
0.993989
0.986605
0.984725
0.983739
0.98473
0.987377
0.98216
0.988142
0.979106
0.982345
0.979106
0.974995
0.982185
0.980592
0.974199
0.978762
0.988603
0.971699
0.986029
0.978281
0.982711
0.980673
0.987484
0.974832
0.983087
0.987913
0.980019
0.992276
0.97917
0.981526
0.984573
0.978166
0.976994
0.981505
0.985018
0.980969
0.976146
0.9826
0.975119
0.980079
0.982558
0.979757
0.975615
0.976703
0.977669
0.98321
0.979567
0.986109
0.981111
0.976603
0.981083
0.980474
0.974656
0.978479
0.979879
0.983637
0.982634
0.985106
0.975613
0.984261
0.981614
0.9792
0.982118
0.985208
0.981696
0.983321
0.975021
0.978753
0.976847
0.985726
0.982882
0.974699
0.982422
0.978313
0.976435
0.979901
0.972288
0.973566
0.974835
0.986128
0.974095
0.979931
0.985487
0.981611
0.973951
0.983057
0.983907
0.978533
0.979521
0.970033
0.97304
0.977336
0.98455
0.978531
0.978356
0.979827
0.973469
0.984682
0.982811
0.971197
0.986
0.989851
0.978475
0.988685
0.990283
0.986234
0.98357
0.977369
0.981891
0.983404
0.97977
0.979321
0.982833
0.979382
0.976837
0.975225
0.981553
0.98012
0.972795
0.979523
0.989293
0.97551
0.983141
0.985157
0.975793
0.988562
0.976594
0.978648
0.973286
0.969456
0.967434
0.968317
0.974327
0.979235
0.974347
0.980059
0.976557
0.975202
0.980053
0.970838
0.975824
0.975253
0.975703
0.98293
0.982127
0.982981
0.976052
0.98698
0.973673
0.976874
0.975299
0.978799
0.983199
0.982206
0.981027
0.97737
0.978129
0.980678
0.975622
0.984555
0.986974
0.975241
0.978076
0.979641
0.976398
0.979842
0.97839
0.978184
0.981828
0.983963
0.978907
0.983347
0.980931
0.972221
0.969238
0.987196
0.992675
0.98278
0.981118
0.979558
0.980172
0.981145
0.981173
0.98462
0.988705
0.985684
0.981612
0.983039
0.979968
0.980575
0.981369
0.981976
0.979531
0.983566
0.982564
0.982568
0.983572
0.983566
0.982185
0.981979
0.982957
0.982942
0.978187
0.984241
0.9799
0.974327
0.986309
0.980337
0.973309
0.985065
0.977744
0.985598
0.980835
0.975542
0.980632
0.981429
0.977705
0.978757
0.986581
0.97731
0.983715
0.982684
0.983704
0.98717
0.982269
0.991529
0.99095
0.983579
0.99054
0.983613
0.983659
0.992015
0.986536
0.98508
0.986534
0.985144
0.990609
0.984381
0.983364
0.993087
0.991116
0.983849
0.981592
0.991901
0.98909
0.985464
0.983851
0.993895
0.985402
0.993258
0.990677
0.992522
0.990487
0.988125
0.988327
0.989168
0.988167
0.990182
0.990776
0.989601
0.990596
0.989198
0.992161
0.991157
0.992161
0.989198
0.988188
0.993552
0.993561
0.989161
0.993143
0.993152
0.992185
0.990183
0.98206
0.986424
0.985026
0.986431
0.988402
0.987431
0.995585
0.984511
0.98789
0.991068
0.987859
0.989835
0.989814
0.987826
0.990805
0.988373
0.984381
0.994142
0.986383
0.985551
0.991768
0.988221
0.991166
0.986749
0.98876
0.993532
0.989714
0.993536
0.983308
0.988121
0.986669
0.993509
0.987271
0.992105
0.994101
0.986291
0.993946
0.98631
0.987719
0.990711
0.988287
0.984249
0.991101
0.9871
0.985856
0.981816
0.987685
0.989685
0.985684
0.989088
0.987667
0.992506
0.98875
0.989989
0.98837
0.990043
0.994801
0.989587
0.991581
0.987605
0.988772
0.996369
0.991553
0.987361
0.993129
0.987307
0.985734
0.989699
0.98815
0.99016
0.989152
0.991577
0.990161
0.983924
0.984729
0.990713
0.993523
0.985405
0.988705
0.985098
0.990271
0.989513
0.988272
0.991921
0.987082
0.99149
0.993919
0.989088
0.987893
0.991921
0.990515
0.9897
0.988494
0.985492
0.99616
0.987507
0.99411
0.992506
0.991883
0.992887
0.986406
0.988445
0.988459
0.985561
0.988962
0.990713
0.986723
0.989099
0.98727
0.985243
0.988099
0.988685
0.983833
0.987062
0.986819
0.986803
0.988049
0.989856
0.9858
0.988225
0.992655
0.992234
0.989023
0.986157
0.983913
0.98617
0.9868
0.987804
0.98203
0.98525
0.990275
0.982983
0.987081
0.985852
0.992265
0.987424
0.992709
0.9951
0.993553
0.988721
0.987946
0.983935
0.983935
0.979178
0.983169
0.992127
0.99309
0.996524
0.991513
0.991309
0.984491
0.987705
0.984508
0.983505
0.994123
0.985276
0.994528
0.994134
0.97908
0.982442
0.983833
0.984299
0.988287
0.98629
0.985714
0.987855
0.983591
0.989796
0.989811
0.984165
0.988187
0.987616
0.988809
0.988637
0.991074
0.988624
0.987822
0.988271
0.986215
0.984356
0.986365
0.980923
0.987372
0.983939
0.989037
0.98681
0.979943
0.987216
0.988191
0.981121
0.981415
0.983407
0.98983
0.987236
0.984447
0.989231
0.986688
0.982055
0.979246
0.983911
0.993868
0.982915
0.981524
0.982913
0.983321
0.987271
0.984305
0.986287
0.988238
0.98864
0.992055
0.987489
0.987652
0.993642
0.992055
0.985687
0.993514
0.985816
0.988194
0.993489
0.988204
0.989689
0.987495
0.99132
0.992914
0.990459
0.988464
0.992502
0.989669
0.987069
0.984136
0.98899
0.989831
0.989582
0.989006
0.984181
0.989621
0.992474
0.986822
0.978613
0.98062
0.98788
0.9901
0.990257
0.984249
0.980504
0.989053
0.989225
0.97721
0.989626
0.994476
0.986332
0.984331
0.985342
0.981876
0.984748
0.984639
0.982579
0.984616
0.986467
0.983649
0.990563
0.987509
0.992998
0.990589
0.988142
0.989817
0.992003
0.987934
0.987934
0.991417
0.988622
0.991467
0.988031
0.98739
0.989536
0.987472
0.990351
0.98455
0.987823
0.991923
0.989259
0.985405
0.992832
0.984682
0.98598
0.992449
0.991428
0.994032
0.99
0.985604
0.991465
0.988606
0.988049
0.989231
0.993112
0.988097
0.989702
0.988083
0.983684
0.994937
0.99053
0.997923
0.984227
0.993121
0.984664
0.983213
0.989885
0.989022
0.989798
0.99201
0.983647
0.988606
0.988628
0.988239
0.994921
0.99067
0.984627
0.986609
0.992633
0.98659
0.987637
0.987048
0.986455
0.990479
0.991081
0.987027
0.991088
0.986839
0.986255
0.983662
0.988238
0.981934
0.988304
0.988689
0.991104
0.991481
0.98538
0.98767
0.987617
0.991049
0.991084
0.994516
0.990292
0.980858
0.994948
0.996101
0.985905
0.991132
0.991935
0.991087
0.986745
0.980723
0.989162
0.991329
0.985955
0.979115
0.98232
0.98389
0.982865
0.987455
0.984279
0.985667
0.987711
0.980644
0.980644
0.981399
0.98405
0.981054
0.989301
0.981055
0.985049
0.985881
0.985857
0.982242
0.985587
0.988242
0.986444
0.982303
0.985119
0.989774
0.977832
0.98658
0.98083
0.983707
0.982129
0.980732
0.98075
0.988354
0.985571
0.992155
0.988338
0.984359
0.989352
0.990161
0.986958
0.989728
0.989728
0.982904
0.992569
0.987788
0.986967
0.982035
0.992749
0.99259
0.985018
0.982667
0.988996
0.986443
0.986856
0.988844
0.983074
0.988249
0.993217
0.988451
0.982711
0.987448
0.984103
0.983509
0.988454
0.985461
0.988815
0.984472
0.986835
0.989376
0.988387
0.990202
0.986994
0.993168
0.992737
0.988353
0.991573
0.986985
0.985051
0.98996
0.985826
0.996789
0.983244
0.987408
0.988643
0.986197
0.986216
0.993407
0.992351
0.986367
0.987791
0.988155
0.987342
0.992548
0.984944
0.983002
0.984433
0.992172
0.990765
0.989587
0.990608
0.990341
0.988341
0.986519
0.990183
0.987842
0.989394
0.985456
0.987401
0.982638
0.994163
0.989772
0.991765
0.985794
0.987781
0.983565
0.984382
0.993146
0.987135
0.988689
0.981914
0.985915
0.984815
0.993162
0.993971
0.988587
0.992147
0.990957
0.990944
0.994122
0.98772
0.993126
0.993126
0.989949
0.995363
0.995363
0.989977
0.995947
0.997764
0.991537
0.997764
0.989547
0.993389
0.994568
0.994568
0.993418
0.990028
0.993417
0.989192
0.989162
0.993398
0.994139
0.994139
0.990975
0.99058
0.995956
0.996776
0.995956
0.994531
0.996771
0.99058
0.990144
0.990992
0.991565
0.989589
0.993561
0.993963
0.990142
0.991551
0.990941
0.992123
0.99098
0.992145
0.992134
0.992123
0.992089
0.991882
0.991023
0.992439
0.992009
0.991998
0.990811
0.994278
0.992258
0.991023
0.986134
0.992848
0.991441
0.990015
0.991441
0.98862
0.991049
0.991489
0.990058
0.989477
0.983462
0.979851
0.980073
0.984527
0.989082
0.988719
0.977672
0.992898
0.986878
0.982624
0.980073
0.989686
0.988476
0.991907
0.987641
0.986046
0.983849
0.982826
0.975023
0.992424
0.974963
0.98176
0.988405
0.982131
0.989392
0.982168
0.988233
0.978771
0.982168
0.98925
0.993345
0.987301
0.981314
0.990459
0.984535
0.977548
0.992969
0.9846
0.991527
0.990118
0.97753
0.973689
0.979655
0.976535
0.978584
0.984179
0.981071
0.994733
0.980007
0.980309
0.98954
0.97662
0.979587
0.983625
0.974174
0.984576
0.990106
0.99191
0.994958
0.973689
0.982161
0.990892
0.978831
0.979777
0.983535
0.982518
0.993055
0.974013
0.984583
0.975369
0.994294
0.967396
0.978061
0.977044
0.971624
0.975297
0.98022
0.973666
0.974156
0.984813
0.985825
0.98749
0.985312
0.97407
0.970996
0.992902
0.966132
0.984472
0.977625
0.980284
0.977814
0.974577
0.979347
0.973645
0.986165
0.96686
0.972581
0.970431
0.973615
0.966836
0.965883
0.976282
0.987307
0.972447
0.980152
0.966175
0.977689
0.963158
0.979034
0.968891
0.985594
0.979064
0.988392
0.98512
0.979443
0.986569
0.967373
0.967946
0.973592
0.97848
0.96756
0.969272
0.975508
0.973881
0.967041
0.97403
0.979636
0.960808
0.979756
0.980293
0.972937
0.98733
0.976023
0.975579
0.983487
0.988391
0.985589
0.986681
0.98064
0.98224
0.98552
0.986462
0.981623
0.985242
0.982123
0.981934
0.98151
0.986332
0.98673
0.99083
0.989194
0.99187
0.982922
0.974187
0.983664
0.97768
0.981582
0.972948
0.973758
0.983959
0.981659
0.986939
0.985144
0.990178
0.982101
0.983003
0.978847
0.985751
0.978167
0.986085
0.987743
0.989291
0.978641
0.979092
0.989738
0.979183
0.974684
0.973815
0.971397
0.984573
0.97339
0.977413
0.974631
0.976216
0.976342
0.978572
0.990624
0.971018
0.971919
0.973423
0.980352
0.981219
0.973991
0.984592
0.973227
0.969851
0.974128
0.982045
0.982002
0.979155
0.975881
0.979612
0.977625
0.97033
0.982697
0.976167
0.964602
0.982691
0.982493
0.986238
0.979086
0.989921
0.989487
0.981304
0.979628
0.980116
0.983117
0.980111
0.980667
0.990103
0.976751
0.977774
0.978367
0.98403
0.974011
0.98878
0.988353
0.980365
0.984624
0.983219
0.972884
0.976431
0.987422
0.992998
0.995952
0.987172
0.991551
0.993143
0.995389
0.98829
0.985144
0.984878
0.99355
0.981817
0.989296
0.993295
0.990869
0.989677
0.988671
0.982173
0.991853
0.98527
0.987881
0.985269
0.983849
0.988248
0.987452
0.980565
0.979366
0.991662
0.98582
0.987874
0.977295
0.988494
0.984064
0.985279
0.985083
0.986898
0.981314
0.979701
0.992305
0.987909
0.98874
0.988319
0.985573
0.986428
0.983992
0.981583
0.980391
0.986819
0.986156
0.99262
0.979857
0.983293
0.980874
0.972551
0.988533
0.984311
0.976143
0.981866
0.987952
0.985032
0.982414
0.985696
0.978337
0.98107
0.980872
0.976831
0.977957
0.985774
0.988969
0.99224
0.986844
0.984005
0.994694
0.982486
0.984027
0.9907
0.986028
0.981757
0.981146
0.979027
0.987994
0.989112
0.982699
0.986501
0.981111
0.98507
0.986282
0.976154
0.977156
0.979234
0.985463
0.982662
0.985508
0.973859
0.991697
0.98328
0.981379
0.983407
0.991415
0.977394
0.980182
0.976895
0.972634
0.991842
0.982181
0.991639
0.987352
0.981353
0.991461
0.987378
0.991104
0.991286
0.982885
0.986878
0.981416
0.983844
0.989101
0.984729
0.991892
0.987333
0.986953
0.984036
0.980053
0.985765
0.980276
0.990551
0.976947
0.984232
0.99252
0.988572
0.987437
0.977348
0.988858
0.978181
0.983677
0.984807
0.986069
0.988683
0.988033
0.982162
0.984149
0.99107
0.990857
0.992437
0.978862
0.983822
0.990904
0.983595
0.98216
0.984702
0.987937
0.992085
0.989297
0.984731
0.989862
0.987491
0.987318
0.985685
0.99083
0.995603
0.988077
0.98969
0.9952
0.989871
0.983792
0.985184
0.985595
0.995207
0.992492
