0.7875
0.7775
0.7625
0.7525
0.7575
0.755
0.765
0.7675
0.7775
0.7625
0.8
0.795
0.78
0.7875
0.795
0.755
0.7725
0.7825
0.77
0.7575
0.7625
0.775
0.7725
0.765
0.76
0.7625
0.76
0.755
0.73
0.73
0.7425
0.7325
0.755
0.74
0.7375
0.7525
0.73
0.73
0.6875
0.74
0.73
0.7125
0.7075
0.7175
0.725
0.7225
0.745
0.72
0.725
0.735
0.7475
0.7375
0.74
0.7175
0.735
0.725
0.725
0.685
0.7
0.695
0.71
0.71
0.7075
0.7075
0.7
0.705
0.705
0.6925
0.6775
0.665
0.6525
0.6725
0.6725
0.6625
0.655
0.6575
0.66
0.64
0.6425
0.64
0.6325
0.6325
0.625
0.6125
0.6125
0.61
0.6225
0.6225
0.6125
0.6125
0.62
0.6175
0.625
0.615
0.6125
0.6
0.5875
0.6075
0.615
0.6075
0.62
0.625
0.6225
0.6275
0.605
0.6125
0.605
0.6025
0.615
0.61
0.6175
0.6175
0.6125
0.6175
0.6025
0.585
0.575
0.57
0.5725
0.5725
0.5725
0.575
0.575
0.5625
0.575
0.5725
0.5775
0.5625
0.5625
0.565
0.54
0.555
0.55
0.555
0.56
0.5525
0.5725
0.57
0.55
0.5575
0.56
0.5575
0.5525
0.5475
0.5325
0.5225
0.5275
0.53
0.525
0.5225
0.52
0.54
0.5375
0.535
0.54
0.535
0.5425
0.5425
0.54
0.5475
0.55
0.5525
0.535
0.53
0.5375
0.545
0.5425
0.5275
0.5325
0.525
0.51
0.5225
0.515
0.515
0.53
0.5225
0.4875
0.5075
0.53
0.5275
0.5275
0.535
0.535
0.5425
0.5275
0.5225
0.5225
0.5225
0.5175
0.5175
0.5125
0.505
0.5
0.5025
0.51
0.5225
0.52
0.52
0.515
0.5
0.505
0.5175
0.52
0.51
0.525
0.535
0.5275
0.5175
0.51
0.5125
0.5025
0.495
0.4875
0.4825
0.485
0.5025
0.5025
0.4975
0.5
0.5
0.4875
0.475
0.4825
0.4975
0.495
0.495
0.49
0.485
0.4875
0.485
0.49
0.4875
0.5125
0.505
0.5075
0.4975
0.4975
0.5
0.4975
0.495
0.495
0.4875
0.4775
0.475
0.4775
0.4875
0.4725
0.4725
0.4825
0.47
0.475
0.4825
0.485
0.475
0.4925
0.485
0.485
0.48
0.48
0.4825
0.4875
0.48
0.4725
0.4575
0.45
0.445
0.455
0.4575
0.46
0.4675
0.4675
0.465
0.4725
0.4625
0.48
0.465
0.455
0.4625
0.4725
0.475
0.4725
0.4625
0.4575
0.45
0.47
0.4625
0.47
0.47
0.4775
0.4775
0.4725
0.4525
0.4575
0.4675
0.4675
0.4675
0.4575
0.4725
0.485
0.48
0.4725
0.4825
0.4775
0.475
0.4625
0.4475
0.46
0.455
0.46
0.4625
0.4625
0.475
0.4775
0.4775
0.4625
0.47
0.47
0.4725
0.4725
0.4725
0.4825
0.4825
0.47
0.4825
0.475
0.4775
0.47
0.47
0.475
0.465
0.47
0.4775
0.475
0.4825
0.47
0.475
0.4725
0.46
0.4575
0.4675
0.47
0.4525
0.4625
0.4625
0.47
0.4725
0.47
0.475
0.4625
0.47
0.47
0.4725
0.46
0.455
0.45
0.4475
0.4525
0.4525
0.46
0.4575
0.465
0.4575
0.455
0.46
0.46
0.4775
0.475
0.46
0.47
0.4775
0.475
0.4825
0.4825
0.4775
0.475
0.475
0.47
0.47
0.4725
0.47
0.4575
0.44
0.445
0.445
0.4575
0.4575
0.45
0.4425
0.4425
0.4525
0.45
0.4475
0.45
0.44
0.415
0.43
0.4425
0.4325
0.43
0.4325
0.43
0.435
0.455
0.435
0.45
0.4525
0.47
0.4625
0.47
0.4725
0.4675
0.475
0.47
0.47
0.46
0.46
0.4625
0.45
0.455
0.45
0.4625
0.4675
0.465
0.4625
0.47
0.465
0.4675
0.46
0.4525
0.455
0.465
0.475
0.4625
0.4525
0.4575
0.4475
0.4525
0.4375
0.4275
0.4275
0.435
0.44
0.445
0.445
0.435
0.4375
0.4375
0.4325
0.43
0.4175
0.435
0.4175
0.43
0.44
0.435
0.435
0.4275
0.4175
0.425
0.4275
0.43
0.42
0.425
0.415
0.4125
0.415
0.405
0.415
0.4275
0.43
0.42
0.4275
0.44
0.43
0.43
0.4325
0.435
0.435
0.4425
0.435
0.435
0.44
0.425
0.43
0.4275
0.425
0.4225
0.435
0.4275
0.4075
0.4225
0.4175
0.425
0.43
0.425
0.4275
0.425
0.415
0.425
0.43
0.4325
0.43
0.43
0.4275
0.425
0.43
0.425
0.425
0.43
0.435
0.435
0.435
0.425
0.415
0.415
0.4125
0.43
0.4025
0.4125
0.4175
0.4025
0.4
0.4175
0.415
0.4175
0.42
0.4075
0.41
0.4075
0.4225
0.4125
0.405
0.41
0.41
0.4175
0.4125
0.415
0.4175
0.4075
0.4
0.405
0.4175
0.4175
0.4175
0.4175
0.41
0.415
0.425
0.42
0.42
0.405
0.3925
0.39
0.4025
0.3975
0.4025
0.3825
0.3775
0.3775
0.395
0.395
0.3975
0.4
0.4075
0.4075
0.4025
0.4175
0.4075
0.4125
0.4
0.395
0.395
0.3925
0.385
0.3725
0.3675
0.365
0.3625
0.37
0.3725
0.3525
0.3425
0.3625
0.365
0.3675
0.3725
0.365
0.36
0.3575
0.3625
0.36
0.365
0.3625
0.3675
0.3725
0.375
0.37
0.355
0.355
0.355
0.3575
0.37
0.37
0.3675
0.375
0.3725
0.37
0.385
0.39
0.3925
0.395
0.4025
0.4025
0.4
0.405
0.3875
0.3925
0.3825
0.375
0.38
0.3775
0.37
0.39
0.4
0.4025
0.3975
0.4075
0.4075
0.4025
0.4075
0.405
0.4025
0.4075
0.4125
0.405
0.3975
0.4025
0.395
0.39
0.3975
0.3975
0.3925
0.39
0.39
0.395
0.4
0.4025
0.395
0.4075
0.41
0.415
0.4125
0.4075
0.415
0.41
0.4175
0.4125
0.415
0.4125
0.405
0.4025
0.3925
0.395
0.3875
0.39
0.3975
0.395
0.3925
0.3975
0.3975
0.3925
0.39
0.385
0.38
0.3725
0.3725
0.375
0.375
0.3725
0.3775
0.3825
0.3825
0.375
0.385
0.3675
0.365
0.355
0.3575
0.355
0.365
0.3675
0.3725
0.3725
0.3575
0.3575
0.36
0.36
0.36
0.3625
0.36
0.3525
0.35
0.35
0.355
0.3625
0.35
0.3575
0.36
0.3525
0.355
0.3625
0.3675
0.365
0.3725
0.375
0.375
0.3825
0.3825
0.37
0.385
0.3725
0.37
0.3875
0.395
0.3975
0.405
0.4025
0.4
0.3775
0.385
0.3825
0.38
0.365
0.36
0.365
0.365
0.365
0.3725
0.375
0.375
0.37
0.3725
0.37
0.37
0.3825
0.3725
0.375
0.375
0.3675
0.3675
0.3675
0.3525
0.355
0.355
0.3625
0.365
0.3575
0.355
0.35
0.35
0.3475
0.3475
0.34
0.3475
0.3425
0.34
0.34
0.345
0.3425
0.3375
0.3325
0.3375
0.34
0.335
0.3325
0.3275
0.3275
0.3275
0.3425
0.34
0.3475
0.3425
0.34
0.3525
0.345
0.335
0.335
0.3425
0.3575
0.3475
0.3525
0.3525
0.355
0.35
0.3425
0.35
0.3475
0.3375
0.33
0.34
0.34
0.3425
0.3375
0.3375
0.34
0.3425
0.3425
0.34
0.3425
0.3525
0.3525
0.355
0.37
0.3675
0.36
0.3575
0.3725
0.3625
0.36
0.3625
0.3675
0.37
0.3675
0.3675
0.37
0.3725
0.3775
0.3725
0.38
0.3675
0.3575
0.365
0.3675
0.3675
0.365
0.3625
0.3725
0.375
0.3725
0.385
0.39
0.3875
0.3875
0.3925
0.39
0.385
0.3925
0.3925
0.39
0.3925
0.3925
0.3925
0.385
0.3775
0.375
0.375
0.365
0.365
0.3775
0.3825
0.39
0.385
0.385
0.3875
0.39
0.38
0.3775
0.3825
0.37
0.3675
0.365
0.36
0.37
0.38
0.38
0.3725
0.37
0.3675
0.37
0.3675
0.3675
0.3675
0.3775
0.375
0.37
0.37
0.3775
0.385
0.38
0.37
0.3725
0.365
0.3775
0.38
0.3825
0.3825
0.3825
0.3625
0.3875
0.3925
0.39
0.3875
0.3875
0.3775
0.3875
0.3875
0.38
0.3875
0.39
0.38
0.37
0.3775
0.3725
0.3725
0.3875
0.39
0.375
0.3775
0.38
0.38
0.38
0.3825
0.375
0.375
0.3775
0.38
0.37
0.3725
0.37
0.37
0.3475
0.3475
0.35
0.3525
0.37
0.3775
0.365
0.3575
0.3625
0.365
0.365
0.36
0.37
0.375
0.38
0.38
0.3825
0.385
0.3825
0.38
0.38
0.375
0.38
0.3825
0.38
0.39
0.3925
0.3875
0.3875
0.3925
0.3975
0.3975
0.3975
0.3975
0.39
0.3975
0.39
0.39
0.39
0.395
0.3875
0.3875
0.38
0.385
0.38
0.38
0.385
0.395
0.395
0.39
0.3925
0.395
0.3875
0.39
0.38
0.38
0.3825
0.3975
0.3975
0.3975
0.39
0.3825
0.39
0.3925
0.3825
0.3825
0.39
0.39
0.39
0.39
0.385
0.375
0.38
0.38
0.3775
0.38
0.375
0.375
0.3975
0.385
0.395
0.4075
0.41
0.4075
0.4
0.3925
0.3875
0.39
0.385
0.3875
0.39
0.3975
0.3875
0.3975
0.3875
0.39
0.39
0.395
0.395
0.39
0.3875
0.3775
0.3775
0.3625
0.3625
0.3775
0.3775
0.3825
0.3825
0.3725
0.3725
0.3975
0.4
0.405
0.3875
0.3975
0.4
0.39
0.385
0.37
0.38
0.38
0.38
0.37
0.3775
0.365
0.3925
0.39
0.3775
0.38
0.3625
0.3675
0.3775
0.375
0.37
0.375
0.37
0.3675
0.37
0.3725
0.3825
0.3875
0.37
0.3775
0.3775
0.375
0.38
0.385
0.385
0.3825
0.3775
0.38
0.3825
0.3775
0.385
0.3825
0.3775
0.3775
0.38
0.375
0.3825
0.3775
0.3875
0.3875
0.39
0.3975
0.39
0.3875
0.395
0.4
0.3975
0.3975
0.4
0.4075
0.3975
0.4
0.4
0.39
0.3925
0.385
0.3775
0.3775
0.3675
0.3875
0.3825
0.3775
0.375
0.385
0.3925
0.4
0.3975
0.39
0.4
0.3975
0.3925
0.3875
0.39
0.3875
0.3775
0.3725
0.3775
0.3725
0.365
0.365
0.3625
0.355
0.3525
0.35
0.3425
0.3275
0.34
0.34
0.3425
0.345
0.3475
0.3425
0.3425
0.34
0.34
0.3425
0.345
0.35
0.35
0.3475
0.34
0.335
0.34
0.3425
0.35
0.3475
0.35
0.3425
0.3325
0.3325
0.3325
0.34
0.3375
0.3425
0.3375
0.34
0.3325
0.3375
0.3475
0.34
0.34
0.3425
0.35
0.3425
0.3475
0.3425
0.3475
0.3475
0.345
0.34
0.34
0.345
0.34
0.3425
0.3475
0.34
0.33
0.3325
0.3325
0.34
0.3425
0.3425
0.34
0.3375
0.34
0.3375
0.345
0.345
0.35
0.345
0.345
0.345
0.3475
0.3475
0.35
0.35
0.345
0.345
0.3425
0.3425
0.3325
0.3325
0.3325
0.335
0.335
0.3325
0.3325
0.3275
0.335
0.34
0.3225
0.3325
0.325
0.32
0.3175
0.32
0.315
0.3175
0.3325
0.33
0.33
0.3275
0.32
0.32
0.3125
0.315
0.325
0.3225
0.32
0.3275
0.3125
0.3125
0.31
0.315
0.315
0.325
0.3325
0.3325
0.32
0.32
0.32
0.325
0.3275
0.3325
0.3175
0.3175
0.33
0.3275
0.32
0.325
0.32
0.3125
0.3075
0.305
0.315
0.3125
0.3125
0.3125
0.3075
0.3075
0.3
0.31
0.315
0.3225
0.3225
0.3125
0.325
0.315
0.315
0.3075
0.3125
0.305
0.3025
0.31
0.3175
0.3225
0.3225
0.3275
0.325
0.3175
0.32
0.3125
0.31
0.31
0.3175
0.3075
0.3075
0.3125
0.3125
0.3125
0.32
0.315
0.3125
0.3075
0.31
0.315
0.3175
0.315
0.3125
0.3125
0.31
0.3175
0.3225
0.325
0.3275
0.33
0.33
0.3425
0.3375
0.3325
0.3325
0.335
0.3375
0.3225
0.32
0.315
0.3225
0.325
0.3325
0.3275
0.32
0.3125
0.32
0.325
0.325
0.33
0.3375
0.3425
0.3425
0.3475
0.3425
0.3325
0.3275
0.345
0.3425
0.3375
0.3375
0.34
0.3325
0.345
0.355
0.3375
0.3325
0.3325
0.33
0.335
0.33
0.3425
0.3425
0.3425
0.3425
0.3425
0.3325
0.34
0.3525
0.3475
0.335
0.3425
0.3525
0.3475
0.3475
0.345
0.3425
0.3525
0.3475
0.3525
0.3625
0.365
0.365
0.375
0.37
0.375
0.3775
0.3775
0.385
0.3725
0.3725
0.37
0.3725
0.355
0.3625
0.3625
0.3675
0.3625
0.3525
0.3475
0.3325
0.3375
0.325
0.3275
0.335
0.33
0.325
0.3225
0.315
0.3075
0.3175
0.315
0.3125
0.3175
0.3225
0.315
0.305
0.31
0.3075
0.31
0.3175
0.32
0.3175
0.315
0.31
0.31
0.3075
0.3175
0.32
0.315
0.3175
0.31
0.3075
0.31
0.31
0.31
0.3125
0.3125
0.3325
0.33
0.3325
0.3275
0.3225
0.325
0.325
0.325
0.33
0.335
0.335
0.3375
0.3325
0.3275
0.3275
0.325
0.3225
0.3275
0.3275
0.3275
0.32
0.325
0.3275
0.3375
0.34
0.3425
0.3475
0.3425
0.3475
0.3475
0.35
0.355
0.355
0.355
0.35
0.34
0.335
0.335
0.3425
0.335
0.3325
0.335
0.33
0.335
0.3275
0.33
0.3175
0.31
0.3075
0.305
0.3
0.3
0.3075
0.3025
0.315
0.3125
0.31
0.31
0.305
0.3075
0.3075
0.305
0.3125
0.315
0.31
0.305
0.3
0.2975
0.3025
0.3075
0.3075
0.3125
0.3175
0.3175
0.315
0.3125
0.315
0.315
0.315
0.3075
0.3075
0.3125
0.315
0.3125
0.3075
0.305
0.3025
0.3
0.3025
0.3025
0.3025
0.3
0.2975
0.2975
0.305
0.3075
0.3075
0.31
0.305
0.3075
0.3
0.2975
0.29
0.2875
0.2875
0.2875
0.29
0.29
0.2825
0.2875
0.2925
0.305
0.3025
0.305
0.305
0.305
0.3025
0.3075
0.3
0.3125
0.315
0.315
0.315
0.3175
0.32
0.3225
0.3225
0.325
0.3325
0.3325
0.33
0.33
0.3275
0.3275
0.325
0.3275
0.33
0.33
0.32
0.325
0.3225
0.3225
0.32
0.31
0.305
0.3025
0.3025
0.3025
0.3
0.31
0.3075
0.3075
0.3125
0.3125
0.315
0.3175
0.3125
0.3
0.295
0.305
0.32
0.3225
0.3225
0.3225
0.33
0.33
0.325
0.3225
0.3175
0.3175
0.31
0.315
0.32
0.32
0.32
0.3175
0.3125
0.315
0.3025
0.3075
0.305
0.295
0.3025
0.31
0.3125
0.31
0.295
0.3
0.3
0.3
0.3
0.3025
0.3075
0.3125
0.3125
0.3075
0.3075
0.315
0.31
0.3125
0.3125
0.3125
0.3125
0.315
0.315
0.31
0.3175
0.3175
0.315
0.3175
0.315
0.315
0.31
0.315
0.31
0.31
0.3075
0.3025
0.3
0.3025
0.3075
0.3075
0.315
0.3125
0.3025
0.3
0.3
0.3025
0.3
0.3
0.3025
0.3
0.3025
0.3025
0.3
0.3
0.3
0.2975
0.3
0.2925
0.29
0.2875
0.2875
0.285
0.2875
0.2925
0.295
0.2975
0.3
0.2925
0.2825
0.285
0.2825
0.2925
0.2925
0.28
0.28
0.2825
0.29
0.285
0.295
0.2925
0.295
0.2925
0.295
0.2975
0.305
0.3025
0.2975
0.3
0.2975
0.2975
0.3
0.2975
0.2975
0.295
0.295
0.3025
0.3025
0.305
0.3025
0.3025
0.295
0.2925
0.2925
0.2925
0.2925
0.295
0.3
0.29
0.2875
0.2975
0.2975
0.2975
0.2925
0.2875
0.2875
0.2825
0.285
0.285
0.28
0.2825
0.285
0.29
0.285
0.28
0.2725
0.2775
0.28
0.275
0.2675
0.2625
0.255
0.2525
0.255
0.2575
0.265
0.265
0.26
0.265
0.2625
0.265
0.2625
0.2625
0.2625
0.265
0.2575
0.265
0.2725
0.27
0.2675
0.2625
0.26
0.265
0.2675
0.265
0.2675
0.2625
0.26
0.2625
0.27
0.265
0.26
0.26
0.26
0.26
0.2625
0.255
0.2575
0.2525
0.2575
0.2525
0.25
0.26
0.2475
0.25
0.2525
0.2525
0.255
0.255
0.2525
0.25
0.25
0.2375
0.24
0.25
0.2475
0.245
0.2475
0.2375
0.245
0.2475
0.2475
0.245
0.2525
0.245
0.2425
0.245
0.255
0.255
0.25
0.2475
0.2475
0.25
0.25
0.2525
0.255
0.2525
0.25
0.2475
0.2475
0.25
0.2475
0.25
0.2575
0.2425
0.245
0.245
0.245
0.25
0.25
0.2525
0.2425
0.24
0.245
0.24
0.2325
0.25
0.2525
0.25
0.25
0.25
0.245
0.2525
0.25
0.245
0.2525
0.2525
0.25
0.245
0.2475
0.2475
0.25
0.25
0.2525
0.255
0.2575
0.255
0.2625
0.265
0.26
0.2575
0.2475
0.255
0.255
0.2575
0.2525
0.2525
0.25
0.25
0.25
0.26
0.26
0.26
0.2675
0.27
0.2675
0.2675
0.2625
0.265
0.2675
0.275
0.2775
0.285
0.285
0.29
0.2875
0.2975
0.2925
0.28
0.28
0.27
0.2625
0.2525
0.2475
0.2425
0.25
0.2575
0.255
0.2625
0.265
0.2725
0.28
0.285
0.2825
0.2825
0.28
0.28
0.2725
0.2675
0.26
0.2625
0.2575
0.27
0.2625
0.27
0.2675
0.28
0.2725
0.2625
0.27
0.26
0.26
0.2525
0.2575
0.2575
0.26
0.2575
0.255
0.2625
0.2625
0.2625
0.265
0.2725
0.2725
0.27
0.2725
0.2775
0.275
0.27
0.2675
0.2725
0.27
0.2775
0.2725
0.2775
0.2775
0.2725
0.2675
0.27
0.2725
0.275
0.27
0.27
0.275
0.275
0.28
0.2825
0.2825
0.2775
0.28
0.2775
0.2725
0.265
0.265
0.2675
0.27
0.2675
0.2675
0.2675
0.2675
0.265
0.2625
0.26
0.2625
0.2675
0.2675
0.2675
0.265
0.275
0.28
0.2775
0.2775
0.2775
0.285
0.285
0.2825
0.28
0.2825
0.2925
0.2975
0.3025
0.3025
0.3
0.305
0.2975
0.2975
0.2875
0.2925
0.29
0.3
0.2975
0.2925
0.2875
0.29
0.29
0.28
0.2825
0.2875
0.2825
0.28
0.2775
0.27
0.27
0.27
0.27
0.26
0.2625
0.26
0.265
0.2675
0.2675
0.2625
0.2575
0.26
0.2625
0.2625
0.2625
0.2675
0.27
0.2625
0.265
0.27
0.265
0.2625
0.26
0.265
0.26
0.26
0.2575
0.26
0.25
0.2525
0.2425
0.24
0.245
0.24
0.2425
0.245
0.245
0.2475
0.2475
0.2525
0.255
0.2575
0.255
0.2525
0.2575
0.26
0.265
0.265
0.27
0.265
0.26
0.26
0.2575
0.255
0.2575
0.26
0.2575
0.2575
0.245
0.245
0.2425
0.24
0.235
0.2425
0.2475
0.25
0.255
0.2625
0.2625
0.265
0.265
0.2625
0.2575
0.255
0.255
0.2525
0.2625
0.2575
0.26
0.2625
0.2575
0.2575
0.2575
0.26
0.26
0.2575
0.2575
0.2675
0.265
0.26
0.2725
0.27
0.2725
0.2725
0.2775
0.2775
0.2725
0.27
0.27
0.265
0.265
0.265
0.2625
0.2675
0.2625
0.265
0.26
0.2575
0.265
0.2625
0.265
0.2675
0.265
0.265
0.27
0.265
0.2675
0.2675
0.265
0.26
0.2575
0.2575
0.25
0.245
0.25
0.25
0.25
0.26
0.26
0.2625
0.27
0.2725
0.27
0.27
0.27
0.2625
0.275
0.275
0.2775
0.2775
0.275
0.2675
0.265
0.2525
0.25
0.2475
0.2425
0.2525
0.2525
0.25
0.245
0.25
0.2525
0.2525
0.2475
0.2525
0.2425
0.2425
0.2475
0.2425
0.24
0.24
0.235
0.24
0.24
0.24
0.24
0.2375
0.24
0.2475
0.2475
0.245
0.245
0.25
0.25
0.255
0.25
0.2525
0.2575
0.2525
0.26
0.2575
0.255
0.255
0.26
0.2575
0.255
0.255
0.245
0.2425
0.2375
0.245
0.25
0.2575
0.255
0.25
0.24
0.24
0.25
0.24
0.2375
0.2425
0.2425
0.245
0.245
0.25
0.2575
0.25
0.245
0.2475
0.2525
0.255
0.255
0.2525
0.2475
0.2475
0.245
0.245
0.245
0.245
0.245
0.2475
0.245
0.2475
0.24
0.2375
0.2375
0.2425
0.245
0.2525
0.2525
0.245
0.2375
0.2425
0.24
0.25
0.25
0.245
0.2375
0.24
0.2475
0.24
0.235
0.235
0.2425
0.245
0.23
0.235
0.2475
0.235
0.2325
0.2375
0.24
0.2375
0.24
0.2425
0.235
0.225
0.2175
0.22
0.2175
0.22
0.2175
0.215
0.2175
0.2225
0.23
0.2275
0.23
0.2325
0.23
0.2225
0.225
0.23
0.2275
0.2275
0.225
0.225
0.2275
0.23
0.235
0.24
0.24
0.24
0.235
0.2375
0.225
0.225
0.2225
0.225
0.23
0.23
0.2225
0.23
0.2225
0.22
0.2225
0.2225
0.2225
0.22
0.22
0.2125
0.225
0.235
0.24
0.2425
0.2425
0.24
0.2375
0.2375
0.2325
0.225
0.225
0.2275
0.2275
0.2225
0.23
0.2275
0.2275
0.2275
0.2275
0.2275
0.235
0.235
0.2325
0.2325
0.235
0.235
0.235
0.2275
0.23
0.235
0.2375
0.2325
0.2325
0.2425
0.245
0.245
0.245
0.2425
0.24
0.2425
0.2525
0.2525
0.25
0.25
0.2475
0.245
0.245
0.25
0.25
0.2525
0.2475
0.2425
0.2375
0.235
0.2375
0.24
0.24
0.2375
0.24
0.2425
0.2425
0.245
0.25
0.2425
0.24
0.245
0.2475
0.2425
0.24
0.235
0.235
0.2375
0.235
0.2375
0.2425
0.2475
0.255
0.255
0.255
0.255
0.255
0.255
0.255
0.2525
0.2525
0.2425
0.2425
0.2425
0.235
0.2375
0.245
0.2525
0.25
0.25
0.24
0.245
0.2425
0.2375
0.24
0.2425
0.2375
0.2375
0.245
0.2425
0.24
0.2375
0.2375
0.2325
0.2375
0.2475
0.2475
0.2425
0.245
0.2525
0.2475
0.2475
0.2475
0.245
0.2475
0.255
0.26
0.265
0.2725
0.2775
0.2775
0.275
0.2725
0.265
0.2675
0.26
0.255
0.26
0.2675
0.2675
0.26
0.2575
0.26
0.26
0.265
0.265
0.275
0.275
0.275
0.26
0.2725
0.275
0.27
0.27
0.27
0.275
0.2775
0.28
0.28
0.28
0.275
0.2775
0.285
0.2825
0.28
0.2775
0.2875
0.2825
0.2825
0.2775
0.27
0.27
0.2725
0.265
0.265
0.2625
0.26
0.2625
0.2525
0.2575
0.255
0.2575
0.255
0.255
0.2525
0.2575
0.2575
0.255
0.2625
0.27
0.27
0.2675
0.27
0.27
0.2725
0.27
0.265
0.265
0.26
0.255
0.255
0.2575
0.2575
0.2575
0.2425
0.2375
0.24
0.2375
0.235
0.23
0.2225
0.2125
0.2125
0.2125
0.21
0.2125
0.2075
0.215
0.22
0.2225
0.2225
0.22
0.22
0.2175
0.2125
0.2125
0.2175
0.225
0.23
0.23
0.2325
0.2325
0.2325
0.2425
0.2425
0.2375
0.2325
0.2325
0.235
0.2425
0.2325
0.23
0.2275
0.2375
0.2375
0.235
0.235
0.2325
0.2325
0.235
0.2325
0.2325
0.2375
0.2375
0.2375
0.2425
0.245
0.25
0.25
0.2525
0.2575
0.2625
0.2575
0.26
0.2625
0.26
0.255
0.255
0.2575
0.255
0.2625
0.265
0.2625
0.26
0.255
0.25
0.25
0.25
0.2475
0.2475
0.2475
0.25
0.26
0.2575
0.2575
0.255
0.2525
0.255
0.255
0.255
0.255
0.2575
0.255
0.2525
0.255
0.25
0.2475
0.25
0.235
0.23
0.2325
0.235
0.2325
0.2325
0.2325
0.2275
0.2325
0.23
0.2375
0.2425
0.24
0.2375
0.24
0.245
0.24
0.24
0.235
0.2375
0.2325
0.2325
0.225
0.2275
0.2225
0.2225
0.22
0.22
0.22
0.2225
0.22
0.23
0.23
0.23
0.23
0.2275
0.225
0.2275
0.2325
0.23
0.2275
0.2275
0.2275
0.23
0.2325
0.2325
0.23
0.24
0.2425
0.2475
0.2425
0.24
0.2375
0.2375
0.2325
0.235
0.235
0.2325
0.235
0.2375
0.235
0.2325
0.2375
0.24
0.2375
0.2375
0.225
0.2225
0.225
0.225
0.2275
0.235
0.2375
0.235
0.2375
0.2375
0.2375
0.24
0.25
0.255
0.26
0.2625
0.265
0.265
0.265
0.2625
0.2575
0.25
0.245
0.2525
0.265
0.2775
0.265
0.2625
0.27
0.2725
0.2675
0.27
0.2725
0.2725
0.2675
0.2675
0.2625
0.2525
0.2525
0.255
0.255
0.255
0.2525
0.2425
0.2525
0.2525
0.255
0.255
0.25
0.2525
0.2525
0.2525
0.2475
0.25
0.24
0.2275
0.225
0.23
0.23
0.235
0.2325
0.23
0.2275
0.235
0.235
0.23
0.225
0.2275
0.225
0.225
0.2275
0.23
0.24
0.235
0.2375
0.2425
0.2375
0.24
0.235
0.2375
0.225
0.2225
0.2275
0.2275
0.23
0.23
0.2425
0.24
0.235
0.2325
0.2325
0.235
0.24
0.24
0.245
0.2375
0.235
0.24
0.2475
0.2475
0.245
0.2475
0.25
0.2525
0.2525
0.25
0.25
0.2475
0.2475
0.2525
0.25
0.2525
0.255
0.2525
0.255
0.255
0.2475
0.2425
0.2425
0.2475
0.25
0.2525
0.2575
0.26
0.265
0.265
0.255
0.2525
0.2625
0.265
0.2675
0.2725
0.2725
0.275
0.275
0.275
0.2625
0.265
0.2725
0.2725
0.2725
0.265
0.2625
0.265
0.2625
0.2575
0.26
0.26
0.2575
0.265
0.2625
0.2675
0.2725
0.27
0.27
0.27
0.27
0.265
0.2625
0.2625
0.265
0.2625
0.26
0.26
0.2575
0.2575
0.2625
0.2675
0.27
0.2625
0.2675
0.2575
0.2675
0.2625
0.2625
0.2575
0.2575
0.2575
0.2575
0.26
0.25
0.25
0.2475
0.25
0.2525
0.2525
0.2525
0.24
0.2425
0.24
0.24
0.245
0.24
0.24
0.2425
0.2425
0.25
0.25
0.255
0.2475
0.25
0.2525
0.25
0.2525
0.26
0.2625
0.265
0.2725
0.2725
0.2725
0.27
0.2625
0.26
0.2725
0.2775
0.2775
0.275
0.275
0.2775
0.275
0.27
0.2575
0.26
0.2575
0.265
0.2625
0.2625
0.265
0.265
0.265
0.265
0.265
0.265
0.2575
0.26
0.2425
0.255
0.2525
0.265
0.265
0.255
0.2475
0.2475
0.2475
0.2475
0.25
0.2425
0.2475
0.2475
0.2475
0.2475
0.245
0.24
0.24
0.245
0.245
0.24
0.245
0.2375
0.2425
0.2425
0.235
0.24
0.24
0.245
0.2475
0.2475
0.2525
0.255
0.255
0.2575
0.255
0.25
0.2475
0.2425
0.24
0.2425
0.235
0.2375
0.24
0.245
0.2525
0.2575
0.25
0.2475
0.2425
0.2375
0.24
0.24
0.2325
0.2275
0.2275
0.23
0.235
0.2275
0.2275
0.225
0.2325
0.2375
0.235
0.235
0.2325
0.2275
0.2275
0.235
0.23
0.23
0.235
0.2325
0.2375
0.2425
0.2425
0.2425
0.2425
0.2425
0.2425
0.2425
0.245
0.245
0.2375
0.2475
0.26
0.25
0.2475
0.25
0.2525
0.25
0.2525
0.2625
0.2625
0.265
0.26
0.255
0.2575
0.2675
0.2675
0.265
0.2675
0.265
0.265
0.2675
0.27
0.2725
0.2625
0.26
0.265
0.2675
0.265
0.26
0.26
0.2625
0.26
0.265
0.265
0.2575
0.2675
0.275
0.2725
0.275
0.2725
0.2675
0.265
0.2625
0.2525
0.255
0.255
0.265
0.26
0.26
0.26
0.2625
0.2575
0.2625
0.2625
0.2575
0.2525
0.255
0.245
0.245
0.245
0.255
0.25
0.255
0.25
0.255
0.2525
0.2525
0.2525
0.25
0.245
0.245
0.245
0.2475
0.2475
0.2425
0.245
0.245
0.245
0.25
0.25
0.2475
0.2475
0.2525
0.2525
0.255
0.26
0.2575
0.255
0.26
0.2525
0.2575
0.255
0.25
0.25
0.245
0.2525
0.2525
0.2425
0.2425
0.2425
0.24
0.245
0.2375
0.2325
0.23
0.225
0.225
0.225
0.215
0.215
0.2175
0.2175
0.2175
0.22
0.2275
0.225
0.225
0.2225
0.2175
0.22
0.2175
0.2175
0.22
0.2175
0.23
0.23
0.2375
0.235
0.23
0.2225
0.225
0.23
0.235
0.2325
0.24
0.2375
0.235
0.2325
0.2275
0.225
0.2325
0.235
0.245
0.2475
0.2525
0.25
0.2475
0.245
0.2425
0.2425
0.245
0.2375
0.2325
0.2325
0.24
0.2425
0.2425
0.245
0.245
0.2375
0.2375
0.2425
0.2375
0.235
0.225
0.2225
0.225
0.225
0.2275
0.23
0.2225
0.2225
0.2225
0.23
0.225
0.23
0.2275
0.2175
0.2175
0.22
0.2225
0.235
0.2325
0.2325
0.2325
0.23
0.235
0.2375
0.225
0.2275
0.2275
0.2275
0.2275
0.2225
0.2175
0.2175
0.2175
0.2175
0.225
0.2325
0.235
0.23
0.23
0.23
0.225
0.22
0.22
0.2225
0.225
0.225
0.225
0.23
0.2275
0.2275
0.225
0.2225
0.22
0.22
0.22
0.2225
0.2225
0.22
0.2225
0.2225
0.2275
0.2275
0.225
0.2275
0.225
0.225
0.23
0.235
0.235
0.2375
0.24
0.2375
0.235
0.2325
0.2275
0.2275
0.225
0.2275
0.2275
0.2275
0.225
0.225
0.225
0.2175
0.22
0.22
0.22
0.2175
0.22
0.215
0.2125
0.215
0.2175
0.2175
0.2325
0.2275
0.235
0.24
0.235
0.2225
0.2325
0.235
0.235
0.23
0.23
0.2225
0.2225
0.22
0.2125
0.215
0.2175
0.2175
0.22
0.2225
0.215
0.215
0.22
0.2225
0.225
0.22
0.22
0.22
0.21
0.21
0.2075
0.2175
0.22
0.225
0.2275
0.24
0.2375
0.235
0.235
0.235
0.235
0.2425
0.24
0.2375
0.235
0.235
0.2325
0.23
0.23
0.2275
0.23
0.2275
0.2275
0.2275
0.2275
0.225
0.22
0.2225
0.23
0.225
0.2275
0.225
0.225
0.225
0.2225
0.2175
0.22
0.2225
0.22
0.2125
0.2125
0.215
0.2125
0.215
0.2025
0.2025
0.2
0.205
0.21
0.205
0.205
0.2
0.1975
0.2025
0.21
0.21
0.2125
0.215
0.2125
0.21
0.2125
0.21
0.2175
0.225
0.2125
0.2075
0.2075
0.205
0.2075
0.205
0.21
0.2125
0.2125
0.2125
0.2125
0.205
0.205
0.205
0.2025
0.2025
0.215
0.21
0.205
0.2125
0.215
0.2125
0.2075
0.2125
0.215
0.215
0.215
0.215
0.21
0.21
0.2125
0.21
0.2125
0.2175
0.2075
0.21
0.22
0.2275
0.2325
0.23
0.225
0.225
0.2275
0.225
0.22
0.2225
0.22
0.2125
0.2075
0.2075
0.2075
0.205
0.2125
0.215
0.2075
0.2125
0.215
0.21
0.22
0.235
0.235
0.235
0.2325
0.2325
0.2325
0.2325
0.23
0.22
0.2275
0.225
0.23
0.23
0.2275
0.225
0.225
0.225
0.225
0.2225
0.2175
0.21
0.2175
0.22
0.2175
0.22
0.2125
0.215
0.215
0.2175
0.2125
0.205
0.2075
0.21
0.21
0.2025
0.2
0.1975
0.2
0.2025
0.2025
0.205
0.205
0.2025
0.1975
0.1975
0.195
0.195
0.1975
0.195
0.1975
0.2
0.2025
0.205
0.2025
0.205
0.2025
0.2025
0.2
0.1925
0.1925
0.1975
0.2
0.2
0.2025
0.21
0.21
0.2075
0.21
0.21
0.2075
0.2
0.2
0.2
0.1925
0.1875
0.1875
0.185
0.1775
0.18
0.18
0.18
0.18
0.18
0.18
0.185
0.18
0.18
0.175
0.1775
0.1825
0.18
0.175
0.175
0.175
0.1775
0.185
0.185
0.1825
0.1825
0.18
0.18
0.1775
0.175
0.1775
0.175
0.17
0.1725
0.1675
0.17
0.17
0.17
0.18
0.18
0.18
0.18
0.1825
0.1775
0.1825
0.18
0.1825
0.1775
0.18
0.18
0.175
0.175
0.17
0.1675
0.165
0.1625
0.1575
0.165
0.1625
0.1575
0.16
0.16
0.1675
0.165
0.165
0.165
0.1725
0.1675
0.1675
0.165
0.16
0.16
0.16
0.1625
0.165
0.165
0.1675
0.17
0.1725
0.175
0.175
0.1825
0.18
0.18
0.18
0.1775
0.185
0.185
0.1875
0.1875
0.195
0.185
0.1825
0.1825
0.18
0.1825
0.1875
0.1975
0.195
0.1975
0.195
0.1925
0.1925
0.2
0.1925
0.1925
0.1875
0.1875
0.1875
0.185
0.185
0.1875
0.19
0.19
0.195
0.1975
0.1975
0.1975
0.1925
0.195
0.1925
0.195
0.1925
0.205
0.2025
0.2075
0.205
0.2025
0.2025
0.195
0.1975
0.1975
0.2
0.2
0.205
0.2025
0.1975
0.19
0.1925
0.2
0.2025
0.2075
0.205
0.215
0.2125
0.2125
0.2125
0.215
0.2075
0.2075
0.2075
0.205
0.205
0.2075
0.205
0.2025
0.2
0.2
0.195
0.195
0.1975
0.1975
0.2
0.2075
0.205
0.2075
0.2075
0.21
0.21
0.2025
0.2025
0.21
0.215
0.2175
0.22
0.22
0.215
0.2125
0.215
0.2125
0.215
0.215
0.215
0.21
0.215
0.215
0.2125
0.21
0.215
0.215
0.2175
0.22
0.2125
0.2125
0.2075
0.21
0.2075
0.2025
0.1975
0.1975
0.2
0.2025
0.2
0.2075
0.2075
0.2125
0.2075
0.21
0.21
0.2125
0.2125
0.21
0.21
0.21
0.215
0.215
0.215
0.2175
0.22
0.215
0.215
0.2125
0.215
0.2125
0.205
0.2075
0.21
0.2125
0.215
0.215
0.21
0.215
0.215
0.2125
0.2125
0.2125
0.2175
0.2075
0.21
0.215
0.2175
0.22
0.22
0.22
0.2125
0.21
0.21
0.2075
0.2075
0.2075
0.2125
0.21
0.215
0.22
0.2225
0.215
0.215
0.2075
0.2025
0.2025
0.205
0.2075
0.2075
0.21
0.215
0.215
0.22
0.2225
0.2175
0.22
0.2175
0.2225
0.2225
0.2275
0.235
0.2325
0.2325
0.2325
0.2275
0.22
0.225
0.225
0.2175
0.2175
0.2125
0.2025
0.21
0.205
0.205
0.205
0.21
0.2075
0.2075
0.205
0.205
0.2
0.1975
0.21
0.2125
0.21
0.2125
0.21
0.21
0.21
0.21
0.21
0.215
0.2125
0.21
0.2075
0.2075
0.21
0.205
0.215
0.2175
0.2175
0.215
0.22
0.215
0.2175
0.22
0.22
0.2175
0.21
0.215
0.21
0.2125
0.2125
0.21
0.2075
0.2025
0.2
0.2
0.1975
0.2
0.2
0.2
0.2025
0.205
0.2075
0.21
0.2175
0.215
0.22
0.22
0.205
0.2025
0.205
0.2025
0.205
0.2075
0.2075
0.2
0.2
0.1975
0.1975
0.195
0.19
0.1875
0.195
0.1975
0.2025
0.21
0.21
0.205
0.205
0.2075
0.2025
0.2
0.195
0.1875
0.1875
0.1875
0.1925
0.19
0.1925
0.195
0.195
0.1975
0.2
0.2025
0.2
0.2025
0.205
0.2025
0.2
0.2
0.2
0.2025
0.2025
0.2
0.1975
0.19
0.19
0.19
0.185
0.185
0.1875
0.1925
0.1925
0.1975
0.1975
0.1975
0.1975
0.19
0.1875
0.19
0.19
0.1925
0.1925
0.1875
0.1925
0.1925
0.2025
0.2
0.2025
0.2
0.2
0.1975
0.1925
0.195
0.1925
0.19
0.1825
0.18
0.175
0.165
0.1625
0.165
0.16
0.1625
0.16
0.1575
0.1575
0.16
0.16
0.16
0.1575
0.1575
0.1525
0.15
0.1475
0.16
0.1575
0.155
0.1575
0.1575
0.155
0.155
0.1575
0.1575
0.1575
0.16
0.175
0.175
0.17
0.1625
0.1625
0.1625
0.1625
0.1625
0.1675
0.1675
0.1675
0.17
0.175
0.1725
0.165
0.1625
0.16
0.165
0.165
0.1625
0.165
0.165
0.16
0.1575
0.1575
0.155
0.1575
0.1625
0.165
0.155
0.1575
0.1625
0.155
0.1575
0.16
0.1625
0.1625
0.1575
0.16
0.16
0.16
0.1575
0.1575
0.1575
0.165
0.1675
0.17
0.17
0.17
0.1675
0.1675
0.165
0.1675
0.1625
0.1625
0.1625
0.1525
0.15
0.1525
0.155
0.1525
0.1475
0.15
0.1475
0.15
0.15
0.15
0.155
0.15
0.15
0.1475
0.15
0.15
0.1475
0.15
0.15
0.15
0.1525
0.1525
0.1525
0.1525
0.16
0.1625
0.16
0.1625
0.165
0.1625
0.1525
0.1525
0.1475
0.15
0.1525
0.1475
0.145
0.1475
0.15
0.1525
0.155
0.155
0.155
0.1575
0.1575
0.1575
0.1575
0.155
0.1575
0.1575
0.155
0.15
0.1625
0.1625
0.165
0.1675
0.17
0.17
0.17
0.1675
0.1675
0.1675
0.1625
0.1625
0.1525
0.155
0.1525
0.15
0.15
0.15
0.15
0.15
0.15
0.145
0.145
0.14
0.14
0.1425
0.1425
0.1425
0.1375
0.14
0.145
0.1375
0.1375
0.1375
0.135
0.135
0.1375
0.135
0.14
0.14
0.1425
0.14
0.14
0.14
0.14
0.1425
0.14
0.1375
0.135
0.1325
0.13
0.13
0.135
0.135
0.125
0.13
0.13
0.125
0.1325
0.125
0.1275
0.125
0.13
0.13
0.1375
0.1375
0.1375
0.1425
0.14
0.1425
0.1425
0.14
0.145
0.1475
0.145
0.145
0.145
0.14
0.1425
0.15
0.15
0.15
0.1525
0.15
0.1475
0.145
0.1425
0.145
0.1475
0.14
0.14
0.1375
0.145
0.1375
0.14
0.1375
0.1375
0.1375
0.135
0.1325
0.1375
0.14
0.14
0.1425
0.14
0.1425
0.1425
0.1425
0.1425
0.15
0.14
0.1425
0.1425
0.14
0.14
0.145
0.1475
0.1475
0.1475
0.15
0.1525
0.1525
0.1525
0.1475
0.1525
0.1525
0.1575
0.16
0.16
0.165
0.17
0.17
0.175
0.175
0.1725
0.1725
0.175
0.17
0.17
0.17
0.1625
0.16
0.1575
0.1575
0.165
0.1675
0.1625
0.16
0.165
0.165
0.165
0.165
0.1675
0.1675
0.165
0.165
0.165
0.1625
0.1575
0.1575
0.1575
0.1575
0.1575
0.155
0.1575
0.1575
0.1575
0.15
0.1525
0.1525
0.1525
0.1575
0.1575
0.1625
0.1625
0.16
0.16
0.1725
0.1725
0.175
0.175
0.175
0.17
0.1725
0.17
0.1625
0.1675
0.1725
0.1775
0.1775
0.17
0.1725
0.1775
0.1775
0.175
0.1775
0.1725
0.1725
0.175
0.1825
0.175
0.17
0.1725
0.1725
0.1725
0.1675
0.165
0.165
0.165
0.165
0.165
0.1675
0.1675
0.16
0.1575
0.165
0.1625
0.1725
0.1725
0.17
0.1675
0.165
0.165
0.1675
0.165
0.165
0.17
0.1675
0.1725
0.1725
0.1725
0.1675
0.17
0.17
0.175
0.1725
0.1775
0.175
0.175
0.1775
0.1775
0.175
0.17
0.1675
0.16
0.165
0.1625
0.16
0.1625
0.1625
0.16
0.1575
0.155
0.1575
0.155
0.15
0.1425
0.1425
0.145
0.1475
0.1475
0.145
0.145
0.14
0.1425
0.145
0.145
0.1425
0.145
0.145
0.1425
0.14
0.15
0.1475
0.1475
0.1475
0.1475
0.15
0.145
0.1425
0.145
0.1425
0.1475
0.1575
0.1575
0.1625
0.1725
0.17
0.1675
0.1675
0.165
0.165
0.165
0.1625
0.1625
0.1675
0.1675
0.1625
0.16
0.1575
0.155
0.155
0.1525
0.15
0.15
0.15
0.15
0.15
0.15
0.15
0.1475
0.15
0.1475
0.145
0.1525
0.15
0.1525
0.15
0.1475
0.1525
0.155
0.1575
0.155
0.1575
0.16
0.1625
0.17
0.17
0.17
0.175
0.17
0.175
0.1725
0.165
0.165
0.1675
0.1675
0.165
0.16
0.16
0.1575
0.1625
0.1575
0.15
0.15
0.1425
0.14
0.14
0.14
0.14
0.1425
0.14
0.1375
0.14
0.1425
0.1425
0.1425
0.1425
0.1425
0.14
0.1425
0.1375
0.135
0.1325
0.125
0.13
0.1275
0.1325
0.1325
0.13
0.135
0.1325
0.1325
0.1325
0.135
0.1325
0.13
0.1325
0.135
0.135
0.135
0.13
0.13
0.125
0.1225
0.1225
0.1225
0.1225
0.1225
0.1225
0.125
0.125
0.1225
0.1175
0.12
0.12
0.12
0.1175
0.1225
0.12
0.1275
0.1275
0.13
0.1275
0.1275
0.1325
0.1325
0.1325
0.1325
0.13
0.1325
0.115
0.1125
0.125
0.135
0.13
0.1325
0.1325
0.135
0.1375
0.14
0.145
0.1425
0.1425
0.1425
0.145
0.155
0.1575
0.1625
0.1625
0.16
0.165
0.165
0.1675
0.165
0.165
0.165
0.165
0.1575
0.16
0.16
0.165
0.16
0.16
0.1525
0.15
0.1425
0.14
0.14
0.1425
0.145
0.1425
0.1425
0.1375
0.135
0.135
0.1325
0.1325
0.14
0.135
0.1375
0.1375
0.14
0.1425
0.1425
0.1425
0.1425
0.1375
0.1375
0.1375
0.14
0.14
0.135
0.14
0.14
0.14
0.14
0.14
0.1375
0.14
0.1425
0.14
0.14
0.14
0.1425
0.14
0.14
0.14
0.1375
0.1375
0.135
0.135
0.135
0.135
0.135
0.135
0.1375
0.1375
0.1375
0.14
0.14
0.14
0.14
0.1375
0.135
0.1375
0.14
0.1375
0.14
0.1375
0.14
0.14
0.135
0.1325
0.1325
0.13
0.13
0.1275
0.1275
0.125
0.125
0.125
0.125
0.1225
0.1175
0.1175
0.1175
0.1225
0.125
0.125
0.125
0.125
0.1275
0.1275
0.1275
0.1275
0.125
0.125
0.1275
0.13
0.13
0.125
0.1225
0.1225
0.1275
0.13
0.1325
0.1225
0.125
0.12
0.1225
0.1275
0.125
0.125
0.1275
0.135
0.135
0.13
0.1325
0.135
0.14
0.1425
0.145
0.1475
0.1375
0.1325
0.13
0.1325
0.135
0.1375
0.135
0.1325
0.13
0.1325
0.13
0.1275
0.1275
0.13
0.13
0.1325
0.1325
0.1325
0.13
0.13
0.1275
0.13
0.13
0.13
0.13
0.13
0.1325
0.1325
0.1325
0.125
0.1225
0.12
0.12
0.12
0.12
0.1225
0.125
0.13
0.13
0.13
0.125
0.125
0.1225
0.12
0.12
0.1225
0.12
0.12
0.1225
0.125
0.125
0.1225
0.1225
0.125
0.125
0.1225
0.1225
0.1225
0.125
0.1225
0.1225
0.125
0.1275
0.1275
0.1275
0.13
0.1275
0.125
0.125
0.1225
0.1225
0.1275
0.125
0.12
0.115
0.12
0.12
0.1225
0.12
0.1175
0.1175
0.115
0.115
0.1125
0.1125
0.1175
0.1175
0.115
0.11
0.1075
0.11
0.11
0.1125
0.115
0.115
0.1175
0.115
0.115
0.1175
0.12
0.1175
0.1125
0.115
0.1125
0.11
0.1075
0.1075
0.105
0.1025
0.105
0.105
0.105
0.1075
0.105
0.105
0.1025
0.1025
0.105
0.1025
0.0975
0.09
0.09
0.09
0.0925
0.0975
0.095
0.095
0.0975
0.1
0.0975
0.0975
0.0975
0.0975
0.0975
0.1
0.095
0.1
0.1
0.0975
0.095
0.0975
0.0975
0.0975
0.0975
0.0925
0.09
0.09
0.09
0.0925
0.0925
0.0925
0.1025
0.1075
0.1075
0.1075
0.11
0.1125
0.11
0.11
0.1075
0.1025
0.1025
0.1025
0.105
0.105
0.11
0.11
0.11
0.1125
0.11
0.1125
0.115
0.115
0.1075
0.1075
0.11
0.115
0.115
0.12
0.12
0.1175
0.1175
0.1175
0.1175
0.1175
0.115
0.115
0.11
0.105
0.105
0.1025
0.1025
0.1025
0.105
0.105
0.105
0.105
0.1
0.0975
0.095
0.095
0.095
0.095
0.0925
0.0925
0.0925
0.095
0.095
0.095
0.095
0.095
0.095
0.1
0.1
0.095
0.095
0.095
0.0925
0.09
0.085
0.085
0.0875
0.0875
0.0875
0.0875
0.0825
0.08
0.0775
0.0775
0.08
0.0825
0.0825
0.085
0.085
0.0875
0.09
0.0925
0.095
0.095
0.0925
0.0925
0.095
0.0975
0.095
0.095
0.095
0.095
0.0925
0.09
0.09
0.0875
0.0875
0.09
0.0875
0.09
0.09
0.0925
0.095
0.1
0.1025
0.0975
0.0975
0.1
0.1
0.0975
0.0975
0.1
0.0975
0.0975
0.0925
0.0925
0.0925
0.0925
0.0925
0.0925
0.0925
0.0875
0.085
0.085
0.085
0.0825
0.0775
0.0725
0.0725
0.0725
0.0675
0.0675
0.0675
0.07
0.07
0.0675
0.07
0.075
0.075
0.0725
0.0725
0.075
0.075
0.07
0.07
0.07
0.0725
0.0725
0.075
0.075
0.0775
0.0775
0.08
0.075
0.075
0.075
0.075
0.075
0.08
0.08
0.08
0.0775
0.08
0.08
0.08
0.0825
0.0825
0.085
0.0825
0.08
0.0825
0.0825
0.0825
0.0825
0.08
0.0775
0.0775
0.0775
0.0775
0.0775
0.08
0.0825
0.085
0.085
0.085
0.0875
0.0875
0.0875
0.085
0.0825
0.0825
0.0875
0.0925
0.0925
0.0925
0.0925
0.0925
0.0925
0.0875
0.0875
0.0875
0.085
0.0875
0.0825
0.0825
0.08
0.08
0.0775
0.0775
0.0775
0.0775
0.0775
0.08
0.08
0.08
0.08
0.08
0.08
0.08
0.0775
0.08
0.0825
0.085
0.0875
0.09
0.09
0.09
0.09
0.0925
0.095
0.0925
0.095
0.095
0.095
0.095
0.0925
0.0925
0.0925
0.0925
0.0925
0.0925
0.0925
0.0925
0.0925
0.0925
0.0925
0.09
0.09
0.09
0.09
0.1
0.0975
0.1
0.1
0.0975
0.0975
0.09
0.0875
0.0875
0.0925
0.09
0.09
0.095
0.095
0.095
0.095
0.095
0.095
0.095
0.095
0.095
0.095
0.0975
0.0975
0.1
0.1
0.1
0.1
0.1025
0.1
0.1025
0.1
0.1
0.1
0.0975
0.095
0.095
0.0975
0.0975
0.095
0.0975
0.1
0.1
0.1025
0.105
0.105
0.105
0.1075
0.11
0.11
0.11
0.11
0.11
0.1075
0.11
0.1125
0.1175
0.12
0.1175
0.1175
0.1175
0.12
0.1225
0.1175
0.1175
0.115
0.11
0.1125
0.1075
0.1075
0.1075
0.1075
0.1175
0.1175
0.1125
0.1075
0.105
0.1075
0.1125
0.11
0.11
0.1125
0.1125
0.1125
0.11
0.11
0.1075
0.1025
0.0975
0.0925
0.095
0.095
0.095
0.095
0.095
0.095
0.0925
0.0925
0.0925
0.095
0.095
0.0925
0.0925
0.095
0.095
0.095
0.0925
0.095
0.0975
0.1
0.1
0.1025
0.1025
0.0975
0.0975
0.1
0.1
0.1
0.1
0.1
0.0925
0.0925
0.0975
0.095
0.0925
0.0925
0.0975
0.0925
0.0925
0.0925
0.0925
0.095
0.095
0.0975
0.0975
0.0975
0.0975
0.0925
0.09
0.0925
0.09
0.085
0.0875
0.09
0.09
0.09
0.0925
0.095
0.095
0.095
0.095
0.09
0.0925
0.09
0.09
0.0925
0.09
0.0925
0.095
0.0975
0.0975
0.0975
0.0975
0.1
0.1
0.1
0.1
0.0975
0.095
0.095
0.0975
0.0975
0.0975
0.1
0.1025
0.1025
0.1025
0.105
0.105
0.105
0.1
0.1
0.1
0.1
0.1025
0.1
0.1
0.1025
0.105
0.105
0.1
0.095
0.095
0.095
0.0975
0.1
0.1
0.1025
0.1025
0.1025
0.1025
0.1075
0.1125
0.1075
0.1125
0.11
0.11
0.11
0.11
0.115
0.1125
0.105
0.1075
0.1075
0.11
0.1075
0.1075
0.105
0.105
0.105
0.1
0.1
0.1025
0.1025
0.1
0.1
0.0975
0.0975
0.095
0.095
0.0975
0.095
0.095
0.095
0.0975
0.1
0.0975
0.0975
0.1
0.0975
0.0975
0.0975
0.1
0.0975
0.0975
0.0975
0.1025
0.1025
0.1
0.105
0.1075
0.105
0.105
0.1025
0.1025
0.1025
0.105
0.105
0.105
0.1075
0.1075
0.105
0.1075
0.105
0.105
0.105
0.105
0.105
0.105
0.1075
0.105
0.1
0.095
0.09
0.09
0.095
0.0975
0.0975
0.0975
0.0975
0.0925
0.09
0.09
0.0925
0.0925
0.095
0.095
0.0925
0.095
0.095
0.0975
0.0975
0.1
0.1
0.1
0.0975
0.1
0.0975
0.1
0.095
0.095
0.0925
0.09
0.09
0.0925
0.09
0.0875
0.09
0.0875
0.085
0.0825
0.0825
0.08
0.08
0.075
0.075
0.075
0.0775
0.0825
0.08
0.08
0.08
0.0825
0.08
0.0775
0.075
0.07
0.0725
0.0725
0.075
0.075
0.075
0.0775
0.075
0.075
0.075
0.07
0.07
0.0775
0.0775
0.0725
0.07
0.0725
0.0725
0.0725
0.0725
0.0725
0.0725
0.075
0.0725
0.075
0.075
0.08
0.08
0.08
0.08
0.0775
0.0775
0.0825
0.0875
0.09
0.0925
0.09
0.0925
0.095
0.0975
0.1025
0.0975
0.0975
0.0975
0.095
0.095
0.095
0.095
0.095
0.0975
0.1025
0.105
0.1025
0.1025
0.1025
0.1025
0.1025
0.105
0.105
0.1075
0.1075
0.11
0.1125
0.1125
0.1125
0.1175
0.1175
0.1125
0.1125
0.11
0.1125
0.1125
0.115
0.11
0.1075
0.1075
0.105
0.105
0.1
0.1
0.11
0.105
0.1025
0.1025
0.1075
0.11
0.1175
0.12
0.1175
0.115
0.115
0.1125
0.1125
0.1125
0.1125
0.11
0.105
0.1025
0.1025
0.1
0.0975
0.0975
0.095
0.0975
0.0975
0.0975
0.1
0.1
0.1
0.1
0.095
0.0975
0.1
0.095
0.095
0.095
0.0975
0.0975
0.0975
0.095
0.095
0.0975
0.09
0.09
0.09
0.09
0.09
0.09
0.0875
0.0875
0.09
0.095
0.095
0.095
0.0925
0.09
0.0925
0.0925
0.095
0.095
0.09
0.0875
0.085
0.0875
0.0875
0.0875
0.085
0.0825
0.085
0.08
0.08
0.08
0.08
0.08
0.08
0.08
0.08
0.0825
0.085
0.085
0.0825
0.08
0.075
0.0775
0.0775
0.0775
0.0775
0.075
0.08
0.0775
0.08
0.08
0.0775
0.0775
0.0775
0.08
0.08
0.08
0.08
0.0825
0.0825
0.0825
0.0825
0.075
0.07
0.07
0.07
0.065
0.0675
0.0675
0.07
0.07
0.07
0.07
0.07
0.0675
0.07
0.0675
0.0675
0.07
0.075
0.075
0.075
0.075
0.07
0.0725
0.0675
0.0625
0.0625
0.065
0.065
0.065
0.065
0.0625
0.0625
0.07
0.075
0.0775
0.0775
0.0775
0.08
0.08
0.0825
0.08
0.085
0.085
0.085
0.0875
0.0875
0.0825
0.0825
0.08
0.08
0.08
0.08
0.0775
0.08
0.08
0.08
0.0775
0.0775
0.0775
0.0775
0.0775
0.075
0.075
0.075
0.0725
0.0775
0.0825
0.0825
0.08
0.085
0.09
0.085
0.08
0.08
0.08
0.08
0.08
0.0825
0.0825
0.085
0.085
0.0825
0.0825
0.085
0.0825
0.0825
0.0825
0.08
0.0775
0.075
0.0775
0.0825
0.08
0.0775
0.075
0.0725
0.07
0.07
0.075
0.075
0.0775
0.0725
0.075
0.0725
0.07
0.0725
0.075
0.075
0.075
0.0775
0.08
0.085
0.0875
0.0875
0.09
0.0925
0.0925
0.0925
0.095
0.095
0.095
0.0975
0.0975
0.0975
0.0975
0.1
0.1
0.0975
0.095
0.0925
0.0925
0.09
0.09
0.09
0.0875
0.085
0.085
0.085
0.085
0.085
0.085
0.085
0.085
0.085
0.085
0.0875
0.085
0.085
0.085
0.0875
0.0875
0.0875
0.0875
0.085
0.085
0.0825
0.0825
0.09
0.09
0.0875
0.0875
0.0875
0.0875
0.0875
0.0875
0.0875
0.0875
0.09
0.0925
0.09
0.0875
0.0875
0.085
0.085
0.085
0.09
0.0925
0.095
0.09
0.09
0.085
0.085
0.085
0.0825
0.0825
0.08
0.08
0.0825
0.085
0.085
0.085
0.085
0.085
0.085
0.085
0.085
0.085
0.0825
0.0825
0.0825
0.085
0.085
0.0825
0.0825
0.085
0.085
0.0875
0.0825
0.08
0.08
0.0825
0.085
0.085
0.0875
0.0875
0.0875
0.0925
0.0875
0.09
0.0875
0.0875
0.0875
0.09
0.0875
0.0875
0.0875
0.085
0.085
0.0925
0.095
0.095
0.095
0.095
0.095
0.0925
0.0925
0.095
0.095
0.0975
0.0975
0.0975
0.0975
0.0975
0.0975
0.0975
0.095
0.085
0.085
0.085
0.085
0.085
0.085
0.0825
0.075
0.0725
0.075
0.0725
0.07
0.0725
0.075
0.075
0.075
0.075
0.08
0.075
0.075
0.075
0.0775
0.08
0.08
0.08
0.0825
0.085
0.085
0.085
0.085
0.085
0.085
0.0875
0.0875
0.0825
0.0825
0.0825
0.0825
0.0875
0.0875
0.09
0.09
0.09
0.0925
0.0925
0.095
0.0975
0.1
0.1025
0.1
0.1
0.1
0.0975
0.0975
0.0975
0.0975
0.1
0.1025
0.1
0.105
0.11
0.11
0.11
0.1075
0.105
0.1025
0.105
0.1025
0.1025
0.1075
0.1075
0.1075
0.105
0.105
0.105
0.105
0.1025
0.1025
0.1025
0.1025
0.1025
0.1025
0.105
0.1075
0.11
0.11
0.11
0.1075
0.1075
0.1075
0.11
0.11
0.11
0.1125
0.115
0.115
0.115
0.115
0.115
0.1175
0.12
0.1125
0.1125
0.1125
0.1125
0.11
0.11
0.1125
0.115
0.115
0.1175
0.1175
0.115
0.12
0.125
0.125
0.1275
0.125
0.1275
0.13
0.13
0.13
0.1325
0.13
0.1325
0.1325
0.135
0.14
0.135
0.1325
0.1275
0.13
0.1275
0.1275
0.1275
0.125
0.1275
0.1275
0.13
0.13
0.1275
0.1275
0.1225
0.12
0.1225
0.125
0.1275
0.125
0.1175
0.12
0.12
0.12
0.12
0.1175
0.1175
0.12
0.1225
0.1225
0.1225
0.1225
0.1275
0.1275
0.1275
0.125
0.1275
0.1275
0.13
0.1325
0.13
0.1225
0.125
0.125
0.1225
0.12
0.1225
0.12
0.12
0.12
0.12
0.12
0.1175
0.1175
0.12
0.125
0.115
0.1125
0.1125
0.115
0.1125
0.1175
0.1175
0.12
0.12
0.12
0.12
0.12
0.1175
0.1125
0.1125
0.11
0.11
0.1075
0.105
0.105
0.1025
0.1025
0.105
0.1075
0.1075
0.11
0.1125
0.11
0.1125
0.11
0.11
0.11
0.1125
0.11
0.11
0.11
0.1075
0.105
0.1075
0.105
0.1025
0.0975
0.0975
0.0975
0.1
0.1025
0.1
0.1
0.1025
0.09
0.09
0.09
0.09
0.0925
0.095
0.09
0.1
0.1025
0.1025
0.1025
0.105
0.1025
0.1
0.1025
0.1025
0.1
0.1025
0.1025
0.105
0.105
0.105
0.105
0.105
0.105
0.105
0.105
0.1075
0.1075
0.11
0.11
0.1125
0.1125
0.1125
0.1125
0.11
0.1125
0.1125
0.1125
0.1175
0.1175
0.1175
0.1225
0.1225
0.12
0.1225
0.1275
0.1275
0.125
0.125
0.13
0.13
0.1225
0.1225
0.1225
0.1225
0.1225
0.1225
0.125
0.1225
0.1275
0.13
0.13
0.13
0.13
0.13
0.125
0.1225
0.1225
0.12
0.12
0.12
0.1225
0.1225
0.1225
0.12
0.12
0.1175
0.1175
0.1225
0.1175
0.1175
0.12
0.12
0.1175
0.115
0.1175
0.12
0.125
0.1225
0.1225
0.12
0.125
0.125
0.1275
0.1275
0.13
0.1325
0.1325
0.1375
0.1375
0.1375
0.135
0.1325
0.1275
0.1225
0.1225
0.1225
0.1225
0.12
0.1175
0.12
0.1225
0.13
0.13
0.1275
0.13
0.13
0.125
0.125
0.125
0.125
0.125
0.125
0.1225
0.12
0.1225
0.125
0.1225
0.125
0.1275
0.1275
0.1225
0.115
0.115
0.115
0.1175
0.115
0.115
0.1125
0.1125
0.105
0.105
0.105
0.105
0.11
0.1125
0.115
0.115
0.12
0.1225
0.1225
0.115
0.1175
0.12
0.12
0.1175
0.1175
0.1225
0.1275
0.1275
0.125
0.125
0.125
0.1225
0.1225
0.1275
0.1275
0.12
0.12
0.12
0.115
0.12
0.1225
0.1225
0.125
0.1225
0.1175
0.1175
0.12
0.1175
0.1175
0.1175
0.1125
0.1125
0.1175
0.115
0.115
0.115
0.1075
0.105
0.1075
0.1075
0.1075
0.1075
0.105
0.1
0.1
0.0975
0.1
0.0975
0.1075
0.105
0.1025
0.1025
0.1
0.1025
0.1025
0.1
0.1
0.1
0.1025
0.1025
0.1025
0.1025
0.1025
0.105
0.105
0.105
0.105
0.105
0.1025
0.105
0.1075
0.1075
0.1075
0.1075
0.105
0.1125
0.11
0.1125
0.11
0.11
0.1125
0.115
0.115
0.115
0.1075
0.11
0.1075
0.1075
0.105
0.1025
0.1025
0.1
0.0975
0.1
0.1
0.0975
0.0975
0.0975
0.0975
0.1
0.0975
0.0975
0.1
0.1
0.1
0.0975
0.0975
0.0975
0.1025
0.0975
0.0975
0.1
0.1
0.1025
0.1025
0.1025
0.105
0.1025
0.0975
0.095
0.095
0.095
0.1025
0.1
0.0975
0.0975
0.0975
0.0975
0.095
0.095
0.095
0.095
0.095
0.095
0.095
0.095
0.0975
0.0975
0.0925
0.0925
0.0925
0.0925
0.0875
0.09
0.09
0.0875
0.0875
0.0875
0.0875
0.09
0.0875
0.09
0.0925
0.0925
0.0925
0.095
0.095
0.095
0.0925
0.0925
0.0925
0.095
0.0925
0.0925
0.0925
0.0925
0.0925
0.0925
0.095
0.095
0.0925
0.0925
0.0925
0.09
0.09
0.09
0.09
0.09
0.09
0.0925
0.0925
0.0925
0.0925
0.09
0.09
0.09
0.085
0.085
0.08
0.08
0.0825
0.085
0.0875
0.09
0.0875
0.0875
0.0875
0.09
0.09
0.0925
0.0925
0.095
0.095
0.095
0.095
0.095
0.0925
0.0925
0.0925
0.0925
0.0925
0.0925
0.09
0.09
0.0925
0.0925
0.09
0.0925
0.0925
0.0925
0.0875
0.09
0.09
0.09
0.09
0.0925
0.095
0.095
0.095
0.095
0.0925
0.0875
0.0875
0.0875
0.0875
0.0925
0.095
0.1
0.1
0.1
0.1025
0.105
0.1
0.1
0.1025
0.1025
0.1
0.1
0.1025
0.105
0.1025
0.0975
0.1
0.1
0.0925
0.0925
0.0925
0.095
0.095
0.095
0.095
0.0975
0.0975
0.095
0.0925
0.0925
0.0925
0.0925
0.09
0.09
0.0875
0.0875
0.0925
0.0925
0.095
0.095
0.095
0.095
0.095
0.095
0.0925
0.095
0.095
0.095
0.095
0.095
0.0925
0.095
0.0975
0.0975
0.1
0.0975
0.1
0.1025
0.105
0.105
0.1125
0.1125
0.11
0.1125
0.11
0.1125
0.1125
0.1125
0.115
0.115
0.1125
0.1125
0.11
0.11
0.11
0.11
0.11
0.1125
0.1125
0.1125
0.1125
0.1125
0.105
0.1075
0.1125
0.1125
0.1125
0.11
0.11
0.11
0.11
0.11
0.1125
0.11
0.1125
0.1125
0.115
0.1175
0.1175
0.12
0.1225
0.1275
0.1275
0.1275
0.1275
0.1275
0.1275
0.125
0.125
0.1225
0.1225
0.12
0.12
0.1175
0.12
0.115
0.11
0.1125
0.115
0.1125
0.105
0.1125
0.1125
0.1125
0.11
0.1125
0.115
0.115
0.115
0.1125
0.1125
0.1125
0.11
0.11
0.11
0.11
0.11
0.1125
0.1125
0.1125
0.1125
0.1125
0.11
0.1075
0.1125
0.1125
0.115
0.115
0.115
0.115
0.115
0.1125
0.11
0.115
0.1125
0.1125
0.1125
0.1125
0.11
0.115
0.1175
0.12
0.1175
0.1175
0.12
0.12
0.12
0.12
0.1175
0.115
0.115
0.1175
0.1175
0.1175
0.12
0.12
0.1225
0.12
0.1175
0.1175
0.11
0.11
0.1075
0.115
0.1175
0.1175
0.12
0.1175
0.115
0.1125
0.1125
0.1125
0.1125
0.115
0.1225
0.1225
0.1225
0.1275
0.1275
0.1275
0.13
0.1275
0.1275
0.13
0.1275
0.125
0.1225
0.1225
0.1225
0.12
0.1275
0.1275
0.1275
0.13
0.13
0.13
0.1325
0.1375
0.14
0.1425
0.1425
0.1425
0.1475
0.14
0.1425
0.135
0.1375
0.135
0.14
0.14
0.14
0.145
0.14
0.135
0.1375
0.135
0.1425
0.1425
0.14
0.14
0.14
0.1425
0.1425
0.14
0.14
0.13
0.13
0.1275
0.1275
0.13
0.13
0.1325
0.1325
0.1325
0.13
0.1225
0.1225
0.125
0.13
0.1325
0.13
0.1275
0.125
0.1275
0.1275
0.1275
0.1275
0.1275
0.1325
0.1325
0.13
0.13
0.1275
0.13
0.125
0.1275
0.1275
0.1275
0.13
0.13
0.1325
0.1325
0.13
0.135
0.1325
0.13
0.1275
0.1225
0.1225
0.125
0.1225
0.1225
0.1225
0.1225
0.125
0.1275
0.1275
0.1275
0.1275
0.1275
0.1275
0.125
0.125
0.1275
0.1275
0.125
0.125
0.125
0.125
0.1275
0.1275
0.125
0.13
0.1325
0.1325
0.1325
0.14
0.1425
0.1425
0.14
0.1375
0.14
0.1425
0.1425
0.135
0.135
0.135
0.14
0.1375
0.135
0.13
0.13
0.1275
0.125
0.125
0.125
0.125
0.1175
0.1175
0.125
0.125
0.125
0.1225
0.1225
0.12
0.1175
0.1075
0.1075
0.1075
0.11
0.11
0.11
0.1125
0.1125
0.12
0.115
0.115
0.12
0.1175
0.12
0.1225
0.1225
0.12
0.12
0.125
0.1225
0.1225
0.1225
0.1175
0.1175
0.1175
0.1175
0.1175
0.12
0.12
0.12
0.12
0.125
0.1225
0.1275
0.1275
0.13
0.1325
0.1325
0.135
0.135
0.135
0.1325
0.1325
0.1325
0.1325
0.1325
0.1375
0.14
0.1325
0.1325
0.1325
0.1325
0.135
0.1375
0.14
0.1425
0.14
0.1375
0.1375
0.135
0.1375
0.1375
0.135
0.1375
0.14
0.1375
0.1375
0.1375
0.135
0.14
0.14
0.14
0.14
0.1425
0.145
0.145
0.145
0.145
0.1475
0.145
0.15
0.145
0.1425
0.1425
0.1425
0.1475
0.14
0.14
0.14
0.14
0.14
0.135
0.1325
0.1275
0.1275
0.13
0.13
0.13
0.1325
0.135
0.135
0.1275
0.1275
0.125
0.1275
0.13
0.1325
0.135
0.1375
0.14
0.145
0.1425
0.1425
0.1425
0.14
0.135
0.1325
0.13
0.1325
0.1325
0.135
0.135
0.1325
0.13
0.1275
0.1275
0.13
0.1325
0.135
0.135
0.1325
0.1275
0.13
0.13
0.1275
0.125
0.125
0.125
0.1275
0.13
0.1325
0.1325
0.13
0.1275
0.125
0.125
0.125
0.125
0.125
0.1225
0.115
0.115
0.115
0.1225
0.1225
0.12
0.12
0.1225
0.1225
0.125
0.125
0.1275
0.1275
0.13
0.13
0.1275
0.1225
0.13
0.125
0.13
0.13
0.13
0.13
0.13
0.13
0.1275
0.1275
0.125
0.1275
0.1275
0.1275
0.13
0.1325
0.13
0.1225
0.13
0.125
0.12
0.12
0.1175
0.1175
0.125
0.1275
0.125
0.125
0.1225
0.13
0.13
0.1325
0.1325
0.135
0.1375
0.135
0.1375
0.1375
0.1375
0.1375
0.1375
0.1375
0.14
0.14
0.1425
0.1425
0.1475
0.145
0.145
0.145
0.145
0.1425
0.145
0.1425
0.14
0.14
0.1375
0.1425
0.145
0.145
0.145
0.145
0.1475
0.1475
0.1475
0.1425
0.14
0.135
0.135
0.135
0.135
0.1375
0.135
0.135
0.135
0.1375
0.135
0.135
0.135
0.1325
0.135
0.1375
0.135
0.135
0.14
0.1375
0.1325
0.1325
0.135
0.135
0.135
0.1325
0.1325
0.1325
0.13
0.13
0.13
0.1375
0.1375
0.1375
0.1375
0.1375
0.135
0.135
0.14
0.14
0.145
0.1425
0.1425
0.1425
0.14
0.1425
0.14
0.145
0.145
0.145
0.1475
0.1475
0.1475
0.1475
0.1475
0.145
0.145
0.145
0.145
0.1425
0.145
0.1425
0.1425
0.1375
0.1375
0.1325
0.135
0.1325
0.1275
0.135
0.135
0.1325
0.1275
0.12
0.12
0.1225
0.125
0.125
0.125
0.125
0.13
0.1325
0.135
0.1375
0.14
0.135
0.1375
0.135
0.135
0.135
0.1325
0.125
0.125
0.1225
0.125
0.1225
0.125
0.1275
0.13
0.1325
0.13
0.1275
0.1275
0.1275
0.1275
0.13
0.1275
0.13
0.1325
0.1325
0.13
0.135
0.1375
0.1375
0.135
0.1375
0.1375
0.1375
0.1375
0.1375
0.14
0.1425
0.1475
0.1475
0.1475
0.1475
0.145
0.145
0.145
0.14
0.1375
0.1375
0.14
0.1425
0.1425
0.1425
0.15
0.1475
0.1425
0.1375
0.1375
0.14
0.14
0.1375
0.14
0.135
0.135
0.135
0.135
0.1325
0.1325
0.1325
0.135
0.135
0.14
0.14
0.14
0.1425
0.14
0.14
0.14
0.1375
0.1325
0.1225
0.1275
0.1275
0.1225
0.1225
0.125
0.13
0.1325
0.13
0.13
0.135
0.1275
0.1275
0.12
0.12
0.1225
0.12
0.1225
0.12
0.12
0.1175
0.12
0.12
0.1175
0.125
0.1225
0.12
0.1175
0.12
0.1175
0.12
0.12
0.12
0.12
0.12
0.1125
0.1125
0.1125
0.1075
0.1125
0.1125
0.1125
0.1125
0.11
0.1125
0.115
0.115
0.115
0.12
0.12
0.12
0.12
0.12
0.1175
0.115
0.1075
0.1125
0.1175
0.115
0.115
0.115
0.12
0.1225
0.1175
0.1175
0.1175
0.115
0.1125
0.115
0.1125
0.1125
0.115
0.115
0.1175
0.1175
0.12
0.12
0.1175
0.12
0.1175
0.1175
0.1175
0.115
0.11
0.1125
0.11
0.115
0.1175
0.1175
0.12
0.115
0.1125
0.1125
0.115
0.115
0.1175
0.1175
0.12
0.1225
0.1225
0.1225
0.1275
0.125
0.125
0.125
0.1275
0.125
0.125
0.1275
0.1275
0.1325
0.13
0.13
0.13
0.13
0.1275
0.1275
0.1275
0.125
0.125
0.125
0.1225
0.1175
0.1175
0.1225
0.12
0.12
0.1275
0.13
0.1275
0.125
0.1275
0.1275
0.1275
0.1275
0.125
0.12
0.1225
0.12
0.1225
0.1225
0.1225
0.1225
0.1275
0.1275
0.125
0.13
0.1275
0.13
0.1325
0.13
0.1275
0.125
0.1225
0.12
0.12
0.125
0.125
0.125
0.125
0.1275
0.115
0.115
0.12
0.12
0.12
0.12
0.1225
0.125
0.125
0.1275
0.1275
0.1275
0.1325
0.1275
0.1275
0.13
0.13
0.13
0.125
0.125
0.125
0.125
0.125
0.1275
0.13
0.1275
0.1275
0.13
0.13
0.1275
0.13
0.135
0.135
0.1375
0.1375
0.1375
0.135
0.1375
0.14
0.1425
0.1425
0.135
0.135
0.1275
0.125
0.1275
0.125
0.1225
0.12
0.125
0.125
0.1225
0.125
0.125
0.125
0.125
0.1275
0.1275
0.125
0.125
0.125
0.1225
0.1225
0.12
0.12
0.1225
0.1225
0.1225
0.1225
0.125
0.1275
0.1225
0.1225
0.1225
0.1225
0.1225
0.1225
0.1225
0.125
0.13
0.1275
0.13
0.13
0.13
0.13
0.1275
0.125
0.125
0.1225
0.115
0.1175
0.1175
0.12
0.115
0.1175
0.1225
0.125
0.1225
0.12
0.1225
0.1225
0.125
0.125
0.125
0.1225
0.1225
0.1225
0.1225
0.1225
0.12
0.1225
0.1225
0.1225
0.1275
0.1275
0.125
0.1275
0.13
0.13
0.1325
0.1325
0.1275
0.1275
0.125
0.1225
0.125
0.1225
0.12
0.12
0.12
0.12
0.125
0.1275
0.125
0.125
0.125
0.1275
0.1275
0.1275
0.1225
0.125
0.1225
0.12
0.1175
0.1225
0.1225
0.1275
0.13
0.13
0.1325
0.1325
0.1375
0.1375
0.1375
0.1375
0.14
0.14
0.145
0.14
0.1375
0.135
0.1375
0.1375
0.1375
0.135
0.135
0.135
0.1325
0.1325
0.13
0.13
0.1325
0.13
0.13
0.13
0.13
0.1275
0.125
0.13
0.125
0.125
0.1275
0.13
0.1325
0.13
0.1275
0.1275
0.1275
0.1275
0.1275
0.13
0.1225
0.12
0.12
0.1225
0.1225
0.1225
0.1225
0.1225
0.1225
0.1225
0.1275
0.1275
0.1275
0.13
0.1325
0.13
0.1325
0.1275
0.135
0.1325
0.135
0.135
0.135
0.1375
0.1375
0.1425
0.135
0.135
0.135
0.1325
0.1325
0.13
0.1275
0.12
0.1225
0.1275
0.1275
0.125
0.125
0.1275
0.1275
0.1275
0.1275
0.1275
0.1225
0.1175
0.1175
0.115
0.1125
0.115
0.115
0.115
0.1175
0.1175
0.12
0.12
0.1175
0.1175
0.1175
0.1175
0.115
0.1125
0.1125
0.1075
0.1075
0.1075
0.1075
0.1075
0.11
0.11
0.11
0.11
0.1125
0.1125
0.1125
0.115
0.115
0.1175
0.115
0.115
0.1125
0.11
0.11
0.1125
0.1125
0.1075
0.1125
0.11
0.115
0.1125
0.115
0.1175
0.115
0.1125
0.11
0.1125
0.1125
0.115
0.115
0.11
0.11
0.11
0.1125
0.12
0.1225
0.125
0.1225
0.1225
0.12
0.1225
0.1225
0.115
0.12
0.12
0.1275
0.13
0.125
0.1275
0.13
0.13
0.1275
0.1275
0.1275
0.1325
0.13
0.13
0.1275
0.1275
0.1275
0.1275
0.1275
0.1275
0.13
0.1275
0.1275
0.13
0.1225
0.1225
0.1225
0.1175
0.1225
0.12
0.1175
0.1125
0.11
0.115
0.12
0.1175
0.1175
0.1175
0.115
0.125
0.125
0.125
0.1225
0.1225
0.1125
0.12
0.1225
0.1225
0.1225
0.1175
0.12
0.12
0.1225
0.125
0.1225
0.1225
0.12
0.1175
0.12
0.115
0.1125
0.1125
0.1175
0.115
0.1075
0.105
0.105
0.1025
0.1
0.1
0.1
0.105
0.1
0.1
0.1025
0.1
0.1
0.1
0.1025
0.095
0.095
0.1
0.1
0.1
0.1
0.1
0.1
0.0975
0.0975
0.1
0.0975
0.095
0.1
0.1
0.1
0.1
0.1
0.1
0.1025
0.105
0.105
0.1075
0.1075
0.11
0.1125
0.115
0.1175
0.1175
0.115
0.115
0.1125
0.115
0.115
0.12
0.12
0.115
0.1175
0.1125
0.12
0.12
0.115
0.1125
0.115
0.115
0.11
0.1125
0.105
0.1025
0.1
0.1025
0.1075
0.11
0.11
0.11
0.105
0.105
0.105
0.1025
0.1025
0.1025
0.1
0.0975
0.1
0.1
0.0925
0.095
0.095
0.095
0.0925
0.0925
0.0925
0.09
0.09
0.085
0.0875
0.09
0.0875
0.0875
0.09
0.0875
0.09
0.09
0.0925
0.09
0.09
0.09
0.0925
0.095
0.095
0.095
0.0925
0.0925
0.09
0.085
0.0875
0.09
0.09
0.09
0.095
0.095
0.095
0.095
0.095
0.095
0.0925
0.0925
0.0925
0.09
0.09
0.085
0.085
0.0875
0.09
0.0925
0.0925
0.0925
0.0925
0.0925
0.09
0.09
0.0925
0.0925
0.095
0.095
0.0925
0.095
0.095
0.0975
0.0875
0.09
0.085
0.085
0.08
0.085
0.0825
0.09
0.0925
0.0925
0.095
0.095
0.0925
0.0925
0.09
0.085
0.085
0.085
0.0875
0.0875
0.0875
0.0875
0.09
0.09
0.0925
0.09
0.0875
0.0875
0.0875
0.09
0.09
0.09
0.0925
0.09
0.09
0.0925
0.0925
0.0925
0.0925
0.095
0.095
0.0925
0.0925
0.0925
0.0925
0.0925
0.09
0.095
0.095
0.0975
0.095
0.0975
0.0975
0.0975
0.1
0.1
0.0975
0.0975
0.0975
0.0975
0.1
0.1
0.1
0.0975
0.0975
0.0975
0.0975
0.0975
0.0975
0.0975
0.0975
0.0875
0.0875
0.0875
0.085
0.085
0.085
0.085
0.0825
0.0825
0.085
0.0825
0.0875
0.09
0.09
0.09
0.0925
0.0925
0.09
0.09
0.0875
0.0875
0.0875
0.0875
0.0875
0.0875
0.09
0.09
0.09
0.095
0.0925
0.0925
0.0925
0.0925
0.09
0.0875
0.09
0.09
0.0925
0.0925
0.095
0.0875
0.0875
0.085
0.085
0.085
0.085
0.085
0.085
0.0875
0.0875
0.085
0.085
0.085
0.0925
0.09
0.095
0.095
0.095
0.095
0.095
0.0925
0.09
0.0875
0.0875
0.0875
0.0875
0.09
0.09
0.09
0.0925
0.0925
0.0925
0.0925
0.0925
0.085
0.0825
0.0825
0.08
0.08
0.08
0.085
0.0875
0.085
0.085
0.085
0.09
0.09
0.09
0.09
0.085
0.085
0.085
0.0825
0.085
0.0825
0.0825
0.0825
0.0825
0.0875
0.09
0.09
0.0925
0.095
0.095
0.09
0.09
0.0975
0.095
0.0975
0.0975
0.1
0.0975
0.095
0.095
0.0975
0.1
0.1
0.1025
0.1
0.0975
0.0975
0.0975
0.095
0.095
0.0975
0.095
0.095
0.0975
0.0975
0.095
0.0925
0.095
0.095
0.0975
0.0925
0.0925
0.09
0.0875
0.0875
0.09
0.09
0.09
0.0875
0.0875
0.0875
0.0875
0.09
0.09
0.0925
0.0925
0.0975
0.0925
0.0925
0.0925
0.09
0.09
0.09
0.09
0.0875
0.0925
0.0925
0.0925
0.0925
0.095
0.095
0.095
0.0925
0.0925
0.095
0.095
0.095
0.095
0.0875
0.09
0.0925
0.0925
0.09
0.09
0.09
0.09
0.09
0.09
0.085
0.085
0.0875
0.09
0.09
0.09
0.0925
0.09
0.09
0.0875
0.09
0.0875
0.09
0.09
0.09
0.09
0.095
0.09
0.09
0.09
0.0925
0.1025
0.1025
0.1025
0.1
0.1
0.105
0.1075
0.1125
0.1125
0.1125
0.115
0.115
0.115
0.115
0.1175
0.12
0.12
0.12
0.12
0.1175
0.1175
0.12
0.115
0.115
0.1125
0.1125
0.115
0.115
0.115
0.115
0.1175
0.115
0.115
0.1125
0.1075
0.11
0.11
0.1025
0.105
0.0975
0.1
0.1
0.105
0.1025
0.1
0.1
0.1075
0.1125
0.11
0.11
0.1075
0.1075
0.1075
0.1
0.1025
0.1025
0.105
0.105
0.105
0.105
0.1075
0.11
0.11
0.11
0.1125
0.1125
0.11
0.11
0.1075
0.1075
0.1075
0.1075
0.1075
0.1075
0.1075
0.11
0.105
0.11
0.11
0.105
0.105
0.105
0.105
0.105
0.1
0.1025
0.1025
0.1025
0.1025
0.105
0.1075
0.1075
0.11
0.1125
0.1125
0.1075
0.1075
0.1075
0.1075
0.1075
0.1025
0.1025
0.1
0.1
0.1025
0.1
0.1
0.1
0.1
0.0925
0.09
0.0925
0.0925
0.0925
0.0925
0.0925
0.0975
0.1
0.1025
0.1025
0.1075
0.11
0.105
0.105
0.1025
0.1
0.1
0.1025
0.1025
0.105
0.11
0.115
0.115
0.1075
0.1075
0.11
0.11
0.1125
0.1125
0.1125
0.11
0.11
0.1075
0.1025
0.105
0.105
0.105
0.105
0.105
0.11
0.1075
0.105
0.1075
0.1075
0.11
0.1125
0.11
0.1075
0.1075
0.11
0.105
0.1025
0.105
0.1025
0.105
0.1075
0.105
0.105
0.1
0.1
0.0975
0.1
0.1
0.0975
0.095
0.0975
0.0975
0.0975
0.0975
0.1
0.0925
0.09
0.0925
0.09
0.0875
0.0875
0.0875
0.09
0.0925
0.0925
0.0925
0.0925
0.095
0.0975
0.0975
0.0975
0.1
0.1
0.0975
0.1
0.1
0.0975
0.0925
0.095
0.095
0.0925
0.0925
0.0925
0.09
0.0875
0.0875
0.0875
0.0875
0.0875
0.085
0.0875
0.0875
0.0875
0.0825
0.0825
0.08
0.085
0.085
0.085
0.085
0.085
0.08
0.08
0.08
0.08
0.08
0.0775
0.08
0.08
0.08
0.08
0.0775
0.0775
0.08
0.0825
0.085
0.085
0.0875
0.0875
0.0875
0.09
0.09
0.09
0.09
0.09
0.09
0.0925
0.0925
0.0925
0.09
0.09
0.0875
0.0925
0.0925
0.0875
0.0875
0.085
0.085
0.085
0.085
0.085
0.0825
0.08
0.0775
0.075
0.08
0.0825
0.0825
0.0825
0.0825
0.0825
0.0825
0.0825
0.085
0.08
0.0825
0.0825
0.08
0.0825
0.0875
0.09
0.0925
0.0925
0.09
0.09
0.09
0.09
0.09
0.085
0.085
0.0825
0.085
0.0875
0.0875
0.0875
0.0875
0.0925
0.09
0.09
0.0875
0.085
0.085
0.085
0.085
0.085
0.085
0.08
0.0825
0.0825
0.085
0.0875
0.0875
0.0875
0.0825
0.08
0.0775
0.08
0.08
0.0875
0.0875
0.0925
0.0925
0.0925
0.095
0.0975
0.0975
0.095
0.0925
0.095
0.095
0.0925
0.0925
0.09
0.09
0.0925
0.0925
0.095
0.095
0.095
0.0925
0.095
0.0925
0.095
0.095
0.095
0.095
0.0975
0.095
0.095
0.0975
0.0975
0.095
0.0975
0.1025
0.105
0.1025
0.105
0.105
0.105
0.105
0.1025
0.105
0.1075
0.1075
0.105
0.1075
0.1075
0.1075
0.1075
0.1025
0.1
0.1
0.1025
0.105
0.0975
0.0975
0.0975
0.095
0.0975
0.095
0.095
0.0925
0.09
0.09
0.09
0.0875
0.085
0.085
0.085
0.085
0.09
0.09
0.0875
0.0875
0.0875
0.09
0.0875
0.085
0.09
0.085
0.085
0.085
0.0875
0.0825
0.0825
0.0825
0.08
0.08
0.0775
0.0775
0.075
0.075
0.075
0.075
0.075
0.075
0.0775
0.075
0.075
0.0725
0.07
0.07
0.0725
0.0725
0.07
0.07
0.075
0.075
0.07
0.07
0.0725
0.0725
0.075
0.0725
0.075
0.075
0.0775
0.0775
0.0775
0.0775
0.0775
0.0775
0.0725
0.07
0.0675
0.0675
0.0675
0.065
0.065
0.065
0.0625
0.0625
0.0625
0.0675
0.07
0.0675
0.0675
0.07
0.07
0.0675
0.0675
0.07
0.0675
0.07
0.07
0.0675
0.0725
0.07
0.07
0.07
0.07
0.0675
0.0725
0.075
0.075
0.0775
0.075
0.075
0.0775
0.0775
0.0775
0.0775
0.075
0.0725
0.075
0.075
0.0775
0.08
0.08
0.08
0.0775
0.0825
0.0825
0.0825
0.0825
0.0825
0.0825
0.09
0.0925
0.0925
0.0925
0.0925
0.0925
0.095
0.095
0.09
0.09
0.09
0.09
0.0925
0.0925
0.095
0.095
0.095
0.0925
0.095
0.095
0.095
0.0925
0.09
0.09
0.09
0.09
0.0925
0.095
0.095
0.095
0.095
0.0975
0.095
0.095
0.0925
0.0925
0.095
0.0925
0.0925
0.095
0.0975
0.0975
0.0975
0.1
0.0975
0.0975
0.0975
0.095
0.0975
0.1
0.0975
0.1
0.0975
0.0975
0.0925
0.0925
0.09
0.0925
0.0925
0.0875
0.09
0.09
0.0875
0.08
0.08
0.08
0.08
0.0825
0.08
0.085
0.0875
0.0925
0.0925
0.0925
0.095
0.0975
0.1
0.095
0.1
0.095
0.0925
0.0925
0.095
0.0925
0.0875
0.0875
0.09
0.09
0.09
0.09
0.0925
0.09
0.09
0.085
0.0925
0.0925
0.0925
0.09
0.0875
0.0875
0.09
0.09
0.09
0.09
0.0925
0.095
0.095
0.0925
0.0925
0.09
0.09
0.0925
0.095
0.095
0.1
0.1
0.1
0.1075
0.105
0.1025
0.1025
0.105
0.1075
0.11
0.1075
0.1075
0.1075
0.105
0.1
0.1
0.1
0.1025
0.105
0.105
0.1075
0.1075
0.1075
0.1
0.1
0.1
0.0975
0.0975
0.0925
0.095
0.095
0.095
0.095
0.09
0.09
0.09
0.1
0.0975
0.0975
0.095
0.095
0.095
0.1
0.1025
0.105
0.105
0.105
0.1025
0.1025
0.105
0.1025
0.1
0.1025
0.1
0.1025
0.1
0.0975
0.09
0.085
0.09
0.0875
0.09
0.095
0.0975
0.095
0.095
0.0925
0.0975
0.1
0.1
0.0975
0.0975
0.1025
0.1025
0.1025
0.105
0.105
0.105
0.11
0.105
0.105
0.105
0.1075
0.115
0.1125
0.115
0.115
0.115
0.115
0.1175
0.1125
0.11
0.105
0.0975
0.095
0.0975
0.1
0.1
0.1
0.1025
0.1025
0.1025
0.1025
0.1
0.1
0.1025
0.105
0.105
0.1025
0.1025
0.1025
0.105
0.105
0.1
0.1025
0.1025
0.105
0.1
0.1025
0.1
0.1
0.1
0.1025
0.1075
0.1075
0.1075
0.1075
0.105
0.1
0.1075
0.1075
0.11
0.1125
0.1125
0.1125
0.1125
0.1125
0.1125
0.1075
0.105
0.105
0.1
0.1
0.1
0.105
0.1075
0.11
0.1075
0.1075
0.1125
0.1125
0.1125
0.1125
0.11
0.1125
0.1125
0.11
0.115
0.115
0.12
0.12
0.12
0.1175
0.115
0.115
0.115
0.1175
0.1175
0.1125
0.1125
0.1125
0.1125
0.115
0.1175
0.1175
0.1225
0.1225
0.1225
0.1225
0.12
0.1175
0.1175
0.115
0.115
0.125
0.125
0.1175
0.1125
0.11
0.1125
0.1125
0.1125
0.115
0.115
0.115
0.115
0.1175
0.12
0.115
0.11
0.11
0.1075
0.115
0.115
0.1175
0.1225
0.125
0.1275
0.125
0.1275
0.13
0.13
0.13
0.125
0.125
0.12
0.12
0.1225
0.12
0.12
0.12
0.1175
0.115
0.1125
0.105
0.1075
0.1075
0.1075
0.105
0.1025
0.105
0.105
0.105
0.1025
0.1025
0.1075
0.105
0.1025
0.1025
0.1025
0.105
0.105
0.105
0.1025
0.1
0.0975
0.1
0.1
0.1
0.105
0.1075
0.11
0.11
0.11
0.105
0.105
0.105
0.105
0.1025
0.1025
0.1025
0.1
0.0975
0.095
0.095
0.095
0.0975
0.1
0.1
0.0975
0.0975
0.0975
0.0975
0.1
0.1
0.1
0.1025
0.1025
0.1025
0.1025
0.105
0.1075
0.1025
0.1025
0.105
0.105
0.1025
0.105
0.105
0.105
0.105
0.105
0.1075
0.1075
0.11
0.1075
0.11
0.11
0.105
0.1075
0.1025
0.1
0.0975
0.0975
0.0975
0.0975
0.0975
0.095
0.0925
0.09
0.09
0.095
0.0975
0.0975
0.0975
0.095
0.0975
0.095
0.0975
0.1
0.1
0.095
0.095
0.0925
0.0925
0.095
0.0925
0.09
0.085
0.0875
0.085
0.0875
0.085
0.08
0.08
0.08
0.08
0.0775
0.08
0.08
0.08
0.0825
0.0825
0.085
0.0875
0.0875
0.0875
0.09
0.09
0.09
0.09
0.085
0.0875
0.0875
0.0875
0.0875
0.09
0.0875
0.085
0.085
0.085
0.085
0.0875
0.0925
0.095
0.095
0.0925
0.095
0.095
0.095
0.0975
0.0975
0.095
0.09
0.09
0.095
0.095
0.0975
0.0975
0.1
0.1
0.1
0.0975
0.0925
0.095
0.095
0.095
0.0925
0.095
0.095
0.095
0.095
0.09
0.095
0.1
0.1
0.1
0.09
0.0875
0.0875
0.0875
0.0925
0.0925
0.09
0.0925
0.0875
0.0875
0.0875
0.09
0.0925
0.0925
0.095
0.095
0.095
0.1
0.1
0.1025
0.105
0.105
0.105
0.1
0.1025
0.1025
0.105
0.105
0.105
0.1075
0.1075
0.105
0.1
0.1
0.1025
0.1025
0.1025
0.1025
0.1025
0.1025
0.1025
0.1025
0.1025
0.1025
0.1
0.095
0.0975
0.0975
0.095
0.0925
0.095
0.095
0.0925
0.095
0.0925
0.0925
0.0925
0.0875
0.0875
0.085
0.08
0.08
0.0825
0.0825
0.085
0.1
0.0975
0.0975
0.095
0.0975
0.0975
0.0975
0.095
0.0925
0.0925
0.0925
0.0925
0.0925
0.0925
0.0925
0.0975
0.0925
0.0925
0.0925
0.0925
0.09
0.0875
0.09
0.09
0.085
0.0875
0.0875
0.09
0.0925
0.0975
0.1
0.0975
0.0975
0.0975
0.0975
0.1025
0.105
0.1025
0.0975
0.095
0.095
0.095
0.0925
0.095
0.095
0.095
0.0925
0.09
0.09
0.09
0.09
0.085
0.085
0.085
0.085
0.0875
0.09
0.0875
0.085
0.085
0.085
0.085
0.085
0.085
0.0875
0.0875
0.085
0.085
0.085
0.085
0.085
0.0875
0.0825
0.08
0.08
0.0775
0.08
0.08
0.085
0.0825
0.0825
0.085
0.085
0.0875
0.085
0.085
0.085
0.0825
0.085
0.085
0.085
0.085
0.085
0.0875
0.0875
0.09
0.0875
0.0925
0.095
0.095
0.09
0.0875
0.09
0.09
0.0925
0.085
0.085
0.09
0.095
0.095
0.095
0.0975
0.1
0.1
0.1
0.1025
0.1075
0.1075
0.1075
0.1075
0.1075
0.11
0.105
0.1025
0.1
0.0975
0.1
0.095
0.0925
0.0925
0.095
0.09
0.09
0.0925
0.0925
0.095
0.0925
0.0925
0.0975
0.095
0.0975
0.0975
0.095
0.095
0.0975
0.0975
0.1
0.105
0.1025
0.1025
0.0975
0.1
0.0975
0.0975
0.1
0.0975
0.0975
0.1
0.1025
0.1
0.1025
0.1
0.1
0.1025
0.0975
0.0975
0.1
0.0975
0.095
0.0975
0.0975
0.0975
0.0975
0.0925
0.085
0.085
0.085
0.09
0.09
0.09
0.0975
0.095
0.095
0.0925
0.0925
0.0925
0.0925
0.0925
0.09
0.09
0.09
0.0925
0.095
0.0875
0.0875
0.0875
0.085
0.085
0.0825
0.0825
0.08
0.08
0.08
0.08
0.0825
0.0825
0.0825
0.085
0.085
0.09
0.09
0.0875
0.0875
0.0875
0.0875
0.085
0.09
0.09
0.09
0.09
0.09
0.09
0.09
0.09
0.09
0.0925
0.09
0.09
0.0925
0.09
0.0925
0.09
0.0875
0.085
0.0875
0.0875
0.0875
0.085
0.0875
0.0875
0.0875
0.085
0.0825
0.09
0.09
0.0925
0.095
0.0875
0.09
0.0925
0.09
0.09
0.09
0.09
0.09
0.0875
0.0925
0.095
0.095
0.09
0.09
0.0925
0.0925
0.09
0.09
0.09
0.09
0.0875
0.09
0.0875
0.0825
0.085
0.085
0.0825
0.085
0.085
0.0825
0.0825
0.0825
0.0875
0.0925
0.095
0.095
0.095
0.0975
0.095
0.0975
0.0975
0.0975
0.095
0.095
0.095
0.095
0.095
0.0975
0.0975
0.0975
0.0975
0.0975
0.0975
0.095
0.0975
0.0975
0.1
0.0975
0.095
0.095
0.095
0.0925
0.09
0.0875
0.09
0.09
0.09
0.085
0.0875
0.0875
0.0875
0.0925
0.0925
0.0925
0.0925
0.09
0.085
0.09
0.09
0.0925
0.0875
0.0925
0.095
0.0975
0.0975
0.1
0.1
0.105
0.1025
0.1025
0.1025
0.105
0.1025
0.1
0.1
0.1
0.1
0.105
0.1025
0.1
0.1
0.1
0.1
0.095
0.0975
0.0975
0.105
0.1075
0.105
0.105
0.1075
0.105
0.105
0.105
0.105
0.1025
0.105
0.1075
0.105
0.105
0.1025
0.1025
0.0975
0.095
0.095
0.0975
0.1
0.1025
0.1
0.1025
0.1025
0.105
0.1
0.1025
0.0975
0.1
0.1
0.1
0.1
0.1
0.0975
0.0975
0.1
0.0975
0.1
0.1
0.1
0.1
0.1
0.0975
0.0975
0.1
0.1025
0.1025
0.105
0.1075
0.11
0.11
0.11
0.1125
0.1125
0.1125
0.11
0.11
0.11
0.1125
0.1125
0.1125
0.1125
0.1075
0.1075
0.105
0.105
0.1025
0.105
0.105
0.1075
0.1075
0.11
0.11
0.1125
0.1125
0.11
0.11
0.1125
0.1125
0.1125
0.1125
0.11
0.1125
0.1125
0.1125
0.1175
0.12
0.1125
0.1125
0.1125
0.1075
0.1025
0.105
0.1025
0.1
0.1
0.1
0.1025
0.0975
0.0975
0.0975
0.1
0.1025
0.1025
0.1
0.1
0.1
0.1025
0.1
0.0925
0.0925
0.095
0.095
0.095
0.095
0.095
0.0925
0.0925
0.095
0.095
0.105
0.1025
0.1025
0.105
0.105
0.105
0.1025
0.105
0.1
0.1
0.1
0.1
0.0975
0.095
0.095
0.095
0.1025
0.1025
0.1025
0.0975
0.0975
0.0975
0.1
0.1025
0.1
0.1
0.1025
0.095
0.0975
0.0925
0.0925
0.0925
0.0875
0.0875
0.09
0.0875
0.09
0.0975
0.0975
0.095
0.0925
0.095
0.0925
0.0925
0.09
0.0925
0.095
0.0925
0.09
0.0875
0.0875
0.0875
0.09
0.0925
0.095
0.095
0.1
0.1
0.1
0.1
0.0975
0.0975
0.0975
0.0975
0.0975
0.0975
0.095
0.095
0.095
0.095
0.0975
0.095
0.0975
0.0975
0.1
0.1
0.1025
0.095
0.0925
0.095
0.0975
0.095
0.0925
0.0925
0.0925
0.09
0.09
0.085
0.0875
0.09
0.09
0.0925
0.09
0.0975
0.0925
0.0925
0.0925
0.095
0.095
0.095
0.095
0.0975
0.0975
0.0975
0.1025
0.1025
0.1025
0.105
0.1075
0.11
0.11
0.1075
0.1075
0.11
0.11
0.11
0.11
0.105
0.1
0.1
0.1025
0.1025
0.1
0.0975
0.0975
0.095
0.0975
0.0975
0.1
0.1025
0.1025
0.105
0.1
0.1
0.1025
0.1
0.1025
0.105
0.105
0.105
0.1025
0.1025
0.1025
0.1075
0.11
0.105
0.105
0.1025
0.1025
0.105
0.1025
0.1025
0.105
0.105
0.105
0.105
0.1
0.1
0.1
0.0975
0.0975
0.0975
0.1
0.1
0.1
0.105
0.105
0.105
0.1075
0.11
0.1075
0.1075
0.1075
0.1025
0.1
0.1
0.095
0.095
0.0975
0.095
0.0975
0.0975
0.1
0.1
0.1
0.0975
0.095
0.0925
0.0925
0.09
0.09
0.09
0.095
0.095
0.0925
0.0925
0.095
0.095
0.0925
0.095
0.0975
0.0975
0.095
0.0925
0.095
0.0975
0.095
0.095
0.0925
0.0925
0.095
0.09
0.09
0.0925
0.0925
0.0925
0.0925
0.0925
0.09
0.09
0.09
0.09
0.0925
0.0925
0.0925
0.0925
0.0925
0.0925
0.0925
0.095
0.0975
0.0975
0.0975
0.095
0.0925
0.095
0.095
0.095
0.095
0.1025
0.105
0.105
0.1
0.1
0.1
0.1
0.1
0.1
0.1
0.1
0.1
0.0975
0.1
0.1025
0.1025
0.1025
0.11
0.11
0.11
0.1125
0.1125
0.11
0.105
0.105
0.105
0.11
0.115
0.115
0.1175
0.12
0.12
0.1175
0.1175
0.12
0.12
0.1225
0.1225
0.12
0.12
0.1125
0.1125
0.1125
0.1125
0.1125
0.1125
0.1125
0.1025
0.1075
0.11
0.11
0.11
0.11
0.1125
0.115
0.11
0.11
0.11
0.105
0.11
0.11
0.11
0.105
0.105
0.1075
0.11
0.1075
0.1075
0.105
0.1025
0.1075
0.1075
0.105
0.105
0.105
0.1075
0.11
0.105
0.105
0.1025
0.1
0.1025
0.1025
0.1
0.0975
0.1025
0.1025
0.1025
0.1
0.1
0.0975
0.1
0.1025
0.1025
0.1025
0.1
0.105
0.0975
0.0925
0.095
0.095
0.0925
0.09
0.0925
0.0925
0.095
0.0925
0.0975
0.095
0.09
0.0875
0.0875
0.0875
0.0875
0.0875
0.0875
0.0875
0.085
0.0825
0.0825
0.0825
0.08
0.08
0.0775
0.0775
0.0825
0.0825
0.0825
