0.6323172605243198
0.6324337264786899
0.6321823992579034
0.632386359788079
0.6326755506434151
0.6326147006944381
0.6323024426213553
0.6328045168214473
0.6322404158055233
0.6323729909023181
0.6321292042902196
0.6325017168479651
0.6324465639065631
0.6324324967836972
0.6323581168648881
0.6322529471513249
0.6322245435903042
0.6324033457365861
0.6326465002200119
0.6326813185604868
0.6322276380497739
0.6322005732580234
0.6322939095848639
0.6321606703109162
0.6326179868647299
0.6325493797338262
0.6322300090938933
0.6323792309693911
0.6321316332064222
0.6322336042189792
0.6323969736462739
0.6320320422510225
0.6321622346748201
0.6320909548578733
0.6324347936101725
0.6326791107211962
0.6322118656446726
0.6324809505971503
0.632625566985344
0.6323811009135857
0.6322961520786308
0.632266472141549
0.6324394572773449
0.6322621090290985
0.6322772682318718
0.6323148615746257
0.6322142328047855
0.6324660642394249
0.6324873500093231
0.6322282058646487
0.6325154131930089
0.632164043227178
0.6323584895734872
0.6323418521120496
0.6322644204119844
0.6324049111142331
0.6321389926459455
0.6324686562348658
0.6324237302514051
0.6325724794681563
0.6325232442795019
0.6324664552602507
0.632208292836307
0.6323420088273549
0.6323737260507372
0.6324589486484319
0.6322356440505025
0.6326178268754429
0.632389797242541
0.6322530099578786
0.6326016818926011
0.6326079873159819
0.6324944749024861
0.632359952707708
0.6323866995407356
0.6321906580575213
0.6326015716987472
0.6324095202392441
0.6325865832811215
0.6325841079097119
0.6322008250242503
0.6323626211405944
0.6325942823638531
0.6321654736136054
0.6324119727727144
0.6323182582270215
0.6322736185601314
0.6323388369582534
0.6325597435040196
0.632240091531277
0.6322730654863711
0.6325512250854404
0.6325737193898461
0.6325778143539489
0.6323500210894681
0.6321580979114443
0.6324162165086032
0.6325661224489257
0.6324274710648417
0.6326569811485393
0.6325103486887148
0.632530662816582
0.6323567171950206
0.6325979618246793
0.6323603690215882
0.6322660614390421
0.6325059550445536
0.6323748937346572
0.6325633146486582
0.6325923372036959
0.6326130969833373
0.6320607324543248
0.6329062700550323
0.6321601390642146
0.6324941154010861
0.6323256142383267
0.6323411978321679
0.6324182981010424
0.6322980904144697
0.6323266426773189
0.6323908402066848
0.6322692175148068
0.632415839137096
0.6324361339420368
0.6325071108365594
0.6324429686420737
0.6324173786389817
0.6325725744292904
0.6325118085736473
0.6325312886569416
0.6322349895022129
0.6323814362651744
0.6323897412933233
0.6321646891065726
0.6325220840000034
0.6324147482367057
0.6321776359263331
0.632326516106555
0.6324639946213112
0.6321316151198677
0.632474640289495
0.6325181732195664
0.6324278294891679
0.6322886496174837
0.6321941309304044
0.6324790157624078
0.6328865290337436
0.6323538318389008
0.6324327360793685
0.6323250271328652
0.6326143315923267
0.6323060133437464
0.632380414685291
0.632271055836489
0.6321862657858874
0.6324936748938701
0.6326610875728671
0.6323846008713347
0.632478398781846
0.6326572487873777
0.6325301258248399
0.6324026225331654
0.6327828373963328
0.6324983475040664
0.6324937997881829
0.6322056342517921
0.6324442392040306
0.6321699465785251
0.6325145834033774
0.6323633521155516
0.632131289690393
0.6322316175723994
0.6325595711517087
0.6321904940445692
0.6326165813582516
0.6324312665196005
0.6323187366308487
0.6324916154147002
0.6326240328103351
0.6324066383327522
0.6325964220183002
0.6323860357672237
0.632341853898841
0.632117600672818
0.6324099177712781
0.6324205657802675
0.6321737968107874
0.6324767356634846
0.6323170314763885
0.6322783817887967
0.6324470352036798
0.6325225299938203
0.6323643184194389
0.6326284840110336
0.6324707959947754
0.6325152158791947
0.632695864812411
0.6327052708889545
0.6323043361078442
0.6324726108934395
0.6325238223007155
0.632503402059249
0.6324622604197736
0.6322648963514427
0.6324706905058293
0.6324999438804559
0.6320527331996386
0.6324806514569137
0.6323788634540075
0.6326044825222277
0.6323969257772721
0.6322911554195553
0.6325957831251112
0.6322783853706464
0.6322843736150621
0.6324684652305277
0.6324890562219692
0.6325724637643111
0.6327381490466175
0.6322547050804624
0.6325934781625924
0.6324418914405752
0.6323508138052018
0.632635248582659
0.6326126004324795
0.6324755812336527
0.6325680108065276
0.6324027444677908
0.6324239886862779
0.6322008512289901
0.6324960473239103
0.6326125296086446
0.6325312934091524
0.6320042799395637
0.6325323993314449
0.6326273064526557
0.632670401698009
0.6324321487902694
0.6320668375430077
0.6324332961981536
0.6320860478429189
0.6325334163702662
0.6325303250802261
0.6322856412110625
0.6326355566297768
0.6323166995990307
0.6319788210131363
0.6326093752381088
0.6326562374004506
0.6325773299642466
0.6325742941824362
0.6321766881272242
0.6324704080066794
0.6326614414541946
0.6324484337905808
0.6320763325468843
0.6323836832669458
0.6324289666410849
0.6322761395373256
0.6328923667429098
0.6324776926599611
0.6322270879701903
0.6321434650946376
0.6323723617710739
0.6326008988620956
0.6323142096556704
0.6323515734644939
0.6325013006284664
0.6325496572440868
0.6322774092775753
0.6328364931861332
0.6323797732310962
0.6324729468807821
0.6322083725518038
0.6325678930208676
0.6324953882160084
0.6325617956664015
0.6324569141299333
0.6325139576093319
0.6323712920423668
0.6326060593891972
0.6323309886522278
0.632327875173586
0.6323264304324347
0.6327316417402196
0.6323972689758022
0.6325782922147933
0.632332790442276
0.6325756722141256
0.6323206624404368
0.6325362659661543
0.6324312861992055
0.6324813850302005
0.632416449079835
0.6323507521817238
0.6324151813109499
0.6322427147669839
0.6324662957035946
0.6322959066082287
0.6321207299324192
0.6324219827709423
0.6323302229544311
0.6324212412861184
0.632359162461447
0.6322901061548682
0.6324400213793459
0.6325321291854179
0.6320293014887954
0.632445611352431
0.6324538164654792
0.6325271150868845
0.6324474049253107
0.6323338565537184
0.6321067028604094
0.6324083354609645
0.6321210113364434
0.6324425419607247
0.632204961338212
0.6324786410875529
0.6324589945866694
0.6322700440411172
0.6324809876550138
0.6326809094590593
0.6324415192817798
0.6323740559307659
0.6322104969123978
0.6325162361438332
0.6325284971936681
0.6323515042432146
0.6323973505313244
0.6322651380071318
0.6323570620498247
0.6322034928490593
0.63256067006676
0.6324870110621776
0.6324498142217208
0.6325870948797656
0.6323392018101044
0.632374069696081
0.6324266994902199
0.6326621140960003
0.6324133684758109
0.6322956485936159
0.6324835444972335
0.632517619336626
0.6323309255139514
0.6323627347281285
0.63247851761256
0.63235593078356
0.6325884019627568
0.6322976552063831
0.6323886357900458
0.6321859293546932
0.6325160696108898
0.6324167373471556
0.6322668229213213
0.6326226406898354
0.6325245121389516
0.6323102509697638
0.6326842285123536
0.6324055883666939
0.6322583336773822
0.6323054598717484
0.6325968548027487
0.6324641963327591
0.6323719295995425
0.6324007797320773
0.6321856339342795
0.6321951042356662
0.6325965388320944
0.6325066170811471
0.6324753408719245
0.6323099583413421
0.6324951864821537
0.6320651221887553
0.632367558811874
0.6325812534990541
0.6324714411273371
0.6323038445658944
0.632564009051363
0.632472774345477
0.6322470598301404
0.6324192580256434
0.6325756008940704
0.6325023299074561
0.6321759201930707
0.6321442315826709
0.6326327955840795
0.6323105442934253
0.6324577551642558
0.6327154199948367
0.6325813260512103
0.6325329231094378
0.6323404728807624
0.6322910777451716
0.6323915998805272
0.6324547272396164
0.6324116942041882
0.6324589225464944
0.6327033840284474
0.6325443561466468
0.6323256008090097
0.6322047502297521
0.6326522782618378
0.6324284891156127
0.6326619009108017
0.6328131385767246
0.6326308156963956
0.6324026972152718
0.6323234857373777
0.6322144303237197
0.6326062543279162
0.6323833884147518
0.6322556786998819
0.6323491714360967
0.6324781212900596
0.6325293873342369
0.6324079621177301
0.6325393859309467
0.6324336218840343
0.6327891542579357
0.6326941427391986
0.6323979575277974
0.6323315942521017
0.6323053336404514
0.6323523993572107
0.6324935867736241
0.6323037210729289
0.6320918696235722
0.6323068850363668
0.6324108209800812
0.63251080369605
0.6324162436785313
0.6323657785237929
0.6323074143878465
0.63231162451372
0.6323065413135034
0.6325979678141689
0.6322542251991483
0.6322757444523841
0.6325833278339051
0.6323633728844762
0.6323905097334295
0.6323968353807341
0.6328688076696936
0.6320871179598867
0.6325825156969493
0.6326999203107456
0.6324392747742846
0.6321903626567252
0.6327964620557995
0.6326726764823447
0.6325825856323436
0.6321684351121181
0.632283523316113
0.6323295683677763
0.6322825559778606
0.6325657098051467
0.6324675866013527
0.6320635003688582
0.632254349176044
0.6325265735072008
0.6319120224896778
0.6325727193556772
0.6323736349631206
0.6327655753639867
0.632168170577399
0.6323832714497823
0.6322494190059904
0.6324553325152121
0.6324181848803576
0.632363636881629
0.6324117637413181
0.6325716111215224
0.6321836084616972
0.6325306478162078
0.6327155046070442
0.6324441131226616
0.6327323015042933
0.6325389994988452
0.6323833241423354
0.6325628566336641
0.6321506258132621
0.6324659405694912
0.6324438960891047
0.6323604129322928
0.6325285062450077
0.6321348012415096
0.6324543329754406
0.6328079731483024
0.6325297762225287
0.632357992396341
0.6324801814739116
0.6321243902351935
0.6325852703292003
0.6324733971396292
0.6325965157102201
0.6324153147231157
0.6324185943282905
0.6327597894701167
0.6323743338209356
0.6323495427575757
0.632436779589768
0.6324194587635159
0.6324231689493763
0.6321546949002318
0.6322614604350227
0.6330017098008126
0.6326184285778408
0.6324521084902219
0.6321883722279469
0.6323672267719749
0.6324270213115595
0.632535704397733
0.6324956507331242
0.6324738720792291
0.6324914154496812
0.6324921367401981
0.6322917428269454
0.6326530374686702
0.6322627080486904
0.6325033390149182
0.6327139568734081
0.6321335179243643
0.6326838732302467
0.6323747564498173
0.6322235046645168
0.6323420316062536
0.6323748629968539
0.6325744831904987
0.6324444041996254
0.6324222927486797
0.6327279499179197
0.6324292051414928
0.6321907694033599
0.6324368117020575
0.6324416122345604
0.6325561655940535
0.6325872254222029
0.6326235392500987
0.632271744735372
0.6325302703763918
0.6323128217111882
0.6322258764283938
0.6325722650387257
0.6320812110435954
0.6323706290535195
0.632428061707467
0.6322227460651901
0.6325216386449922
0.6325464698070042
0.632428736149548
0.6321945813035845
0.6324115072676417
0.6324670855858128
0.6322645990204911
0.6324896707909494
0.6322800218359892
0.6325863722048715
0.6322724028041362
0.6318837597565486
0.6326009153335125
0.6324882300987373
0.6324416079115615
0.6324906283269559
0.6323635367518111
0.6322917149994702
0.6325789692758074
0.6325175990578262
0.6326059272587793
0.632614839052445
0.6324698032235961
0.6321680533784959
0.632420863861709
0.6324396636994793
0.6324985216878992
0.6321398057912049
0.6321678530479027
0.6323930680021728
0.6325299843307424
0.6323679436943853
0.6324278429904387
0.6325417353227385
0.6323651124622528
0.6324368411333667
0.6321860933176008
0.632654243077058
0.6321617177272788
0.6323573385992352
0.6322318953000394
0.6323182045122844
0.632347764631861
0.6325186872088115
0.6323038714525698
0.6321219503205673
0.6323373556130443
0.6325666042023872
0.6323881626537038
0.6325102709642064
0.632405900204978
0.6323938665937572
0.6323097492096501
0.6325974080648858
0.6325700593290713
0.6325512468140324
0.632344646038774
0.6326555667673017
0.6322893698414942
0.6322373146372411
0.6322754515651907
0.6323912618620722
0.632472621131588
0.6324486038497884
0.6324620032665987
0.6326731827969306
0.632817004026202
0.6324415600371933
0.6324529582548956
0.6324159772748923
0.6327379414996672
0.6326738912370531
0.6325882010908203
0.6321559093180531
0.6324200195449727
0.6323893494819743
0.6325295667889088
0.6323431245714641
0.632500754141363
0.6324981201333506
0.6327061979264303
0.6322376934811245
0.6323550339199852
0.6325192869716393
0.6325074908970267
0.6324784120547375
0.6326820702660858
0.6322470695413609
0.6325723908688143
0.6321886329073967
0.6324175267954483
0.6320740659398347
0.6322901785169045
0.6322194000346198
0.6327682308130871
0.6323123299525137
0.6325069432928716
0.6324006926089762
0.6323319592700221
0.6324156413870039
0.6326124597717272
0.6325348721339182
0.6323610023343949
0.6325175983556843
0.6320632237759312
0.6322375703827641
0.632746289884841
0.6323396981939506
0.6323746099080307
0.6329324089120772
0.6324187677903019
0.6323205899276341
0.632424051928926
0.6323761662959353
0.6324438669390792
0.6323548036316852
0.6323675481588387
0.6324048604145108
0.6324238272223284
0.6322953967051921
0.6322041108033811
0.6324026064149382
0.6325537566194184
0.6324523085163141
0.6323479857327776
0.6324665084004053
0.6323999169211774
0.6322036746877171
0.6327125601659005
0.6324512614676537
0.6326073309467651
0.6324464875600989
0.6324817591159427
0.6321218608805692
0.632016413747864
0.6324726966916394
0.6325485237952173
0.6325738636726815
0.6323385060240174
0.6324869409095959
0.6325648840471679
0.6326735375533716
0.632497114509414
0.6322862149168822
0.6324076357585833
0.6323754706880123
0.6327253907206296
0.632334790351626
0.6323786108482242
0.6323532264409129
0.6322451496085345
0.6323774137559145
0.6322419652057023
0.6321928965789572
0.6324254696644998
0.6325478424344295
0.6327317701312322
0.6326036835194846
0.6324048293265323
0.6322445518777118
0.6325767130967073
0.6326019390926587
0.6324378998385829
0.6324643387798263
0.6325467511005758
0.632584834373823
0.6324405792631984
0.6324711569152487
0.6323942942410383
0.6325187437833959
0.6324907585521786
0.6324544538089871
0.6321757899721884
0.6324493947862995
0.6320660696888946
0.6324617160324363
0.6324637469129336
0.6328025904943733
0.6326525711209252
0.6324595269147928
0.6324825472219375
0.6317851449523795
0.6325770682952498
0.6323495598616087
0.6322567008945337
0.6325524365951787
0.6324798411498178
0.6323843447214701
0.6325217098914864
0.6326767844964671
0.6322245923938957
0.6324286643316563
0.6324781229103589
0.632306815222912
0.6323733123201768
0.632504781274298
0.6322351135249198
0.63246474188579
0.632224558349836
0.6325889179477973
0.6323932274653891
0.6324221966859751
0.6327123650564058
0.6322942478235017
0.6326355244082424
0.6322357291959924
0.6323053695469056
0.6321910184082675
0.6325241235181862
0.6328515634865541
0.6323238255373447
0.632465581554329
0.6324867949319691
0.6322928423779437
0.6322602276466827
0.6327296442255474
0.6322166510663976
0.6323242446048982
0.6321673646928565
0.6325808361834688
0.6322663567373396
0.6323237220131233
0.6323622548210159
0.632394289970087
0.6326275170254851
0.6320644576868122
0.6324634782951817
0.6322327555874181
0.6325464738233169
0.6324380897053011
0.6323286393317799
0.6325172836101316
0.6323409389541658
0.6325935097437279
0.6326207864714974
0.6324025477269681
0.6321312242103365
0.6324309625870586
0.6323310822705293
0.6322189699666354
0.6322283211114279
0.6323382672831444
0.6322531449300743
0.6324852064088284
0.6324220629382953
0.6322650398984839
0.6323131839269847
0.6323819348484991
0.6321599963315613
0.6321618509224155
0.6323635996407714
0.6321678656376626
0.6323333725993707
0.6324938236227409
0.6319917767726142
0.6325165424761228
0.6321335336094145
0.632282900015342
0.6322414679078079
0.6324461171536657
0.6324008974868627
0.6325765819618605
0.6327321782940121
0.6326663974356292
0.6327309542237458
0.6325604221025929
0.632057941026907
0.6327024935858873
0.632645618955592
0.6323247308098088
0.6326324699856746
0.6326457694515817
0.6323166998495799
0.6324885763845629
0.6326232177021007
0.6324964371091082
0.6327269731758823
0.6322327786628448
0.6324135952407801
0.6326999236714501
0.6324886157024303
0.6327582211558842
0.632228904412456
0.6322593990179181
0.6323611885852642
0.6323819898050229
0.6326066277832605
0.6324014772229245
0.6322368557072356
0.6324438644319548
0.6322837991328607
0.6322032756055876
0.6323557626292458
0.6323294587285375
0.6324634743070394
0.6324295128433127
0.6324385468441829
0.6324194243628939
0.6324546604755078
0.6322011066045801
0.6323718946173966
0.6326421478815101
0.6324070444346099
0.6323278873909555
0.6321848737535913
0.6324671894805963
0.6323704224720261
0.6323770544835436
0.632461839995546
0.63255390714379
0.6319579834041051
0.6322100573810658
0.6324745877889805
0.6322815971554552
0.632288784280168
0.6323208647718227
0.6326746121728053
0.6319253203264537
0.6322612401732544
0.6324843707171206
0.6324771011748604
0.6322532982750745
0.6324357274700763
0.6324089697750244
0.6319699721435763
0.6322817423257483
0.6324097601773258
0.6321175885851695
0.6324602779991855
0.6326038889082071
0.6322731811170095
0.6323790996555846
0.6325446084644616
0.63256016902855
0.6327341339137785
0.6324981157522176
0.6324287831103472
0.6325859115880588
0.6325221290426009
0.6325170107699721
0.6324265587110527
0.6324815771110909
0.6325493037110017
0.632498117344432
0.63245112715424
0.6324356191628837
0.6326440741064225
0.6320459798409344
0.6326787949802859
0.6323363641763549
0.6325588514646476
0.6324526268375323
0.6323754999826773
0.6324453677016373
0.6321960274259257
0.6322472501154983
0.6320818123344465
0.6324484985551606
0.6319414987835469
0.632316272166065
0.6326621861515198
0.6324979241466058
0.6323422969390826
0.6320641988759109
0.632763304534662
0.6323446663625555
0.6322163769817319
0.6323427871709825
0.6323140075143118
0.6321009976601067
0.6325441764311084
0.6324745107844705
0.6321183877523355
0.6324363010563563
0.6323867144517303
0.6324571168912845
0.6325342120784341
0.6324250036399643
0.6326343945762035
0.6324683967523328
0.6324046614213381
0.6325257645230967
0.6323742243971847
0.632237440243643
0.6323419960143687
0.6323845488701424
0.6323596283734876
0.6324184520754296
0.6323473316592196
0.6328457544431931
0.632276847639766
0.6324055094277004
0.6328288278664078
0.6325578179307517
0.632402172302489
0.6324220712548598
0.6325838691618322
0.6325247398993354
0.6326650023895292
0.6324105379220959
0.632243571316268
0.6323054313816562
0.6326052868477728
0.6323466731450937
0.6327258138985414
0.6324319475821253
0.6324629609799501
0.6327296106115722
0.632473473389684
0.6324566633520363
0.632748002008506
0.6322781937459184
0.6324304659049513
0.6323551160373527
0.632548463922677
0.6323408790959082
0.6326062531534509
0.6323653804885132
0.6324152994278407
0.6324013082044802
0.6325167923262294
0.6324552461645141
0.6323929747505499
0.6326091831897557
0.6322134398471473
0.6322530702181043
0.6323937771054695
0.6321259543702658
0.6323660459563673
0.6325333472921584
0.6326774526490713
0.6327633304921707
0.6323586724176874
0.6326075367584965
0.6323638327959094
0.6324835711249407
0.6322005605625707
0.6327117489239791
0.6322456269256447
0.6324725256336855
0.6321943899152941
0.6326683721371109
0.6327307298933929
0.6323007090614927
0.6322673464259592
0.6323777599012665
0.632263202573208
0.6323999993958498
0.6323837987972578
0.632663464663521
0.6325845998833628
0.6325367005431183
0.6322354183055499
0.6322872646241128
0.6325259054954274
0.632329232610036
0.6322276713053062
0.6322462779132918
0.6326867483426102
0.6323104787287885
0.632360989626345
0.6323299912040321
0.6325528314527746
0.6325740942048721
0.632403625082063
0.6322263635379268
0.6324616663527973
0.6324309978396594
0.6321184786152803
0.6324982837944666
0.6326373656764765
0.6324509256864788
0.6326026019620019
0.6322970641646611
0.6325282921624843
0.6321591790300984
0.6325874622573517
0.6324188596263447
0.632544908155958
0.6323740186083515
0.6326544466166638
0.6324146041840468
0.6323928269590308
0.6321443982480772
0.632464296414011
0.6320551962983261
0.6323948027966461
0.6325712309637328
0.6322350449174807
0.6323950901791325
0.6324041714394883
0.6326308974709158
0.6324617156727848
0.6324222273418283
0.6326937903997286
0.6324317043483817
0.6325520774618382
0.6322328430559634
0.6321734325366964
0.6322373718354024
0.6323123520820669
0.6321076031588523
0.6322183135156797
0.6325641535236288
0.6324765345783193
0.632017234888752
0.6325325478853634
0.6325349451211144
0.6323117469813097
0.6323678589494945
0.6324285971442332
0.6325590862920796
0.6328577388449217
0.6326102921941266
0.6322499209057779
0.6325587660995701
0.6323578877130993
0.6323175441935656
0.6324861343943089
0.6322947168024958
0.6321935402865624
0.6324420020663395
0.6324120349998804
0.6324399242235988
0.632397420519451
0.6326002253091858
0.6321104097650608
0.6326380573883377
0.6322530560482804
0.6324840762597919
0.6320989165005373
0.6321515311588037
0.6321603965079026
0.6323330361311164
0.6323218830880396
0.6323176697422157
0.6324907069495385
0.6322090075449183
0.6324467517309397
0.6323700566435814
0.632552203679712
0.6326548180797227
0.6320106815842947
0.6321780591907047
0.6323658027274165
0.6322807092895306
0.6324872912693806
0.6325073184471885
0.6320000829142317
0.6321933149288999
0.6324173286055341
0.6322935888656285
0.6327064459491702
0.6323748062617784
0.6323452806651116
0.632519184191267
0.6322614567980487
0.6326005459817753
0.6324238855794884
0.6326335131817185
0.6326988638949943
0.6324165093983967
0.6323071598254795
0.632615771110675
0.6324924230580089
0.6329691009304184
0.6326957853881429
0.6324552915275486
0.632541098584829
0.6325861469816848
0.6326375205388617
0.6326423356486763
0.6324820801483539
0.6323789719875186
0.632367156303754
0.6322482653900869
0.6324200916209641
0.6325179096139322
0.6324845157769263
0.6324335525123066
0.632467920089747
0.6321970752355592
0.6325803216377519
0.6324167422665196
0.6321876583739943
0.6325953790122425
0.6319400283557735
0.632350035285733
0.6324479245029919
0.6324189803876406
0.6321877331432744
0.6324880577226262
0.6325524279604371
0.6323496944076044
0.6322212888090484
0.6325231072451039
0.6324271857051591
0.6327241930946315
0.6325743827694096
0.6324377657932987
0.6323127449488176
0.6325977123119249
0.6325705642819299
0.6320988433011822
0.6322511805854515
0.6325022412346446
0.6327756596979417
0.6325020063628642
0.6326044661521807
0.6323355445220222
0.6324071035175483
0.6323153015413976
0.6323215185160511
0.6322791927022363
0.6322861405460616
0.6324434350183363
0.6324895764232283
0.6324699398152385
0.6323776538268688
0.6321996501391631
0.6324174272909557
0.6325884699755997
0.6322053005456612
0.632401754303988
0.6325825869549522
0.6323384948899696
0.6323590539498529
0.6324452676906729
0.6324336921657805
0.632558710918594
0.632316364977165
0.6324409323891134
0.6325187410382945
0.6326347857123011
0.6324105079243698
0.6323759411195832
0.6321532957598786
0.6323108957820917
0.632472679050473
0.6320363206366137
0.6319829660503281
0.6324252652104014
0.6323271746712547
0.6321981812772219
0.6323180150109006
0.6323743226747904
0.6324437526844302
0.6324485348141581
0.6319669565346496
0.6325059399666706
0.6324995824652309
0.6321572667541954
0.6325288536842131
0.6322963570532009
0.6326386146075951
0.6326166040150223
0.6323929956814089
0.6324570986388888
0.6321899100645231
0.6325606743393992
0.6322080605143796
0.6325173006546838
0.6322214745241327
0.6324380556972874
0.6323632914472535
0.6325955335848982
0.6323690700944837
0.632335507812009
0.6323202460225363
0.6323865611256426
0.6324068785535528
0.6325690491219391
0.6323068480491036
0.6323457348730082
0.6324958687643147
0.6323262409379681
0.6324055860528995
0.6322323460962488
0.6323822689883563
0.6325392391192091
0.6323506828096044
0.6325486426681795
0.6326116955995814
0.6324948878951397
0.6326712943990813
0.6323165850136633
0.63247737302084
0.6324514738976839
0.6322726156490388
0.6325619126179334
0.6322913144797067
0.6324322911047123
0.6324736324181531
0.6323685932997812
0.6325530066579987
0.6322715918195471
0.6325806673278347
0.6324578359766013
0.6324747722544004
0.6326005031375742
0.6325396194048359
0.6325493566090357
0.6324980951903916
0.6326646077221334
0.6322041199478836
0.6323409177344799
0.6322892529966668
0.6322776110094546
0.6323149475280508
0.6322939142170597
0.6321489851646604
0.632286241322727
0.6323719320960588
0.6323526704792324
0.6327019225310283
0.6323371259616
0.6328805452392742
0.6325613104384291
0.6321975012090182
0.6323521606163428
0.6324160153820977
0.6324807961309222
0.6327602343561093
0.6325198330130046
0.6325872934293428
0.6324522181753515
0.63259834655193
0.6324805701138317
0.6323883223156987
0.6323465905924046
0.6323414212040019
0.6325237338479204
0.6323145351216034
0.6325811759773482
0.6322270250872171
0.6325732849687271
0.6322344058803546
0.6321795006528781
0.6325782360394304
0.6323884863241556
0.632276993341105
0.6323977755011556
0.6324125210670332
0.6325839607265861
0.6322235093452652
0.6323254207569053
0.6324142182528336
0.6326114548368661
0.6322208936497609
0.6323382172534743
0.6325939732226354
0.632422230714179
0.6326767558009605
0.6326213345449236
0.6322898781134344
0.632519559901556
0.6326541780018826
0.6326885150899076
0.632687859728104
0.6323129791556991
0.6324548309856141
0.6322502003801156
0.632344063866398
0.6323954180422608
0.6324409396033399
0.6325137722201214
0.6324521419510188
0.6324933523188382
0.6322841560351522
0.6325613986296527
0.6324000901664573
0.6326100731787656
0.6323275600636693
0.6324138571229065
0.6328447195075986
0.6326708150187624
0.6324041719012656
0.6325134730108346
0.6324536412451726
0.6323880309076942
0.632458603480533
0.6323894192369415
0.6324842695861099
0.6324157998554902
0.6323472892590991
0.6322855482285592
0.6323338425245464
0.6327531514552593
0.6324052735393465
0.6322711059277046
0.6324662065612936
0.6322778909997866
0.6325528067650692
0.6324976677185536
0.6324579064123577
0.6322817759877261
0.632354266854958
0.6328219843923149
0.6326911341163215
0.6324642609862935
0.6326982915466974
0.632600640825081
0.6325192527344619
0.6321241042667531
0.6319553427418485
0.632265644867744
0.6323207586686135
0.632522390255648
0.632862429222536
0.6325253727959661
0.6324881938531197
0.6322610908030151
0.6322198100364378
0.6323990575590186
0.6322078340516265
0.6327390201912639
0.632478908556293
0.6324220393739612
0.6322421324687812
0.6326218899944813
0.6323223054064987
0.6321768362866682
0.6321199962649611
0.6323136793907083
0.6325337841143002
0.6321842995631176
0.6326406027506377
0.6319981821052753
0.6323209552412284
0.6321920546002859
0.6324384237323328
0.632287902397781
0.6326128459562801
0.6327155275576938
0.6324443878566439
0.6326918356526317
0.6323084194535677
0.6324942366518481
0.6323935836099229
0.6326167912914282
0.6322246507383912
0.6327161482297513
0.6323816640231595
0.6321233242382115
0.6322522568137965
0.6327166509241822
0.6325100759430443
0.6324260464002002
0.6326354614807154
0.6325058645962172
0.632470449465968
0.6321462791048036
0.6325270363652473
0.6325274497274502
0.6323697844161031
0.6324587279464109
0.6325135166482185
0.6326608424074754
0.6326657575367332
0.6325737294676261
0.6321972318188454
0.6326083828039554
0.6321853408526485
0.6323288476378404
0.6322669201860925
0.6325397467351622
0.632395575503274
0.6325657458272873
0.6322290649860018
0.6321231351263547
0.6323559682119869
0.6324235271639925
0.6324663463960019
0.6325655382182311
0.6326435700450499
0.632375260340142
0.6324513155317735
0.6324945560633507
0.6323482957286154
0.6326249306685295
0.6325427122137912
0.6323202520500137
0.6325663594869567
0.6320742325696032
0.632543356855669
0.6327042583582132
0.6323516713971508
0.6324977624301451
0.6324179486862702
0.6324578796288556
0.6327210373293849
0.6324209867766757
0.6325888196843543
0.63255797590548
0.6325372493172741
0.6322592351693361
0.6324499102556715
0.632507407097375
0.6325629619868379
0.6322845466984183
0.6328387817201199
0.6324593808232055
0.6326214434941555
0.6323426579226556
0.6322935290460567
0.632414385024129
0.6326822820559586
0.6323560550612572
0.6322793053290292
0.6324214039362969
0.6321771658270913
0.6325203727564717
0.6325588658526075
0.6322476349390374
0.6324815053040096
0.6325914813481619
0.6323647923375075
0.632329078616918
0.6328059317145246
0.632413731826013
0.632444639312964
0.6324417180568394
0.6321585576828402
0.6323021742532579
0.6322509414658031
0.632777715942939
0.6324353603912171
0.632636110620696
0.6325905203364433
0.6322699580648778
0.6322453369082727
0.6323976827002227
0.6325777338354739
0.6326787901775384
0.6321971293830504
0.6323371087312428
0.6321915437535175
0.6321801848258322
0.6324918045143998
0.6327765170465398
0.6325058273196996
0.6320420003172478
0.6320828968147594
0.6325097704045946
0.6324727575590715
0.6320808286502106
0.6321241294254147
0.6324483639953173
0.6324673578912495
0.6322627732850522
0.6325497471409901
