0.6615156529624864
0.6615531578663454
0.6615024578292641
0.6615585806498684
0.6615370278382997
0.6615331708432378
0.6615340767114992
0.66154332433661
0.6614839821545673
0.6615613814601164
0.6615350581741191
0.6614614040152449
0.6615645133558345
0.6615321415458375
0.661607372493869
0.661487277647705
0.6615567614205198
0.6615216264452877
0.6615198473428434
0.6615521892577092
0.6615719146220493
0.6615544266402869
0.6615342947301435
0.6615140743549232
0.6615218250526019
0.6614814789740269
0.6615437175303729
0.6615042186415054
0.6615358885772998
0.6615388262851669
0.6615271530865827
0.6615258065373025
0.6614604792323838
0.6615572740313549
0.6615436078963184
0.6615035850747969
0.6615065709410692
0.661487259553643
0.6615287398790543
0.6615134927451671
0.6614777292082454
0.6615258769455258
0.6615653937904392
0.6615779488348406
0.6615588714989022
0.66158580786315
0.6615431722179438
0.661585107972835
0.6615573291552664
0.6615787565192339
0.6615084524598591
0.6615073370467024
0.6614386428963608
0.6614949099674331
0.6615017510774015
0.6615165432225276
0.661519170244824
0.6615281657191947
0.6615303107318108
0.661568244902077
0.6614952077235231
0.6615229029434999
0.6615233556262947
0.6615398064687044
0.6615413973462623
0.661522900471614
0.6615237511201914
0.6615551369837591
0.6615572219678122
0.6615134154633837
0.6615240565696421
0.6615128995033863
0.661495666780184
0.6615543103194261
0.6615597313628643
0.6615776775527293
0.6615195638036131
0.6615038108864641
0.661546136431594
0.661601753098892
0.6614911270876644
0.6615343320196797
0.6615854408954329
0.6614971177694609
0.6615230973433132
0.6615202659359757
0.6615141942876053
0.6615348922745303
0.6615279028703343
0.661515078271312
0.6615538668301708
0.6615355292862481
0.6615680603232109
0.661512495578873
0.6614722909924393
0.6615264542180566
0.6615376202302314
0.6615044803222798
0.6615379176611086
0.661517547789028
0.6615035785683288
0.6615565303498917
0.6615488850105771
0.6614789280477111
0.6615453323443818
0.6615068207565025
0.6614858666912744
0.6614888455506323
0.6614254449770327
0.6615749758483415
0.6614788340870706
0.6615511590038732
0.6615228711222523
0.6615669403636827
0.661454607584616
0.6615562072102145
0.6614414527610782
0.6615395063566418
0.6615486815907552
0.661558716532098
0.6615848698863129
0.6615059775286507
0.6615001530822896
0.6614748535045573
0.6614488504267896
0.6615140518811244
0.6615628916827172
0.6614754255114337
0.6615917641190828
0.6615529405657868
0.6615547741361072
0.6614571460441199
0.6615619124931691
0.6615033961188636
0.6615613758393366
0.6615212250033351
0.6615188825387467
0.6615027592573133
0.6614816025223156
0.6615484917634532
0.6615272320562382
0.6615371297866691
0.6615624544375236
0.6615616039838423
0.6615119690802272
0.6615359301572681
0.6615035089479937
0.6615013768636793
0.6614793790664107
0.6615586880415932
0.6615013120750063
0.6614827279511907
0.6615075792801414
0.6615250420727221
0.6614733077605135
0.6614952392014996
0.6615446200209354
0.6615253851584909
0.6615334516692832
0.6615167693326729
0.6615721107326776
0.6614652153724356
0.6615279923295805
0.6614734333528763
0.6615281365902519
0.6614871646372036
0.6615421966463502
0.6614933058577437
0.6615301060647598
0.661467793537238
0.6615349952556379
0.6614985615665354
0.6614946228148065
0.6614815232476704
0.6615020124098118
0.6615094340945351
0.6615516148175611
0.6614957914099582
0.6614755390138191
0.6616477026218734
0.6614906242479062
0.6614774013733886
0.6615737905196537
0.6615049403353628
0.6615938885489802
0.6615341417290284
0.6615162785181967
0.6615511152668158
0.6614952408123316
0.6615382182169018
0.6615144520303805
0.6615409921555604
0.6615390322490388
0.661504541023986
0.6615357845007224
0.6615516745098773
0.661547166812656
0.6615065714115158
0.6615590435313041
0.6615730758610102
0.6615304839643501
0.6615024815806849
0.6615157576750368
0.6614969668815389
0.6614758099269618
0.6615151867731709
0.6614943824381148
0.6615362342366786
0.6615796745290023
0.6615334043276418
0.6614604033867097
0.6615356213995232
0.6615012473212972
0.6614984459669123
0.6615205125304391
0.661559320011002
0.6615344548675132
0.6615426872213376
0.6615493551931262
0.6615428273883328
0.6614972622329454
0.6615151955839275
0.6614678400718799
0.6614567507220568
0.6615644734953676
0.6615122661048893
0.6615026091198862
0.6615177854888467
0.6614472444972739
0.661580120321237
0.6614797987375076
0.661594913574439
0.6615665537685433
0.6614959884122902
0.6615307274603941
0.6615676814170967
0.6615617416825419
0.6614761982519333
0.661462564165683
0.6615540213543314
0.6615342154128852
0.6615538127655587
0.6615823450289897
0.6615795073609152
0.6615710209403769
0.6614858112111132
0.6615435144169134
0.6615174204214845
0.6615506922703907
0.6614627520033569
0.6614602519093353
0.6615204498100558
0.6614948175232981
0.6615624261446145
0.6615503224996439
0.6615210618818337
0.6615078547528621
0.6615257957455423
0.6615083690121262
0.6615750399375733
0.6615108074999086
0.6615134042989342
0.6615746677613173
0.6615048994359143
0.6615685910937976
0.661527815244946
0.6615403403114236
0.6616007058735434
0.6615529076686006
0.6615830729369835
0.6614822966211138
0.6615159961820593
0.6614958060096449
0.6615594825757589
0.6615128433247597
0.6614550393913057
0.6615547326861629
0.6615161880974457
0.661554080747718
0.6615053991715804
0.6615145869297958
0.6615576328709871
0.6615166977948618
0.6615804267321572
0.6615636454058524
0.6614575713511324
0.6615245606300099
0.6614816417625407
0.6615745410931078
0.6615222586950692
0.6615138005416031
0.6615171097995903
0.6615300618942226
0.6615196307214497
0.6615397085306924
0.6615514411884812
0.6615058875658854
0.6614887037594416
0.6615377197566896
0.6615276122199348
0.6615181591206422
0.6614951162314796
0.6615619239049125
0.6615021860260815
0.6615320665825939
0.6615598014549953
0.6615871063213571
0.6615409146595839
0.6615059981479451
0.6615915203935825
0.6615962884084791
0.6615513266806876
0.6614946081635542
0.6615260921029993
0.6615618260000742
0.6615118208325403
0.6614765716337703
0.6615462714846536
0.6615091836092097
0.6614989898701262
0.6615515035934848
0.6615868209242469
0.6615331780302497
0.661535498270037
0.6615004739397267
0.6615301051365929
0.6615045961969066
0.6614511435296778
0.6614894289831694
0.6615128243508175
0.6614960941687897
0.6615130065742996
0.661547185110829
0.6615334063461078
0.6615028413880031
0.6615318036883879
0.6615485054351629
0.6614758371713234
0.6615262067580288
0.6615455852457914
0.6614835871771215
0.6615188176866751
0.6614983552844147
0.6614926905259984
0.6615383095809555
0.661486697866716
0.6615164675527123
0.6615888819618156
0.6615398513416302
0.6616052463191472
0.6614661568850324
0.6615321202393706
0.6615301718947502
0.6614970258752367
0.6614794251236313
0.6615516018712804
0.6615119187636034
0.6615179053043682
0.661451482528825
0.6614794784594669
0.6615192509396307
0.6614974866537805
0.6615017697983333
0.6615183069023455
0.6614849605109485
0.6614761575339955
0.6615473019165345
0.6615222818972788
0.661461326169402
0.661453594700165
0.6615247782104459
0.6615171431505378
0.6615394480005146
0.6615155390040927
0.6615026859730022
0.66148037399466
0.6615248138697991
0.6615730590222275
0.6615519247891061
0.6615185224621957
0.6614782519550644
0.661530339752787
0.661527691679346
0.6615919174583216
0.6615944440484014
0.661554449512636
0.6614644067740596
0.6614974117150676
0.6615381893221655
0.6615012880043454
0.6614896657584253
0.6614691189501967
0.6614950663677449
0.6615217915965732
0.6614936053859211
0.6614956247197588
0.6615271417051412
0.6615180710783777
0.6616024675509078
0.6614444836460232
0.6615462949668032
0.6614865518014972
0.6615118176962207
0.6615469671614721
0.6614908020881388
0.6614927239185715
0.6615587922594564
0.6615049153804611
0.6615706180350964
0.6615044397969907
0.6615143245016152
0.6614725714530838
0.6615042613878315
0.6614739325124809
0.6615166104325998
0.6615422246546976
0.6615221939146081
0.6614714942162445
0.6614578062059928
0.6615574111719782
0.6615206262200592
0.6615409792016034
0.6615068794633023
0.6615920790176661
0.6615094611412318
0.6615766563605561
0.6615645879777898
0.6615246754542028
0.6615417587953636
0.661505978004262
0.6614713334025978
0.661514841356373
0.6615078169939452
0.6614438131651043
0.6614789659978798
0.6615531683313234
0.661530051175734
0.6615055760674857
0.6616034285319308
0.6614727880978706
0.6615354892324207
0.6615300539523508
0.6614456564105695
0.6614916192834555
0.6614982099392854
0.6615269938830085
0.6615053422792863
0.6615034144233152
0.6614885055810686
0.6615644494327912
0.661591729558318
0.6615500759219071
0.6615541758793066
0.6615397271753488
0.6615935924742109
0.6615604337529986
0.6615649105992897
0.6615319992921853
0.6615709752489071
0.6615060091288032
0.6615283274089391
0.6615015381467988
0.6615080047128455
0.6615077134403264
0.6615193972547282
0.6615346945966802
0.6615227286707708
0.6614809637269663
0.661534278015522
0.6615040310869936
0.6614848162366637
0.6615388124015567
0.6615575088523287
0.6615024677022543
0.6615136943079044
0.6615152534568614
0.6615614743782823
0.6614870124689365
0.6614812960833196
0.6615401777944949
0.6615809389877847
0.6614714697547414
0.6615736404615178
0.6615566729868267
0.661492365902286
0.6616022643519484
0.6615448581752466
0.6614996589622951
0.6615592471678415
0.6615466524358803
0.661508750619372
0.6615203869408595
0.661464262092184
0.6615642922604117
0.6615460443845576
0.6615265553631486
0.6614966308664687
0.6615407912750351
0.661532400832257
0.661555581987334
0.6614535669551054
0.6615770933853571
0.6615096711627004
0.6615247875629277
0.661483628052771
0.6614567440408785
0.6615159999253619
0.6615388352167767
0.6615150426397074
0.6615118238018283
0.6614972718650276
0.6615044954116762
0.6615479497337086
0.6615025838999254
0.6615707470796253
0.6615120062350778
0.6615820041713406
0.6615474450567117
0.6615865458253173
0.6615601796427737
0.6615675002556057
0.66153442768896
0.6615443688858005
0.6616105393182217
0.6615715624609575
0.6615369206895851
0.6616030850970187
0.6615128937995012
0.6615612777160655
0.6615128166289446
0.6615129912384574
0.6614930606855223
0.661556547443032
0.6614468354404419
0.6615887477322409
0.661538993885856
0.6615889058590252
0.661537909270608
0.6615199142662513
0.6615421490454485
0.6615107402528669
0.6614795544380265
0.6614828042046776
0.6614790021793799
0.6615795336134785
0.66156541849744
0.6615458386288913
0.661508433004496
0.6615350077552009
0.6615601908989415
0.6615350049214852
0.6615597465605798
0.6615451919693701
0.6615363975621996
0.6615824214234596
0.6615159721185402
0.6615581680358941
0.6614699309300474
0.661475460226466
0.6615533100628761
0.661513703833528
0.6615353888873123
0.6615219074467262
0.6615470932867764
0.6615032986189706
0.6615137735761181
0.661497295045219
0.6615152358675097
0.6615113994521779
0.661509021055207
0.6614865894975979
0.6615244719620753
0.6615316025702371
0.6615508064851776
0.6615211947815696
0.6615816944388735
0.6614930577367996
0.6615280694038619
0.6615472810495944
0.6615062305937784
0.6616008822774415
0.6614662198502813
0.6615148048524815
0.6614905847740485
0.6615813067187455
0.6615262167293647
0.6614988761824265
0.661494907118647
0.6615347616481674
0.661551945986883
0.6615364609712546
0.661555347120705
0.6615360831019168
0.6615964928575268
0.6614945975818204
0.6615543463113837
0.6614752393798239
0.6615719869871237
0.661562372939467
0.6614945388703348
0.6614859820334759
0.6615236855323184
0.6615197286403006
0.6615322537048102
0.6616042372436747
0.661480659914508
0.6614876453841543
0.6615252113948024
0.6615787772171408
0.6614996912779627
0.6615162226244348
0.661549601940027
0.6614593021810367
0.6615578015146502
0.6615913801238842
0.6614960892214412
0.6615743966045655
0.661534469251939
0.6614414942877682
0.6614986650026062
0.6615557422086581
0.6614743130405585
0.6615422425069104
0.6615575149995857
0.661582611253132
0.6615153525957795
0.6616084139338523
0.6614945067122779
0.6615680504525433
0.6615322788258899
0.6615159561178114
0.6615691034128337
0.6615434043502899
0.6615169928844351
0.6616127471584748
0.6615282852583451
0.6614926362933659
0.6615253539849043
0.6614920315585525
0.6615055303931754
0.6615514160489511
0.6614533523426269
0.6615692849145913
0.6615613085992411
0.6615394903843026
0.6615394869865746
0.661507493652046
0.6615336160870837
0.6615618065291407
0.6615949739425127
0.6615199127052682
0.661536144720451
0.6615305523690215
0.661489305832685
0.6615397133370589
0.661510145455505
0.6615497452461165
0.6614928823878904
0.6615556733590011
0.6615464608743098
0.6615389484124802
0.6615729044615539
0.6615482882245141
0.6615058859465504
0.6615144711125385
0.6615388782172762
0.6615452604548646
0.6615019640885289
0.6615408292060394
0.6615761313839167
0.6615277081986637
0.66148025942579
0.6614619061524891
0.6615635211049455
0.6615516061162465
0.6615171496516055
0.6615301265095983
0.6615205913176043
0.6615863498570465
0.6615031880439608
0.6615079505372019
0.6615323310307506
0.6614926354000357
0.6614783253835947
0.6615083307246763
0.6615835467016666
0.6614991531496666
0.66147506082659
0.6615159017799539
0.6615013745423739
0.6615176314650788
0.6615090733773026
0.6615109650880566
0.6615495833857417
0.6614757586737797
0.6614501838406363
0.6615275857809231
0.6614902280175261
0.6615596984954951
0.6615055252588042
0.6615665351209132
0.6615290620416217
0.6615533998184352
0.6615429911710632
0.6615881730150636
0.6615445333726623
0.6615436873281155
0.661531247632421
0.6615175115026612
0.66149391219282
0.661542536139745
0.6616040814528401
0.6615533253928771
0.6615055069417446
0.6615711699822007
0.661524403263329
0.661532961226495
0.6615008759941037
0.6615097978795121
0.6615716177843227
0.6616239982979828
0.6614969124831449
0.6615473782271009
0.6615723503514169
0.6615133423385966
0.6615461995668042
0.661524445985215
0.6615466962963579
0.6615109923978405
0.6615876129801016
0.6615245027168157
0.6615444719788686
0.6614802965237266
0.661478910724604
0.6615392853126332
0.6615800463908363
0.661557983506843
0.6615692930647862
0.6615347276037524
0.6614918489910876
0.6614628955896072
0.6615514652195544
0.6615305308192294
0.6614699956202734
0.6615677785571317
0.6615417891102877
0.6615508659208345
0.6616034889858804
0.6615306637433271
0.6614671568957685
0.6615407745995707
0.6614660501831355
0.6615208338794965
0.6615114899229247
0.6615131411014772
0.6615143308657612
0.6615062456052504
0.6615656630906408
0.6615090531671389
0.6614958094701373
0.6615182398522823
0.6615604822470821
0.6615414097764307
0.6615738743692796
0.6615317807245178
0.661545595141474
0.6615803040723154
0.6615191587173165
0.6615756832640094
0.661562542947385
0.6615205356959888
0.6615271814650182
0.6615835920528009
0.6616078043009574
0.6615369654094583
0.6615195696488771
0.6615714176553336
0.6615693001506425
0.6614953435242162
0.6615312442271248
0.6614979682426814
0.6615517576415382
0.6615335261921493
0.6614647742923738
0.6615186112605648
0.6615166764987275
0.6615243611124019
0.6614340704224329
0.6615409192883168
0.6614590273028133
0.6614951843446493
0.6615073357040173
0.6615982671268055
0.6615576253276853
0.6615641281987066
0.6615458302447095
0.6614650947204747
0.6615153522447879
0.661473619288801
0.6614884196434632
0.6615752812697443
0.6615546327571941
0.6615405054026074
0.6615311232254888
0.6615548160770519
0.6615429006769252
0.6614928106310238
0.6615612300942955
0.661502824031222
0.6615073914720381
0.6615525860219464
0.6616252513071502
0.6614076835481683
0.6615404261660129
0.6615344594994279
0.6614879061037322
0.6614848401495594
0.6615414728072138
0.6614896724917829
0.6615887621607961
0.6615282261066944
0.6615477891583152
0.6615279419638248
0.6614943789289488
0.6615232208998849
0.6615261449103516
0.6615380501469723
0.6615382686890303
0.6615205921154732
0.6615332758022101
0.661613700134134
0.6614629342184235
0.6616425369343357
0.6615144071371641
0.6615033513972901
0.6615230886150192
0.6614885016571375
0.661532814682819
0.6615343299229841
0.6615726190198382
0.6614950085066568
0.6615678187606943
0.6615325431140683
0.6615032661494826
0.6615378123049405
0.6615511456336303
0.6615148061620877
0.6615321590603064
0.6615441164740624
0.6615310974841362
0.6615289231095727
0.6615908399097786
0.6615639812190268
0.6614885191104305
0.6615293616276274
0.6614545918140287
0.6615062271613636
0.6615417875301234
0.661555422226205
0.6615390581846179
0.6615567919158725
0.6615151879077158
0.6615406548911088
0.6615401024705658
0.6615181047381484
0.6615859938702361
0.6615000621861241
0.6614970711970046
0.6614883052979414
0.6614861847519722
0.6615294867002144
0.6615524975093926
0.6615513764065479
0.661535788062807
0.6615651419099148
0.6614865361971265
0.6614931877992584
0.6615234646293247
0.6615149437136876
0.6615653845022245
0.6615392286947821
0.6616102381950997
0.6615126540081102
0.661513247255049
0.661515870290375
0.6615840697515841
0.6615100325685921
0.6614951760435764
0.6615455712782847
0.6615636262389633
0.6615605637334168
0.6615676629082076
0.6615088458577171
0.6615281367213266
0.6615474342269521
0.6615221906202337
0.6614730267301514
0.6615388732930775
0.6615101845799132
0.6614956469990328
0.6615817256707435
0.661549818005589
0.6615793090363226
0.6614957887298754
0.6614956902230993
0.6616175429931669
0.6615265862967704
0.6615047112602928
0.6615695577925645
0.6615561198042597
0.6615077985710617
0.6615534077560987
0.6615124355713897
0.661460160690865
0.6614962367233248
0.6614979344493146
0.6615588328681492
0.6615931585811023
0.6615148162021163
0.6615267776990321
0.6615018796392854
0.6615190489766716
0.6615254093493224
0.6615309113064279
0.6615442167059931
0.6615808878810185
0.6615850147865969
0.6615305705522481
0.6614450857760092
0.6615614620557688
0.6615687766620097
0.6615555187115488
0.6615700917804266
0.6615144470239431
0.661501359851304
0.6614709527884206
0.6614730655915516
0.6614517661231569
0.6615026336509183
0.6615150322848616
0.6614683900978433
0.6615517200603152
0.6614994337648289
0.6615713396592231
0.6615108771049146
0.6614481276718422
0.6615645436324691
0.6615323217219697
0.6614828455641649
0.6615548530572399
0.6615214685150266
0.6615342126376402
0.6615942289191052
0.6615221063706169
0.6615276116989515
0.6615109661096255
0.6614918770835632
0.6614800790579454
0.661471150149715
0.661465213043096
0.6615566499549248
0.6615755446756322
0.6615128969685029
0.6614557134483519
0.6615305417826023
0.6615844868088954
0.6615724624021606
0.6615457458175704
0.6614908230393266
0.661504221353584
0.6615465431153793
0.6615569377912122
0.6615645086195102
0.6614927788039555
0.6615532714518121
0.6615491671834582
0.6615289905750036
0.6615056120856422
0.6615213563013473
0.6615047239942239
0.6615526199170377
0.6614988136236831
0.6615384598899746
0.6615511129194966
0.6614796572733298
0.661513952996336
0.6614878079604015
0.6615395025075562
0.6615578957383937
0.661553944726049
0.6615481672237373
0.6615095530149111
0.661503290751938
0.6615525432056766
0.6615041245851889
0.6615161673195624
0.661513991823646
0.6614845759802488
0.6614773794004574
0.6614521376411345
0.6615429672532672
0.6614601199875415
0.6615032628255725
0.6615535860428428
0.6615577179251328
0.6615738948117208
0.6614884757937501
0.6615338779978023
0.6615182713924996
0.6614761785417062
0.6615512845379092
0.6616100558345366
0.6615361233284653
0.6615749301879726
0.6615131836311723
0.6614740230120307
0.6615697215746155
0.6615118778770571
0.6615510014726553
0.6615803343924476
0.6614982701507034
0.6614987085223737
0.6614624576904171
0.6615725312931826
0.6616014445392067
0.6615430370994029
0.6615267750016427
0.6615261880676953
0.6615975776036331
0.6615252231889932
0.6614851889278943
0.6614968922481124
0.6615577757324743
0.6614842089117388
0.661517537376858
0.6615305051222165
0.6615372512211286
0.6615691336052993
0.661509331498568
0.661512673169804
0.6615279769741238
0.6614762411766046
0.6615902128702242
0.6615056736493873
0.6615163119257876
0.6615394011350011
0.6615103223120753
0.6614660734817026
0.6615037793380141
0.6616063110258569
0.6615510229277358
0.6615327522203218
0.6615090460544304
0.6614808525873065
0.661574583572947
0.6615532125773944
0.6615738960555548
0.6614864477859115
0.6615020329980037
0.6615199333237021
0.6615873929445242
0.6615055563132626
0.6615474981021847
0.6614770407990851
0.6615374686735679
0.6615281834814619
0.6615274234121993
0.6615531330964496
0.6614964204474408
0.6614938266036835
0.6615216115093288
0.6615616994159288
0.6615002789647297
0.6614952726608819
0.6614742346989532
0.6614702114217165
0.6615231720636079
0.661585293223215
0.6614879146441586
0.6614887639353045
0.6614917330557801
0.661534235024515
0.6615076119934491
0.6615626457419135
0.6615597726596397
0.6615145299023786
0.661531745632731
0.6615250084430193
0.6615236257671026
0.6615253509743247
0.6615301174234531
0.6615088755642172
0.6615520329204909
0.6615719797772189
0.6615059509412637
0.6615165337357434
0.6614970083110767
0.6614945807025363
0.6614903415994003
0.6614880248342745
0.6615958012268761
0.6615018458841272
0.6615402062595359
0.6615813720188896
0.6615501104365316
0.6615204924346305
0.6615496138556172
0.6615115845957318
0.661582941980783
0.6614605347878884
0.6615449950749283
0.6615091237121727
0.6614837791759443
0.6614636617055046
0.6616106692241535
0.6614862659468899
0.6615065112061238
0.6615560374796783
0.6615331931759092
0.6615543232022834
0.6615166692092627
0.6614388677424446
0.661606141704859
0.6615513848837267
0.6615239546157481
0.6615617089484722
0.6614558700515005
0.661600969847197
0.6615186607665788
0.6615110746623496
0.6614833253944383
0.6614973990510924
0.6614376027043821
0.6615141852507382
0.6615830930909234
0.6615021351654167
0.6615373224994475
0.6615090137555769
0.6615335221456392
0.6614577426680062
0.6615109161439401
0.6615257756429354
0.6615225797098344
0.6616353298059963
0.6615651072203341
0.6615595541977496
0.6615268680927626
0.6615496145607498
0.6615697078945696
0.661587194421901
0.6614995565394085
0.661465621675985
0.6615696948108214
0.6615851309631983
0.6615426692105191
0.6614718996224885
0.6615125197572809
0.6615266027393031
0.6615665551891172
0.661538617531782
0.6615505061644233
0.6614799130839004
0.6615222458078122
0.6615103035322787
0.6615162692091698
0.6614953159065583
0.6615150282840163
0.6615238530712949
0.661478252297048
0.6615463085492861
0.6615014970933447
0.6615187626622687
0.6614953490397881
0.6615367721024519
0.6614785480442442
0.6615339377577434
0.6615926173518394
0.661559366566992
0.661501148829317
0.6615293826454474
0.6615980698728837
0.6615746538181847
0.6615871188446838
0.6615805124949077
0.6615131447273626
0.6615453048128044
0.661538142704343
0.6615662510489058
0.6615545649937427
0.6615569156716355
0.6614983917184111
0.6615284557632625
0.661525429018232
0.6615521284620544
0.6614666655052316
0.6615957921093067
0.6615623427477738
0.6615371372615318
0.6615813078731986
0.6615067323547599
0.6615125279562181
0.6615393276152125
0.6615120050564166
0.6614928365072508
0.661567168959142
0.6615757565048933
0.6615843785640871
0.6615525045828421
0.6615099691315431
0.6615390081259136
0.6615316568809749
0.6615092282467914
0.6614828189589496
0.6615219397139918
0.6616185792036053
0.6615093484251915
0.661508298052044
0.6615169604660834
0.6615327670745712
0.6615258892617959
0.6615531325269599
0.6614858638766091
0.6615016687522957
0.6614721067564888
0.6614726337852475
0.6615257024532928
0.6615710990650383
0.6615072679998069
0.6615221536256706
0.6615372152140369
0.6615740589916044
0.6614295229640765
0.6614893463902384
0.6615394231178742
0.6615535827999715
0.6615066603309504
0.6615180047962598
0.6615327801766556
0.6614890176489632
0.6615753478336974
0.6615654103830598
0.6615849431372739
0.6614980516768607
0.661531197250462
0.6615691846687796
0.6615217686925441
0.6614585064150644
0.661515831194781
0.6615125045818402
0.6615539189196084
0.6615134159792782
0.6614881477697847
0.6615499620873829
0.6614750626916952
0.6616007881977071
0.6615203134228864
0.6615353273934687
0.6615191582261302
0.6615277964735279
0.6615450260124088
0.6615304401869319
0.6615695408883958
0.6615385599829053
0.6615266834692868
0.6615364172637589
0.6615360335058389
0.6615756809244385
0.661539123564945
0.6615520190594338
0.6615650111345963
0.6616085414754067
0.6615639112640167
0.6615385351682973
0.6615278296505497
0.6614822994161653
0.6615650448698022
0.6615284380289289
0.661531754531839
0.6615558958585492
0.6615808916011793
0.6615369149419109
0.661507796393825
0.661487167965018
0.6615629526310138
0.6616031021306955
0.6614992846535066
0.661539812780259
0.661537231627265
0.6615209283139419
0.6616485214553676
0.6615185264104448
0.661547751336974
0.661550628306189
0.6614599372220225
0.6615619193526263
0.6615610477694203
0.6615057939489057
0.6614541511273617
0.6615696786049865
0.6615040989422375
0.6615067208508304
0.6615272086322235
0.6615027479078616
0.6614915202285572
0.6615381757368611
0.6614851007687739
0.6615463029304538
0.6615644741382771
0.6615493020873187
0.6615390557915478
0.6615153158576812
0.661521887111499
0.6615492605587485
0.6614759228878865
0.6615362874897704
0.6615122558336636
0.6615554383634071
0.6614984179601993
0.6614503894512793
0.661531232977588
0.661525651044945
0.6615414258241052
0.6615166089352221
0.6615074510117913
0.6615986578725828
0.66147375605782
0.6615438774126845
0.6614408715037426
0.6615892248636027
0.6615514345479048
0.6615211791653466
0.6615193983940943
0.6614939464084408
0.6615429114764881
0.6614798262270912
0.6615463488920988
0.66154055030798
0.6614969430505291
0.6615694670049117
0.6615619413067347
0.6615337174779352
0.6615292424780848
0.6615277538327542
0.6615748383549543
0.6615603317359298
0.6615451657104224
0.6615154776066612
0.6614925086077283
0.6615979262030903
0.6615232306443306
0.6615295556921913
0.6615344512757166
0.6615413325332945
0.6615142958643963
0.6614987541779265
0.6615481159839072
0.661529897368109
0.6615205457339465
0.6615316257419923
0.6616402089896997
0.6615403111636615
0.6615659626046144
0.6615706607889271
0.6615531889917619
0.6615315361427457
0.6614525107384633
0.6615863111565045
0.6615432356566451
0.6615422305057882
0.6614858609862302
0.6615382699912693
0.6614895139913004
0.6615458306018795
0.6615549096860198
0.6615680457069104
0.6615503840860195
0.6615185224540555
0.6614602083947966
0.6614538408802428
0.6615426457306944
0.6615067049050101
0.6614929295521988
0.6615385185110267
0.6615198862408433
0.6615696566710416
0.6615606872335618
0.6615370858223657
0.6614936336504478
0.6615460203431677
0.6615146961508834
0.6615477717425442
0.6615053224111374
0.6615153321271603
0.6615820201438003
0.6615427117327035
0.6615258024372116
0.6615231381463107
0.6615302588945595
0.6615472962915142
0.6615473595384338
0.6615131857822634
0.6615773637107941
0.6615721857157044
0.6614913874190493
0.6615256165743839
0.6615166136889528
0.6615035441755976
0.6615557721368932
0.661485941281281
0.6614336285318236
0.6615769436468892
0.6615617043437063
0.6615569798060321
0.661461047843196
0.6615719162799142
0.6614973575877132
0.6615897177471004
0.6615737588838158
0.6615501160842148
0.6615070013711633
0.6615285008687443
0.6615970776243387
0.6615623559030277
0.6615071127558049
0.6615576261969083
0.6614704728869906
0.6615816949443408
0.6615475987129644
0.6615268799068971
0.6614642341897676
0.6615232952209487
0.6615529620469772
0.6615509278914464
0.661528390033401
0.661534355009272
0.6615136054659194
0.6615000376045703
0.6615179805165063
0.6614638192616137
0.6615253933086318
0.6615044238056788
0.6615211822814846
0.6614574366380025
0.6615635065452818
0.6614980976752614
0.6615705877320945
0.6615391623841745
0.6615495570925338
0.6615217821531115
0.6614871130366662
0.6615263196110576
0.6615810460089002
0.6615463577483087
0.6615657809954548
0.661556610811975
0.6615566419323635
0.661586035805898
0.6615130935393522
0.6615483440114609
0.661561576259594
0.6615523879641284
0.6615714367743645
0.6615653913434871
0.6615646813735616
0.6614861181533546
0.661478641217565
0.6615496342522693
0.6614973765968081
0.6615353456392372
0.6614668379801595
0.6615473146178212
0.6614889867321124
0.6614936338102799
0.6615088652943619
0.6615314263463099
0.6615833290624595
0.6615390806711718
0.6615279432772181
0.6614869606400937
0.6614980311641527
0.6615571741923285
0.6615441104089034
0.6614673490473616
0.6614861794976356
0.6615214634418729
0.6615001312348475
0.6615527113983033
0.6614765812662444
0.6615652166347195
0.6615108982452007
0.6614625799539933
0.6615637548519697
0.6615418910666044
0.6614809445863257
0.6614722135938101
0.6614843105969739
0.6615016476682084
0.6616046137021714
0.6614877777843318
0.6615910274862801
