0.6620501023608563
0.6620395324432804
0.6620037413913522
0.662050214825959
0.6619785822626145
0.6620591808698115
0.6620181108674039
0.6621083428872473
0.6620340553215164
0.6619916532755632
0.6620586725406563
0.6620727468654429
0.6620335195243798
0.6620110980267189
0.6621002578114453
0.6620220938249866
0.6620718687097105
0.6619859232327839
0.6620499155860187
0.661978138395095
0.6620460498820127
0.6620436339033232
0.6620609356082046
0.6620739319230962
0.6620723812069991
0.6620591728898624
0.6619900891317699
0.6620342310820531
0.6620511681395431
0.6620599970835312
0.6620458536504235
0.6620233746820496
0.6620249697817837
0.662047021410382
0.6620501745579379
0.6620436637509121
0.6620159412680449
0.6619596739188567
0.6620283319671114
0.6619814833758002
0.6620035308417676
0.6620256117807808
0.6620278420146881
0.6620066374187707
0.6619874325013089
0.6620233206574955
0.6620659709777311
0.6620301103596103
0.661992952895994
0.6620034490650882
0.6620366191802676
0.662030641694956
0.6620078887883702
0.6620398500538475
0.6620398094748612
0.6620721652880082
0.6620609904910558
0.6619706269159853
0.6620368439237271
0.6620128527579081
0.6620374218682561
0.6619864982558583
0.6620320033271545
0.6620324917522484
0.6620111460700043
0.6620274015726715
0.6620375348039302
0.6619903892336316
0.6619784797164763
0.6620018373687917
0.6620526898635165
0.6619904143641685
0.6619960666172997
0.6620241541053022
0.6620571728555635
0.6620307922100457
0.6620337763017398
0.6620497114705299
0.6621054623383971
0.6620444738224212
0.6620269779521541
0.6620433166785392
0.6620080995038724
0.6620360362430391
0.6620022194925876
0.6620134151083288
0.6620587184474478
0.6620251589240536
0.6620361560161836
0.6620153970054081
0.6621128308215697
0.6620747709733705
0.6620141918326417
0.6620193524066795
0.6620076167988697
0.662025520488323
0.6620281526370143
0.6620528953688649
0.6620272874490566
0.6620770627927883
0.6620356461557397
0.6619997952300967
0.6620284062851466
0.6620054709614399
0.662020764755429
0.6619951408578101
0.6620246909410792
0.6620328707776044
0.6620331112572931
0.662078835385552
0.6620216775976235
0.6620253846163577
0.6621043490398615
0.6620023777970134
0.662045545923269
0.6619825092325036
0.6621357690375995
0.6620223755500696
0.6620452723518103
0.6620469623803753
0.6620226572716683
0.6620342044674865
0.6620590953224904
0.6619938784167028
0.6619837374912572
0.6620426066374661
0.6620091841442102
0.6620055061296496
0.662063950552231
0.6620595018735149
0.6619954258411082
0.662049929584129
0.6620320475065132
0.662013760296165
0.6620067801152056
0.662042065655127
0.6619974503480619
0.6620777213730517
0.6620047094176569
0.6620640274683836
0.6620381034883764
0.661947816157237
0.6620605177329426
0.6619883207691464
0.66199105024931
0.6620470670052976
0.661996500916664
0.6620338203201923
0.6619740037616506
0.662035194031528
0.6620683430029433
0.6620246449322814
0.6619863957273993
0.662028761100543
0.6620202869448559
0.6620102709074982
0.6620682675706251
0.6620558394595997
0.662037068107024
0.6620268334674911
0.6619708691501931
0.6620457827541807
0.6620604624405619
0.6620374829642004
0.6620429490441802
0.661998116975766
0.6620051869100754
0.6620401880336986
0.6620325613907939
0.6620317998106224
0.662047563862858
0.6620193866718755
0.6620370132803981
0.6620022991229844
0.6620467054863637
0.6620026873784066
0.6620356804821578
0.6620303334525174
0.6620309477989463
0.6619965883701127
0.662054797639162
0.6619780778158308
0.6620224334484851
0.6620851653254957
0.6619954304966484
0.6620258801891747
0.6619936339160732
0.6620666772792274
0.6620151794023821
0.6620540737867444
0.6620600525240438
0.6620730444333113
0.662077441957354
0.66199743740822
0.6620115097658466
0.6619937601550614
0.6620553365417083
0.6620510381370391
0.6620248723775115
0.6619874350960009
0.6620435516327736
0.6620627494342519
0.6620369355230714
0.6620510433299407
0.6620030754265348
0.6620399903780742
0.6620583336735174
0.6620302620132028
0.6620078933362145
0.6619704374473906
0.662006390610972
0.6620326756462835
0.6620338635820668
0.662026920238633
0.6620527837162912
0.6620657984827274
0.6620229046120392
0.6620933349987639
0.6620399996698085
0.662011363088017
0.6620094347672512
0.6619784039768971
0.6619785946662817
0.6620330298916218
0.6619992382263292
0.6619926174958117
0.661997366019952
0.6620090679212676
0.6620452960646037
0.6620193970414016
0.6620232755062527
0.6620027673932936
0.6619482909510951
0.6620636387684229
0.6620699854216697
0.6620055936552524
0.6620363227447672
0.662023404848971
0.662008955295772
0.6620685300625462
0.662059128144714
0.6619965455196823
0.6619638077143015
0.6620489221009629
0.6620244000884461
0.6619783683291588
0.6620378283815592
0.6620460789106413
0.6620188488233546
0.6619920164289655
0.6620700667212195
0.6620530146379813
0.6620113355391196
0.6620315224332876
0.6620638134755852
0.6620367335897349
0.6620241939542901
0.6620423563075877
0.6620542393892422
0.6620661760635553
0.6620176576766887
0.6620320474591983
0.662018755034529
0.6619722639607233
0.6620743480090705
0.6620352095965778
0.6620283518473746
0.6620154902099983
0.6620283855383666
0.662029206679328
0.6620556157982946
0.6620144672978363
0.662061131823547
0.6620350186808025
0.6619810708554401
0.6620142741909154
0.6620365503899452
0.6619996718510583
0.6620093073392039
0.6620442058324789
0.6619849322261895
0.6620107128320301
0.661973824738554
0.6620117109786098
0.6619998150145666
0.6620184019385553
0.6619958674539439
0.6620308966663434
0.6620080720929424
0.6620496029370814
0.6619946676696944
0.662034080310687
0.6620163809230336
0.6620259342540838
0.6620473543629214
0.6619999889883716
0.6620719437468242
0.6620021082082115
0.6619925454213919
0.6620687310621711
0.6620316679112264
0.6620073507161295
0.6619989106818339
0.6619980567426063
0.6620274197776146
0.662036182338595
0.6620303445767013
0.6619982121770727
0.6620213460312165
0.6620345303143405
0.6620291759077666
0.6620514103468367
0.6620409148803188
0.6620313145952276
0.6620201663283278
0.6620174359549629
0.6620630397232741
0.6620197501517009
0.6620450458321989
0.6620351153326007
0.6620024179311994
0.6620325686612477
0.662048276644029
0.6620316176896799
0.6620091677556061
0.662042991667052
0.6620067003899407
0.6619783382452781
0.6620310866232262
0.6619839968721238
0.6620380511580395
0.6620137875478336
0.6620400122839069
0.6620104857391584
0.6620385445825965
0.6620898120385725
0.6620647940591607
0.6619793156606524
0.6620733743207634
0.6620582072678916
0.6620347493286511
0.6620319019999497
0.6619774840527243
0.6620337348382324
0.6620223079548199
0.6620339071213038
0.6619949793365905
0.6619981612638899
0.6620460897065822
0.6620712471519552
0.6620368095481289
0.6619858965070853
0.6620963393993684
0.6620070911022453
0.6620457963424754
0.6620295003122945
0.6620144260177863
0.6619836429289395
0.6619734587890542
0.6620267854508587
0.6620284733470165
0.6620249553103932
0.6619942206812692
0.6620520641640065
0.6620411717834438
0.661972663995898
0.662056894758394
0.6620656387440808
0.6619927750515977
0.6620370123742757
0.6620049885909184
0.6619712881374155
0.6620040499041049
0.6620414584945093
0.662045791640675
0.6620255078205213
0.662013865511858
0.6620373822913848
0.6619997612450895
0.6620255616364186
0.6620600771773751
0.6620740443233311
0.6620480781081626
0.6620325028131203
0.6620097942168943
0.66197657167708
0.662040812338041
0.6620431636294581
0.662043450723949
0.6620501802668384
0.6620219601853692
0.6620312036749539
0.6620607970389155
0.6620495901996862
0.6620717203123181
0.6620094990107522
0.6620592350472272
0.6620113578562954
0.6619931529744948
0.6619391544976498
0.6620116860906058
0.6619289004924076
0.662078439126204
0.6619751801451704
0.6620135710550397
0.6619946504000047
0.6620305692894647
0.6620368645286391
0.6620259976831617
0.6620113758057304
0.6619910923509492
0.6620493458740244
0.6620515928822333
0.6620685379641655
0.6620497718825219
0.6620499102391387
0.6619875320367186
0.6619966498991161
0.6620398278946714
0.6620219645876848
0.6620272943656951
0.6620256528430546
0.6620261178300593
0.6620818685436152
0.6620228973691202
0.6620671763325081
0.6619995868745837
0.6620340116000543
0.6621034616539344
0.6620289507338378
0.6620162618427136
0.66203154993423
0.6619613958445973
0.6619976510214396
0.662056948560873
0.661993538137743
0.6619893420771592
0.6620240693088053
0.662023901065953
0.6619891180485475
0.6619884817273922
0.6619881245536805
0.6620063161771707
0.6620208105296495
0.6620512834478538
0.6619926642046188
0.6620321769841557
0.6620337778034155
0.6620241625423886
0.6620070841760992
0.6619985483837122
0.6620246271631401
0.6619736977569954
0.6620326545570084
0.6620658936834147
0.6620236331789118
0.6620266306927851
0.6620066080908097
0.6620706965349133
0.6620125154510715
0.662051947162198
0.6620502189783676
0.6620091926357875
0.662015162795023
0.66209311567051
0.6620406112062869
0.6620225149029078
0.6620626999769902
0.6620524461534782
0.6620489601640542
0.6620040981468218
0.6619842443447012
0.6620586819578889
0.6620122286358514
0.6620059931248468
0.6619941773303261
0.6619902949258851
0.6620473929815982
0.662009655410486
0.6619961860203105
0.6620262739450231
0.6620153337651176
0.6620372687587124
0.6620332757300665
0.6620204464678912
0.6620048674451253
0.6620089384223936
0.6620059845810083
0.662082370231005
0.6619981797964734
0.6620706490730717
0.6619936275757349
0.6620183168585918
0.662072223623387
0.6620104856672
0.6620498630534769
0.6620144832191266
0.6620122327232477
0.6619840500264329
0.6619930846144322
0.6620794330416457
0.6619782277387389
0.662005299004693
0.6620542645287255
0.6620460766100277
0.6619884555462958
0.6620665132415309
0.6620469750272233
0.6620927472847956
0.6619950441541695
0.6619854928560909
0.6620515639935861
0.6620068306887257
0.6620701398769279
0.66203343317313
0.6619913962502765
0.6619927144036596
0.6620223359608453
0.6620350038157636
0.6620352291336142
0.6620413447805488
0.66197376164134
0.6620133366507198
0.6620237328211098
0.662014602846877
0.6620268636677767
0.6620301477863684
0.6620438185912954
0.6619558504967556
0.662070270512197
0.661990689007687
0.6619672936927034
0.6620172786587699
0.6620281212648274
0.6620176480008189
0.6620666662701087
0.6621100228313375
0.6620152699740076
0.6620114659249616
0.6620171705139798
0.6620408828856837
0.6620185893827046
0.6620098989184282
0.6620526926279713
0.6620600405668756
0.6620106751633873
0.6620385869715297
0.6620606324017176
0.6620473887891474
0.6620588838295672
0.662042194920383
0.6619838924175451
0.6620149365366815
0.6619587313147183
0.6619889317890254
0.662024468049428
0.662023387698475
0.6619862390994702
0.6620254028754826
0.6620556877533217
0.6619948818644599
0.6620672016581849
0.6620333621059509
0.6619772276561102
0.6620291322424972
0.6619857213870802
0.6620355443129171
0.6619947943544797
0.6619897057211008
0.6620172221842835
0.6620230185781115
0.6619787406669684
0.6620769990517325
0.66205238344304
0.6620517568292962
0.6620774567808531
0.6620178770439511
0.6620018473010831
0.662030371555423
0.6620174401912408
0.6619966626123177
0.6620233953339314
0.6619718204867873
0.6620453583924372
0.6620230687384758
0.6620072549734897
0.6620194753107598
0.6620783770437516
0.6620659092971406
0.6620722479491377
0.6620154045014313
0.662030386718849
0.6620176920911927
0.6620499832920308
0.6619869042368703
0.6620222616258532
0.6620173643744668
0.6620081963644824
0.6620859631886546
0.6620159812996418
0.6620247972761479
0.6620518871062291
0.6620493854627076
0.6620122483006516
0.6620714397435415
0.6620753496881744
0.6620185133278131
0.6620685454477204
0.6620066208597879
0.6620041759746544
0.6620369708634256
0.6620365814555101
0.6620088195441911
0.6620649952266171
0.6620232549634677
0.6620783671137771
0.662090956238161
0.6620332871631818
0.6620266370782362
0.6619815735334746
0.6620911162329725
0.6619858135007001
0.6620787067227176
0.6620400575901694
0.6620464511598195
0.6619980277423249
0.662035819154757
0.6620312112318423
0.6620653990852114
0.6620130239317146
0.6620396409968512
0.6620295384840252
0.6620079691841824
0.661992679178235
0.6620289896937523
0.6619851526207974
0.6620200563192442
0.6620113259561567
0.6620665478621903
0.6620630477540788
0.6620476843416359
0.6620002019902802
0.6619771090519182
0.6619703645003471
0.6620395451751286
0.6619932304581195
0.66201875786895
0.6619751034759194
0.6620920147324937
0.6619814198517382
0.662074160321199
0.6621012893112153
0.6619970523233378
0.6620138191500566
0.6620440074603962
0.6621011780329362
0.6620393798942378
0.6620255427949535
0.6620351324547729
0.662014434484985
0.662031290079061
0.6620069483157985
0.6619927310161453
0.6620664408735477
0.662047186082424
0.6620270729986046
0.6620705413665356
0.6620342848118895
0.6620597900245637
0.662028527167031
0.6620212486052389
0.662086918028558
0.662033127234438
0.6620310595103204
0.6620360505065227
0.6620460057327167
0.6620100479070007
0.662052827009009
0.6620749907436707
0.6620093183797093
0.6620200642020106
0.6619918121725316
0.6620376246278312
0.6620213040647446
0.6620548657467387
0.6620635103583123
0.6619880298749409
0.6620566441291205
0.6619865830775273
0.6620225737923532
0.6619878398429242
0.6620395197129452
0.6620126059308995
0.6620510923653293
0.662033396608755
0.6619912759324711
0.6619660787936783
0.661981402918187
0.6620654861000035
0.6619949080567378
0.662024021771326
0.662036161259362
0.6619971390969971
0.6620428930499266
0.6620062531896701
0.6619759623046954
0.6619806095269511
0.6620696607099191
0.6620238800578613
0.662044390086523
0.6620643799714103
0.6619971414470988
0.6619924513347908
0.6620175435651972
0.6619859094769338
0.6620294993595157
0.661989633691199
0.6620733526027343
0.6620324688856095
0.6620220076770349
0.6620271262800508
0.6620577927377651
0.6619572970875033
0.6620053168799005
0.6619912418680349
0.6620248465012806
0.6620110964120978
0.6620145287236294
0.6620305533591937
0.6620751822415396
0.6620473065120023
0.6620427921903382
0.6619946865282773
0.6620100104932223
0.6619922016884702
0.662013360791575
0.6619616988756831
0.6620642083651012
0.6619998373123619
0.6620089934985128
0.6620177998425438
0.6620853661593786
0.6620617811719838
0.662019955430325
0.6620022161916705
0.6619866393979956
0.6620481873406402
0.6620018567219816
0.6620221647443649
0.6620056298623597
0.6620573277038136
0.6620303156240311
0.6619796754811431
0.6620898581840324
0.6619904451091289
0.662050574248088
0.6619851563005202
0.6620507326624769
0.6620338090884127
0.6620328078732014
0.662003116210216
0.6620471530039693
0.6620053218079568
0.6620603043438031
0.6620241869497892
0.6619992134759569
0.6620719001699001
0.6620016717100154
0.6620246462191871
0.6620470724878365
0.6620377380644851
0.662004939861329
0.6620493311967208
0.6620104302274517
0.6620901032362356
0.6620241727394865
0.661997940228781
0.6619739993272452
0.6620506525727934
0.6620408655360637
0.6620491019892466
0.6620377572234394
0.6620091938658761
0.6620316184980903
0.6620050787040147
0.6620520986415734
0.6620254468469995
0.6620330384902287
0.6620370494757658
0.6620530817870081
0.6620105523608477
0.662046799875786
0.6620848596905611
0.6620067163506329
0.6620110743270848
0.6620247193046296
0.6620603781281019
0.6620318797886597
0.6620599932524395
0.6620642764781487
0.6620404673477236
0.6620164523545765
0.6620535750389641
0.6620064005089967
0.6620548413163938
0.6620064233305997
0.6620151884446608
0.6619680294851147
0.6620188792247375
0.6620289248138939
0.6620752211084884
0.6619811732885004
0.6619857268993776
0.6620617778313602
0.6620347505955063
0.6620601136359181
0.6620248241861353
0.6620402614845571
0.6620255364761245
0.6620625667536922
0.6620503611260182
0.6620318972991309
0.6620099195298852
0.6620306629743138
0.662032279921441
0.66206381082064
0.661943682206213
0.6620707553209408
0.6619785890525597
0.6620454812503851
0.6620414199014939
0.6620062833435088
0.6620669568714871
0.6620280558262734
0.6620354433727693
0.6620317328764866
0.6620488385380701
0.6619930928843994
0.6620375564895835
0.661988212531698
0.6619957796804568
0.6619940050146262
0.6620381443842743
0.6620053932824086
0.6620276109489291
0.6620623858746504
0.6620199507104951
0.6620423195605445
0.6620859300038126
0.6620801433577932
0.6620695060735329
0.6620934434972051
0.6620244863950686
0.6620013100858022
0.6620464070799263
0.6620246717818927
0.6620316013051644
0.6620051408644408
0.6619577363351699
0.6620039705184257
0.6620333751253755
0.6620579302401569
0.6619791330427702
0.66201645988525
0.6620631931700693
0.6620389227161627
0.6620477098995601
0.662066916715785
0.6620236452328058
0.6620238782021042
0.6620226822350639
0.6620277297147095
0.6619818230525102
0.6620287950742356
0.6620630250615551
0.6620287244722209
0.662050079965643
0.6619877622280111
0.6620615108592531
0.662015869796918
0.6619976372368299
0.6620225705623075
0.6620722939995682
0.6620234596562236
0.661947543051248
0.662045777551287
0.662023972600806
0.6619825003878831
0.6620179996148284
0.6620393726604823
0.6620996959019143
0.6620584996091354
0.66204539481057
0.6620121556275443
0.6620313569672784
0.6620602667158313
0.6619825739667253
0.662044044104678
0.6620499164367168
0.6620384976628304
0.6620071721315804
0.6621070766515003
0.6620603381735748
0.6620041257569715
0.662006658545194
0.6620346713718576
0.6620252910272215
0.6620089040639907
0.6619798105917961
0.6620432195200517
0.6620155377196315
0.6619781239286797
0.6620235219555985
0.6620487732267304
0.6620249738707389
0.6620117646782812
0.6620605657672244
0.6620317525860201
0.6620466520943715
0.6619599098832054
0.6620480419354522
0.6619863411963444
0.662060455051562
0.6620555502135977
0.6620479520363898
0.6620572905031128
0.6619635720425038
0.6620506839884692
0.6620138451299312
0.6620660868237891
0.6620186641796044
0.6619724015195608
0.6619749053617584
0.6620547923725375
0.6620501352027537
0.6619936570209016
0.6620342359665481
0.662035573309644
0.6620059617178946
0.6620665533981205
0.6619818559389907
0.6619626963922937
0.6620402329453753
0.662062096454618
0.6620505913243464
0.6620628879017019
0.662017771252751
0.6619864602304815
0.6620060972142024
0.6620500921358842
0.6620520565590101
0.6620557082583333
0.6619615776024329
0.6620427772859299
0.6620323725039677
0.6620420853232576
0.6620391664715923
0.6620435828969785
0.6620529883393161
0.6620124930134215
0.6619542859978984
0.6620274232023622
0.6620307468925011
0.6620469112033609
0.6620093147887176
0.6620188532016421
0.6620069414769862
0.662008743461471
0.6620407192616968
0.6619950896438567
0.6620321863237901
0.6620560968196505
0.6620109318466371
0.6620734427282073
0.662026266956875
0.6620575162732241
0.6619525235028054
0.6620152768168399
0.6620958150435845
0.662006993898635
0.662014996145378
0.6619893497171302
0.6620185333859117
0.6620326286498336
0.6620300631750919
0.6620066593369338
0.6620208862816057
0.6620605070101315
0.6619909164844259
0.6620220078453244
0.6620268767432308
0.6620462799584944
0.6620775339964868
0.6620816644322569
0.6620186444531266
0.6620744412186159
0.662062718150475
0.662028237751595
0.66201698229404
0.6619612562820882
0.6619894981642522
0.6620236684491116
0.6620106385882945
0.6620243105933546
0.6619960549950251
0.6620626549355194
0.6619972716236577
0.6620041481661271
0.661951601156145
0.6620277838000757
0.6620774978312816
0.6620460642138086
0.662008898440448
0.662010498646457
0.662003535997407
0.6620862298033379
0.662025107646957
0.6620144247443536
0.6620150398124589
0.6619788015988479
0.6619827220779714
0.661979087508215
0.6619432160193872
0.6620418881168506
0.6620182350496813
0.6620078528622994
0.6620364583813889
0.6620273366131324
0.6620001125140574
0.6619762833191951
0.6620496913179441
0.6620426156840042
0.662008280893746
0.6619924865794495
0.6619853366172788
0.6620517966897993
0.6620752238334991
0.662020371889138
0.6620252441009783
0.6620624776921062
0.6620258875705612
0.6620330029934114
0.6620511525647381
0.6620494021380654
0.6619914515519317
0.6620420853263105
0.6620541104427069
0.6620417790434221
0.6619952520116776
0.6620194066462549
0.6619961725832905
0.6620517074919945
0.6620068757014397
0.6620138022550341
0.6620279358626756
0.6620002262270968
0.6620334790209214
0.6620750890750589
0.6621004415508602
0.6620638778653024
0.6620501284602534
0.6620469216263283
0.6620445156324275
0.6620242844589452
0.6620201893079425
0.6620114839391824
0.6620396163057355
0.662008482042661
0.6619970347479074
0.6620212404612927
0.6620125657118769
0.6620442284745076
0.6620320536337319
0.6620057267503567
0.6620209471986307
0.6620119427599092
0.6619923764075334
0.6619989533390039
0.6619723675127264
0.6620335008761902
0.6619845658365497
0.6620227137775523
0.6620139355424176
0.6619810124034271
0.6619721844362559
0.6620038990775539
0.6620078974921161
0.6620253130493876
0.6620028036075171
0.6620478902653149
0.6620459175757287
0.6620132531525238
0.6620365588243634
0.6620742201220599
0.6620587796425074
0.6619755034062184
0.661967052132088
0.6620285169561987
0.6620469308011643
0.6620337049979659
0.6620009051697034
0.6619968821056306
0.6619979497856894
0.6619616929354836
0.6619999700327512
0.6620459413799284
0.661994302590637
0.6620332723299062
0.6620495815744014
0.66209440608123
0.6620522361386705
0.6619921820355589
0.6620177288570122
0.6620020041704044
0.6620284768665079
0.6620103095756813
0.6619731476372503
0.661998546672343
0.6620564040207844
0.6620711028669711
0.662036711306123
0.6620121192821364
0.6619702750384062
0.6620017514909995
0.6620978035229768
0.6620541923443344
0.6620443171972119
0.6620660509035896
0.6620127986995019
0.6620139490778045
0.6620150976309381
0.6620123491397971
0.6620085379389266
0.6619875890392565
0.6619969138691923
0.6620146075002796
0.6620516547775765
0.6620354736400481
0.6620698294386553
0.662079678121664
0.6620395476315643
0.66202576926606
0.6620022320315273
0.6619900409047206
0.6620894779059253
0.6620255613517015
0.6619798881148078
0.6620011279622176
0.6620650379327129
0.6619902026894702
0.6620394812754291
0.6620042767068786
0.6620218727682023
0.6620144673314203
0.6619614033088996
0.6620264635288922
0.6620504572071639
0.662063614702819
0.6620381292921669
0.6620031442489255
0.6619994191458594
0.66204815826938
0.6619931206311831
0.6620171364232937
0.6620433266626184
0.6619898830679667
0.6620664397219153
0.6620181880425505
0.6620065592718227
0.6620185982014926
0.6620470449199722
0.6620933873869881
0.6619982380760903
0.6619871144427036
0.6620470566649488
0.6620384302965328
0.6620465905230224
0.6620409249701504
0.6620347459119151
0.6619804474675284
0.6620398010410431
0.6620140277953175
0.661996938871501
0.6620481433477482
0.6620529589369955
0.6620170424224725
0.662016572767968
0.6620528270186053
0.6620495784533023
0.6620774984345442
0.6620279536722208
0.6620542137059788
0.6620422947839498
0.6620453312196826
0.6620368315556769
0.6619760872152283
0.6619885333528702
0.6620158417318701
0.6620165151451662
0.6620272801971231
0.6620504607901224
0.6620107076626113
0.6619712396292807
0.662031067085517
0.6620359287328561
0.6620212177281214
0.6619954684120193
0.662039024315386
0.6620054781427407
0.662009973929512
0.6620114116683333
0.6620446574253345
0.6620007757123305
0.6620396702504219
0.6619933999736544
0.6620157370219907
0.6620013296145777
0.662056052785624
0.6619862358818046
0.6620242560028458
0.662040369837985
0.6620227370208177
0.662020314611217
0.6620223955551833
0.6620309005177901
0.6620608983618499
0.6620599082180934
0.6619854279256191
0.6620030493197382
0.6620156735754366
0.6620556925582225
0.6619605866474649
0.6620159253121989
0.66204890232142
0.662029986636236
0.6620530982278972
0.6620272770642259
0.6620046672651289
0.6619858167667387
0.6620414667786301
0.6620235224795378
0.6620471368266904
0.6619774599902655
0.6620024060503689
0.6620533358313062
0.6620274867201039
0.66205569513447
0.6620593681516243
0.6620300884060849
0.6620280488933614
0.662052575356047
0.6619949797690082
0.6620751266273437
0.6620230393623037
0.661982346794799
0.6620557667984177
0.661989366466703
0.6620602773632702
0.6620102895719887
0.6619854467439817
0.6620227045662496
0.6620166412976071
0.6620304131816601
0.6620104758390194
0.6620550843745114
0.6620243604579751
0.6620243323559512
0.6620111211864258
0.6620250055153534
0.6619752337623097
0.6620386072768436
0.6619986817640768
0.6619764850044144
0.6620245588157045
0.6620926143226373
0.6620129324811395
0.6620542971775111
0.6619822016012125
0.6619556071069825
0.6619883627124069
0.6620229509378703
0.6619628903370766
0.6619776363873127
0.6620067105775267
0.662013825179623
0.6620526075161802
0.662052227839
0.6619895044369946
0.6620413920743581
0.6620821786557447
0.6620638502911699
0.6620140764588814
0.6620398798048268
0.6620266321213866
0.6620272228485122
0.662025091996212
0.6620314012654773
0.6620239517869985
0.6620253751050079
0.6620061694372552
0.6620584120506837
0.6619797754918315
0.6619964951574007
0.6619771515468083
0.6619954684385954
0.6620216598108362
0.6620966543322171
0.6619880227171386
0.6620082282047745
0.6620248780288788
0.6620295940163925
0.6620360132624648
0.6620728380793195
0.6619905614958357
0.6620044936994002
0.6620664723944681
0.6619703095568854
0.662068821980982
0.6620313766532548
0.6620577802494493
0.6620548002001511
0.662000223624806
0.6620151247819692
0.6620061126861612
0.6620417572481626
0.6620087752185898
0.6620268974137794
0.6620152357321852
0.6620871518976466
0.6620483771790369
0.6620273289864748
0.6620420345558111
0.662079294752862
0.662002804374108
0.6620683097860858
0.6620137356817968
0.6620277032327567
0.6619850395736828
0.6620109580450046
0.6620681053243356
0.6620038313452858
0.6621075482870677
0.6620156763137091
0.6620040998775827
0.662044190479248
0.6620414299058379
0.6619968832150974
0.6620365994846467
0.6620869299738147
0.6620265068009288
0.6620396340140884
0.6620320192659563
0.662010593626446
0.6619663324749423
0.6620339938244673
0.6620384081489565
0.6619880334791728
0.6620023907965414
0.6620536720212175
0.6620353589042388
0.6620377416981069
0.6619993499743446
0.6620055296614016
0.66203198427114
0.6620496793364867
0.6620315988050232
0.6619894121286174
0.6620257025573684
0.6620301419253105
0.6620177968826099
0.6620228678292369
0.6620439128573623
0.6620273256826835
0.6620651871123253
0.6620371138963939
0.6619354717511822
0.6619952388691001
0.662002442756032
0.6620122799774263
0.6620351269582065
0.6620203114946701
0.6620536920984107
0.6620624204411547
0.6620389954271793
0.6620322888039574
0.6620315881446255
0.662026707164602
0.6619902602356056
0.6619677671756423
0.6619739915904781
0.6620145301891486
0.6620376520462338
0.6620616197091258
0.6619697299671641
0.6620541154553408
0.6620307264611461
0.66206000488624
0.6620841801567621
0.6620134545812109
0.6620171047303937
0.6619585314441383
0.6620627663110444
0.6620190784782094
0.6620188359099548
0.6620136737898894
0.66201591785317
0.6620561462671672
0.6620299901016267
0.6620479751226016
0.6620352721569429
0.6620366459633176
0.6620617777245199
0.6620507442825144
0.662010439653429
0.6620728844264174
0.6620662697605659
0.662024217406779
0.661992573457209
0.6619980925014434
0.6619946534142798
0.6620143238212084
0.6620013345260609
0.662024956263721
0.6620722173724671
0.6620122372455577
0.6620534338958646
0.6620246372958755
0.6620980394481428
0.66202147206667
0.6619960071193962
0.6620958267228121
0.662038495602633
0.6620076331432347
0.6620148893579628
0.6620061087766507
0.6620178875412701
0.6620165484401959
0.6620043034747863
0.6620107050388407
0.6620081938021365
0.661987816968201
0.6620824123555691
0.6620127472535631
0.6620209861949862
0.662031272755151
0.6619815977052218
0.66205269078071
0.6620678857634357
0.6620461960180192
0.6620374214722338
0.6620036270932192
0.6619686710935893
0.6620392435676328
0.6621050154222446
0.6620676776143117
0.6620859883985549
0.6620202640759709
0.662047391166132
0.6619973265066432
0.6620623910079386
0.6620337448933746
0.6619947800730905
0.6619909532412916
0.6620218976602592
0.6620622374200742
0.6620395443971587
0.6620454144983889
0.661981522075922
0.6620780310040184
0.6620183672228926
0.6619492846266604
0.6619892920791834
0.6620195079197642
0.662083430760712
0.6620384912718361
0.6620849628619195
0.6620472373663328
0.6620327563560274
0.6620181506046836
0.6619664229600395
0.6620453777865603
0.6620611120673039
0.6620409177656312
0.6619997882617155
0.6620681910227055
0.6620285030306249
0.6620323468099605
0.6620274073783892
0.6619790442239251
0.6620465977228321
0.6619814070495463
0.6620564075443911
0.6619881078753815
0.6620245593400618
0.6620101457585925
0.6620464975075511
0.6620233246485246
0.6620725455426926
0.6620099341643924
0.6620690775947558
