0.6405686770806841
0.6408924836314621
0.6408240955632153
0.6408194361294266
0.6408221728142389
0.6407114187920699
0.6409821381276926
0.6405894008767794
0.6404898422489111
0.6406978944335183
0.6406606904467778
0.6408107346287497
0.6407064652520691
0.6409382289776073
0.6409365731639466
0.6408656630612555
0.6410675602652155
0.6408852214855896
0.6406883682409341
0.6407597593718553
0.6408656188909504
0.64085476392801
0.6408148139242447
0.6408125440416769
0.640647153771397
0.6408374726234702
0.6408415981787559
0.6408594247956958
0.64090881184451
0.6406766350617511
0.6406226061220404
0.6407353624753579
0.640731408033603
0.6409380965569313
0.640970621816264
0.6409497846642878
0.6408671102241763
0.6408966963407682
0.6407831690694903
0.6407303312356782
0.6404637756560103
0.6409297163104317
0.6406746773639715
0.6404786081770212
0.6407684523704131
0.6407865956869623
0.6405194906205516
0.6407718666986728
0.6409822628823045
0.6407417951982046
0.6409188313066565
0.6409869656756326
0.64099683067933
0.640660507474304
0.6408680652239365
0.6408510722541866
0.6405963378685742
0.640749219659877
0.6407981174503273
0.640767658091013
0.6408346812104526
0.6407952414032134
0.6408366273525293
0.6407735253870818
0.6408080117955743
0.6408724603795853
0.640622542049714
0.6408015430006014
0.6407816122533306
0.6407592058775301
0.6408434728946106
0.6406271866413674
0.6410202470008184
0.6407478275035362
0.6407668566191964
0.6409836217411323
0.6409196864913856
0.6408704087518468
0.6410549851915199
0.6408904867881576
0.6408506894648762
0.6407872555856955
0.6409334836329406
0.6408913934486112
0.6408215134812828
0.6407149202286693
0.6406802963937513
0.6410674426024452
0.6405222349853203
0.6408193638008994
0.6407837330195567
0.640998616329137
0.6406298773543871
0.6410509559023052
0.6410228503926145
0.6406957463030962
0.6406185704340404
0.6406018678840831
0.641165030478348
0.6405910041957285
0.6406715738151529
0.6408719230038857
0.6410488343886398
0.6406557495438419
0.6408198166571681
0.6409140911229345
0.6408885804706925
0.6408965472210436
0.6407690565564456
0.6409044792363976
0.6408541952775999
0.6408086438880524
0.6408062801779391
0.6405620309183676
0.640745938248865
0.6407661701952162
0.6407518821307143
0.6406508044668852
0.6405906074818101
0.6406219595943325
0.6407585344989577
0.6407736476145801
0.6407062888087738
0.6406882184485323
0.6408837072085484
0.6408065336744433
0.6406877045797179
0.6408334358400042
0.6409006562879698
0.6410106232237867
0.640884941736506
0.6409388481021656
0.6407549431941584
0.6410392066171944
0.6409208585553539
0.6407667152783628
0.6407903748733189
0.6406336044817599
0.6408511993382542
0.6407643084492407
0.6409321488148199
0.6407417010449338
0.6410825916823701
0.6408934033366255
0.6407753562098756
0.6406126855347576
0.6406766904345007
0.6405778482897301
0.6405953852725053
0.6409154416409899
0.6406926655207307
0.6408637746925612
0.6408212969583142
0.6407688119078796
0.6407646646330639
0.6408722707947812
0.6409095803163284
0.6407613091200439
0.6408996500060077
0.6407809867847303
0.6407693701952039
0.6408889130102133
0.6408550202742256
0.6409227970929268
0.6410046317556327
0.6408798477733071
0.6408169165028965
0.6407260276331588
0.6408342849153694
0.6407695575145974
0.6409324901391164
0.6407605832433283
0.640861201519937
0.6407945130095638
0.6410170574902638
0.6407453808948442
0.6405409575125435
0.6409532215112042
0.6408557738789897
0.6408808885609854
0.6407868196587542
0.6407109823859509
0.6410359480174287
0.6406940140455553
0.6409748418377815
0.6407379065379551
0.6409159343105311
0.6408458928531985
0.6408622947092223
0.6408622270229181
0.6406524429362502
0.6406917151959924
0.641031598678707
0.6406908118512514
0.6408975188383632
0.6406493024497354
0.6406736096811858
0.6405759808960111
0.6407625309615367
0.6408025940410291
0.6408377707401148
0.6407574617457676
0.640844926349812
0.6407640445187169
0.6407786323522648
0.6404234945569888
0.6405880894955958
0.6407201890415842
0.6410330441115633
0.6409612655544348
0.6409507404998909
0.6407854807796745
0.6407840588713734
0.6408201198093111
0.6408210443129931
0.6409385944110267
0.6407829609982564
0.6406259698030068
0.6406586042797925
0.6407423116389054
0.6408770832916909
0.6408078406558224
0.6407002934796127
0.6408392293120598
0.6407794164594578
0.6407768942420873
0.6408791013039681
0.6409025849496335
0.640789291358031
0.6408242042572863
0.6408413404120036
0.6407877582362662
0.6408404827036085
0.6407078889070543
0.6407065803570133
0.6409211208332616
0.6408532234073068
0.6406810946038757
0.6407775552951221
0.6408450299175622
0.640787378200033
0.6409560278121043
0.6407446563605061
0.6407686448929837
0.6408656959468673
0.6409356755345471
0.6407253899652919
0.6408151355588765
0.6407478171585209
0.6408662349933627
0.6409884212404124
0.6408336791630896
0.6408149424802191
0.6406213575988844
0.6406702644397737
0.640925572118399
0.6409685524296748
0.6408959210496561
0.6411656847955292
0.6407346383590488
0.6407520225190922
0.6407567454898266
0.6407543598715213
0.6408109176080234
0.6407349633199234
0.6408163623966725
0.6408986827245708
0.6410335921800883
0.6407239585281397
0.6406073959955302
0.6410349319851192
0.6407065362337678
0.641019021758538
0.6407922033091155
0.6408760298036137
0.6408742533547981
0.6409476385141125
0.6406360839051579
0.6406961066204584
0.6408941695355796
0.6409268205247894
0.6409062440806098
0.6408818337886777
0.6407473868265954
0.6408107177256455
0.6406781323806552
0.6407020082814989
0.6409080204229745
0.6406854065158976
0.6408227864283403
0.6409867362957425
0.6407962458919538
0.6405371000962545
0.6409153868667952
0.6409993307369474
0.6408356941039519
0.640751325942159
0.6407559994661747
0.6407279598113347
0.6406389015195394
0.6410500406732558
0.6407033170657416
0.6407716771475906
0.6407849103902472
0.6406595635996977
0.6407991472260994
0.6408923437100156
0.6407318355392551
0.6408451459081564
0.6408874495251946
0.6408675205471122
0.6411108274272103
0.6409222545405637
0.640875237586281
0.6407652260498391
0.6409705413745195
0.6409069171106944
0.6409401660782938
0.6405374886022333
0.6406393698394833
0.6408502520999029
0.6409154462843569
0.6410380261659838
0.6407388616114255
0.641007727534217
0.6408137006212572
0.6409205422042299
0.6405446268702157
0.6408132406358895
0.6409888441608387
0.6408255693447844
0.6408736265335798
0.6408432681570632
0.6409621106370824
0.6408286616770427
0.6406175008911961
0.6408827115073914
0.6408045518673104
0.6409061218973564
0.6407949844189164
0.640867027685995
0.6408623122259895
0.6406783049611016
0.6407546699117924
0.6405501646383622
0.6407154699912812
0.6407660598761179
0.6411376010415727
0.6408792833378232
0.640621520176518
0.6411043433698371
0.6406974221532334
0.6410231259430411
0.6408583026842032
0.6407589657639369
0.6408037528411847
0.6406611013190138
0.6406990389825359
0.6409117993305973
0.6407841735020999
0.6408311261642216
0.6407071491772927
0.6408436219921345
0.6407634089836414
0.6407237229334867
0.6405069047660749
0.6406615682533232
0.6409432215205837
0.6409123699227631
0.6408306079688807
0.6408591720451554
0.6407015951147884
0.6408499835339165
0.6409512905244702
0.6408552851830976
0.6405694121166425
0.640784021107583
0.6408077196154001
0.6408924812304757
0.6407800565105704
0.6409112727881864
0.6409424426976509
0.6409302694152488
0.6407169564738451
0.6408422824286161
0.6409633759103663
0.640759968412816
0.6407817573988246
0.6406549288073298
0.6409312412009115
0.640685932205675
0.6407085919543456
0.6407216959205939
0.64069647328225
0.6406611665320849
0.6406991995519236
0.6405413861527092
0.6409234038916561
0.6408618266162935
0.6408501766212857
0.6409771014039543
0.6405907466030468
0.6407286509612845
0.6409157337344209
0.6407323735264123
0.6405914271850126
0.6407493298076126
0.6408106116354357
0.6410364538208846
0.6407920328272843
0.6407914892203026
0.6409168277073146
0.6408122052418339
0.6408006630202037
0.6407442052844716
0.6408269386277909
0.6409143137439669
0.6408876296084004
0.6406504535380061
0.640649741291877
0.6406354140080883
0.6408223908323039
0.6407065894290905
0.6406945772260072
0.6408222182719454
0.6408145440639894
0.6405598504325049
0.6406544329073758
0.6407890175376251
0.6408373982620788
0.640572560449385
0.6408169901382661
0.6409734574640812
0.6407777606784405
0.6409906785694635
0.6408211567444817
0.6407797413292038
0.640764714965486
0.6406837185732517
0.6406841414009148
0.6407335380049766
0.640755066193097
0.6408076207499485
0.6408892896674544
0.6409398176985399
0.6409171391673261
0.64063710266368
0.6407181466189354
0.6406704393874836
0.6406819977236493
0.6407781266260478
0.6408261700921407
0.6408624451434282
0.6406721995991874
0.6409745732447647
0.6410659456480882
0.6405665741700238
0.6405437936647627
0.6409596280180088
0.6408345771563185
0.64111039805085
0.6407356899944697
0.6409567584183907
0.6410661145400124
0.6406000740097048
0.6408772166935934
0.6410698166796346
0.6404968583214851
0.6409549522240878
0.6410242915876437
0.6406504491419471
0.6407651758468724
0.6408654954933137
0.6408313337602545
0.6408003585935577
0.640828459417955
0.6411329872884826
0.6410433026502312
0.6407723360948848
0.6405514994809417
0.6407457045713347
0.6409096486758857
0.6407031040652683
0.6407862896191721
0.6408399568781628
0.6408545789610333
0.6407915859267963
0.6408087157007905
0.640844848677541
0.6405716435721454
0.6405802696165783
0.6408057021490323
0.6407988190619541
0.6409615799819162
0.6406839163104345
0.6407011260846706
0.6407240841953812
0.6409362698493632
0.640711056385214
0.6408550457432263
0.6407487306034064
0.6407308198498718
0.6408368073080181
0.6408936169350312
0.640973323484832
0.6409216057583577
0.6408809561613739
0.640972003162275
0.6408167022670643
0.6407146936266521
0.6411864734251143
0.6407336006242695
0.6407697583043424
0.6408061627428643
0.6409410913405971
0.6407063116313088
0.6408108720732192
0.6409040529627603
0.6408517583074289
0.6406916650385795
0.6407954294522352
0.6408084002676544
0.64055407647516
0.6406900368842707
0.6408504983752175
0.6407624254038444
0.6407410842177697
0.6407538737072507
0.6408256868480213
0.6405207835131542
0.6408379620229143
0.6408579921224202
0.6409102373120669
0.6408472325014277
0.6409517263159059
0.641127241646893
0.6408892108621815
0.640738431088019
0.6408647821207918
0.6405519979833103
0.6408374330888278
0.6408207683268532
0.6407753920836501
0.640797363503532
0.6409129486195867
0.6404648129179421
0.6408971338679329
0.6407390685925121
0.6409020243863455
0.6408244559101627
0.6407583509014909
0.6408822843045074
0.6407244272079653
0.640917100711277
0.6406479730238969
0.6407874387088046
0.6407830235594852
0.6407889811786225
0.6406991009055485
0.640741847353456
0.6405148092901615
0.640783181905831
0.6409205812552653
0.6407451329292995
0.6408814666933881
0.6409064153070857
0.6407170580101175
0.6406729302171265
0.6407615098644815
0.6408648956622799
0.6408127639390095
0.6409720540162155
0.6407844731812034
0.6406167047978766
0.6408709371499337
0.6409669609890305
0.6404774353974435
0.6409050059147765
0.640568898378657
0.6408324268641299
0.6410041627221417
0.6408424833372031
0.6407538034727533
0.6408477814613827
0.6406423410236355
0.6407529919526559
0.6405487697056673
0.6407287672882567
0.640810147587723
0.6407928227870492
0.6407994851531341
0.6409655239693117
0.6409241122995001
0.6405278287113205
0.6407464362752742
0.6406807846971484
0.6407958470635283
0.6405689331202353
0.6406173182484096
0.6407675478550094
0.6409055549361499
0.640864027847745
0.6408543655042243
0.6405458459852694
0.6408729700010196
0.6407124494787334
0.6408660476713028
0.6407152381904105
0.6409366786761139
0.6409220453258411
0.6408288081552722
0.6407319435640016
0.6408690672255598
0.6408550604074343
0.6409783521387817
0.6411073000453955
0.64090610223156
0.6409607803610158
0.64095236168947
0.6408785003483524
0.6407997556370921
0.6408521081810841
0.6406751266731483
0.6408694177543055
0.6407315070913852
0.6407864680288315
0.6408962369883773
0.6408074199435926
0.640771384447876
0.6408314293796846
0.6407368770555735
0.6407775466299437
0.6408898672980385
0.6409038908384423
0.6407744630150157
0.6409474906003574
0.6407471669323129
0.6407323316006864
0.6408150520134102
0.6409956207254555
0.6406942570409492
0.6408048407608997
0.6410125562242418
0.6408554865214982
0.6407677509196953
0.6406973722386154
0.6410857918541498
0.6408705985657532
0.6408902430320949
0.6408925973369264
0.6407756282479501
0.6409059095367623
0.6406722204545462
0.6409044903060122
0.6408407250470594
0.6409920370734091
0.6408902826029469
0.6407421596629876
0.6409372795198341
0.6409015303047916
0.6408113631069672
0.6407765325135393
0.6407988577612883
0.6406597759055512
0.6407577596745107
0.6407237284673659
0.6407643054898899
0.6408115049916014
0.6407417372873825
0.6407450182132566
0.6407229998169219
0.6407862105314182
0.6408834423459733
0.6408753809448395
0.6406388870014781
0.6408125670336696
0.6409137647316151
0.6408189122997621
0.6405950544910808
0.6406704065494745
0.6408273033648524
0.6408950032048806
0.6409198638227213
0.6411758357928093
0.6408576215611779
0.640788825451181
0.6408959946115911
0.6405636519254863
0.6406941863084349
0.6408689303775618
0.6408826476782751
0.64082604286783
0.6409672013515688
0.6408141783468833
0.6408526270096415
0.6408120590619953
0.6408195973016547
0.6408161065974451
0.6409976513968612
0.6408236933250241
0.6407945638115953
0.6407625249399882
0.6408790378628977
0.6408649342911695
0.6408288617818165
0.6408809336133938
0.6406673168307578
0.6407231629938632
0.6408505860762717
0.6405925217427686
0.6408347198373799
0.6408802852285294
0.6409923428145985
0.6406909059017284
0.6408254410840659
0.6408084521077264
0.6407508282043197
0.6407457644709037
0.6406376073772831
0.6408068440085382
0.640774390498362
0.6408169399834303
0.6409453655079076
0.640789956005726
0.6407592027355362
0.6410565336966162
0.6409199151104736
0.6406237907324464
0.6409525051791094
0.6409011645490841
0.6409616310585988
0.6408302308675037
0.6407279646137344
0.6410291530834193
0.64089085061003
0.6406301840014144
0.6408049620040015
0.6408211002229168
0.6407490999998238
0.6406100375403256
0.6406595841727866
0.6409696268085514
0.6407925614829567
0.640940728588927
0.6407483737805664
0.640881773145237
0.6408986394265781
0.6406788388381043
0.6406681357461403
0.640918521984613
0.6409032547171145
0.6408375384221686
0.6407521626557571
0.6408792394218017
0.6408734026471232
0.6408757562380708
0.640662796973752
0.6407275359784455
0.6407812249099119
0.6408043695536285
0.6408456557672704
0.640923031670052
0.6408867813105721
0.6407244049373372
0.640731393417219
0.641020365801074
0.6407247849662823
0.6406871448420568
0.6408631060873778
0.6408647936416013
0.6409113759617708
0.6406176946285106
0.6406367597598296
0.640762199989459
0.640818100854886
0.640820814228438
0.6408698447992367
0.6407088720922812
0.6408839363767278
0.6407293123698756
0.6407254373420437
0.6407000005720315
0.641014612085971
0.6406504137134394
0.6407694660054016
0.6405439967358371
0.6407758279451887
0.6407187406599786
0.6407989863196495
0.6408350304675937
0.6409603415469038
0.640778192412303
0.6407771255757752
0.6406765014546721
0.6409338360894925
0.6408820648388153
0.6409760861574061
0.6406165096308581
0.6406283064989093
0.6406348777156534
0.6409508240234851
0.6406098429213927
0.6409337662571477
0.6411309193840198
0.6408625131120738
0.640911597714866
0.6408918449980849
0.640661225699289
0.6406865230129817
0.6407868327195327
0.640792408198338
0.6407586954876615
0.640543986517387
0.6407333663302103
0.6408202863884044
0.6409973455885514
0.6408541354789514
0.6405783947974211
0.6408404224317992
0.6407633849654819
0.6408131669629089
0.640785683232427
0.64073535212573
0.6408796640007144
0.6408749125531987
0.6408458062027607
0.6408652054132795
0.6406323641751961
0.640743791858992
0.6409696211088414
0.6406521328051055
0.6407221093563207
0.6410972917099554
0.640890478409798
0.6407971118370368
0.6409633992865097
0.6409836626141333
0.6408656880608801
0.641079560478816
0.6408028460424646
0.6408580086253686
0.6406750363179952
0.6409312290603868
0.640658471919878
0.6410525535998258
0.6408518823852576
0.6407434758225325
0.6408986714700193
0.6407135857960453
0.6407183334300951
0.6408329587634123
0.6410788722129661
0.6407896408520809
0.6408959814933901
0.6407222212401552
0.6409187565095417
0.6410734559618069
0.6408994445750963
0.6409119996902022
0.6406568236626131
0.6407991778682964
0.6408681661445674
0.6408123475594674
0.6408146789569137
0.6409179921438608
0.640678625792614
0.6408163850993165
0.6407389700379229
0.6407214781993317
0.6407454137518682
0.6410123841246989
0.6409355889176299
0.6407165599476687
0.6405039682307989
0.6410205666049072
0.6409055756444949
0.6407787261561114
0.6406582803116957
0.6409589477565301
0.6408731647190123
0.6407976830886057
0.6407657351641668
0.640929995299519
0.6408350368776145
0.6407034267166618
0.6407310252411338
0.6408647409651325
0.6410788326003827
0.6409197556111735
0.6409364900729944
0.6409470165601738
0.6409331475630413
0.6409223189887832
0.6408331027676033
0.6409183476873408
0.6406224636314972
0.6407841835662251
0.6408145522310709
0.640673472774032
0.6409328050369971
0.6407342420356235
0.641093075897078
0.6409715002986476
0.6410267370129312
0.6408987601599485
0.6408969458627172
0.6406608686036979
0.6407008973657924
0.64086807295326
0.6408537132655417
0.640966039325034
0.6408330818746337
0.6408362865726747
0.6408942420951953
0.6410166837733421
0.6407615894874417
0.6410071327205187
0.6406977911595105
0.6407370025019292
0.6408889380961806
0.641048844262657
0.6406882525564588
0.6407232455905556
0.6407073666655416
0.6407986286206866
0.6406275566035435
0.6411111998976738
0.6406925383645177
0.6408301917216939
0.6408202031376846
0.640800428248613
0.6408198305651808
0.6408517907386165
0.6408945341681656
0.6409515109416941
0.6410279170500447
0.6409271707434299
0.6408093290470933
0.6408952220299399
0.6406871765928411
0.6410589713800835
0.6407734260030122
0.640732938418829
0.6408976363975389
0.6409760385838997
0.6409600718323987
0.640855630773703
0.6410460946674126
0.6409744517482024
0.6409354631614372
0.6408419157038687
0.6406973788677828
0.6408654533568255
0.6408169453849522
0.6409298678250309
0.6410740401550159
0.6406887207549572
0.640624975221767
0.6408220131265681
0.6408986331547333
0.6406867257226372
0.6406257311697829
0.6406817682838727
0.6407618099346657
0.6408056658350066
0.6407755861999868
0.6406789732237943
0.6409987934800129
0.6408811526244791
0.6408602482618799
0.6407654130272145
0.6405518463775836
0.640876114164238
0.6407077849523979
0.6409217707501832
0.6407602417712677
0.6407900749799447
0.6408404419627789
0.6407236394394127
0.6407113914259859
0.6407298758001425
0.6411027261452888
0.6404917034000034
0.6407207274765726
0.6407461609970577
0.640935580595913
0.6409745283864003
0.6406271527704208
0.6409142944853035
0.6406338660646842
0.6409164322307805
0.6409251263258928
0.6407527696694584
0.6406513881431787
0.6406999570045612
0.6404989122911183
0.6407154232923975
0.640516726101866
0.6406902533533347
0.6409245666569859
0.6407268450030811
0.64078969745661
0.6407280482991766
0.6406987460098825
0.6408982625451756
0.6408321181617597
0.6409340900995624
0.6406906267228745
0.640988918061868
0.6407826381741434
0.6408890503975149
0.6406881369297244
0.6408604989225177
0.6410323111174444
0.6406660120626422
0.6409405425090042
0.6408683286582433
0.6410598292997033
0.6406746610385665
0.6409366691215421
0.6407313961305352
0.6408159910694469
0.6408387589353806
0.6406536458226586
0.6407886841072965
0.6408881026511091
0.6407666261816845
0.6407174286573818
0.6407663385695233
0.6408425946027696
0.6408504239508241
0.6411866632726636
0.6407480552292447
0.6409101763263312
0.6405961952378466
0.6406385225681477
0.6405445529269811
0.6406160368891263
0.6407428336856772
0.6406998510674966
0.6410306353640011
0.640591286274744
0.6406936694137395
0.6405816038468675
0.6405787958987619
0.6408433052321373
0.640789598173236
0.6409512261331289
0.6408637578733579
0.6407525394914421
0.6407076788602403
0.6408294125589682
0.6409925985572352
0.6407516744053094
0.6410732305386165
0.6404733556905828
0.6408441820154057
0.6409084195799863
0.640860718051623
0.6407723171846055
0.640917795369774
0.6405338164790045
0.6406269817263676
0.6408892320862265
0.6407845332065523
0.6407380996477258
0.641015784081916
0.6408226585047833
0.6407515999925772
0.6407862061228599
0.6407893258378287
0.6406114676344102
0.6407941300696767
0.6409739855407959
0.6408844215903906
0.6407600146961738
0.6408790738710392
0.6406027770291441
0.6406238741947663
0.6407344970566273
0.6407698463743847
0.6408006273562579
0.6407694092577704
0.6408596890142154
0.6407600183349256
0.6407030705352768
0.6408807980138256
0.6409197456516466
0.6407552073057637
0.6409590094755051
0.640879733578128
0.6405213966104399
0.6408149538610349
0.6409461466848512
0.6407962207072639
0.6407849379476479
0.6408233928926705
0.6408919677408893
0.6409110823020542
0.6408060667193697
0.6409156511605765
0.6409365833738996
0.6407481543699061
0.6408352249942086
0.6407702747731587
0.6408770757489932
0.6409405677632594
0.6410126094829216
0.640786842163363
0.6407240808067127
0.6410562448746228
0.6408900226023344
0.6407786380842178
0.6408439305504829
0.6406617078903107
0.6408008953314461
0.6405565041648886
0.6408785121594212
0.6409081554139928
0.6409013003669677
0.6407918296373432
0.6407257982080994
0.6409294879244001
0.6410206888317774
0.6410017504298184
0.6407169485997055
0.6408958233920994
0.6408332459784161
0.6406406473899433
0.6408300649952511
0.6406648306690907
0.6410320059397411
0.640740722579428
0.6408506961977378
0.6408641167220812
0.6408619023980905
0.6409570387962154
0.6409276046767662
0.6407913757291495
0.6407631009520864
0.6409466079933848
0.6408292918154387
0.6409047668368772
0.6409128303594405
0.6409293614399507
0.6407537462955136
0.6407993830294574
0.6408041910443905
0.640977379233511
0.6408714809308813
0.6406643657874859
0.6407708974631765
0.6407987162223236
0.6408515870744304
0.6407633227414747
0.6409502683442199
0.6408061135517276
0.6405928761620661
0.6406864455577551
0.6408336969401297
0.6408341102222405
0.6407056459294287
0.6407596293515083
0.6406604776036178
0.6407498498322217
0.6408318452937051
0.6406845660317491
0.6410948096511213
0.6408354353636334
0.6408815099017227
0.6409375044205434
0.6406464538401381
0.6408159979950395
0.6407057639085716
0.6408583551137088
0.6405787108541656
0.6408916026248881
0.6408000355168229
0.6404856994159267
0.6406438265052118
0.640725211393922
0.6408703356844176
0.6407232517649881
0.6408241428417598
0.6408138493382022
0.6407487015042415
0.6405682749358593
0.6407780567172432
0.6410145596025567
0.6407316001532191
0.6408128036965591
0.6407970052130258
0.6406489247783074
0.6406766244622754
0.6409290927998705
0.6407869963979129
0.6407915024523865
0.6406901790415808
0.640841148671449
0.6408599137448865
0.6409999993220762
0.640653326686683
0.64069669193521
0.6407187282137752
0.6407859727431848
0.6408850776362622
0.64097385744983
0.6407128052506995
0.6408498001683465
0.64088163852276
0.6407453166380319
0.640758339128404
0.6408286923370665
0.6408811120659895
0.6408028900949349
0.6407243932448057
0.6409073618436423
0.6407024050078037
0.6407960884444406
0.6407524440210575
0.6408253725153192
0.6408388969135392
0.6410131221443158
0.6410374565680845
0.640758850725419
0.6407782297633798
0.6408613984691868
0.6407372287995367
0.6407156683271613
0.6406752856583044
0.6406288003023619
0.6407442724192066
0.6406581737954747
0.6408439544011271
0.6408150653960791
0.6408762274295491
0.6410308290758429
0.6407106623691384
0.6408767385647596
0.6407616359603809
0.6408497372467207
0.640757801177635
0.6408242026538884
0.6407441411898811
0.6409815983890174
0.6408901348720051
0.6406554419727101
0.6406433516083765
0.640731144500235
0.6408093375291406
0.6407456027141221
0.640610803055487
0.6407076510595038
0.6408209181984921
0.6408428496224352
0.6408732426658974
0.6407434849811171
0.64080823688761
0.6408520063348413
0.6407771041610902
0.6408603112319787
0.6407590784392927
0.6408060045464048
0.6408394399830091
0.640933706827471
0.6408707085753649
0.640911658567982
0.6409700079386574
0.6408610015579932
0.6407115137154381
0.6407936831323936
0.6406840978185757
0.6408325361628279
0.6407759858418923
0.6406953798478081
0.6407433199991093
0.6408602030088326
0.6408643130396421
0.6409615497417467
0.6407208848546606
0.6407979976173741
0.6408417435703107
0.6407788026080437
0.6408973287789382
0.6409722757518563
0.640852087565059
0.6406715183595442
0.640928556238537
0.6408042786242136
0.6409113660412167
0.6408239481033738
0.6408892836368807
0.640779373522711
0.6407250815114434
0.6406454630272362
0.6409345748237381
0.6408890817741377
0.6406176005819855
0.6408516667138586
0.6406721058305789
0.6405650078046259
0.6408125257689578
0.6408232476040795
0.6409466703228476
0.6409289023546958
0.6408640792114805
0.640719028835066
0.6409888504997863
0.6409814609103224
0.6408420679142784
0.6408067816596117
0.6407031710086624
0.6408526917897079
0.6411116065930037
0.6410599212216218
0.6406525145585396
0.6408706268039428
0.6406348875804655
0.6409483894915247
0.6407239808733393
0.6408114305308776
0.6409225067518785
0.6409281702644964
0.640712188825214
0.640666859967503
0.6407795988862112
0.6407517598643825
0.6406634619274966
0.640781819256875
0.6407528179655753
0.6409212792470396
0.640727636230905
0.6407965144163743
0.6406414509452305
0.6408186583008095
0.6408109687182061
0.6404970839742322
0.6407754574666764
0.6409635878820903
0.6408245976490663
0.640836724863296
0.6407902342242471
0.6408272547010793
0.6407753136665364
0.6407769734879526
0.6407363365341183
0.6409353322808847
0.6408467664703623
0.6408129543746114
0.6406200186883337
0.6407560714854597
0.6406995317010452
0.6408076335916396
0.6408618538372948
0.6408915799847912
0.640832255930847
0.6408188775003432
0.6405433647288794
0.6407769766601883
0.6409726332779899
0.6407557056242654
0.641058167198203
0.640882915371402
0.6407260880393852
0.6404874238833359
0.640805846338875
0.6407199463727844
0.6407898796824526
0.6408426037088414
0.6405884233269296
0.6408203916334481
0.6409000387144271
0.6407972097995683
0.6406615770963089
0.6407452252832562
0.6406644836834685
0.6407464728672014
0.6407436815261265
0.6406240621363799
0.6405443663770156
0.6406691692977864
0.6409893949236132
0.6406357580546745
0.64063489251911
0.6409160583759633
0.6408292794575203
0.6407998000879059
0.6408365096026386
0.6409511363356484
0.6406713915598693
0.6408543842125424
0.6408612023550868
0.6407122314258766
0.6408454205859091
0.6406634038519129
0.6409777156294828
0.640886179118
0.6407960449067363
0.6408881937008784
0.6407121691730208
0.6408776894516957
0.6406663469376794
0.6407498640107945
0.6408673490623136
0.6410551746307191
0.6407587814829037
0.6410776406529461
0.6406549483051054
0.640997410725809
0.6409792377373127
0.6406891908281416
0.6407243768616322
0.640714525180865
0.6408755139943627
0.6409637325542814
0.6407693250108681
0.6406719034528071
0.640697641106454
0.6408798567473629
0.640843085758375
0.6407032670997781
0.6408367245707757
0.6407961692439925
0.6405135261819445
0.6408817886617091
0.6405995662892863
0.6408823561790982
0.6406094038745769
0.6407899059099138
0.640763967369984
0.6405912925955358
0.6405465602748344
0.6409234514669582
0.6406431691010117
0.6410856151862744
0.6409002461761057
0.640888613638666
0.6408889268319015
0.6406842912335995
0.6408583763545501
0.6407260253300657
0.6409005555258235
0.6409829717031561
0.6408417292634816
0.6408469198578854
0.6408592592383946
0.640757182343435
0.640827530460311
0.6407839324901872
0.6407262645869278
0.6409190726907027
0.6407522738150303
0.6409844742822779
0.6408000049320305
0.6407110594477456
0.6408438996452371
0.6409224564623968
0.6409625574187275
0.6407758165224761
0.640922283087882
0.640711689766042
0.6408453741531352
0.6407961993654605
0.6409906233865733
0.6406957733855744
0.6408261485983028
0.6406585801109405
0.6407799628637489
0.6408133371327407
0.6408918830604073
0.6409539666332736
0.6407075071125804
0.640901630814492
0.6405948764083087
0.6408698078213815
0.6407320985999554
0.6407810756228347
0.6408702509706479
0.6408441037889279
0.6406499098079135
0.6410369973659188
0.6407408826579252
0.6407817211103044
0.6407455366976222
0.6408415387617703
0.6407673048830592
0.6406141818645297
0.6408928927432926
0.6410128061460452
0.6405422719737371
0.640954500642425
0.6409498237497959
0.6406464428185438
0.6407934771812507
0.6408140043685882
0.640902021801897
0.6406307742904149
0.6409892144818616
0.6407959722886729
0.640937835011511
