0.664103139184458
0.6641097703749259
0.6641061220922362
0.6640874261615499
0.6640798613324639
0.6641140505611087
0.6640921846233576
0.6640812221028409
0.6641181493104156
0.6640649620890975
0.664044130196865
0.6640915505690634
0.6641120859711853
0.6640771637167484
0.6640907608305677
0.6640834058081455
0.6640964458463857
0.6641179462835067
0.6640884435600782
0.6640845910575293
0.6640979823304771
0.664079514866869
0.6641016688651823
0.6641237427899815
0.6640953222886001
0.6641319109767561
0.6641178015398064
0.6640911934467066
0.6641158550938363
0.6641058507767555
0.6641108516159279
0.6641002947013506
0.6641114259684183
0.6640866839726223
0.6640723849191685
0.6640972751392307
0.6641377888787448
0.6640758242089291
0.6640624534564492
0.6641342026477045
0.6640676597259934
0.6641026332936661
0.6640971330375529
0.664082764533023
0.6640893562709693
0.6641205375073682
0.6640892228242476
0.6640970920159012
0.6641071383199975
0.664149299191195
0.6640956874624391
0.6640961247272885
0.6640502392875578
0.6640990572177313
0.6641093105540632
0.6641109695230083
0.664096268871334
0.6641002200629058
0.6641039552376392
0.6640900923738968
0.6640854999891104
0.6641084219878656
0.66408153229253
0.6640795324161239
0.6641827828301373
0.6641079276875269
0.664124065874429
0.6640916961191875
0.6640874653773505
0.6641145589373125
0.6641250336047458
0.6640774600818927
0.6640876504044005
0.6640918310537689
0.6641043393907945
0.6641411639639112
0.6641064862177566
0.6640665045796946
0.6640554115027721
0.6640844519891015
0.6641135744547813
0.6640929854635049
0.6641008239557442
0.6640951603221843
0.6640841036299463
0.6641055629762679
0.6640962054444748
0.6641257119968892
0.6640967323636777
0.6641058940364387
0.6640789114340153
0.6640775478520858
0.6640958897856443
0.6641186361093443
0.6641031201261955
0.6640838876728438
0.6640936816295884
0.6641178367739511
0.6640832379454241
0.6640809635979906
0.6641072038038718
0.6641092517782174
0.6640986901330727
0.6641398506680671
0.6640526102395989
0.6640850534471585
0.6640985643772899
0.6640654579051288
0.6640740285640985
0.6640994592134145
0.664088012460123
0.6640859468640876
0.6641203641571993
0.6640914968966969
0.6640833382622797
0.6640722896511897
0.6640969284903673
0.664058497401721
0.6640756539534026
0.6641033242799896
0.6641105709129262
0.6640982305371198
0.6641110782486217
0.6640963976389882
0.6641004567696811
0.6641043400265368
0.6641274200480218
0.6640758048682773
0.6640891739252681
0.6640845723841045
0.6640918694876965
0.664036127749088
0.664086822070837
0.6640639633038009
0.6641079302674284
0.664084479584017
0.664107005737236
0.6641176247526448
0.6641175509974355
0.6640667717370747
0.664101167624637
0.6640835322267504
0.6640645583283737
0.6640995585899996
0.6640960667908573
0.6640992408647164
0.6640634637026954
0.6641001085589676
0.6641052617659655
0.6640703134739705
0.6641104554446593
0.6641037726105952
0.6640549308871668
0.6640640752709073
0.664105517693705
0.6640994231708348
0.6641263869941414
0.6640941005852876
0.6640509348045798
0.6641006617145029
0.6640593207381967
0.6640811024731995
0.664056235914416
0.6641378954510658
0.6640883613534441
0.6640983223774013
0.6640825811804792
0.6640920810700507
0.6640780281464459
0.6641071569532344
0.664080107039744
0.6640659089915792
0.6641067998504164
0.6640739296207678
0.6641286341695803
0.6640733872720455
0.664100210604292
0.6640843242005421
0.6641113354604037
0.6640948257826392
0.6641210017947055
0.6641123596911609
0.6641028668241977
0.6640282340558115
0.6641163489729931
0.6641189140161368
0.6640911400402635
0.6640950532569945
0.6640981481023364
0.664125526118797
0.6641377495681927
0.6641063420784574
0.664098411211561
0.6640636845037332
0.6640831669275158
0.6641151070503677
0.6640615780693623
0.6640907305426105
0.6640802735216254
0.6640902188196312
0.6640909194448802
0.6641158932878861
0.6641261732884918
0.6640984217345033
0.6640921901957976
0.6641153873210947
0.6641043871398753
0.6641008947267156
0.664101825553401
0.6640984818453715
0.6640892222807334
0.6640978641434523
0.6641081384714327
0.6640888709423662
0.664116991627266
0.6640940553125965
0.6641156260273811
0.6640682978431522
0.6640762308358413
0.6640918521753318
0.6641203815061656
0.6641021480660048
0.6640835297084833
0.6640991316641072
0.664086771951246
0.6641145110801487
0.6640938338362674
0.6640930787016495
0.6640809007874047
0.6640838402815451
0.6641099089394435
0.6640682185886344
0.6640903563250261
0.6641080321562293
0.6641237671437429
0.6640706744155782
0.6641065158579315
0.6641081652896536
0.6641322034347512
0.6640911484094274
0.6640870770485438
0.6640648988936586
0.66408475879929
0.664085061070306
0.6640677080125356
0.6641053906849553
0.66408746365947
0.6641118593484888
0.6641323234285645
0.6640734509920501
0.6640827064312318
0.6640777526577132
0.6641216044422822
0.6641021201723363
0.664104540151899
0.6640871922177353
0.6640957626663537
0.6640914454056095
0.664138531467469
0.6640797833252592
0.6640896079504106
0.664094956705745
0.6641189869413195
0.6640918850594694
0.664079933442934
0.6640917115509181
0.6640498135216789
0.6641119447550925
0.6640625656590977
0.664084365162021
0.6641152160975925
0.6640830078776316
0.6641220516577295
0.6640703628690622
0.6640526186555432
0.6640877127371136
0.6640927345191608
0.6641050975471181
0.6641009303728548
0.6641250828214762
0.6641177189082541
0.6640775352847282
0.6641207244611508
0.6640938263040619
0.6641087954363549
0.6640796589899448
0.6640791126206352
0.6641069996782394
0.6641194535787988
0.6641017349818262
0.6640632522064975
0.6640984260868408
0.6640800282498642
0.6640796856478267
0.6640977627821965
0.6640654727467477
0.6640949925569358
0.6641009787633219
0.6640618965891565
0.6641227987764771
0.6641048386446726
0.6641050347503401
0.6641190749661623
0.6641106235196924
0.6641050643919627
0.6641028724022326
0.6640868580226926
0.6640941371473555
0.6641079386601487
0.6641039671861264
0.6640459308927487
0.6640855455939108
0.6641145898731811
0.6640982654618444
0.6641150333322354
0.6640878168660396
0.6640977962529127
0.6640949900564102
0.664138609682732
0.6641182739648442
0.6640949637445964
0.6640783372610837
0.6640789608426991
0.6641442791451811
0.6641092445085724
0.6641062159265558
0.6640939853147794
0.6640801056330621
0.664092035610254
0.6640896702152812
0.6640859301118317
0.6641054477906293
0.6641109850469988
0.664070319720744
0.6640910774119948
0.6641146128334505
0.6640925513622296
0.6641195238666483
0.6640927322932453
0.6640948407992693
0.6641090004796818
0.6640942877284033
0.6641145844599063
0.6640765231209516
0.6640805352870081
0.6641024567077172
0.6640898511300499
0.6640784421598993
0.6641088284542747
0.6641313636658265
0.6641332692058384
0.6640964246808654
0.6640948105814872
0.6641175806500319
0.6640910742619685
0.6640775310947015
0.6641267639117794
0.6640900835924156
0.6640745095357665
0.6641292913338528
0.6640940229166976
0.6640875263587389
0.664104627685436
0.6640929233794008
0.6640753124547479
0.6641079028872945
0.6641099431777795
0.6640894930209682
0.6640747949109687
0.6640985725528601
0.6641312096157246
0.6641212646393916
0.6640768661342811
0.6640878550239702
0.6640924607308512
0.6641377740208124
0.6641124828851147
0.6640769647843068
0.6640658858659191
0.6641180752845319
0.6640702958953034
0.6640711824521313
0.6640713156418547
0.6640910394377295
0.664101189831098
0.6641213595139747
0.6641270275773314
0.6641069921157531
0.6640922345433999
0.6641058057532992
0.6641009858051479
0.6640791888132362
0.6641142250000232
0.6641097250525675
0.6640737178906273
0.6640989006074488
0.6640824676432676
0.6641076323704043
0.6641360631930752
0.6641115887755009
0.6641341591564329
0.6641081699957777
0.6640729658666341
0.6640962327214657
0.6641025079261496
0.6641171290710721
0.6641086963409587
0.6640748473829682
0.6640648103125141
0.6640978546140055
0.6641326034458965
0.6640797796083416
0.6641067418691478
0.6641161313403192
0.6640744031955294
0.6640913831515718
0.6641005524634763
0.6640708286730456
0.6641411249838046
0.6641179382265365
0.6640754385114843
0.6641240699255611
0.6641030429790195
0.6640944553917062
0.6640764433866451
0.6641205573599411
0.6640944482488397
0.6640701313050489
0.664115608921115
0.664122585999659
0.664073719542626
0.6641021490697827
0.664125063487006
0.6640999863819982
0.6640902372586077
0.6641037624558003
0.6640718902667898
0.6640803823305104
0.6641178642581969
0.6641162757538799
0.6641180467207202
0.6641092249101177
0.6640961617928083
0.6640985505050417
0.664084822723337
0.6640846150832247
0.6640829798546413
0.6640879840588982
0.6641198130225157
0.6641074550669095
0.6640703172364391
0.6640754991828067
0.6641299248604462
0.6640926637269653
0.6640556786528666
0.6641032656356373
0.6640891590073517
0.6640811704472579
0.6640815927352054
0.6641143072914313
0.6640807616363308
0.6641368968313608
0.6640754119152505
0.6640799278421594
0.6640812170897701
0.6640856210283823
0.6641101750265002
0.6640906354738301
0.6641014932410749
0.6640897744191065
0.6641128453052042
0.6641220113086059
0.664073104089579
0.6640884459347165
0.6640790518197588
0.6640995318616713
0.6640727491569829
0.664099305607097
0.6641162103084852
0.6641251261376282
0.6641147866512407
0.6641369523725602
0.6641112457630981
0.6640840136134982
0.6640886141188405
0.6641329144342957
0.6641139226311894
0.6641255217458568
0.6640907345164634
0.6640892316843281
0.6640744561240346
0.6641262834893985
0.6641080449650034
0.6640866518856761
0.6640996502638127
0.6640659367868129
0.6640970542388276
0.6640731181278126
0.6640997459823675
0.664087536161388
0.6640682712765225
0.6641224871184007
0.6641076385266925
0.66406265113431
0.6640636043424565
0.6640746436771252
0.6640697912148945
0.6640713421590442
0.6640782048811987
0.6640786222749009
0.6640743688492149
0.6640851192744227
0.6640758083388831
0.6641110602176057
0.6640773590043145
0.6640480871946011
0.6641224108868209
0.6641091193449911
0.6641254564671037
0.6641019504222752
0.6640755220854624
0.6640925947514003
0.6640890732071751
0.6640713177398434
0.6640969658283797
0.6640778806941215
0.664086981277128
0.6641158675727654
0.6641078202028455
0.664068914618948
0.6640965901107578
0.664099916009882
0.6640842017013162
0.664078588731714
0.6640620877590647
0.664098051222102
0.6640962042636886
0.6641191580020247
0.6641113384000755
0.6641044053895371
0.664103147228732
0.6641082451393299
0.6640778347794425
0.6640922400036369
0.6640983134413305
0.6641278014407969
0.6641142596427783
0.6641083801250526
0.6640944097925928
0.6641405049526237
0.6641011273595692
0.6640611126367526
0.6641153775632646
0.6641061864309608
0.6640910677818683
0.6641104336262982
0.6641052272015064
0.6641307983361588
0.664110737000616
0.6640821745904038
0.6640865252799968
0.664117809144357
0.664079393655352
0.6641123074438643
0.6640910731213355
0.6640937670481141
0.6641090786715531
0.6640968222814031
0.6640654364227254
0.6640845664376819
0.6641066866991623
0.6641027026195387
0.6640873401507249
0.6641260631517335
0.664092410514038
0.6640671422266013
0.6640926947943843
0.6641257694692826
0.6640670046647491
0.6640641750727241
0.6641126123577137
0.6641008393939531
0.6641189074893894
0.6641052280583299
0.6640793915351606
0.6641084947632815
0.6640986572802862
0.6641022378514355
0.6640841629920097
0.664096753602887
0.6640893927188496
0.6641299776308525
0.6640917003349763
0.6640866056471706
0.6640808494951076
0.6640644367515087
0.6641169282330974
0.664116986788783
0.6640959299154268
0.6640719130572245
0.6641267902379279
0.6641170723295862
0.6641180037129872
0.6641118107766086
0.6640999043617504
0.6640746568541187
0.6641132107821187
0.66408612189261
0.664123592319719
0.6641067355506514
0.6641222784503162
0.6640816806653758
0.6641200064695797
0.6641065519267852
0.6640953187139036
0.6641129051193897
0.6641033006834987
0.6640881911807431
0.6640920766787501
0.6640891604455081
0.6640715220294573
0.6640680258700682
0.6640892272826813
0.664085403198118
0.6640786064055536
0.6640816935871554
0.6640872804438425
0.6640913064449432
0.664108471546538
0.6640660543866168
0.6640731283762811
0.6640885382647133
0.6640810987928336
0.6641253087861836
0.6640962208605239
0.6641026496227289
0.6640952202718968
0.6641307415370924
0.6640507048086517
0.664112132358437
0.6641040822358002
0.6641261339688926
0.6640933179294176
0.6640974762271663
0.664134648377873
0.6640792252191501
0.6640600675250339
0.6641030543297266
0.6641141796208405
0.6640876553188138
0.6640762055278489
0.6641022307048925
0.6641032701327094
0.6641079241143408
0.6640848282969128
0.6641003840454041
0.6640647881473148
0.6641109313630611
0.6641026871973279
0.6640908373660741
0.6640869257119149
0.6640990334566838
0.6641099489935399
0.6641265610671342
0.6641293652829694
0.6640896072029117
0.6641050694399563
0.6640911538861974
0.6641124802455709
0.6640650035386555
0.6641112770561688
0.6641004548396617
0.6640747310679176
0.6640935374552599
0.6640739641252618
0.6641031770407164
0.6640947268170181
0.6640905237237482
0.6640920084486505
0.6640849426268245
0.6641137470580385
0.6640791291660064
0.6640854257127875
0.6640725214261782
0.6641173876009955
0.6640915002807237
0.6641265014632652
0.6640651676012128
0.6640982422597015
0.6640868112788321
0.6640980409847668
0.6640786041467789
0.6640680152242362
0.6640879739280786
0.6641014637261164
0.6640981098980452
0.6640837673401112
0.6641362363888432
0.6640560999261038
0.6641242753929689
0.6640991654875932
0.6641120567324958
0.6641307649037198
0.6641146142373489
0.6641206709747757
0.6641223013011068
0.6640420869573985
0.6640841290587949
0.6641227388094225
0.6641076638819455
0.6640992022600132
0.6640851193447809
0.6641049455128081
0.6641187512615467
0.6640472974295742
0.6640918808935141
0.664138191989353
0.664102611263848
0.6640875471630278
0.6641182433313553
0.6640711762161603
0.6640864673106626
0.664130172508689
0.6641123521866069
0.6641393673071022
0.6641193513770172
0.6640742232192469
0.6641197698111158
0.6640850374570435
0.6641077258455226
0.6640978042316181
0.6640692382828962
0.6640891611664748
0.6641044619057357
0.6640897718313423
0.6640484518135708
0.6640972987308554
0.6641294067477601
0.6640860797573807
0.6640971789255328
0.6640913786227274
0.6640950472407104
0.6641071395391263
0.6641013371098371
0.6640665227124238
0.6641101037828894
0.6640859266199364
0.6641131500752095
0.6640997560903494
0.6641003207609054
0.6641295887357632
0.6640775677335556
0.66407221853414
0.6640956534933715
0.6641056120339759
0.6640845354593411
0.664131759722697
0.6641270963364203
0.6640859293133349
0.6641398192863448
0.6640959283987096
0.6640866721995543
0.6641090688473723
0.6641010065792383
0.6640934840945745
0.6640351815060213
0.6640957206199062
0.6640958257054129
0.6640874356445247
0.6641055124903672
0.664093361332478
0.664102401241934
0.6640740226361065
0.6640946862160079
0.6640992381754125
0.6641301995435858
0.6640721647533983
0.6641086124830595
0.6640805869609332
0.6641347813646947
0.6640720053593464
0.6640841312552598
0.6641014271514609
0.6641206013451374
0.6640716797438999
0.6641128295835967
0.664074023475386
0.6640813462538013
0.66409253634518
0.6640951030891851
0.6641043920036582
0.6641121027159964
0.6640977980417513
0.6640909113868265
0.6641156358230343
0.6640952005938535
0.6640800954359405
0.6640652441780704
0.6641177057339478
0.6641068257414339
0.6640916517237843
0.6641083296475183
0.6640740734550519
0.6640670485028357
0.6640765273148599
0.6640879496837436
0.6641137175827225
0.6641133419455768
0.6641086815970585
0.6641129558728291
0.6640921829145536
0.6641047661146409
0.6641136990207925
0.6641205082791811
0.6640808489778821
0.6641014493647103
0.6641265578554263
0.6640888423663949
0.6641343619408213
0.6641023340766044
0.664127685646658
0.6640937049095383
0.6641055948581398
0.6640630197286757
0.664060645853733
0.6640992598847586
0.6640823054708564
0.6640788598757551
0.6641008859433575
0.6641029188490005
0.6640848357870639
0.6641217489519393
0.6640731713492379
0.6640848712834874
0.6640831545036592
0.6641171200051261
0.6640979428828621
0.6641333529319506
0.6640982782190719
0.66410133398486
0.6640988660437911
0.6641062670579556
0.6640894474493934
0.6640976106779777
0.6640735521488006
0.6640765972563837
0.6641043203558085
0.6641134573356577
0.6640982476133864
0.6640972317656961
0.6640744088360833
0.6641297480830946
0.6640817461340432
0.6640691039943997
0.6641202261813539
0.6640603053800184
0.6641116486488605
0.6640834474532035
0.6640762908515522
0.6640820939623727
0.6640928498794096
0.6640827840320569
0.6641170521460313
0.664107068819903
0.6641248227517147
0.6641129449885201
0.6640922345666314
0.6640612714995224
0.6640919739760482
0.6640723808415765
0.6640971584688888
0.6641042621742265
0.6640762725932164
0.6641233249916118
0.6640489664331648
0.6641189001815295
0.6640648704734784
0.6641047186348037
0.6641116799757468
0.664115008623728
0.6641007513790094
0.6641212899163317
0.6640849590468194
0.6640799233876575
0.6641226278835719
0.6640740668148604
0.6641078467644852
0.664096378893137
0.6641502327903022
0.6641258055820585
0.6641269664123037
0.6640661503061075
0.6641089624299044
0.6640702533293888
0.6641004490081792
0.6640570833959947
0.6641087871577744
0.6640897597836432
0.664102476105267
0.6641078972591891
0.6640958612423802
0.6641151640241545
0.6640945476840097
0.6641244534330529
0.6640898125996568
0.6641122435022241
0.6641410697501753
0.6641083212815444
0.6641236394307711
0.6640888648383884
0.6640807555637098
0.6640808932871769
0.6640979479263316
0.6641046863580469
0.6640966269059561
0.6640894042327797
0.6641122311875728
0.6641353577658027
0.6641011643866855
0.664087488467054
0.6640969743020029
0.6640992589773702
0.6640860047914866
0.6641275378056137
0.6641016974308089
0.6641208037859507
0.6640861507728977
0.6641053949067364
0.664117095708587
0.6640744949261751
0.6641232552190484
0.664093265257504
0.6641084873000255
0.6640992924220831
0.6641068612729709
0.6641062470170627
0.664085907825186
0.6640787233217798
0.664097901758459
0.6641253452549692
0.6641200345626868
0.6640951421841423
0.6640720697306135
0.664076396214839
0.6640913570963911
0.6640971631109285
0.6641032487247511
0.664077456287967
0.6640958368989925
0.6640724947027978
0.6641006049407209
0.6640956768059674
0.6640793227080224
0.6641293457871211
0.6641085202048904
0.6640741181864358
0.6640486202361942
0.6641185580765161
0.6640787879080962
0.6640950635230521
0.6641256090873208
0.6641066815422605
0.6640942594627726
0.6641116046842488
0.6640757623226942
0.6640830742857717
0.6641076872151255
0.6640832223246838
0.6640975104940687
0.6640892445580445
0.664122921035644
0.6641100777236595
0.6641026637039925
0.6640815611482835
0.6640659227808883
0.6641083891382409
0.6641168277874497
0.6640779358999731
0.664110005453661
0.6640947210075631
0.6640857222680959
0.664094621802349
0.6641241209904942
0.6641281331618394
0.6640638453928578
0.6640747493661816
0.6641112277977033
0.6641057481464334
0.6641221775421537
0.6641015839364424
0.6641104110607855
0.6640859883929444
0.6641086202419296
0.6641151043693494
0.6641032197885112
0.6641120507657454
0.6640900118859546
0.6641393814627228
0.6640503436362837
0.6640878799637789
0.6641339138031519
0.6640987291626765
0.6641067087236363
0.664118535054389
0.6640777185955693
0.6640909051644417
0.6641265189475468
0.6640971676679117
0.6640751868948924
0.664080144116874
0.6641011475625083
0.6641063552501864
0.6641216961617552
0.6640825499763184
0.6641091969621342
0.6641000958295696
0.6640835766302678
0.6640923219062731
0.664076399967151
0.6641077824392385
0.6641406562617755
0.6641364911418337
0.6641084103064961
0.6640990997051971
0.6640798681813158
0.6641206536230819
0.6640758697758304
0.6641311610338774
0.6641095276502841
0.664120731917947
0.6640915350630734
0.6640845889212379
0.6641104600330663
0.6640966162712069
0.6641162276204593
0.6641224137573627
0.6640776429942721
0.6640606786450929
0.6640890196619127
0.6641080681988606
0.664118133000249
0.6641295535253682
0.6641088975403704
0.6640830252550388
0.6640841532570296
0.6641141214283357
0.6640576274273235
0.6640944574603654
0.6640987863206462
0.664106626365569
0.6640792220864644
0.6640682827679681
0.6641097065348962
0.6641241950734507
0.6641115596294657
0.6641065450233188
0.6641176287481093
0.664093649156613
0.6640701699739933
0.6640764348958579
0.6640799069386794
0.6641066919792337
0.6640997094284709
0.6641105571264805
0.6640990417684942
0.6641321496314884
0.6640842337830068
0.6640822217931643
0.6641119065563127
0.6640939073302156
0.6641026347305243
0.6641011205087926
0.6640701608549202
0.664074239519171
0.6640822105367618
0.664134481944511
0.6640887625964744
0.6640987559185837
0.6640720871525426
0.6640950735653424
0.6640929524871781
0.664095388039498
0.6640977372068416
0.6640667020944583
0.6641107995077085
0.6640895307311983
0.6640928453832822
0.664105083522549
0.6641134141907249
0.6641073169745042
0.6640969232050381
0.6640709643396323
0.6640625697654484
0.6641005964844453
0.6640886646637036
0.6641162966354783
0.6641035823001371
0.6641030401379788
0.6641100615469371
0.6641001753732311
0.6640823740169297
0.6640909615804107
0.664107530047316
0.664075751364098
0.6640829533797405
0.6640763970545654
0.6640988718360299
0.6640879636705812
0.6640835458230929
0.6640837768995611
0.6640815230754928
0.6640945921187398
0.6641014652692634
0.6640699647185875
0.6641019544218749
0.6641276912668536
0.664077919258944
0.6640909693633066
0.6640864018216432
0.6640935300877367
0.6641372352508019
0.6641111429877944
0.6640930723869671
0.6640986926991468
0.6641196138648771
0.6641296773375186
0.6640797259943867
0.6641075588741284
0.6640941736343335
0.664100038609428
0.664071594813509
0.6640931297716071
0.6641056017517446
0.6641183336882542
0.6640933819478619
0.6640825119864631
0.6641017089237418
0.6640860224165497
0.6640904737353253
0.6641331263628708
0.6640882640934209
0.6641242904915702
0.6641001844658017
0.6641139085459329
0.6640944432023501
0.664093020328459
0.6641068720112391
0.6641096749661548
0.6641136650263153
0.6640995965361145
0.6640883154121013
0.664093881307334
0.6641269386704669
0.6641052269863978
0.6640821095798914
0.6641182364388984
0.6640970704121913
0.6641014355732434
0.6641147892481822
0.6640943578032348
0.6641149714433112
0.6641257954091173
0.6641490004323317
0.6640862203639084
0.6640826032984763
0.6640842155068271
0.6640939976728619
0.6641211808271518
0.664137759159172
0.6640963807813147
0.6640953598444765
0.6640835345286078
0.6640732445626017
0.6640891024672801
0.6641169950783048
0.6640876067683565
0.6641073872671088
0.6641233389116841
0.664076025249986
0.6641405573409563
0.6640912375334453
0.6640967555315441
0.6641194916220786
0.6640695380311558
0.6640770083975361
0.6640666718089161
0.6641147277386243
0.6641107933451572
0.6641445692802886
0.6640905616982273
0.6640771375902567
0.6641135066883661
0.6640571593581048
0.664091725921168
0.6641125124002334
0.6640873504938659
0.6641182888638907
0.6641048333049225
0.6640890796441506
0.6641191773585775
0.6640993093967382
0.6640891759226281
0.6641044469020219
0.6641126182806003
0.6640719098079051
0.6640701318089787
0.6640980199107165
0.6641194265010495
0.6640916695972499
0.6640906204597659
0.6640774709984627
0.6640660865957055
0.664095072185328
0.6641197328908146
0.6640851888931785
0.6640825695749358
0.664083388917964
0.6640733944549411
0.6640796798194188
0.6641033100155025
0.6640712361942014
0.6641058125008119
0.6641150947328432
0.6641010913016855
0.6641227814855358
0.6641047669549812
0.6640988330038944
0.6640592808113066
0.6641029965355195
0.6641027290529576
0.6640591633311246
0.664097545145363
0.6641124777699157
0.6641003471154903
0.6641300069842058
0.6641093681558676
0.6641399363593203
0.6640869901061416
0.6640805543687278
0.6641213646715435
0.6641074054850087
0.6640957158253091
0.6640368743971211
0.664076013842107
0.664083341900522
0.6640898608551642
0.6641190111011007
0.6640907307247366
0.6640984478530696
0.6640951090630343
0.6641241033732246
0.6640957889777088
0.6641118350840798
0.6640800897693313
0.6640806371228638
0.6640806022093613
0.6641408128085513
0.6640933287991522
0.6641036762697968
0.6640841375510889
0.6640873162307579
0.6640968265357601
0.6641070917755822
0.6640987264396565
0.6640831566560323
0.6640661457268654
0.6640873080738574
0.6640989386817974
0.6641252639222844
0.6641252544497622
0.664099975379582
0.6640912812466683
0.6641191135846936
0.6641205524783191
0.6640815324324478
0.6640705894012922
0.6640764264765031
0.66409426087721
0.6640746893164683
0.6641040878016811
0.6641125653118927
0.6640987121575763
0.6641009748161195
0.6641243907654872
0.6641071307743336
0.6641208341549956
0.6640929737572905
0.6641036439712324
0.6640873903213533
0.6641111827122445
0.6640705800647113
0.6641159105161522
0.6640866265494243
0.664088542453997
0.6640787323270824
0.6640644484635106
0.664050072813124
0.6640600769790594
0.6640924471314861
0.6640900058873765
0.6641034398526142
0.6641045353603248
0.6641085349084307
0.664117318496711
0.6641186390158506
0.6640967477362054
0.6640809188646867
0.664096376367053
0.6640723824299584
0.6640965114605911
0.6640719231985708
0.6641428184642086
0.664125471685088
0.664090961550591
0.6640992800113587
0.6641007103956345
0.6641062377258115
0.6640870021151013
0.6641100008230181
0.6641174699638347
0.6641249840590351
0.6640758647532512
0.6641257929379556
0.6641203186077058
0.6640926074616091
0.6641097901092096
0.6640989004161677
0.6641073541557241
0.6641496846619414
0.6640950949045605
0.6640736135128023
0.6641201558199546
0.664073193193548
0.6640975723856096
0.6641349639488571
0.6641149651232694
0.6640961797752187
0.6641097267396828
0.6640829176415826
0.6640997579263348
0.6641006937100387
0.66407577165934
0.6641039996406013
0.6640722263730179
0.6641036263268558
0.6640951150332305
0.6640996266739185
0.664092049942105
0.6640800513790753
0.664127913421038
0.6641208419733187
0.6640984405324851
0.6641248638777972
0.6641114252117472
0.6640735287970989
0.6641337788382073
0.6641241462721114
0.6641049486338064
0.6641261904090201
0.6641019190715592
0.6640857120365011
0.6640716935034234
0.664115958160342
0.6641067698139946
0.6640865260125179
0.6640782550506237
0.6640858320639812
0.6640763600362374
0.6640935887614555
0.6641111370985963
0.6640797091680635
0.6640932249922159
0.6640709331453942
0.664101606436156
0.6640708125216608
0.6640581224168379
0.6641089106650837
0.6641173389893792
0.6641024087655982
0.6641337357348449
0.6640730104442971
0.6641154236284263
0.6640934991563777
0.6640438375644462
0.6640696531066754
0.6641094200101914
0.664109656399737
0.6641353054634889
0.6640680807765506
0.664066699179024
0.6641205766291065
0.664097503018785
0.6640658194916285
0.664131848171901
0.6641014242179273
0.6641356161390268
0.6640964716995696
0.6640713995348662
0.6641138174520962
0.6640992427486646
0.6641090704462272
0.664078445131712
0.6640994849799293
0.664060959482316
0.6641227719196977
0.6640845302451095
0.6640933804333278
0.6640785244546291
0.6641067356903858
0.6641107989729387
0.6640906518563601
0.6640789265274496
0.6640904051778034
0.6640744653405187
0.6641210233483241
0.6641141227608282
0.664118574546684
0.6640879781218925
0.6641076322580366
0.6641237679364214
0.6641027656189313
0.6641167216727124
0.6640810163075253
0.6641005398374532
0.6640695607560868
0.6640905990210109
0.6641172138234167
0.6641035147277227
0.6641059707263934
0.6640789848537624
0.6641049271394005
0.6640859971858546
0.6641043489080012
0.6640763683680657
0.6640740847964539
0.6640841431686082
0.6641267651791893
0.6640835302894387
0.6641167799064049
0.6640875211199961
0.6640987658984427
0.6640887316733772
0.6640995441055987
0.6640825013057345
0.6641260663749574
0.6641525301937188
0.6640942924326985
0.6640829988665105
0.6640959926925947
0.664088669769042
0.664078235646866
0.6641038350509516
0.6641065152459927
0.6641302946997971
0.6641198469508623
0.664071929968854
0.6641239179743301
0.6641237832948791
0.6641019439852017
0.6640752365878737
0.6641386128111251
0.6641193164385395
0.6641023374343277
0.664084108786501
0.6640837231247849
0.6640946664489251
0.6640949457270418
0.6640705682181672
0.6641250088024286
0.6640771910827146
0.6641577810523698
0.6641343611651275
0.6640609794534477
0.6641107938023807
0.6641091377329738
0.6641070534793052
0.6640950575048427
0.664075615991692
0.6641086171119439
0.6640822663083141
0.664116425680618
0.664089314908452
0.6641077627938177
0.6640776928803755
0.6640969354648649
0.6641205973663736
0.6640812264355803
0.6641097739472119
0.6641347965908224
0.6640876739900126
0.6640939892703301
0.6641099572531373
0.6640927007299822
0.664107261908814
0.6641022505127366
0.6641272420811679
0.6640513007096382
0.6641261040481357
0.6641176856842407
0.6641122716328685
