[1, 9, 41]
[0, 2, 10]
[1, 3, 43]
[2, 4, 12]
[3, 5, 45]
[4, 6, 14]
[5, 7, 47]
[6, 8, 16]
[7, 9, 49]
[0, 8, 18]
[1, 11, 19]
[10, 12, 20]
[3, 11, 13]
[12, 14, 22]
[5, 13, 15]
[14, 16, 24]
[7, 15, 17]
[16, 18, 26]
[9, 17, 19]
[10, 18, 28]
[11, 21, 29]
[20, 22, 30]
[13, 21, 23]
[22, 24, 32]
[15, 23, 25]
[24, 26, 34]
[17, 25, 27]
[26, 28, 36]
[19, 27, 29]
[20, 28, 38]
[21, 31, 39]
[30, 32, 40]
[23, 31, 33]
[32, 34, 42]
[25, 33, 35]
[34, 36, 44]
[27, 35, 37]
[36, 38, 46]
[29, 37, 39]
[30, 38, 48]
[31, 41, 49]
[0, 40, 42]
[33, 41, 43]
[2, 42, 44]
[35, 43, 45]
[4, 44, 46]
[37, 45, 47]
[6, 46, 48]
[39, 47, 49]
[8, 40, 48]
