0.6093882604504625
0.6091766966962475
0.6089965327764841
0.6093401361127656
0.6090229030219277
0.6092021550133689
0.6090230427750785
0.6098023973509258
0.6090237028634217
0.6091169477355858
0.6095222459588059
0.6090117708726028
0.6087886573449673
0.6087229935225253
0.6089075082212148
0.6092384763540102
0.6097849163344553
0.6089945021018547
0.6089533701920371
0.6093456339399899
0.6094750612578417
0.609009277599909
0.6089082118481026
0.6090463159139745
0.6089796772715629
0.609232512161465
0.6095307286022387
0.6091131041630049
0.6092398886753218
0.6089692852422717
0.6090825745383174
0.6092658358991139
0.6088778915895579
0.6089871120333941
0.6087192609938878
0.6090280262080227
0.6091312862843435
0.6089183131187843
0.6090570161773928
0.6091896531610275
0.6090074724868098
0.6093814365234251
0.6092361122529121
0.6091087703472811
0.6092188561445286
0.6090954706927141
0.6089574215801385
0.6091711988168153
0.6092809507601746
0.6092606956144921
0.6090518846236455
0.6092913216596336
0.6090200329254682
0.609221076024239
0.6094052424352008
0.6094658817648398
0.6092345944578885
0.6092259686628353
0.6092437878480997
0.6092044661450772
0.60933589424722
0.6089949658236854
0.6092293724751483
0.6090387205968626
0.6094992046175637
0.6093626331739315
0.6094018538296864
0.6088892159700042
0.6093078225688673
0.609142971916677
0.6092206569443324
0.6089329274992176
0.6091052830737762
0.6091180473159892
0.6089047147796983
0.6090021853751587
0.6094957573981359
0.6094308340531385
0.6091437389268927
0.6091592359085837
0.6094880590258762
0.6092899363308174
0.608986983769533
0.6087158904457739
0.609076974157234
0.609181667909408
0.6087071014155218
0.6089138114242203
0.6094152569559222
0.6091833664783873
0.6088784942482597
0.6090737643136612
0.6093327059781924
0.6090912768815646
0.6093232506417599
0.6088225288369766
0.6095413384693376
0.6085030571360942
0.6090038172517679
0.6098275872354983
0.6093745194620167
0.6090687424242892
0.6089027957771811
0.608700812568771
0.6094078491972955
0.608876817177071
0.6090657063931846
0.6092452906228931
0.6087650980774022
0.6093305101505908
0.6094014981012518
0.6088744062980114
0.6092513715886838
0.6089055738646649
0.6093967770150631
0.6092871923731714
0.609443532376641
0.6088574446322754
0.6092531879052608
0.6090674777323191
0.6091317945569639
0.6089747012349798
0.609220804654846
0.6088513748063491
0.6092435798691278
0.6089600214971371
0.6092990049450806
0.6093770415112605
0.6094926515919423
0.6094026704933837
0.6089734033964307
0.6091921627791572
0.6094094086447567
0.6091820252791342
0.6093701552856214
0.6094115527545818
0.6091588499776506
0.6092651698502738
0.609586967443871
0.6093829166663021
0.6092796843131542
0.6089106587613446
0.6093849702591851
0.6091990975137102
0.6092249757802227
0.6094034074069314
0.6093121264585364
0.6091921236084898
0.6091544896225003
0.609014538337181
0.6089485438372302
0.6095628874912954
0.6087833643179974
0.6090290135485605
0.6089938232510647
0.6089154954520326
0.6091012371759537
0.6093111072923598
0.6090715990323222
0.6092393424409124
0.6091334123081229
0.6091064299566146
0.6088168804512817
0.6095175215762437
0.6094369099021315
0.609665586774655
0.6095442115862563
0.608968638319692
0.6093440792053471
0.6088721702531631
0.6087621700062184
0.6092658057519924
0.6090957991414293
0.6091226212060933
0.6090104742571683
0.6090254619649724
0.608799742725559
0.6091920541750149
0.6087047657004946
0.6088045307430799
0.6093003632223339
0.6093723616512051
0.6092523347733396
0.6089294932569868
0.6089554313928021
0.6090347411730485
0.6094700957688279
0.6092287867602597
0.6091410836166331
0.6092564258609953
0.6091939443450429
0.6090417705962778
0.6091472982459202
0.6090445658584969
0.6096361095569688
0.6091486041095369
0.6093070560635461
0.6094434931734272
0.6091253638922428
0.609190695251104
0.6088515274421635
0.6089827041001085
0.6094147735442008
0.609334399082486
0.609132983969333
0.6090747702496289
0.609016614064846
0.609268927899891
0.6096206457653042
0.608748198430543
0.6090365083348867
0.6088896456236808
0.6092386662128473
0.6088261364390404
0.6091147941650938
0.6090712819145103
0.6091664132332184
0.6089654057873262
0.6093273477935762
0.6089968685000148
0.6085311795017322
0.6090943999819592
0.6088018736879786
0.6094638902376598
0.6093202532391164
0.6087769287265794
0.6088808653118287
0.609157880455707
0.6094039954092618
0.6089023423484836
0.6090818273420139
0.6092680515095914
0.6090575737204569
0.608819310363475
0.6091316450021628
0.6088647843307236
0.609105900901495
0.6091002363223
0.6094098528399678
0.6091229686864419
0.609096365023967
0.6091430099011489
0.6089085690408221
0.6091463309297478
0.6089479996886472
0.6091203844042298
0.6092898887220728
0.608786540947446
0.6090855036583762
0.6091753226077135
0.6094456608542622
0.6088317715674869
0.6091927001862513
0.6090636458865686
0.6091893393987595
0.6090659490601275
0.6090829040959358
0.6090612857070994
0.6092790280206344
0.6091497416531203
0.6091337712437896
0.6088257049082577
0.6094397305360117
0.6091562216047195
0.6090223511603307
0.6090609899876294
0.608847394587871
0.6086053051768806
0.6092645633958661
0.6090705160636886
0.6091363761312527
0.6089247239791107
0.6090385228922583
0.6088079900174083
0.6091258033485569
0.6092684016171517
0.6094347172496241
0.6092367130754623
0.609212014397571
0.6091608762040948
0.6091446904272331
0.6091375075640236
0.6089749463285753
0.6092500251820351
0.6094305113773426
0.6089873267923075
0.6087472950873116
0.6088652983488411
0.6093604057459878
0.6093585589687627
0.6094654515410092
0.6094661460745872
0.6092407439096195
0.6092576372516477
0.6090907886654295
0.6090398894647627
0.6091815032043582
0.6089504428697354
0.6087801977194023
0.6088702078220543
0.6092734045523157
0.6092629260296288
0.6093007874607238
0.6091991668366679
0.6094085639555294
0.6093160411832282
0.6094954955050933
0.6089326433498485
0.6088380515259074
0.6093471255068363
0.6093031490621783
0.609384629310418
0.6089752127317367
0.6091278363874901
0.6090932901910454
0.6089941581531182
0.6093059270483692
0.610022906303068
0.6092848302224951
0.6089781991140643
0.6088212101568005
0.6092008662794244
0.6088513039569711
0.608843057804459
0.6092910478046862
0.6090656964877916
0.6089088179828004
0.60920542138893
0.6096029210898235
0.6092206705206353
0.6090993926575177
0.6094158081930316
0.6088116887677901
0.6091281766363105
0.609011879155716
0.6095323636735327
0.6086715697101741
0.6090221727732197
0.6090234798520908
0.6092907587839147
0.6089317864228094
0.6091474812759927
0.6091085280056456
0.608985349802168
0.6093967514413301
0.6091297243858527
0.6091501205396488
0.6091943667573825
0.6091157429051689
0.6092325180222473
0.6094757436931948
0.6089925874226361
0.6091922757143671
0.6091848014293135
0.6091020961815541
0.6093306214436529
0.6096123772636308
0.6089685776567202
0.609274938274632
0.6087618043223896
0.6090675244430648
0.6096550883794973
0.6092816098638862
0.6095533756861287
0.6087811071833418
0.6094194795876509
0.6088092154172722
0.609193195016242
0.6089401009777241
0.6095208198144189
0.6084882694460815
0.6097139035380331
0.6089356811388799
0.6092076451389759
0.6086069645820426
0.609102037132881
0.6090596845038153
0.6091902350447836
0.6091942151769343
0.609075666377442
0.6092123113943828
0.6091208826470632
0.6089918653718368
0.609537767565133
0.6087239693056741
0.6095258795009354
0.6088045017866328
0.6089170874683294
0.6091381024403887
0.6092281496524099
0.6091972342906897
0.6089840645822806
0.6092811946026913
0.6088824174571814
0.6089546984237602
0.6092379268735015
0.6087556320625052
0.6088164093927452
0.6094267434257915
0.6092904680124893
0.6092281277696265
0.6087971825779865
0.6093997148241832
0.6089049798176385
0.609492378440786
0.6093257582557468
0.6090389516658214
0.6088848183968522
0.608827350139678
0.6092113718945937
0.6093416247377471
0.6091404435507133
0.6088423987350242
0.6092541768478867
0.6090944249513354
0.6089665487230703
0.6090521415174913
0.6088385499665054
0.6090335509602448
0.6090697296524027
0.6091385467655489
0.6091708774787855
0.6089079431221109
0.6090447908105711
0.6090978756157887
0.60960555039192
0.6090404309356782
0.6090462986920975
0.6092155405917683
0.6090717009875901
0.609012783286189
0.6089848846411464
0.6089749609166331
0.6092647676705455
0.6090682943769381
0.6086116667579465
0.6091661693046233
0.60956706843328
0.6094514177932642
0.6090474323630617
0.6094632662743635
0.6095337132034875
0.6089810784957626
0.6091112107682937
0.6090341603494231
0.609216989803743
0.6094391548336278
0.6088946237986235
0.6090210952654537
0.609543922872808
0.6092923477346471
0.6089914587102885
0.6092624962333708
0.6090807706893178
0.6088041922919198
0.6089568064111283
0.6089541325567964
0.6092835893496965
0.6083383532922293
0.6093015831958266
0.6093874438411128
0.6088759268676448
0.608975798388032
0.6093581785654365
0.609174047130624
0.6089268554664392
0.6090419744510431
0.6088108197632391
0.6093430719425803
0.6093584448516762
0.6092341283298895
0.6093155804288102
0.6092006605885181
0.6090300233967955
0.608750938648876
0.6091618438737196
0.6089282285504818
0.6094336286410069
0.6089686184819976
0.6093522821639707
0.6092726184739443
0.6095633942940477
0.6093290249290237
0.6089552792156269
0.6090697596430312
0.6089099596591661
0.6090038955547497
0.6094049985600775
0.6096520929122315
0.6092010843340117
0.6092914333907963
0.6091968305210131
0.6092916876427907
0.6091272310647718
0.6092200331237138
0.609292828848256
0.609299318348768
0.60944437775509
0.6092593790151326
0.6092886920244444
0.6091916647398745
0.6090098547559826
0.6090629666850409
0.6093683333745616
0.6091244364982966
0.6095794695332488
0.6091645194548607
0.6087796445432536
0.6093622047658935
0.6088365730424219
0.6093688470707791
0.6093206441390565
0.6089282631484261
0.6094313358991765
0.6091992878028103
0.6096230168789122
0.6086843735287133
0.608565325672346
0.6095831305409374
0.6086163055402207
0.6093516302583785
0.6089354371648579
0.6088366013788598
0.609374141056572
0.6092054007310094
0.6088664106682475
0.6089964299247226
0.6100175243989321
0.6094265755419732
0.6088277833187727
0.6093999621781958
0.6090303734293994
0.6089927571548559
0.6087083457709777
0.6093669652083391
0.6089764882604024
0.6094027714187857
0.60913650614149
0.6097386195555918
0.6085861965083492
0.6093925282449734
0.6088966097743904
0.6089952591120118
0.6092617319128276
0.6089806326350646
0.6098636887454207
0.6094355429792123
0.6088348717324729
0.6086612834983002
0.609121528290341
0.6092610796155702
0.609253185076368
0.6096568143857733
0.6090308389700003
0.6088086767115961
0.609153443256101
0.6090200734699431
0.6092177230773108
0.6091696045135161
0.6086469725890374
0.6087265501326501
0.6093304849959837
0.6089591900395386
0.6093409749686276
0.6093195574314211
0.6092991310489603
0.6096341093643849
0.6093808888698736
0.6088637973095153
0.6087885841279819
0.6089040655493503
0.6087192793232887
0.6094091188265396
0.6091240905954125
0.6089680785187706
0.6093068468417818
0.6089732298898487
0.6094032776631433
0.6091205669041567
0.6092771842127944
0.6095152867498072
0.608961556966231
0.6088679018066168
0.6095509826355449
0.6096704612370845
0.6090552341215991
0.6090550896286961
0.6087639137485448
0.6093923148555842
0.6089805303672811
0.6089931178610846
0.6091777071673457
0.6091103980219299
0.6094406537294268
0.6092022167429958
0.6091678506845741
0.6091165745902012
0.6093399048777117
0.6090873494932959
0.6089794879082435
0.6088350936804027
0.6089210720485582
0.6091521686065213
0.6092067060044082
0.6091102042225428
0.6089926940451459
0.6090565119902845
0.6090750787890992
0.6093012799051705
0.6089765794904017
0.6095206482637847
0.6094300315205444
0.6089210955567224
0.6092403805654911
0.6095306962413862
0.6092391624516693
0.609402447079359
0.6093952267195751
0.6092530558322218
0.6091912930290052
0.6098644352808668
0.6091562218067169
0.6094396321381763
0.6097895234176278
0.6093049146868131
0.6092867060937215
0.6087709162442573
0.6092564357945065
0.609566404168916
0.6089700930140662
0.6088677626406209
0.6095038229799737
0.6092002797068566
0.6091272955878697
0.6091625116449897
0.6091521497356701
0.6092535126548051
0.6091018960349049
0.6089139398018284
0.6089473744625261
0.6088528557413708
0.6091483069461523
0.6090338758104186
0.6089659760101795
0.6090903093087038
0.6091139167540128
0.6089468917449168
0.6092086254201324
0.6086946873430354
0.6094053794302784
0.6093959002467394
0.6091138004598038
0.6089837334663675
0.6089355007903237
0.6090479334074328
0.6088929270797763
0.6091859150064222
0.608930792854133
0.6092036407666173
0.6090383280019893
0.6090508472634527
0.6088847707430594
0.6094002072931372
0.6091404034450135
0.6092237047030091
0.6089444310407757
0.6087163561313536
0.609398690082717
0.6086498178468579
0.6093071860573309
0.6091835497939473
0.6090066510945976
0.6094740049117222
0.6091114206545487
0.6089287622224557
0.6094106367717075
0.6090406471548278
0.6089281732495488
0.6090563379836501
0.6087813511055244
0.6087549238026044
0.6092979075552208
0.6088368624144511
0.6090204916402246
0.6087989893003718
0.6089839982504036
0.6090308913863489
0.6093247929792234
0.609157872652398
0.6088169258750107
0.6087248574511182
0.6089527331070772
0.6091473159990008
0.6093531187852161
0.6091420242798252
0.609329651132962
0.6092203968048022
0.6095604853818838
0.6090512405869107
0.6092040752036073
0.6091359031983776
0.6094725241046528
0.6089411584909334
0.6087559220884149
0.6091310639620346
0.6094397552423432
0.609138721487634
0.6089923020785637
0.6089630302613186
0.6090363445853033
0.6091106958790948
0.6089010664159165
0.6091733002272137
0.6085136879771107
0.609163555328115
0.6086405140555957
0.6091084524316094
0.6090188262060832
0.6097511563074728
0.6094176335703502
0.6089502827974966
0.6089856037815803
0.609389998958861
0.6086669803264534
0.6089420909086221
0.6090811435156264
0.6093767830396069
0.6090327158694939
0.6093077253395689
0.6091808682199553
0.6093884289301587
0.6087986924383704
0.6090460233757545
0.6088504062296094
0.6094073380998557
0.6093213039425306
0.6092773149249331
0.6090071085759057
0.6092708525944583
0.6088144707872323
0.6092531322227984
0.6091686722201373
0.609403611828864
0.6091803164657442
0.6090656345358882
0.6090461959898525
0.6093742717716075
0.6092756748867918
0.608859554535037
0.609004025519533
0.6087491875145703
0.6088620569363794
0.6086412718480181
0.6091413764608613
0.6094001125054478
0.6092030726878932
0.6093062283279869
0.6092013682998627
0.6093698851113033
0.6093880220995177
0.6094224924835636
0.6094935611809082
0.6092671319591585
0.6093005191464509
0.6094062162657132
0.6092584053289452
0.6091541047197172
0.6086620982596453
0.6093615996386081
0.6094026303157911
0.6087924106483127
0.6088115692142603
0.6095119401851791
0.6092593657858832
0.6092884112149961
0.609182260547888
0.6091847102984138
0.6088623154487058
0.6093779802800066
0.6093593249714379
0.6088862709401064
0.6094635712102158
0.6092461688609485
0.6093460364545229
0.609182712199953
0.6091770184610551
0.6093201508967054
0.6092513277714069
0.6091814722532422
0.6093306909554613
0.6090535164490768
0.6090796150770953
0.6095568086706198
0.6090243094218951
0.6094934766188442
0.6097983289950477
0.6087577409635254
0.6093104388210504
0.6089416977168218
0.609205494675489
0.6091756849974291
0.6089029713030392
0.6087450356477203
0.6097391803268718
0.6093587033860809
0.6085711331488497
0.608853488783041
0.6091508719250754
0.609410521390012
0.6086029828842713
0.6095237371417661
0.6089491261931764
0.6096508874241428
0.6092999755672812
0.6088068272077675
0.6089164532038709
0.609088173284958
0.6092165000989316
0.6091289138832479
0.6087292693656302
0.6093040091506202
0.6090068394310857
0.608743308500399
0.6091009910747495
0.6092674562201352
0.6094302035663303
0.6089299557527471
0.6087142261269375
0.6091898795010631
0.6090023094436101
0.6094587377024108
0.6089786828720729
0.6093938423656712
0.6091560474055416
0.6093470367438384
0.6096171863223006
0.6091189624640898
0.6092470725098778
0.6093123484086164
0.6088858030154292
0.6091003444860956
0.6095580507993573
0.6087367652518683
0.6092126552042832
0.6089580999879626
0.6090900197132317
0.6089640341319151
0.6091688878106596
0.6096548186579744
0.6091557294813039
0.609025515899853
0.6088947532848845
0.6090276879640144
0.609082195838004
0.6089382830654173
0.6094727541386268
0.6090864682293804
0.6091525138178637
0.6089934910176646
0.6094037932421115
0.6092741319471112
0.6088727548267729
0.6093087766071106
0.6090329686541878
0.6089527321421266
0.6095335400623587
0.6089235176059407
0.6091278141395415
0.6088804930047018
0.6093666755812898
0.6090078845938305
0.6092084954172705
0.609335298694039
0.6088687726059402
0.6093111183669704
0.6092580979475499
0.6092013188405172
0.6093100107443905
0.6091540544518688
0.6091680146070428
0.6095863884198238
0.6089323219649859
0.6091069889783035
0.6090850645499133
0.609032983737277
0.6087307217881732
0.6087942075195573
0.6092911646028152
0.6094363281143587
0.6091996729172775
0.6092839978119866
0.6089505903316184
0.6092949176910154
0.6086338276118173
0.609074828391871
0.6093208925200453
0.6092549630114867
0.6089966143774083
0.6091244982331866
0.6090195849073036
0.609285658215552
0.6092584151918166
0.6092096558525049
0.6096515987440625
0.6089637830447785
0.6095310284965537
0.6091015090369274
0.6087557457921728
0.6093014464091648
0.609139738853945
0.6092483861053553
0.609129741934132
0.6096071187277095
0.6087734190682287
0.6091380025431201
0.6088084533524113
0.60901380843346
0.6092762706346575
0.6090623380016857
0.6087992548856336
0.6087991437104249
0.6091765344538903
0.6091827303437245
0.6088850440784279
0.6086240722700482
0.6085652274131981
0.6096351375727813
0.6089369483657926
0.6090403718899031
0.6091487357126288
0.6091217874329952
0.6092386768582327
0.6090701019960705
0.608683538750744
0.608933267840386
0.6090602028191195
0.6092027501050523
0.6089984822414447
0.6091787692223749
0.6089893678779229
0.6093257053587656
0.6089002726436421
0.6092861439511081
0.6093331240349292
0.6088764397315115
0.6090992149985341
0.6090880761588693
0.6094919440879124
0.6087863921740302
0.6091380716474857
0.6093434070306092
0.609317467114648
0.6088435034005237
0.6090777526324465
0.6090145567337858
0.608981713716134
0.609255814142832
0.6093423342872049
0.6088977594708274
0.608904575730652
0.6089408493252888
0.6093940350906552
0.6090740998880463
0.6089861970793575
0.6090300100977264
0.6090311696826999
0.6090171912860503
0.6089784087788294
0.6093353739125525
0.6091735011203809
0.6091704331269064
0.6091502609012789
0.6089577023979296
0.609166301234441
0.6092697641008485
0.6090647250875927
0.6087629381593105
0.6092922137253023
0.6090443928504375
0.6092360614016982
0.609238440182222
0.609508260374803
0.6093592921238679
0.6092132614308161
0.6091632837768195
0.6089417163284907
0.6090290308118624
0.6090985234670272
0.6092950610500928
0.6085579274169631
0.6091158726593618
0.6091414382112692
0.6091373969094233
0.6091451978533329
0.6098133014580654
0.6095709603181432
0.6089417734868567
0.6092562304001575
0.6089722789154357
0.6088017799254531
0.6088564732348934
0.6086194974802357
0.6090810145790093
0.6092600593138586
0.608911487197723
0.6090551610313828
0.6089379559487138
0.6092673397493963
0.6087925387761108
0.6092364199394565
0.6088554114596934
0.6093541249010428
0.6090615248610177
0.6089175573926251
0.6088535803968322
0.6089140708610128
0.6093164909293204
0.6085936595041666
0.6088801203541537
0.6087752734698757
0.6092081335602173
0.6090747523011995
0.6090111971147568
0.6092199254079147
0.60922395035185
0.6095073535731942
0.609284772262404
0.6089551987868214
0.6089746499487306
0.6095370376493389
0.6096842234283
0.6090782859871208
0.6094029820048676
0.6090742715165742
0.6093711190751674
0.6088118560592599
0.6090804856111561
0.6093520077008134
0.6089172911929193
0.6092033515761657
0.609035798026836
0.6089198626454924
0.60929938893702
0.6092785695242978
0.6089611147811053
0.6090066768629366
0.6091319554839079
0.6086236697808436
0.6089933323909209
0.6092036718770799
0.6089106518127873
0.6091754141283401
0.6092701439914042
0.6089579453652217
0.6094390682640971
0.6087465644545021
0.6094548647469971
0.6088063225822888
0.6091120123859317
0.6094673977184291
0.6088631926233676
0.6091222536388039
0.609374910473993
0.6091179051397084
0.6086893420115267
0.6089264058973928
0.6091013291454701
0.6092386242413281
0.609280229881384
0.6091218715426309
0.6092205210869376
0.6089509656496981
0.6088987864490459
0.6091401704058177
0.6090514349253447
0.6093095309799821
0.6092357872982952
0.6087591637427858
0.6086637957710126
0.6089648205074755
0.6092089955661195
0.609414903447824
0.6094422508687862
0.6094308720336953
0.6090997170019139
0.6091365250208322
0.609094357580765
0.6089632233164304
0.6091927718457637
0.6086209713017234
0.6090327576341795
0.6086156779535217
0.6091485715517206
0.6092582810938917
0.6085796027615871
0.6093611502889023
0.6094934214045764
0.6093711798027981
0.6094660087083019
0.6088933075013346
0.6090419559505202
0.6085456367205264
0.6088686801392639
0.6090849247870556
0.6086676754733635
0.6096499310961006
0.6089023560272304
0.6093008040403121
0.6092486827596473
0.6092362829649491
0.6090025498224185
0.609220690669209
0.6091658745564219
0.6090112445120996
0.6091763158141699
0.6086118265858573
0.6094231388770968
0.6088463593506432
0.6092025244238712
0.6087753858533683
0.6093027130146267
0.6091235794879811
0.6092942297496213
0.6091002129659175
0.6094076386139443
0.6093516681004955
0.6089459042877083
0.6094859929118762
0.6091246444897471
0.6087972576272893
0.6092294495934529
0.6088118923461232
0.6096174761445448
0.6093213643722304
0.608921191149944
0.6091640419757517
0.6090613424549587
0.6090375600996185
0.6094948432423004
0.6093647631763176
0.6093942551070404
0.6094034641037697
0.6092606388846433
0.6089048352912755
0.6088559557419866
0.6088906536450609
0.6092467073279476
0.609169148357116
0.6089852070253201
0.60931679131785
0.609220533275209
0.6091352003358866
0.6089894379639129
0.6088283008396926
0.6089850719085707
0.609214867253153
0.608870878411832
0.6086056193081897
0.6092149304784045
0.6089951345662772
0.6091265870786914
0.6094548677656485
0.6093267299788689
0.6088525624930183
0.6088827812124735
0.6091174013805625
0.6095089494034949
0.6091489675388104
0.6091914370100506
0.6092705054550058
0.6089939041875665
0.6092129379561697
0.609090716606013
0.6090489449971377
0.6094568677643927
0.609549894744808
0.6091441852788625
0.6088445590399141
0.6091588003498394
0.6085897172513438
0.6090554578943073
0.6088322232661517
0.6089649846785312
0.6088245008858997
0.6092776885184723
0.6093687379110957
0.6089823576251194
0.6095037673013974
0.6092936718618038
0.6090376341375258
0.6090752316979093
0.6092917070603392
0.6086170037504826
0.6088613186545038
0.6092595222563584
0.6091638994469817
0.6087461507593787
0.6090273035932243
0.6089350849302333
0.6095541046338977
0.6091797396684818
0.6091813750021543
0.6094969277670461
0.6093147797447247
0.6088629391980658
0.6091161630227746
0.6090579077475132
0.6094177676041285
0.6088414172723926
0.6093441228046359
0.6092080977013294
0.6093228098102406
0.6097855039336528
0.6090069508133892
0.6095178891657854
0.6089162863378095
0.6093575450649646
0.6090131396931104
0.609561809682571
0.6091216637317696
0.6085472435677928
0.6092331604988639
0.6095883741902146
0.6093192502925897
0.6090038147610749
0.6094667786417762
0.6092813499177188
0.6094462134685978
0.6090966774907521
0.6093396050320921
0.6089327942553732
0.6088268446649865
0.609468240979399
0.6089696502798272
0.6092269344480539
0.6091696757897556
0.6089584545239635
0.6093450022829908
0.6093032175431885
0.6091898279248953
0.6087086949519227
0.6090538909045355
0.6088196252300779
0.6090568872347192
0.6087252947526556
0.6090730899061141
0.609067762288352
0.6091178056157484
0.6086021516450532
0.6088885434272886
0.6092716508326115
0.6090955480471626
0.6095176959137957
0.6092695441603759
0.6090633501067437
0.6096169754830015
0.6086581567823472
0.6091621004594666
0.6091055875416655
0.6090290775114922
0.6091164675719731
0.6092452906468009
0.6090530852058158
0.6093770201701487
0.6095431249553385
0.6091769084947477
0.6095099415005265
0.6092520118271807
0.6088887151917213
0.6092625353409689
0.6093104391876109
0.6093179898165381
0.6089587440472545
0.6091532005160186
0.6089205274190024
0.6091891527691593
0.6086250039419046
0.6090806033422674
0.609320827426747
0.6096798440454063
0.6090488927492603
0.6093165572430044
0.608996496695389
0.6093104087485891
0.6094436253647145
0.6093289381003875
0.6091504936517584
0.6095761019141439
0.6093724430072922
0.6092857750061897
0.6095721027308341
0.60900471367874
0.6086340505421479
0.6090011263832718
0.6092035985330195
0.6093224932387198
0.6091627032547141
0.6088798013099721
0.6093128639812746
0.6094228992903526
0.6091134557343055
0.6092213981538049
0.609144475659569
0.6092018409040328
0.6089666487457621
0.6091329188768002
0.6092420854477978
0.6092841344921198
0.6092852574659301
0.6093197457833188
0.608684707954349
0.6092888209621603
0.609335756538045
0.6092543529374459
0.609141608067503
0.6087846445286146
0.6088847282268929
0.6093349654883813
0.6089228819192349
0.6096170775717831
0.6094361035531057
0.609348947806146
0.6088297752144802
0.6092493107396254
0.6094608193676805
0.6090546128361081
0.6088674974606247
0.6092117995728463
0.6093004110437801
0.6093944034406501
0.6088416148994863
0.6094486908522846
0.6094875715270565
0.6090350573247738
0.6092293221168319
0.6093180075054054
0.6090258750289832
0.6093896051108878
0.6094756656392781
0.6089754795737672
0.6093822374486038
0.6092185833663581
0.6087491843623036
0.6087908282663755
0.6091223493642117
0.6095314005682618
0.6086195188804167
0.6090621883616999
0.6093667221668588
0.6086439161316679
0.6088412763978183
0.6093329517278129
0.6091792885118065
0.608948889903068
0.6091498089615919
0.609089071736495
0.6089018568962461
0.6089753409743609
0.609625195947632
0.6090465879597583
0.6096058142024652
0.6091585608028093
0.6094294516214737
0.6087656305203701
0.6090507074107925
0.6091476717431872
0.6091549399492437
0.6092683999705462
0.6098061407470636
0.6089711196087714
0.6094434632538426
0.6092531419352953
0.6087220585421652
0.6095897049150966
0.6093043520575219
0.6087531297730856
0.6095989657501402
0.6092489045205836
0.6088934467948675
0.6090700501961643
0.6089355373171443
0.6092289959978154
0.6090800885948463
0.6095402235140689
0.6089461931620676
0.6093933670433593
0.6094506931443472
0.6091022784637469
0.6091453993258827
0.6091767454563043
0.6088609909254398
0.6092630248875693
0.6087507569803753
0.6092089229743848
0.6094356036773318
0.6094141902460812
0.6092444156046122
0.6090560256928025
0.6089831689349066
0.6091356281871809
0.6093039213745971
0.6089198899973012
0.6090856048146637
0.6096093685099286
0.6093448583121758
0.6091951787054946
0.6090198453206916
0.6090461893504343
0.6090771623599003
0.6086522959308449
0.6091283143315818
0.6091408150312035
0.6085749765854873
0.6091338022791533
0.6091218251703989
0.6089123070768313
0.609201201595119
0.6092609929620441
0.6087052112196036
0.6093159417308753
0.6089910178321196
0.6091607864652968
0.6091557630912452
0.6089342022848123
0.6090420400255601
0.6092022198373944
0.609260674296596
0.6094389244933567
0.6091812033578022
0.6090037037619228
0.6092799816728548
0.6090660946628885
0.6093089948799528
0.6089094330781147
0.6092419682503902
0.6093740933084962
0.6094627787737692
0.6091839001459125
0.6092695821767009
0.6092848873846105
0.6092154437855788
0.6086708805621177
0.6088810764247152
0.6093410780023334
0.6091282096039794
0.6094688227963412
0.6092297956591731
0.6092093423567235
0.6096332207984974
0.6092544013122443
0.6089314251848608
0.6088330279576111
0.6086253107352457
0.6093186118922312
0.6090120655350784
0.6089357660354889
0.6093385351071838
0.6095866863079586
0.6088863604145469
0.6094180432656243
0.6094488308104289
0.6089792590498379
0.609264291582553
0.6093874584454442
0.6092012709981147
0.6088162657879075
0.6086106908705191
0.6093253755563985
0.6090565182443461
0.608954483796749
0.6088149150760018
0.6091775708699871
0.6089325143893158
0.6091212974273889
0.6094443913656593
0.6090343159217961
0.6091260279105521
0.6097624574511864
0.6090522471553709
0.6088504114768225
0.6092518930420238
0.6090638568898705
0.6093510794426578
0.609189253749955
0.6091982068649857
0.6088777940914002
0.6093487687942234
0.6092323339459822
0.6092005015033718
0.6091285618224491
0.6091453355499113
0.6089078083806044
0.6090888032651727
0.6096074407158221
0.6090541729614309
0.609175740066853
0.6093140948895793
0.6088537355931678
0.6091716790002448
0.6093142271634717
