0.6540522418287247
0.6539180623186432
0.6539237485064031
0.6539484459764141
0.6539704103713884
0.6538648421388592
0.6539491862630894
0.6538643007321636
0.6539006184838203
0.6540071006923189
0.6540959022358458
0.6537165194708855
0.6539647842350047
0.6539617013035359
0.6538984334499167
0.6539560942420852
0.6540762052721574
0.6538300833688236
0.6539867479772232
0.653894440746523
0.6539164948251504
0.654089760872854
0.6538258395646319
0.6538683278783436
0.6537974567886922
0.6540142692172125
0.6539443710549339
0.6541264458843197
0.6540776329808258
0.6539669649269402
0.6537441474607515
0.6540436557344493
0.6539322669347734
0.6537297148154109
0.6538751466712397
0.6540349700299111
0.6540116631918628
0.6539722392300845
0.653937275618518
0.6539111741324631
0.6537476794939774
0.6538867142152964
0.6540273376439475
0.6538391134744632
0.6537745109319888
0.6538554700107492
0.6539439538410841
0.6538532880532929
0.6538626397710691
0.6540161647001401
0.6540458689139179
0.6539201401267875
0.6539727893824501
0.6538090533377756
0.6538581801419062
0.6539388490368383
0.6538601248457261
0.6540281716605889
0.6540207113980133
0.6538525505836343
0.6539979727843068
0.6540024751083612
0.6539801590646055
0.6541141729826966
0.6539074182419433
0.6539888638761018
0.654047691855949
0.6538244619784894
0.6538046486420259
0.6539289358493805
0.6537808186604462
0.6539598601292032
0.6539044184087985
0.6540040829045743
0.6538771849572127
0.6539430907541207
0.6539828452853831
0.6538258136169063
0.6539755453972009
0.6539471364171529
0.6541244707018945
0.6539169142183443
0.653972793218212
0.6539246879826514
0.6538643474954119
0.6540283449804705
0.6538134361893597
0.6539557993250299
0.6538901663780516
0.6541010698885525
0.6538794988416055
0.6538552392957132
0.653847823192212
0.653965015081967
0.654121299347793
0.6539334573788229
0.6540274113705489
0.6537974782761764
0.6539651603769783
0.6540117003486419
0.6539249690386614
0.654077034776157
0.6541025957669557
0.6538286930146863
0.653851231129583
0.6538395620353894
0.6539954467180616
0.6537999294219171
0.654092262300878
0.6538596396634777
0.6540426163767841
0.6539242887689725
0.6540238203123853
0.6540341103249669
0.6537960110683232
0.6538416021084994
0.6539965467101403
0.6541409789980528
0.654001574942561
0.6537809583006278
0.6539685046608849
0.6539273563950165
0.6540094374173567
0.6540213077900502
0.6540868830941418
0.6538093773280331
0.6539204263458063
0.6537542481526143
0.6540655573654672
0.6539263778826538
0.6539395519430328
0.6538718512567505
0.653892465287166
0.6541664354070212
0.6540412178536263
0.6539487237343375
0.6539123186201401
0.6538907895721593
0.653878500336309
0.6541156971408144
0.6538408001423681
0.6539184064589494
0.6539393803071537
0.6539393667486191
0.6538629944656751
0.6537957976359183
0.6540568913972312
0.6538155624662878
0.6539199817868704
0.6537820808153633
0.6539829014290583
0.6539530792376393
0.6538799461404856
0.6537889330763388
0.6539430312781866
0.6538128773033716
0.6539744993787479
0.6540048196947174
0.6540103949490338
0.6539859588490813
0.6539618772560676
0.6540460376282677
0.653999092799464
0.6537989731570668
0.6539010601783384
0.6539923392339697
0.653755258309722
0.6539844092691711
0.6539735045869113
0.6540939032554537
0.6540212400998704
0.6538676782665742
0.6539672288705082
0.6539500515648351
0.6539878123276608
0.654090997226583
0.6538844605876647
0.6539266253848881
0.6538284508540837
0.6540351552621662
0.6538502023104606
0.6540148576345882
0.6539255712175318
0.6540131291521747
0.653999786471791
0.6538858704775539
0.6539596245808481
0.6538142885065324
0.6537528868146509
0.6541139010058363
0.6539401289869463
0.6540576781741612
0.6538368093315925
0.6539008604691314
0.653967841758559
0.6540201613848153
0.6539111291249078
0.653875123743218
0.6540290010455833
0.6539749584081885
0.6539612695729725
0.653979557399061
0.653883513712348
0.6540018391464535
0.6541574936917762
0.6539031192987678
0.6539544310959724
0.6540568180797466
0.6538999508422979
0.6538628460000624
0.6540173079741245
0.6538652448567751
0.6539878940820627
0.6540410905536549
0.6538581527585973
0.65396785250915
0.654006666970235
0.6540543488513393
0.6538866477534608
0.6541755261045619
0.6539755938180131
0.6539663552617654
0.6539105780030793
0.6539781745829043
0.6540647230545753
0.6539458029075789
0.653897051311663
0.6538662473149132
0.654043581861784
0.6539841845873903
0.6539484931562213
0.6539441114474773
0.6539071119557804
0.6539025530037994
0.6538861552779875
0.6537615332466931
0.6539487144787719
0.654011783460128
0.6539005205247242
0.6538872219982559
0.6539000119790562
0.6540812473415325
0.6541241835370895
0.6539066821243484
0.6539742040334517
0.654112815091203
0.6538767686020904
0.6538055889038555
0.653918597728701
0.6538776200581455
0.6540302245559964
0.6540361416575747
0.6538436945586394
0.6540681545013938
0.6539097839508711
0.6538275206099643
0.6539878309284045
0.6539473665154443
0.653917513587848
0.6540298134943856
0.6541085130269163
0.6538528631428452
0.6539699980374144
0.6538711904912266
0.6539193109831895
0.6538141062699816
0.6539068436788891
0.6538526244488634
0.6539352128149949
0.6538496760066276
0.6540354342647121
0.6539099199450075
0.6539741463444191
0.6539321214625602
0.6539549203338011
0.6538326207681362
0.653969326131651
0.6537022990691996
0.6539236737174189
0.6539290372580151
0.6539438218567091
0.6538613877716233
0.6539558966773986
0.6539780340573808
0.6539889083693791
0.6538853129732638
0.6539941848978934
0.6538597601330274
0.6539720669981451
0.6539544561508482
0.6539284572657207
0.6538819770547104
0.653883380587449
0.653895226019983
0.6537804730363604
0.6540452943866374
0.6540363286232099
0.6537749862755563
0.6539851165342441
0.6539488700000311
0.6540015471347099
0.6540159828098585
0.6537742489253994
0.6538574890769493
0.6539349975443762
0.6540286433205192
0.6541276581593125
0.6539401672862879
0.6539262755840751
0.6539861182442618
0.6541170726563964
0.6539863626742184
0.6540631257919785
0.654067795292787
0.6539715583171389
0.6540363800851129
0.6539462207857638
0.653869044747986
0.6539365609106722
0.6539511399299619
0.653858695268102
0.6537718883368662
0.6539435588522158
0.6539141591627398
0.6540476312811037
0.6540394126468123
0.6541850118043679
0.6539384366728563
0.65383450338009
0.6537898336637236
0.6536816992276528
0.6538993232150748
0.6539658399473619
0.6540435242753984
0.6539989933209238
0.6540041212607364
0.6539633584952501
0.6539264742599784
0.6540796822591523
0.6538173098264881
0.6539253623708631
0.6540235778506562
0.6539948865189134
0.653932183240137
0.6537821147166589
0.6539416277944714
0.6538684768385165
0.6541898104070625
0.6538676885493204
0.6538554985599484
0.6540030259202276
0.6540783135763957
0.653884426248437
0.6538825178977985
0.6539606485248355
0.6539344443028148
0.653854897403707
0.6538636516712566
0.6538560668838902
0.6537942514813202
0.6539119236870785
0.654053547268328
0.6539876794191738
0.6540319800242974
0.6540982771130938
0.653895429742143
0.6538993622245883
0.6539247589784826
0.6539353738381608
0.6537918311214643
0.6540236293854905
0.6539842468315744
0.6538914752534258
0.6538986213777347
0.6540275931939583
0.6538786106185963
0.6540047462652867
0.6539416867347492
0.6538254112926992
0.65405821873738
0.6538278811531804
0.6538564827970283
0.6538679453034608
0.6539912272883724
0.6538562702487767
0.6539680269536607
0.6538270212467959
0.6538489188737007
0.6538364148113256
0.6540995991674925
0.6539152063194351
0.6540585801691168
0.6539319616600685
0.6540536369721042
0.6538277759204539
0.6537563206264668
0.6538523782458778
0.6540647042551819
0.6539318004940305
0.6540845741015101
0.6538240814696487
0.6538558255342924
0.6539182690932153
0.65389928111416
0.6539131952949084
0.653892439585339
0.653946317229504
0.6538235518614195
0.6538092444380654
0.6538821363893076
0.6540262225544018
0.6538599457255505
0.6540737625434363
0.6540219488410097
0.6539966891986168
0.6538762353733102
0.6539248173155914
0.65380119005424
0.6540660087350846
0.6540823829464413
0.6539237918671225
0.6541235241145014
0.6538212646806341
0.6539437855478786
0.6539268376836692
0.653795922498819
0.6540340653343597
0.6541274206469376
0.6537863621897599
0.6539622543112689
0.6539767966848662
0.6538938326574906
0.6539244319259888
0.6538593031274409
0.6537515436331284
0.653945036179604
0.6539701955837108
0.6539100908293466
0.6538179754627507
0.6537504078943193
0.6540806506215033
0.6538575702133929
0.6540058548796062
0.6540237567373447
0.6538691683739335
0.6540861712098616
0.6539345140261037
0.6537768872327084
0.6538733673669243
0.6539600076756482
0.6542696134903381
0.6540424796760282
0.6538834724603309
0.6541582573838556
0.6540745281137756
0.6540434843831815
0.6540440596064109
0.6539368336827192
0.653977901547206
0.6539369264103978
0.6539853530971853
0.6539829633439966
0.6539183797887211
0.6539024093212726
0.6539984595258735
0.6538886721741599
0.6538491094527343
0.6539095679412146
0.6540027140145984
0.6539333681176223
0.6540785916995392
0.6539306709605532
0.6538665280296849
0.6539217638384132
0.6540149703267233
0.6537834414047243
0.6538195278278203
0.6539731648421855
0.6539847638116095
0.6541058895872036
0.6538855365756443
0.6540461491874978
0.6538556617896262
0.6539135007635368
0.6538387989965546
0.6538694701786365
0.6539015160326405
0.6539497502619009
0.6538668562347778
0.6537564127342491
0.6537340843658862
0.6540234275239307
0.6541152108310385
0.653856609412558
0.6539387760839455
0.6538795004680779
0.6538843695650844
0.6540685417900463
0.6541577482023149
0.6540059847001464
0.653847293675228
0.6539866955985083
0.6538684412518208
0.6538455764828679
0.654133415388562
0.6539007246755936
0.653870245105421
0.6539606137234673
0.6537270444069181
0.6539597423371939
0.6539440585123037
0.6540678675810264
0.653694723054012
0.6539336252477626
0.6537960935796551
0.653962243716169
0.6539717088534829
0.6539851083581206
0.6539840913169985
0.6539562555770232
0.6539039341807645
0.6539980582569168
0.6539591182669291
0.6539972195758432
0.6540664926288767
0.6538750277231855
0.6541134766004197
0.6539104568254976
0.6539242538808386
0.6540032857142295
0.6540559359036862
0.6539156285502041
0.6538883684274188
0.6539356550153269
0.6539984612658549
0.6539572209249028
0.6537827396940505
0.6540869828024003
0.6538087863291488
0.6539197316340507
0.6539669123062568
0.6539439525649706
0.6540505446498901
0.6540329367260647
0.6540122137064536
0.6538893523588076
0.6537875356794601
0.6539396244979163
0.6538983665057343
0.6539768909027701
0.6538020566017929
0.6539155445971807
0.6539015849399878
0.6539596660800266
0.6538402356021012
0.6539979151148084
0.6539964245244319
0.6537754433363502
0.6539990249736892
0.6538287690117978
0.6540368421693803
0.654019379430163
0.6537869253739755
0.653909260932195
0.6537817366265479
0.6538440311723743
0.6539088564998895
0.6541969358403381
0.6539668539064883
0.6540221459264273
0.653972903071704
0.6538883641973845
0.6537846754240915
0.6538641054237756
0.6540414391036931
0.6539459835556303
0.6540079519197666
0.6540508527284938
0.6539747377351036
0.6539214893393335
0.6539345258303714
0.6540544622701143
0.6538859677739308
0.6540932125341633
0.6539263329663587
0.6539387710681095
0.6537347300819045
0.6540500533832609
0.653985367791004
0.6541218059239996
0.6539087931676403
0.6539538130079363
0.6538993040162702
0.6538290625530876
0.6537810021391894
0.6538121599570388
0.6539790355367799
0.6540176198591416
0.6539946682876865
0.6538623720577339
0.6540527705204656
0.6540299461640784
0.653991583083346
0.6540600101648578
0.6539650574938893
0.6540270172040534
0.6537326156113559
0.6540070337370413
0.6540532079489673
0.6539396723860291
0.6539827770746333
0.6538968117907151
0.6540662288283063
0.6539617441943725
0.6538186591334005
0.6539620024555393
0.6542106297398496
0.6539847292817196
0.6539483964668632
0.653877038889675
0.6540741671434495
0.6539905574674831
0.6538393009895073
0.6540051678913632
0.6539163184725669
0.654043829010881
0.654133075226129
0.6539699211157703
0.6539332579959646
0.6539849962164874
0.6541499709954948
0.6537657986384225
0.6538561539933412
0.6538291125825868
0.6538751722834625
0.6540229730342727
0.6538005096189593
0.6539988991497611
0.6538554776763643
0.653951522659269
0.6539567764207184
0.6539176904592457
0.653897891380552
0.6540485353489944
0.6540077701070744
0.6538827407406862
0.6539831290682041
0.6538443503525024
0.6539327447520613
0.6540101784733482
0.6538503493228828
0.653934397544231
0.6539606598341091
0.6539994614534121
0.6539007424314462
0.6537897034027823
0.653966534927197
0.6539379682213068
0.6538265867204247
0.6539172821414854
0.6540366233534111
0.6539963336366318
0.6539913693902061
0.6539843928145492
0.6538545656739541
0.6539692788051149
0.6540109564420746
0.6540360520429822
0.6539065172849632
0.6540135199426007
0.6539985747967045
0.6540575013612835
0.6539719146563735
0.6539282991774764
0.6539494094725247
0.6539295983527598
0.6540396272370353
0.6539977898577098
0.6539102399094315
0.6537619258191241
0.6538181641780938
0.6537833489766534
0.6538401941680124
0.6538728966773152
0.6540279113867896
0.6540363311188165
0.6538187870697253
0.6539962552600596
0.6540354829469965
0.6540113902602058
0.6539613250657647
0.6540214182213223
0.6538865242751055
0.6538013847812447
0.6539206331673151
0.6539807623058267
0.654000214745511
0.6539289608299798
0.6538782105934211
0.6540340872996626
0.6538596330815095
0.6539381649657288
0.6539690367073888
0.6538970831894377
0.6539340489829124
0.6539726564394543
0.6539604195426362
0.6540956019423729
0.6540169087392087
0.6539744181737376
0.6539820839682788
0.6539438364310244
0.6537113489118055
0.6539771354112363
0.654098351575993
0.6538757697990649
0.6539143375579661
0.6539481043461433
0.6539974241934174
0.6541423632676613
0.6538532313111861
0.6539150067565971
0.6539572944444628
0.6539585201728452
0.6539224729541157
0.6538396192632975
0.6539619512274756
0.6539909427853288
0.654014656028172
0.6539457538002966
0.6541719707085614
0.6539717649277055
0.653934660216021
0.6537808368748201
0.6538448461460592
0.6540274045779292
0.6537585735901159
0.6540229253596264
0.653994808030462
0.6539566905114513
0.6538419555371904
0.6540010837980565
0.6538683775518577
0.6537834738753938
0.6539314818597448
0.6539277880938172
0.6538741671266791
0.6538124252331001
0.6538774585735129
0.6538474249568128
0.6542939593775816
0.6538393525161571
0.6540182497470736
0.6538575544837315
0.6540015313018289
0.6538971129178146
0.6539058111884785
0.6537601331179442
0.6539756786748714
0.6540037381576339
0.6540151016201816
0.653869632257203
0.6538131018886479
0.6537861585522131
0.6537997110491331
0.6539710485346967
0.6538920811701548
0.6539163119291062
0.6537698957525744
0.6539762904093859
0.6537234466916868
0.6539144982879428
0.6541232787969067
0.6537559770529247
0.6539172324236623
0.6538765607195086
0.6539388892141961
0.6538842874466688
0.6538707590911358
0.6538590825341724
0.6540272021513454
0.6539891173639778
0.6538787939582387
0.6540501911477865
0.6541497180277356
0.6538883433721043
0.6538731704470138
0.6540384233851402
0.6538936352477651
0.6538417460417183
0.6537939891113627
0.6541093724457687
0.6540491984493203
0.6540251083384041
0.6540738286234261
0.6539313266310288
0.65402258105968
0.6537858523576757
0.6538533526264932
0.6538500885189327
0.6539467236258498
0.653947066263711
0.6538071166762072
0.6538078845112789
0.6541835224977175
0.6539135149891124
0.6538343441447811
0.6540157406568706
0.6538703541562276
0.6538128545527808
0.6538186666037878
0.6540216882931316
0.653901917039053
0.6540518274624345
0.6538441684383487
0.6540919101116611
0.6538764587896249
0.6539543783298529
0.6539940605953691
0.6538310891877045
0.6537260083076685
0.6538341940819374
0.6540429385076293
0.6540355654704122
0.6539506632740721
0.653985612042063
0.6541477753236029
0.6538678750365536
0.6540298513938535
0.6540462735264916
0.6540466484901131
0.6541507939543341
0.6539718305337414
0.6540475577253773
0.6539819637893771
0.6540086731725185
0.6538956499148201
0.6540676330721518
0.6538808895502832
0.6538072499597622
0.6539736818823323
0.653820701029055
0.6540433883252562
0.6539384727003339
0.6539470395371525
0.653878782905977
0.6536848911549763
0.6540635554420969
0.6538737287467267
0.6539438387062861
0.6539905995004283
0.65398173312891
0.6538933399843122
0.6538977926798744
0.654054137737716
0.6538979066784603
0.653942421788515
0.6539597500881735
0.6538594630541921
0.6538079498387306
0.6539473027830478
0.6538980386574775
0.6539069084532809
0.6540847126017262
0.6540667287797121
0.6539572193284476
0.653865555118798
0.6540587400108901
0.6539197621500445
0.6538910199795691
0.6538583398201827
0.6540033210495002
0.6538633717596427
0.6538567747206963
0.6540147094895365
0.65391915288501
0.653914016213146
0.653909345258621
0.653925240798082
0.6539222301289694
0.654028037634431
0.6540505932926177
0.6539137638744037
0.6539786928561319
0.6539412770595353
0.653943696216831
0.6540785153503172
0.6539993637809736
0.6538811634558626
0.6538725150860245
0.6539991437439767
0.6539671535306548
0.6540726425211715
0.6539183130068635
0.6541270213848767
0.6541567756921549
0.6538129803630607
0.6540138566030409
0.6540351498798987
0.6539650050199748
0.6539864025488358
0.6540155315289675
0.654000824687859
0.6538876978864405
0.6538338174388165
0.6539096028651927
0.6541108636413161
0.6540053832038426
0.654039032253834
0.653973659758063
0.6538803197251903
0.6540764521685316
0.6539850641332428
0.6541513189191474
0.6538930507917707
0.6539294806997352
0.6539383173067221
0.6539949371540604
0.6537910391056027
0.653977048070814
0.6539412518162679
0.6539601310616117
0.6538999138911893
0.65392036187963
0.6542085897144545
0.6539435786073304
0.6539290178651187
0.654082599912363
0.6537687563533588
0.6538596689674581
0.6539296269565461
0.6541298191170113
0.6540216958575554
0.6541120578325974
0.6539813251683181
0.6541286924398398
0.6538525302130471
0.6538919064300122
0.6539060685077485
0.6540792001477836
0.653924188790783
0.6541335734932741
0.6539020895576262
0.6537704819791861
0.6538850000199243
0.6539677178946215
0.6540914623774301
0.6539695137490924
0.654024660915813
0.6539818258446681
0.6540122190062534
0.6540232359912797
0.6538510053711928
0.6539227548774222
0.654116702046545
0.654105103781273
0.6537817415304449
0.6539995938368866
0.6538464126915426
0.6539235344837793
0.6540497294603781
0.6539777299308694
0.6540709898110313
0.6540521609811623
0.6540695143413209
0.6538786770159946
0.6540256972698164
0.653806040140273
0.6538712609716697
0.6538243282362005
0.6539088379570048
0.6539062741701054
0.6540488987380263
0.6539221923993197
0.6539988731546911
0.653737991327538
0.6538647819708994
0.6538311580581228
0.6538090005285657
0.6537779052221709
0.653935039786015
0.6540941923067098
0.6537994280266588
0.6540404600366242
0.653958638222385
0.6540510799757489
0.6538252727040944
0.6539471078787461
0.6537828487718763
0.6539271557475661
0.6538910206095062
0.6540208789952267
0.653992861146134
0.6540705534098081
0.6538694973521444
0.6538570237658968
0.6539784861004223
0.6539137223568948
0.6539392388656133
0.6537540557396451
0.6540050699912093
0.6538299426717896
0.6541114893013072
0.6539970408038318
0.6541351480155952
0.6538505399139052
0.6539745733979647
0.6538234476726617
0.654011907984498
0.6540726151660126
0.6538774249278347
0.6540529808107143
0.6539499172521885
0.6538240495498525
0.6539604213585397
0.6538922956661761
0.6538506529621728
0.6541925255035421
0.6539427493741321
0.6539889951361877
0.6538325544392721
0.6538980453423713
0.6538758462717792
0.653812777709889
0.6539927868322917
0.6539086787649872
0.6540251061307191
0.6540576266727737
0.6539227991535324
0.6539890823496528
0.6539974069409893
0.6539035013175428
0.6539723373870777
0.6539456110551626
0.6537947572696009
0.6540407536052026
0.6538122762309645
0.6538879221956255
0.6539859870155739
0.6537959780698095
0.6538795202802827
0.6538823790682486
0.6539565643154859
0.6539579205794661
0.6540461164370974
0.6539275426667848
0.6540210651519653
0.653881259905829
0.6539086717811837
0.6539584798580833
0.653925972583081
0.6540268194191236
0.6538958395026803
0.653898410197369
0.6538912044111003
0.6540152632904841
0.6539119027333935
0.6537391503771005
0.6539922648466703
0.6540406829886032
0.6538543572916569
0.6540786064550375
0.6538877415722424
0.653885761634861
0.6539342931933078
0.654132836729129
0.6539027450116345
0.6539624613729363
0.6538468798180811
0.6538257162023877
0.6540281132570935
0.6540361119144423
0.6538053741559706
0.6538825281376345
0.6538691304124566
0.6538100540730032
0.6538496385346964
0.6537353532757353
0.6539033150250959
0.6540610016821657
0.6538586657745349
0.6539891240005139
0.6539342733041781
0.653820851390846
0.6540345734158115
0.6539357234921214
0.6541160910943902
0.6538575498679682
0.6541249853386731
0.6538299199716096
0.6539331043520231
0.6539535041294557
0.6538997460211594
0.6539070692519664
0.6539624507250557
0.65396856120052
0.6540138429126767
0.6539957204416429
0.6538834756827279
0.6540130506106032
0.6538788946155427
0.6539475652508367
0.6540385032652946
0.6539184019581549
0.6538459999560648
0.653928025368939
0.6540684100104375
0.6539285258557488
0.6539867154307564
0.6538453165639695
0.6538315472243199
0.6541437732212976
0.6539188817118068
0.6538869940123577
0.6538875158458552
0.6539615743898662
0.6539687371391953
0.6538727075157962
0.6537653048288462
0.6539719386772243
0.6539235473607752
0.6538598668239998
0.6539485692886282
0.6539328044187305
0.6541269927887455
0.6539778042740079
0.6540315282082532
0.653906527133317
0.6540175496319145
0.6540356383863459
0.6539430030269242
0.6540872204461489
0.6536559483271611
0.6539568620362419
0.6539933685929284
0.6539451946780633
0.653774255769573
0.6539063070102469
0.6538617858955145
0.6539386962543765
0.6541686985504221
0.6538452546707172
0.6539827394083236
0.6538742437127837
0.6541475429228921
0.6538962066951285
0.6538939765237072
0.6538298086340772
0.6537923676044417
0.654017389331579
0.6538644723678293
0.6539787781731682
0.6538680424071882
0.6537677427650913
0.653829092493615
0.6540655659029216
0.6539940875610537
0.653910639986262
0.6539389659539595
0.6539936923452412
0.653808901110531
0.654021957107968
0.6540025849872517
0.6539144682335236
0.653898318212867
0.6539733310388911
0.6538995430174729
0.6538718407425964
0.6540590846289266
0.6540685408801513
0.653879479940025
0.6538744241991756
0.653961436608182
0.6538517577672351
0.6540298955916637
0.6538957461735722
0.6539676638906627
0.6537605181443726
0.6540738005672577
0.6539616556342882
0.6538115512115702
0.6539250153673468
0.6540557841915252
0.6540253757146712
0.6539859378710138
0.6538249366894882
0.6539930752657693
0.6538982511070093
0.6538428347549197
0.6539456832192518
0.6540197091072214
0.6539491244486363
0.6538708852117113
0.6539664424890967
0.6539376646387614
0.6540080364836106
0.6540576597111244
0.6540141790788222
0.6536808438506305
0.6538578083831212
0.6538717518774331
0.6540364624019818
0.6540275939178589
0.6539495790651786
0.6539830596867049
0.6538537710223109
0.6540597950075038
0.6539455595805955
0.6538850419146602
0.6539480126945283
0.6541569382052667
0.6539235513965995
0.6538864498295038
0.6539481750450958
0.6540176515291907
0.6539065033632407
0.6540041155035765
0.6538705036182307
0.6540232700835331
0.6538833648225156
0.6540315241312982
0.6538706399376619
0.6539982693565988
0.6539218631699292
0.6539200882807469
0.6539637418575834
0.6538823742566319
0.6538892833072104
0.6540608155402998
0.6541070941791506
0.6540148307081166
0.6540430626845254
0.6541167043140682
0.6538375762159102
0.6538833460374287
0.6539693252129263
0.6538982817812427
0.6539162001192935
0.6538784005633343
0.6540786818993477
0.6540940355059057
0.6538685291191622
0.6537449447392215
0.6540042187943819
0.6537436634082395
0.654047552469059
0.6540248035530729
0.6540552661755448
0.6539371386540149
0.653942795078707
0.6538770731429728
0.6538578558299118
0.6537909609972137
0.6539718943341976
0.6539318588850648
0.6539025851412718
0.6540112199626003
0.6540501613409894
0.6539233980087769
0.65418660135433
0.654080355169576
0.6539877569649218
0.6538888224383868
0.6537399883120658
0.6539795310602117
0.6539569561566454
0.6539116365787885
0.65398001324765
0.6538766664429296
0.6540241539756486
0.6539240783352811
0.6539322125339737
0.6538206113304836
0.6539832386868514
0.6537821465055527
0.6539319021387023
0.6539278939447384
0.6540139268798245
0.6540830013880892
0.6540074849912181
0.6538753824615513
0.6538547437439002
0.6540217611129676
0.6538764173763526
0.6539799324914678
0.6538628530095418
0.6537868622683044
0.6540047998437379
0.6539409009135713
0.6539267606282523
0.6540575052364433
0.6539850405103653
0.653907835603263
0.6539976474857909
0.6538301184434041
0.6538183228844702
0.6538060033794771
0.6539807039761142
0.6540813236108014
0.6539852676025446
0.6539260641872793
0.6537329441012445
0.6539655793337654
0.6538289656132825
0.6539274199576697
0.6539591183254836
0.6539030886852601
0.6539492799031479
0.6539943471895155
0.6539611874779192
0.6539664755822641
0.6538947210693131
0.6540342020870457
0.6540561005387541
0.653958059570623
0.6538723602701892
0.6539188782479719
0.6538977823199192
0.6539182067247893
0.6539565939372166
0.6539616098859151
0.6539522637142449
0.6539327896882579
0.6538087367316274
0.6538607240342733
0.6539500605640346
0.6539601176903855
0.6538058559380757
0.6539206743639195
0.6539958429542039
0.6537858568973061
0.6540647491472346
0.6540907799827183
0.6539322556009396
0.654101475158724
0.6539626250256254
0.6539419434912493
0.6540158793641973
0.6537358157378763
0.6538397585708867
0.6538805500679323
0.6539900615594109
0.6539956260578343
0.6540291033528238
0.6539302625542769
0.6538884631615397
0.6538821712351957
0.6538933191425161
0.6540072526066714
0.6539014639306961
0.6539973679042252
0.6538456811613755
0.653930725796114
0.6540256805269827
0.6539556791435175
0.6538306638662421
0.6539705783483517
0.6539700094748894
0.6537745244804456
0.65393149525667
0.6538388720105902
0.6539239958331393
0.6537729786954103
0.6538838301405849
0.6540209721457019
0.6541016532931749
0.6539134425863038
0.6542041944236023
0.6539166781708373
0.6540142813623098
0.6538645894743571
0.6539424675254437
0.6541280158654105
0.6540514654922842
0.6538261030134382
0.6538778436050215
0.6540358654659209
0.6538724192676904
0.6539697943969307
0.6539158262930543
0.6540355290000986
0.6538530426698613
0.6537941376896088
0.653969121104127
0.654153214686333
0.6539680234315145
0.6539939349538438
0.6539189049023368
0.6538483569895147
0.6537571428107052
0.6538493186501586
0.6540106708525234
0.654037704799771
0.6538586623447347
0.65391156624544
0.6539468998364492
0.653848270122181
0.6537947255346447
0.6541547870852071
0.6540398290292337
0.653941479948641
0.6539388640234624
0.6539796896744245
0.653935343394733
0.653954727208312
0.6538342172233202
0.6539918816832023
0.6539710684031134
0.6539095535599255
0.6537631480885118
0.6539847384197817
0.6538706089851279
0.6538302487483978
0.6539437139346628
0.6539096660548769
0.6538828701987762
0.6538923117064783
0.6537905185143675
0.6540426573223018
0.6539810093731588
0.6541587174915218
0.6540121887083667
0.6540057115692904
0.6539569494585256
0.6539691849071488
0.6541205457599859
0.6538415078157156
0.6539498042448753
0.6540950205048853
0.6538499047210182
0.6539751472571886
0.6540978428070896
0.6538392508393245
0.654022630756504
0.6541345598182506
0.6539578643769336
0.6539325616251651
0.6540429204901432
0.6539567531238826
0.6539446383946386
0.6540060267911644
0.6537402057375622
0.6538256946063165
0.6538964482668252
0.6538520305836445
0.6538478514482928
0.6539427190959991
0.6542103801305728
0.6539324206716398
0.6539124974573023
0.6539090990129872
0.653945395262763
0.6537768704294551
0.6538540530726188
0.6538779816466151
0.6539573693061118
0.6541155363337685
0.6539843736854021
0.6540643956419891
0.6540425625452415
0.6539414912817181
0.6538198271842777
0.6538928427905769
0.6541777146354619
0.6539577557162155
0.6539763345249519
0.6539734793685632
0.653855835437809
0.6537646780491151
0.6539315692340226
0.6540740308596669
0.6541022946526258
0.6539245606313318
0.6539727258349969
0.6539143651725917
0.6538858719322816
0.6538127663224884
0.6538106244705604
0.6541050854431578
0.6540214438469822
0.6538497175153797
0.6538743265035043
0.6537902973965086
0.6539105116036231
0.6539747528652362
0.6540117674962986
0.653932161564976
0.6539380215901948
0.6540550353363963
0.6538139048804441
0.6539799765676585
0.6538102410424333
0.6538648752552825
0.6539876691473322
0.654077293874693
0.653911054505445
0.653893780775289
0.6541294552053222
0.6538086996637686
0.6541608117640243
