0.6465836100511051
0.6469401045943185
0.6468697749041621
0.6466584201536196
0.6467972050041952
0.6466977411459993
0.6468149191395677
0.6468185063627849
0.6466697045970339
0.6469156327195319
0.6468884203337508
0.6466860928317818
0.6468145076354483
0.6468100537705539
0.6468050536399295
0.6465110809399358
0.6467104899002807
0.6466051372272705
0.6467038933787428
0.6466040934062145
0.646682747815031
0.6466951887438838
0.6467270733154658
0.6466839184471045
0.6468172499647825
0.6465563439400261
0.6466814533514893
0.6466656929013642
0.6467317529860099
0.6467109042327366
0.6467857595144698
0.6469718883544764
0.6470424636600254
0.6466785852722753
0.6465645715190387
0.6468367381416186
0.6468809286488356
0.6467142438826489
0.646748975095915
0.6465816121662693
0.6467968692009183
0.6466434449044589
0.6467155955463235
0.6467282980581508
0.6466420875578978
0.6466449834346992
0.6468064003872307
0.6468046043235622
0.6467370605454239
0.6465481068348105
0.6465042108325261
0.6465614256274497
0.6468675266875099
0.6466572841935743
0.6467505125515989
0.646929025517851
0.64681724896459
0.6466555062716419
0.6466313724736221
0.646606993825236
0.6467063388242454
0.6467093100549925
0.6466395209598993
0.6466372487534259
0.6466694038875902
0.6467329142192253
0.6465871332030263
0.6467565879117421
0.64672571877297
0.6468408134031429
0.6467085298167026
0.6466574998175085
0.6466634832559638
0.646801208856217
0.6464768199440888
0.6467680013897323
0.6467255645981401
0.6466660913903475
0.6467826640792053
0.6468854619265925
0.6466065134449691
0.6467067602353251
0.6467122632010485
0.646632269173234
0.6465133496433306
0.6467744491711422
0.6467587384937672
0.6468040293481336
0.6467290179876155
0.6466836850438235
0.6467109357047248
0.6465696089966212
0.6465574809536818
0.646481541752775
0.6468115238562635
0.646949850447943
0.6468187144738706
0.6469121964439717
0.6467758152727482
0.6466503448718638
0.6466546109073719
0.6466799582414037
0.6469227469542218
0.6466144880614
0.6466896012595353
0.6468717209248507
0.6464325373687679
0.6468892783310576
0.6464431388650762
0.6467668639773636
0.6468804888982421
0.6467465845072082
0.6465766123591328
0.6468326027051048
0.6466866795659155
0.6465589687326132
0.6467948714961629
0.6466946930762983
0.6466726472628971
0.64658653720212
0.6467011464961694
0.6466405385621303
0.6469002176380191
0.6467587352714133
0.6468348583118684
0.6466191602217052
0.6467470053984093
0.6466989421455711
0.6464797352847333
0.6467249450354218
0.6467660310045114
0.6468447830590823
0.6466190717198537
0.6467662116796067
0.6466697452328831
0.6468926493893026
0.6468627492021434
0.6468246847436675
0.6465906933580148
0.6467842607969914
0.646856218607188
0.6468337911972275
0.6467513000689755
0.6467272472692482
0.6468314807083215
0.6468729067143786
0.6465514814315065
0.6468822388666491
0.6466316270073749
0.6467726193937733
0.6466449330576346
0.6466955630670508
0.6466176129586114
0.6466434068397046
0.6466236250301254
0.646712706093864
0.646677448193073
0.6468563640325027
0.6466402452896246
0.6467073370241612
0.6467404882039993
0.6467314051185885
0.646837841956601
0.6469802873392478
0.6465206631763378
0.6468477322609912
0.6465820497649495
0.6466872036087928
0.6467663285117893
0.6468540940664423
0.6467490154252611
0.6466212450213595
0.6465958637831369
0.6467419229057102
0.6468171121482175
0.6467657454051906
0.6470205477158755
0.6468857590758503
0.6468049279049216
0.6466589151394416
0.6465119434033573
0.6468990637482719
0.6468247135127303
0.6467382947711204
0.6466319375770277
0.6466285446516702
0.6467199770808905
0.6467657839270151
0.6469315935579834
0.6468550940049906
0.6466862701134136
0.6466225428063272
0.6467439159156434
0.6468024194244502
0.6467089899566858
0.64665381181496
0.6467250188993094
0.6466502819358462
0.6466892159159571
0.6466202800574837
0.6467068108033136
0.646686352974422
0.6467655490981042
0.6468561376289873
0.6469315488648849
0.6468916018870706
0.6465525910704728
0.6464289587282736
0.6465951024103365
0.6468689608342231
0.6467340976478233
0.6468119048375807
0.6465312441979779
0.6468476471050029
0.6467736805543516
0.6467781327758114
0.6465253577691384
0.6467923039806057
0.6466802220016215
0.6468030653719421
0.646857632865876
0.6467367832416043
0.6467003216936823
0.6466757112309159
0.6467265814366617
0.6466251138632412
0.6465236158256791
0.6467152182782004
0.6467011035058019
0.646783474928828
0.6466654701711241
0.646831637430943
0.6467967079822722
0.646771361839279
0.6467741796576486
0.6465812252665121
0.6468042464508665
0.6467542709493567
0.6466291422267405
0.6467594034579154
0.6466706471366921
0.6464245273081288
0.6467972183381883
0.6465816517667431
0.6465944494399836
0.6466898764258379
0.6468146946458833
0.6466419888823677
0.6468423743924913
0.6467387151136159
0.6465205172434253
0.646699322497585
0.6468510084322039
0.6465686187131912
0.6467064147599852
0.646722858717042
0.6465923088269377
0.6468702053860377
0.646753674430186
0.646765754077003
0.646593182558209
0.6467632682472322
0.6467921537234513
0.6466934714795445
0.6468440957582071
0.6468565689988732
0.646841069729384
0.6468531501156136
0.6470381618958353
0.6465839826043848
0.6467745737993755
0.6467822424621119
0.6467555551957939
0.6468095195919489
0.6468574518447259
0.6466190229959752
0.6467941381817603
0.6466287474232086
0.6467296570860619
0.6468349182420081
0.6468979693567474
0.6466711991627122
0.646667125729605
0.6469020555832286
0.6467212767649654
0.6466845356331568
0.6468084889041386
0.6467699935183947
0.646822795484239
0.6467866605611347
0.6466281607670668
0.6467924176651976
0.6467145010814968
0.6466431099689655
0.6466196232860715
0.6468199204880304
0.6466980278075795
0.6469105585160542
0.646707578421098
0.6467902975507711
0.6466303862635665
0.6468798060808114
0.6464883281327088
0.646686344969839
0.6467867419112645
0.6468397799321826
0.646663062564202
0.6466702074382227
0.6465502106322425
0.646696385982637
0.6467676909743881
0.6467254204188609
0.6466280069220004
0.6469297513356055
0.6469063703451122
0.6468065041667663
0.6470535508535097
0.6467432579316195
0.6466950159368332
0.6466225905578391
0.6468764901509764
0.6466926878067546
0.6467952633386878
0.6466962770370923
0.6465481560871955
0.6465519126817976
0.6467022417539205
0.6466712141282985
0.6466526449077785
0.6468053136714278
0.6469381670586845
0.6468080399803037
0.6465315012559703
0.646820287015704
0.6466568118830841
0.6468346942212743
0.6467573329101214
0.6467473830453947
0.646693123546795
0.6468135678447015
0.6466777533763398
0.6466035652916664
0.6469201763536988
0.6466296945281111
0.6469179775745828
0.6466567314042577
0.6467480959150518
0.6468410348667111
0.6467032152620273
0.646602996774994
0.6466563381570685
0.6467113340518442
0.6467162886893465
0.6468535918468457
0.6467582014607287
0.6467063373321076
0.6467491690056981
0.6468170636376769
0.6466890404054073
0.6469228860826753
0.6467393742482962
0.6465939485517109
0.6466904960453388
0.6466264113778613
0.6465536752234549
0.6467152129045753
0.6467759474153859
0.6466297849320063
0.6468723238976554
0.6464904108981939
0.6469420206103367
0.6467664204062575
0.6467559575216618
0.6466588650220573
0.6466527693674476
0.6465245675724642
0.646729726234993
0.6467170394113539
0.6467946621933902
0.6465864690587384
0.6466134493432463
0.6468424547321197
0.6468886805509545
0.6467595061839355
0.6465014141918386
0.6467805219989431
0.6465908924842265
0.6467664367959545
0.6468500548742311
0.6466874906625233
0.6467338517413825
0.6467976777799138
0.6467506012636681
0.6465283642139888
0.6468674138255157
0.6466796438500891
0.6468059546089422
0.6467152777276888
0.6465714590474647
0.6467746716439369
0.6468836333218448
0.6467799833394682
0.6466408214891901
0.6465415479863296
0.6467672331279235
0.6466601539948954
0.6466693718543012
0.6464819376371704
0.6467351695478132
0.6466246233027169
0.646709368089518
0.6467469125993648
0.6468631779257453
0.646587349209807
0.6466463936796906
0.646550335384842
0.6467584765710253
0.6466410804775189
0.6467404612265574
0.6465682203862538
0.6467408869286175
0.6468174669377323
0.6466407572689479
0.6466975000737971
0.6467096466275997
0.6467928738907078
0.6466977597950732
0.6468695799370768
0.6468214032770288
0.6468379500214727
0.6467805144247443
0.6466046024032723
0.6468818945821387
0.6467705403950791
0.6470375295350892
0.6466651200513152
0.6466906688855708
0.6468097024491593
0.6467288202004686
0.646723024311846
0.6467311176648687
0.646727325121794
0.6465561503521791
0.6467067394511591
0.6467983172829649
0.6466780224051291
0.6466944275336171
0.6468203675552882
0.6466030639774026
0.6468434232687302
0.6465660253229459
0.6468360251543626
0.6465782465928409
0.6465881967883296
0.6467685484702317
0.6465231932046338
0.6468804042705109
0.6468190110591467
0.6468738538166012
0.6468179200840798
0.6465973863063691
0.6469434467581203
0.6469298607056335
0.6467864241898442
0.6466920408323141
0.6465799914029545
0.646582528729241
0.6466351162961351
0.6466488089173343
0.6468561425821778
0.6467141184418994
0.6466660050211366
0.6467984502218375
0.6466639954588688
0.6469307559977717
0.6467663546177347
0.6465110843310066
0.6469249340344414
0.6466252355989819
0.6468262353070321
0.6468033763027495
0.6468256655362551
0.6466738316773094
0.6469214234564945
0.6468212360743675
0.6467220060077785
0.6469419832571515
0.6467117467954074
0.6467198964434324
0.6466350913803326
0.6468180239523369
0.646838779777398
0.6468423515071805
0.6468192191831195
0.6468169934373836
0.6466089827237144
0.6467793055349305
0.64651391767997
0.6465229310740166
0.6467673765688774
0.6464301233139513
0.646828598060319
0.6465299212279834
0.6466286985384491
0.6469626272332882
0.6467007432349461
0.6470179851017125
0.6466920234731899
0.6466981755504106
0.6467945761493057
0.6468469249195468
0.6466012335546995
0.6470337533999442
0.6467726855542212
0.6466173784641535
0.6467420452105339
0.6466154866706632
0.6466833729582752
0.6468271704670705
0.646880881901871
0.6468741319110043
0.646531340663371
0.646809884094966
0.6467996827284674
0.6466596284847677
0.6466820130845499
0.6466291963717379
0.6468211777305204
0.6467166237047139
0.6467355544212254
0.6468026105740473
0.6467387116765412
0.6468609173619532
0.6466372164545362
0.6465868659104932
0.6466892369773513
0.6467480847189904
0.647030642090652
0.6467719531934095
0.6465620844805497
0.64669743345697
0.6468264146435074
0.6467039811288051
0.6467857064522771
0.64649021174208
0.6468640851414739
0.6465415530140587
0.6465421800171103
0.6467131208827768
0.6467447591418464
0.6467260685506528
0.646900353583516
0.6468728907410212
0.6467772668226351
0.6468261842769352
0.6464773719230285
0.6467108363798248
0.6466533595115365
0.6467679859899181
0.6467419992423211
0.6466009694062045
0.6466403037894649
0.6465748390717772
0.6467345332418007
0.6467683709909339
0.6469443005155027
0.6465492005636336
0.6466027361258595
0.6467111569865998
0.6466845487849083
0.646830593401043
0.6466920024249655
0.6466871128605896
0.6468501445004792
0.6466866426274525
0.6466431221711038
0.6468744606829655
0.6466934749791984
0.6469169666740235
0.6469112759893665
0.6467869830579674
0.6468387423136251
0.6468009879851523
0.6466422237469168
0.6469611225709928
0.6469043347816434
0.6467002193376782
0.6466094097421458
0.6467920817676823
0.6469275198061331
0.6468144050743607
0.6466369039694365
0.6467177171708361
0.6468206812165517
0.6466771541659462
0.6467195512078808
0.6466380749907975
0.6466199257360157
0.646772405782748
0.6468648776140009
0.6466727907594098
0.6465307327370893
0.6467182405930992
0.6465278562348196
0.6468242603729061
0.6466848460338169
0.6466847774446001
0.6468322276619582
0.6466672402419447
0.646831283194166
0.6466100503779699
0.6466616543360069
0.646808055574446
0.6467552429968921
0.6467128359908471
0.6466702023250623
0.6468112850220226
0.6466596012670686
0.6466671129527022
0.6466276517309324
0.6466764598701996
0.6464560127133837
0.6465809689163331
0.6467654022766276
0.6465776134647148
0.646781169521033
0.6467660173120284
0.6467033321879243
0.6466915504339062
0.6468000577778474
0.6466869236214905
0.6468342114556803
0.6467619155121026
0.6467011488182346
0.6466723357726867
0.6466192332526668
0.6469842838231243
0.6467573847754717
0.6468042026813565
0.6466239003373594
0.6466067583912462
0.6467222169478458
0.6465767960585701
0.6465417790911792
0.6466955104899055
0.6467876544797537
0.646851679890682
0.6466976152310553
0.6465966144230594
0.6465248120842415
0.6467535361603158
0.6466845751970238
0.6466865219709925
0.6465163747122
0.6468643362609539
0.6467834920343317
0.6468700227973012
0.6467683084084954
0.6465239150488165
0.6468941071606911
0.6466459967700631
0.6467717173832288
0.646724685941201
0.6469189560905056
0.6467371521728941
0.6465100798134431
0.6466965364688657
0.6466417017008919
0.6469020055311164
0.6467457833482039
0.6468381396689105
0.6468034207069316
0.6466897208194243
0.6465973361263542
0.6468337198485752
0.6467575083309763
0.6469060254803707
0.6468423659057985
0.646587643314535
0.646658071789092
0.6468033392023531
0.6467883489324968
0.646843652691341
0.6463843598874873
0.6466109607669633
0.6468203872231053
0.646491344319102
0.646605489601312
0.6467310939765036
0.6467766280322732
0.6464725501303408
0.646670677228408
0.6467220504138965
0.6465670636560835
0.6467544840265381
0.6466426197101233
0.6467706036824556
0.6468371918507063
0.646793714874339
0.6468421327583376
0.6466636550378809
0.6468922883007638
0.6467367467928242
0.6469322352517354
0.6467929499240888
0.646752518455544
0.6468091429727422
0.6468170261692393
0.6467393346648834
0.646860610182927
0.6466850388715724
0.6467783375058827
0.6468162992820856
0.6465720044850467
0.6467696934943753
0.6466835037641641
0.6466503520320213
0.6468530269367097
0.6468611391471498
0.6467345231723313
0.6466080174184774
0.6464395400037188
0.6467887515126258
0.6466132681370746
0.6468707160493512
0.6468711724298879
0.6467391357826305
0.6464332970584435
0.6467249465054563
0.6466218346858783
0.6465255435748454
0.6466319320446916
0.6465430892611148
0.6468613953691165
0.6465517096449384
0.6467469266784758
0.646618136718078
0.6468112198898395
0.6468473272382065
0.6467839190475234
0.6465461337894851
0.6467975693186647
0.6466531529637009
0.6466716299127306
0.6466521902714373
0.6467048175235882
0.6470371856833912
0.6466566362768067
0.6466126534409758
0.6466541082431007
0.6466629259778789
0.6466475188250846
0.6466620059030741
0.6467956034470083
0.6469055111911348
0.6468912725742134
0.6468715876352769
0.6467061404571902
0.6466609584543624
0.6466251436581945
0.6466773225960574
0.6466730300078009
0.6468579992525982
0.6467915606439602
0.646797587740306
0.6466979857351842
0.6468536324297022
0.6468724025882918
0.646607651195843
0.6468065140546466
0.6466985908312469
0.6465605392646615
0.6467433422361581
0.6466580899629583
0.6465568636024279
0.6467029443251305
0.6468719892494553
0.6467582586797187
0.6468818270021172
0.6468373153032022
0.6467672443877562
0.646889234001581
0.6465299154415305
0.646494973804548
0.6468997497755467
0.6467700100108484
0.6466367499769797
0.6466186485995814
0.646701430655062
0.64659990801584
0.6468486321055701
0.6467373208780491
0.6466307917644472
0.6467888127630348
0.6467068192760985
0.6467841140205141
0.6468283712581884
0.6465974221711153
0.6465801940297531
0.6466059436586187
0.6468846974570949
0.6466753497120328
0.6466786117061434
0.6467890103710147
0.6465542260066982
0.64665801973282
0.6467618564283847
0.6465402451782872
0.6466009890173137
0.6468644661086118
0.6465997010494897
0.6469685127596554
0.6466027772310151
0.6469169390687377
0.646600125685673
0.6466966996941566
0.6470203778394845
0.6466798276247356
0.6466115709916673
0.6465945073993123
0.6467505363112344
0.6467462353589377
0.6466865808960149
0.6466083895118331
0.6469262130407052
0.6465707312469728
0.646630499123408
0.6466280243178065
0.6468372801597484
0.6465300729949623
0.6466611236648988
0.6467783662826705
0.6465968840915017
0.6466997550953951
0.6467633568726475
0.6465266857160052
0.6465839327484886
0.646713519550055
0.6466732174843133
0.6467236249159292
0.6470026543074625
0.6467090740197218
0.6467166927889112
0.6467746803677519
0.6465033031374335
0.6467523207481812
0.6467612956302475
0.6466947456108831
0.6468052172458578
0.6466918469783053
0.6466926784566684
0.6466865389014842
0.6468251003072714
0.6466102974317718
0.6466515278696768
0.6466172565648768
0.6469131694257648
0.6466253753583996
0.6468240618375696
0.6465462055298341
0.6466097309136356
0.6468026108366267
0.6468982048199111
0.6467661518855093
0.6465376583602949
0.6466046101805671
0.6468270945725342
0.6466955711196695
0.6466609113993196
0.6468047444333552
0.6466196189400786
0.6466477629901164
0.6467879557050763
0.6467912933376062
0.64667634107592
0.6468198456681472
0.6468036070837826
0.6468018955522843
0.6465230518215904
0.646651538301106
0.6468173739565982
0.646682680610289
0.6465205480819578
0.6467932570876667
0.6469229346115382
0.6467035615246389
0.6466369830613267
0.6465718313615161
0.6467656180420205
0.6468315863145416
0.6468298618753614
0.6467430397902844
0.6467500666092966
0.6466928771190203
0.6468086679368809
0.646730301659797
0.6465887045744513
0.6466148502005395
0.64646385027422
0.64669382757948
0.6467193984471025
0.6468199228820655
0.6467323094082749
0.6468649625792896
0.646661039784212
0.6467638464950949
0.6467358795629042
0.6466993886768597
0.6466384580625482
0.6466217339812022
0.6466386243766153
0.6466754214878988
0.6467266868820685
0.6467003215012512
0.6466801369526951
0.6467248017684463
0.6465544143351711
0.6464972875119512
0.6467646922039378
0.6466115730539234
0.6467904897120583
0.6466700572604556
0.6468324739994281
0.6468091406142684
0.6465916347843143
0.6466542727100912
0.6468242641792553
0.6467378135235069
0.6466010569593262
0.6466809671440901
0.6466922002063051
0.6467810838741144
0.6467902717597709
0.6467840959643572
0.646866365531137
0.6466845615462741
0.6465521403372828
0.6467405014226295
0.6465586056284278
0.6468835430344385
0.6465267645267239
0.6465274309912391
0.6465338778477069
0.646795307024671
0.6467634180552113
0.6466520205749788
0.6466450265987557
0.6470368494699149
0.6467243083928107
0.6467369048840272
0.646595374903286
0.6468406679688166
0.6468020717429068
0.6465690495511563
0.6468302671176052
0.6466479904981466
0.6467714684719672
0.6467866568621812
0.6467916950084056
0.6469726216195517
0.6468139530101964
0.6469330870221824
0.6465863895871801
0.6466674045687955
0.6469017954000303
0.6466164288041829
0.6467502683648494
0.646772942800485
0.6467826642132094
0.6468074210559462
0.6467665201200434
0.6466496217746611
0.6467054924213258
0.646575527981265
0.6467608906499829
0.6468028689477697
0.6467889452489987
0.6467784192488673
0.646726915476789
0.6467924370383549
0.6467180605158198
0.646551926377859
0.6469460617582196
0.6466776312858402
0.6466012168728441
0.6465723655432409
0.6465132661059201
0.6464932171557569
0.64676697372118
0.6466458537718256
0.6467941177195963
0.6467689879073253
0.6470002148103025
0.6466522427100228
0.6467933322612042
0.6468096285584748
0.6467212793671231
0.6466110968245199
0.6467353976681437
0.6466521265305825
0.646585326584284
0.6468987992876533
0.6467128725640293
0.6469151633476201
0.6466887148146881
0.6470635087841381
0.6466445518876861
0.6467227147360508
0.6467315593822539
0.6468531405560514
0.6468130434172394
0.6467686454237231
0.6467460120812943
0.6463972539179104
0.6468362114826514
0.6468703427574904
0.6467852390630324
0.646626290104807
0.64671987844817
0.6467256521674676
0.6466057034385964
0.6468098824688459
0.6466827309532296
0.6466731859924675
0.6464586577282938
0.6468056106682907
0.6465794160178653
0.64663771957219
0.6467871753459891
0.6467538575362091
0.6467171953246912
0.6467111673438259
0.6466584693310735
0.6469381461765001
0.6465936520806397
0.6467038813460326
0.646770514083244
0.6468993617070791
0.6466604872240016
0.6466097502061098
0.6468754187242476
0.6466994484658063
0.6468174810678533
0.6467175959213758
0.6468243643611107
0.646720285384269
0.6468595835425807
0.6467318347105113
0.6468701120904585
0.646905538817409
0.6467282331362154
0.6468582914740091
0.6466269072258728
0.6464633422404945
0.6466642343744572
0.646574678147854
0.6467757091407391
0.646715433644739
0.6466346735645974
0.6467947092722459
0.6466227661170398
0.6466907663662832
0.6466531576688971
0.6465648288393817
0.64666128093775
0.6466871329654887
0.6469486595382868
0.6467663456609636
0.6468902686020631
0.6466809451399139
0.6468657553674478
0.6469583940672126
0.6466921884643848
0.6466700227700335
0.6464432964961078
0.6466654651162796
0.6469728331969158
0.6468567044748705
0.6467601371151197
0.6468431527052956
0.6468529938275189
0.6467111455746857
0.6467465215156321
0.6469458460871642
0.6466175684220966
0.6465962945793146
0.6466507390092014
0.6467425744447166
0.646720387898657
0.6467861080853448
0.6467396510572141
0.6467873879042232
0.6464990531926188
0.646749319883315
0.6468208014660186
0.6467354345692778
0.6469111470518196
0.6468364339470789
0.6466441512619563
0.6468692390495162
0.6466509736299652
0.6465489522756853
0.6465911733838519
0.6465697317989588
0.6468538865266666
0.6465244397330383
0.6467621812345974
0.6466876019923056
0.6465411906254608
0.6467614746381807
0.646808429311694
0.6467470095716095
0.6464069214512155
0.6469278013128503
0.6469230019981096
0.6467557516021238
0.6469473599987301
0.6467275793563184
0.6469060533834052
0.6466813432959325
0.6469072083250607
0.6467032479440254
0.646887884030164
0.6466307102069918
0.6465799089358704
0.6468209772305631
0.6466475227390697
0.6468819660496421
0.6467022818281949
0.64667957601572
0.6465988348341329
0.6466516096854964
0.6467831522008456
0.6466690248700806
0.6468736102271907
0.6466552337379459
0.6468454508118147
0.6468535303627667
0.6466638441996829
0.6466703417748596
0.6467917712735929
0.6466529239250507
0.6466967526294949
0.6466725757459513
0.6465188815154383
0.6466842024263357
0.646765722910246
0.6467705779277771
0.6467233665528952
0.6465327273242706
0.6468337779623647
0.6467648158986393
0.6464641035470002
0.6463764027673393
0.6467774757488355
0.6465463704201904
0.6467175199852281
0.6467779490493468
0.6464763441101478
0.6466899876744232
0.6467518092538291
0.6466615309736885
0.6466192920793816
0.6468261195860143
0.6467090684185614
0.646640778059758
0.6467293034828453
0.646698480182119
0.6469150165313694
0.6468277781006171
0.6468537757767223
0.6465499994482359
0.646696962977533
0.6467423337589566
0.6467330790804308
0.646643722393813
0.646778237375193
0.6468354987986422
0.6466482667385277
0.6467079814123232
0.646669456095802
0.6467004796018966
0.6467613930244638
0.6465554905313928
0.6467447363151111
0.646722908793931
0.6466047946419102
0.64644690409059
0.6466302144117453
0.6466750494912928
0.6467514274554415
0.6465826418260718
0.6467382359906799
0.6468591336429981
0.6468793106240406
0.6466846940395743
0.6466979333397981
0.6468345540921392
0.6466975702954931
0.646794196486176
0.6468223205886419
0.6465362172769444
0.64649565705522
0.6468459031635356
0.6467757360066813
0.6466820826226438
0.6468663574020445
0.6466247157557965
0.6466818194537237
0.6468660308751646
0.6468821411140988
0.6465929791003457
0.6466836994357895
0.6466790285493518
0.6466163495070252
0.6465688068671991
0.6468468060030423
0.6468590476687175
0.6467071050421234
0.6467877615996982
0.6468375161652113
0.6466934524442737
0.6469175644176637
0.6466578066546691
0.6465804155335018
0.6467640524459256
0.6468550138782094
0.646756982964064
0.6466111939940851
0.6467261860960052
0.6465964135831372
0.6468041772521075
0.6467156503389009
0.6468627320814021
0.6468035344757286
0.6468256071054017
0.6465686352393982
0.6467986333932927
0.6465403466650066
0.6466074517544871
0.6468477776611381
0.6466162882504494
0.646716287347307
0.6467499499866474
0.6466407059524997
0.6466938704162298
0.6469683044302643
0.6467936370521344
0.6465977254631318
0.64654107932773
0.646587178951828
0.6468414505464228
0.646559143689809
0.6467324604121597
0.6465726207286242
0.6466280390634753
0.6468386792310596
0.6468199781678257
0.6466881427286593
0.6468579775513632
0.6467558853856785
0.6467145217212555
0.6466171985221998
0.6467673078615404
0.6468237748228474
0.6469813064627506
0.6466010581022567
0.6466743704186898
0.6466456313854236
0.6466861226693614
0.6466542724108213
0.6468903572317245
0.6466475017604413
0.6467523271025657
0.6469570636603583
0.6466061659654455
0.6465690382529674
0.6467367967369527
0.6466536613338042
0.6465720243054143
0.6468263201367863
0.6468088358993096
0.6467401500274392
0.6467451773513613
0.6465932648792824
0.6469202787519233
0.6465825926271893
0.6468617519102621
0.6466649120668959
0.6468354226949173
0.6466333072907828
0.6466520995130152
0.6467250242783109
0.6466361824926751
0.646761695658564
0.6468453549876225
0.6464721681150922
0.6467642958277622
0.6466778829247742
0.6465017282022875
0.6466069174936009
0.6465887298894784
0.6467242237571248
0.6466647308289288
0.6467864448064566
0.6468148090165162
0.6466847383666916
0.6467187312655895
0.6467480411552171
0.6467544767877103
0.6468561686309688
0.6466137692937315
0.6465200495800284
0.646806561054041
0.6467254333441238
0.6467761993969198
0.6467034964121381
0.6468894710190054
0.6467136686951527
0.6467600616071185
0.6470170090082059
0.6466778573662763
0.6467788270940402
0.6465560145350557
0.6468710278257057
0.6466984095502112
0.646614081214487
0.6467874595363362
0.6466928063299091
0.6465990802836732
0.6467989066946471
0.6465985229828044
0.6467760731377168
0.6466907321290905
0.6468205783646759
0.6466705663404053
0.646750512471955
0.6468819430435816
0.646780433203943
0.6466981213580497
0.6468351888507814
0.6467646087374574
0.6467699223987653
0.6467031237493571
0.6466957359636974
0.6469147359076208
0.646788896754221
0.6468590894174715
0.6468408064501346
0.6466451618857719
0.6466479271768253
0.6467955890160153
0.6467389606959799
0.6465294937117241
0.646583761703472
0.6465917002986898
0.6467464575238397
0.6466560141416055
0.6467388688107314
0.6467123007899009
0.646740128406315
0.6465308576311906
0.6467690538962318
0.6467517166451778
0.6468954768922458
0.6468496281799803
0.6466373652510111
0.6467719135838532
0.6466799450062433
0.6467159226903612
0.6463911720089291
0.6466520955730884
0.6466482756148804
0.6469242014783751
0.64678375394213
0.6467566943336671
0.6467957821582895
0.6467422603157257
0.6464918277714689
0.6466714956072253
0.646621252180956
0.6467394138620484
0.6466844791787395
0.6466422006190485
0.6466524635567695
0.6468216960480806
0.646688451100703
0.646679885804272
0.6466602212217025
0.6467794248092851
0.6465421920751828
0.6466853601029664
0.6468866637339037
0.6466598560731143
0.6466116220165963
0.6467898933453414
0.6466361657050019
0.6468775887518133
0.646475722819847
0.6469368856958163
0.6466081064807299
0.6466624430863982
0.6466593700040286
0.6465850055389981
0.6469306744367359
0.6467925585730578
0.6467608248701446
0.6466605940647026
0.646839044386996
0.646878024358324
0.6466985349414155
0.6468373867378147
0.6467967719877874
0.6467175773256113
0.646662702226948
0.6467701211473791
0.6467725335909202
0.6466806269319578
0.6466456923915773
0.6466876992341485
0.646861769696736
0.6466864241262693
0.6467450765560724
0.6466509131113884
0.6467134345340622
0.6465865443020649
0.6467692840538366
0.6467437498159954
0.646662683908438
0.6465863273316166
0.6467410285443933
0.6466451186357086
0.6467363171845845
0.6467057301044017
0.6467981878352274
0.6470098327934469
0.6468439682765277
0.6468618276658473
0.6466587233598053
0.6466481335363805
0.6467555939705463
0.6468214554660717
0.6467996753304232
0.6466829698553427
0.646837575559011
0.6465643790829232
0.6464286950315945
0.6467130651203283
0.6468074081759343
0.6469870697604289
0.6467784620362114
0.6468117636210808
0.6469146009756382
0.6468529442140623
0.646902333049181
0.6467789464681006
0.6468304658011824
0.646782816515045
0.6467538255922093
0.6467157171797139
0.6468120978224811
0.6468546260406518
0.6466952169756934
0.6468934827187235
0.6467561512942849
0.6467493768763073
0.646667746397397
0.6466798304531405
0.646705402353549
0.6467840084969182
0.6467217666116687
0.646761971052983
0.6467901329058944
0.6466163421533931
0.6465130479596931
0.6464888333043532
0.6466744056086942
0.6467332096489128
0.6466955774569663
0.6467967112999851
0.6466243462002643
0.6466569896082983
0.6467414343808895
0.6467442153619313
0.6465731423353223
0.6466026988107894
0.6466965738661828
0.6463875574899196
0.6467650678005998
0.6466301162008912
0.6467982782181056
0.6466457404631984
0.6466140391109171
0.6469496841444734
0.6466402575351411
0.646747189141398
0.646698378564556
0.6466862272989267
0.6467972001351997
0.6468542008747475
