0.6528340984164765
0.653138746634494
0.6529625158704775
0.6529650984030407
0.653124882470813
0.6532161776932374
0.6530082019020315
0.6531164719154651
0.6531395281151308
0.6531528112879417
0.6531206129338257
0.6529689642339421
0.65327821627881
0.6530541278099479
0.6529092972930048
0.6530229048847126
0.6533589660740051
0.6531100485087044
0.6529793766299747
0.6530757627176396
0.6529740136910871
0.6531149422397982
0.6528772834726895
0.6532668103388829
0.6530329549100977
0.6529841924609301
0.653142267586722
0.6531584275422435
0.6532759361528354
0.6531688276347107
0.6530117663148644
0.6529670712168415
0.6528761404472918
0.6530791351761347
0.6529793220938456
0.6530610682833753
0.6530965519701626
0.6528743527415437
0.6532700188899726
0.6529938384591987
0.6531096463808274
0.6529373709316222
0.6530942733653393
0.6532537529717061
0.6531344994540444
0.6531306335305923
0.6530325522769969
0.6532217746491377
0.6529906026660153
0.653004753956232
0.6529622472320669
0.6532807586636163
0.653107920302243
0.6530495096867246
0.6529901051938622
0.6527731183228291
0.6530336279097554
0.6531353142577881
0.6531055923649668
0.6530536141242984
0.6529946455191129
0.6532639678710506
0.6530062570590454
0.6530148819672024
0.6530125520172994
0.6529803059107039
0.65312616187825
0.6530323354216286
0.6529336850031078
0.6530659449753575
0.653151769683394
0.6531669363973521
0.6530699277716895
0.6530690071577439
0.653205699201115
0.6531856242512211
0.652999320294829
0.6529303142772318
0.6530699387506194
0.653004527489224
0.6531051886154118
0.6531478476499224
0.653016621481812
0.6530406010913096
0.6530356950132761
0.6529832147928711
0.6530369898709121
0.6530885079675905
0.653235728041425
0.6530695602058976
0.6530463366323187
0.653101398465302
0.6530741829984308
0.6530790948900644
0.6530507982598454
0.6530014361228215
0.6530863003552273
0.6531490384203635
0.6529195842295122
0.6531005029077828
0.653248962563727
0.6530944343523263
0.6530944016874816
0.6529438282189313
0.6530385053992388
0.6531015471644739
0.653125372997594
0.6529589519152263
0.6531989090388057
0.6531313151191014
0.6529639562230168
0.6529741081350536
0.6530830864880217
0.6530974131677871
0.6531706113253286
0.6530187936875738
0.6530377384203498
0.6531066260155167
0.6528655777253398
0.6530188562026112
0.6529676652128229
0.6531434711322763
0.653130287201358
0.6532401281096302
0.6530263265584972
0.653184009037348
0.6530277308780339
0.652996842217384
0.6532660266128887
0.6531814636233805
0.6531198505937856
0.6530516836340058
0.6529142535607795
0.6530534613477755
0.6530142339500936
0.6531202391988533
0.6530511219947948
0.6529371137395343
0.6532770095217559
0.652944394540216
0.6532325997940542
0.6530851994300495
0.6532398841611857
0.6530621041030129
0.6530134999390237
0.653176168292391
0.6532798565411273
0.6528752178684762
0.6529812255475987
0.6529151507966391
0.6531486067321688
0.6530388373002033
0.6531894307061894
0.653005283223145
0.6531600643254887
0.6530707617229485
0.6529765999376477
0.6530461379631449
0.6529954069145956
0.6531435436856933
0.6531667560825902
0.6530369969224313
0.6530826647585292
0.6531041100651188
0.6530682838796565
0.6531420299772898
0.6531022376665616
0.653058383557911
0.6530959757757218
0.6530742238878582
0.6528987649812887
0.6528628399444996
0.6530880939532842
0.6531279594468786
0.6532153953693343
0.6531111129648317
0.6530210375314414
0.6530576167672013
0.6532298121595242
0.6531665111724705
0.6530365635984343
0.6530052493320186
0.6531178369931785
0.6531508418022084
0.6530562034223046
0.6531257751150152
0.6527698098200865
0.6529609923126202
0.6530762260057719
0.6532401594891928
0.6531121085359519
0.6533422304910189
0.6530024108046815
0.6530366685094644
0.6532350760228196
0.6529595562888408
0.6530212510530187
0.6528995886348159
0.6529886123938768
0.6531467034715612
0.6531167162919029
0.6532346282600787
0.6530911098901737
0.6528960087309855
0.6531634292512727
0.6530649068331027
0.6531286791856565
0.6533107218432588
0.6528594236417914
0.6531593565452286
0.653023368249429
0.6530681105669954
0.6530634325553668
0.653108847586147
0.6530409048697836
0.6529175978582842
0.6531126763465691
0.6530834352790793
0.6528352936950397
0.6530110165506547
0.6529724253395235
0.6531868640965619
0.6531616402419892
0.6529117592179959
0.6530487401398007
0.6531363470234888
0.6529059013567323
0.6528377655132144
0.6533465642971793
0.65316899295623
0.6531173058303592
0.6531840157140996
0.6531854545089963
0.6531692143377348
0.6529108684783136
0.6530916353634918
0.6531816611886873
0.65296886264552
0.6531964835936781
0.65290624442112
0.6532373529414437
0.6529530579662193
0.6531316190977723
0.6528749521554505
0.6530086317096131
0.6531711829412719
0.6531068758649483
0.6529906564941768
0.6531222556166727
0.6532002037172846
0.6529851632328036
0.6531332012594564
0.653109662346564
0.6531165112353747
0.6530577392131984
0.6533021934779297
0.653028447468043
0.6530303435790651
0.6532884095708456
0.6531556571022368
0.6529680741712611
0.6529701175626371
0.6529598221190813
0.6530906326256289
0.6529972192922151
0.653057282607158
0.6530929317155321
0.6531802552823791
0.6530736267202459
0.6532623404173022
0.652909106756373
0.6530580047316203
0.6530933616139287
0.6529833954702684
0.6530388549975079
0.6529091064943249
0.6531829415853546
0.6530455816520814
0.6529532870604037
0.6531751823829224
0.6530722162562592
0.6530262996020959
0.6533299525164866
0.652961409937783
0.6531313279797133
0.6530842388254017
0.6531680471048873
0.6529355237321448
0.6532336734813007
0.6531995851715443
0.6530600845804976
0.6529171421280692
0.653025503502211
0.6531573854232657
0.6531271940028809
0.653046916494456
0.6532533620118381
0.6532151990709301
0.6529675456104931
0.6529909806739579
0.6531046674760863
0.6530795076183954
0.6532986868255436
0.6531857991884243
0.6532197707751243
0.6531795784538923
0.6530229552183513
0.65286300593918
0.6530901919333043
0.6532661818571897
0.6530298373853618
0.6529576050709551
0.6528894372009844
0.653116861159574
0.6531488142573516
0.6532803054370767
0.6528798803977375
0.6530578028758036
0.6529556111677003
0.6529252735098285
0.6531564768088143
0.6530585397458061
0.6532121115955424
0.6530568154280874
0.6530454700397369
0.6530463842655035
0.6529429129862371
0.6531954570116013
0.6532120327523796
0.6531980542701523
0.653212928804781
0.6530403655088151
0.6531674600952919
0.6531146665207231
0.6532862677262515
0.6531233755585449
0.6531236780873693
0.652935368706623
0.6529864601353477
0.6529421049625594
0.6529185261362519
0.6528754906299987
0.6529115933957559
0.6530529522939348
0.6529865037784784
0.6530852130829292
0.6532078600338724
0.6531191953777663
0.6529014452927573
0.6530497228893158
0.6530592101944828
0.653237925433093
0.6529840041730031
0.6530516562238458
0.6532278034223832
0.6531279971582091
0.6531244519526421
0.6529850948032927
0.6532130817231958
0.6530450054827937
0.6529809954800532
0.6530170747155508
0.6531368013953306
0.6531227914540065
0.6528639193286727
0.6531733637662658
0.6530365656672058
0.6530179889024007
0.6528940827705546
0.652938189293355
0.6531961817121211
0.6529245254761431
0.6531589636146067
0.6532377475612973
0.6532714453290883
0.6529516291597119
0.6530625088465588
0.6530326694511921
0.6533255551188701
0.6531368070172059
0.6532416020186226
0.6530724235556934
0.6530709267057364
0.6532807426769902
0.653169044465461
0.652899626314708
0.6532371191552944
0.6530527329390826
0.6530526515243615
0.6532527880687875
0.6531752404078368
0.6530122113194141
0.6530459619393152
0.6530967894100759
0.6531248426279728
0.6529229422899292
0.6531328107385512
0.6532872520716017
0.6531113495701666
0.6531057714234909
0.6528121538696207
0.6528790946584847
0.653153540118927
0.6529558469862481
0.6532573182415767
0.6531161337145014
0.6529051145289172
0.6531295937926928
0.6529269737500114
0.653100131980116
0.6530607392194561
0.6530639014147381
0.6531226971469386
0.6529435329863601
0.6529890430566615
0.6529716054883282
0.6531444846896262
0.6529824878366158
0.6531183858529447
0.6529234262373047
0.6529972898173504
0.6533798489071604
0.6530276055467371
0.6532161735981217
0.652888023285991
0.6530200171237832
0.6529978190545285
0.6529182927750741
0.6529596496695638
0.6531121478328878
0.6530217032825862
0.6529053048444513
0.653170174623559
0.6528591732227542
0.6531396918152936
0.6530542337079716
0.6529530243396128
0.6531437877640852
0.6530371290217785
0.6529676991432907
0.6529964175665497
0.6530676158086678
0.653165621288386
0.6532297405813126
0.6531591292583381
0.6531611507894293
0.653194600075516
0.6530635432415197
0.6529669979122046
0.6531818511539358
0.6530201744396066
0.6530612874752131
0.6530050529229955
0.6529775459220728
0.6529869223714866
0.6530760715406418
0.6531850665411347
0.653138296025475
0.653174318109289
0.6530331322781783
0.6531668160559571
0.6531337928305397
0.6531245421793331
0.6531160662786417
0.6531305209694315
0.6529320487978832
0.6529998421673431
0.6531103600390118
0.6529911354319907
0.6530071314539918
0.6530917253903225
0.6529799708292876
0.6532228873362849
0.653065749084973
0.652911420585111
0.6532152888091322
0.6531754636717577
0.6532024779684367
0.6531782648480716
0.6530652939611763
0.6530901984907463
0.6529303530113841
0.6532595009079711
0.65314803927219
0.6530304687866413
0.6532340248879094
0.6530535976652432
0.653314470329944
0.6529545543386202
0.6530725931006269
0.65315481300445
0.6530611268102626
0.6531878762054455
0.6531518477719458
0.6531508023388423
0.6530422466870721
0.6529396703378976
0.6529247715051523
0.6530318948474709
0.6531856143640644
0.6529981912072562
0.6531229645868029
0.6531102708240974
0.6530716769130931
0.652889367503466
0.6531558504925163
0.652896074627033
0.6530753811031423
0.6530592393324064
0.6531813798821807
0.6530164076152066
0.6529872604528142
0.6529215724831373
0.6529445032299852
0.6530621959530407
0.6531035547652699
0.6529537483119368
0.652880306473645
0.6529734015602087
0.6531098835837374
0.6531197732367403
0.6531721884496189
0.6529819094355283
0.6528569822504628
0.6530603435499307
0.6530609770774498
0.6531444867248684
0.6531355886120481
0.6531278820453015
0.6529291951899555
0.6531815855013212
0.6530926302528748
0.6531995240359358
0.6531243720543516
0.6531323966424052
0.6529359651173525
0.653010045603001
0.6531134482907903
0.6530765120338636
0.6530408706462663
0.653153815534635
0.6530834823080355
0.653077583819069
0.6531850043678735
0.6530761508126072
0.6531110036042234
0.653142771355524
0.6530485036058777
0.653265820991656
0.6528768101155329
0.6532190594179342
0.6532044164769062
0.6530077121230677
0.6530362599397934
0.6529523238736263
0.6529177884842524
0.6527269196649284
0.653173936897687
0.6532005359383573
0.6531179031142222
0.6534108802662673
0.6530562648619365
0.6530026320403384
0.6531180198138238
0.6531143782626112
0.6528306538536824
0.6529897949558626
0.6529924644305136
0.6529291966677093
0.6530551534389518
0.6530570705332801
0.6531455797601502
0.6529845144662453
0.6531057120130855
0.6530129952626889
0.6530372531994247
0.6531160193122201
0.6530482299099598
0.6533289984142268
0.6530432739146732
0.6529196165531761
0.6530550671751728
0.6530986008827431
0.6531663505061053
0.6532152806221061
0.6533558738829358
0.6528986200431695
0.6530644752044641
0.6530958704449454
0.6531188386710707
0.6529670131007763
0.6530236513823575
0.6530642933195322
0.653153426587604
0.6530998721806848
0.6529370335918903
0.6529992233032386
0.6530696463872687
0.6529198972191005
0.653132605476038
0.653111538146099
0.6531155885995165
0.653206207401231
0.6529260764861715
0.6530815787748744
0.6530040997959927
0.6532348635514056
0.6530995131082988
0.6531387713074301
0.6530458385617357
0.6528727936467142
0.6528918891338111
0.6529210290487242
0.6529500316431197
0.6531318200187943
0.6530534570620433
0.6531356762186792
0.6531882632641046
0.6530885486471267
0.653096811544875
0.6530983386030831
0.6530823281142479
0.6530058189033308
0.6531058654844188
0.6530614217205402
0.6529976647392064
0.6531977894818013
0.653173660268179
0.6529511404947266
0.6529345759910972
0.6530109359965288
0.6531296769388997
0.6530440991098034
0.6530498932576027
0.6531807190808658
0.6529901102929678
0.6531418649537891
0.6530560293218078
0.6532062847870502
0.6529092983847503
0.6530816829726376
0.6528255549774544
0.6530916697263015
0.6530341450579097
0.6530317870088268
0.6530528715673773
0.652960083772052
0.6532210104468956
0.6531412819198225
0.6532461985995731
0.6529603891499265
0.6529812624336646
0.6531237389720007
0.6529773464222831
0.6531396553788467
0.6533204884126033
0.6529039016223543
0.6531576397365012
0.6531173754138052
0.6530644354982303
0.6530833664923512
0.6530979268160164
0.6530791002145871
0.6532970802877178
0.6531625902571736
0.6529132076788728
0.6531299899346461
0.6531110601149439
0.6530251864030416
0.6529983451074612
0.6531386710337799
0.6530929025959089
0.6531797397848857
0.6531780723744576
0.6530006482535906
0.6530960392898288
0.6528747169238673
0.6530749749159177
0.6531090954085378
0.6529577060381289
0.6531158904394064
0.6532493825416549
0.6531130701091269
0.6530211980912688
0.6530729409420442
0.6533469749410223
0.6530981523905083
0.6531643492292403
0.6529532381955369
0.6530366515866304
0.6529008858892187
0.6530222380988218
0.653233194655543
0.6530596500527985
0.6529867398542538
0.6531299638780211
0.6531093170013416
0.6531544599324672
0.6530560723491456
0.6530977805832503
0.6529265206657868
0.6530369256964639
0.6530638296642214
0.6531724676578305
0.6530260533595387
0.6529021956952692
0.6529676642081546
0.6531092201078096
0.6530287472497001
0.653141313333489
0.6531657030202274
0.6529849944487038
0.6531320932919628
0.6531031402840121
0.6531047952520586
0.6532060047783467
0.6530401032653809
0.652963299043124
0.653123643527863
0.653068481632954
0.6530776362224306
0.6530498945771006
0.6531158114307224
0.653121121394583
0.6532924068319215
0.6531393347342503
0.6530871034671588
0.6529824460407004
0.6530399814031368
0.6530619012679324
0.6531289083536638
0.6532292119726334
0.6530396878423486
0.6531735371786633
0.6531289647537353
0.6531037670237303
0.6530456366566608
0.6528934979808187
0.6530783030586735
0.6532860811396926
0.653050924369108
0.6531429243383807
0.6531040421132899
0.6531264606779905
0.6531304218171423
0.6531304362303395
0.6531190048977964
0.6531032005009398
0.6529680744734898
0.6532038418110511
0.6530275780044734
0.6532341228887274
0.6530337398103088
0.6529501075817631
0.6530949785778968
0.653242135638556
0.6530430939266206
0.6531527033138962
0.6531894878362177
0.6529107674498797
0.6531629625524419
0.6531432083480604
0.6533468024151713
0.6531651660148197
0.6530343877902434
0.6530475860920338
0.6530747025268546
0.6532883670047549
0.6529476987970041
0.6530920824735905
0.6531346930328612
0.653120019843323
0.6530258288525446
0.6529730649555638
0.653025724276119
0.6529558002186896
0.6531531614356731
0.6531101547338128
0.6529401610025142
0.6528382264463906
0.653037066084512
0.6531223945762502
0.6531876011467399
0.6528829150323088
0.6532034302369703
0.6531741287694781
0.6529766723734105
0.6529934065046569
0.6531340642677423
0.6529078676326313
0.653161023645075
0.6531805269160834
0.6529577062701775
0.6532509140496563
0.6529704119948772
0.6529406266455378
0.6532148154515909
0.65281091315822
0.653148520050403
0.653192042907924
0.6532081224300793
0.652963129748372
0.6529520499253296
0.6531138954029444
0.6532563104644586
0.6530128226723259
0.6530507607551961
0.6529754218464267
0.6529920147661723
0.6530486867999049
0.6530923235305633
0.6530877129942172
0.6529805569477789
0.6530272424767134
0.6530077464668059
0.6529847213333543
0.6529830568023187
0.6531317002302448
0.6531252946174333
0.6530828234183391
0.6532159705432018
0.6531551476334881
0.6530673827201204
0.6529865555469812
0.6530132133250752
0.6529733890647793
0.6532392398354714
0.6531473834452466
0.6532394201170975
0.653174629395249
0.6531029257817923
0.6532118331553537
0.6531219686534275
0.6530687349441552
0.6531830941073543
0.6529776072884674
0.6529685675027842
0.6531638620297542
0.6530849693711095
0.6530523705162639
0.6527914174497882
0.6531318864170986
0.6529091721028445
0.6531751587147169
0.6529926107842801
0.65302870174477
0.6529567282989139
0.6529905989662549
0.6530156878777331
0.6530782486079991
0.6529391106444482
0.6531273359799964
0.6531443453774948
0.6529823483802896
0.6529690722724837
0.6530839217772378
0.6534201572750977
0.6532222196969597
0.6530231621677889
0.6531119030261603
0.6531975594117776
0.653030630168332
0.6530200340295593
0.6531279278555533
0.6530770534520325
0.6531686656499294
0.6531381615000292
0.652926357531588
0.6531900584532992
0.6530721927478953
0.6529534078681707
0.6528899419902683
0.6531054745929881
0.6530371425439648
0.6531023354086649
0.6531501737247113
0.6531703055170299
0.653313741113308
0.6529086696079414
0.6531189018879872
0.6531399309685454
0.6528959440017669
0.653025658148866
0.6530862643323612
0.6531699336256187
0.6531602624226567
0.6531026480724127
0.6530106572328296
0.6530253524916566
0.6529463021195355
0.6530949228316537
0.6531478445112278
0.6532356150905405
0.6529834256914726
0.6529512171240612
0.6530311592030027
0.653125440585211
0.6531179616713595
0.6531895185311123
0.6530543531572035
0.6532804753143037
0.6528673355866622
0.652916456421633
0.6530026032492102
0.6531809859506366
0.653100111376967
0.6530174560385787
0.6532273393350496
0.6532633834161249
0.653124670786358
0.6530376968955859
0.6532185325234299
0.6530469839477682
0.6532162928095658
0.6529987564116603
0.6530386227068048
0.6531048557708714
0.6529858770311772
0.6532463129936191
0.6529960550201752
0.6531716743957703
0.6530229823673157
0.6530470444463807
0.6529710638309749
0.6533217525206885
0.6533817594749646
0.6530833952908819
0.653265007403213
0.6529728895429779
0.6530004849326068
0.653164774022088
0.6532245879111023
0.6532684795862721
0.653006249505402
0.6529763130088886
0.6531172854446923
0.6529932336890871
0.653156417799851
0.6529737671584172
0.6531203391317977
0.6532444028074127
0.6533063033518847
0.6532206521638664
0.6531621723429126
0.6532086241879244
0.653071240581567
0.6532678605151675
0.653223749346848
0.6529836271903082
0.6530308355706362
0.6531008742140623
0.6532794627752595
0.6530158308441898
0.6530431869892501
0.6528910206620462
0.6530604116255752
0.6529719065695063
0.6528976753207878
0.6530100496168426
0.6528942439929614
0.6530849288512399
0.6529603757833244
0.6530469300894237
0.6531954804413209
0.6529699108947098
0.6531898194929799
0.6529388251165178
0.6530581690323459
0.6531130084478193
0.653056656147798
0.6530463773480459
0.6532018267224553
0.6531976649907258
0.6531712169235039
0.6529980683341381
0.6531589437655083
0.6530018794056613
0.6530920324318722
0.6532132190169215
0.6530311391258765
0.6531512619609324
0.6531778714177964
0.653111103885202
0.6529387088980054
0.6530546886939476
0.6529348389925849
0.6529050904228352
0.6528946873093077
0.6532305882151005
0.6528607811790147
0.6529718873996972
0.6530496562332977
0.6530747012842837
0.6532049564320015
0.6531228636273207
0.6531070206997458
0.6530655183137795
0.6530111892743619
0.6528369194094059
0.6530072047832375
0.6531080604431153
0.6530584362842704
0.6530498571639528
0.653129840810309
0.6530537650935169
0.653064995753261
0.6531539840453929
0.6532100881468265
0.6531277826977051
0.6530994527916991
0.65313338867379
0.6531431445180675
0.6530579836000796
0.6530834836904831
0.6533153818053755
0.6529449769625484
0.6529692353585954
0.6531849551760851
0.6530268415962553
0.6532694874973292
0.6529376003829841
0.6530309588241322
0.6528431980781644
0.6530073693458132
0.6529028817518443
0.6530914003156452
0.652902200803804
0.6531289656693958
0.652989573666374
0.6530613728261385
0.6531266999054721
0.6530838896232605
0.6529314584163972
0.6531479065807274
0.6530026109098062
0.6530192228474586
0.6531416802812056
0.6529621290636844
0.653294864615283
0.6529674459385916
0.6531101285401287
0.6529515082469775
0.6531370750742059
0.6531059264505074
0.6530605715763165
0.6529578685662771
0.6532857225126901
0.6530293983654651
0.6529414918746891
0.6530716839646031
0.6532601975849242
0.6529574829300319
0.6530281894509915
0.6531154729296668
0.653081262269015
0.6531859666664501
0.6531182843915411
0.6529341694414885
0.6530763718774573
0.6531141249380958
0.6531776843198688
0.6528512759794475
0.6530956494670421
0.6529654649070352
0.6529211581153301
0.6530293445545745
0.6529148641218683
0.6531103584631888
0.6529398713230045
0.6529962222221004
0.6531357415059129
0.6531626859526867
0.6529509294248563
0.6528673384344793
0.6529402536785205
0.6532154875607574
0.6531346418388
0.6530556033729323
0.6530423301695374
0.6530413622459964
0.6533544981470911
0.6530919956959171
0.6530910401263157
0.6530957888322282
0.6531036164311694
0.6532069430134583
0.6529937993572918
0.653104239161039
0.6530761739719524
0.6530980964755626
0.6530037949602637
0.6532086085023888
0.6529409309009759
0.6530968264917303
0.6531308196344892
0.6533044109688818
0.6530034383507779
0.6531609683097442
0.6530597045744977
0.6530429523164029
0.6530386856184534
0.6530454781141071
0.6533748609794807
0.6531503891951947
0.653163173265414
0.6530937790188094
0.6528808076212888
0.6530125871491561
0.6532012546029992
0.6531735919803785
0.6529003931452824
0.65307165878523
0.6531925527226512
0.6530960879028483
0.6530071283889807
0.6531451706756182
0.653191205296403
0.6530815874544353
0.6530802798542329
0.6530557403088734
0.6531319705260727
0.65315798677597
0.6529687993446285
0.6530576547635766
0.6530687180689505
0.6532478894176699
0.6527998659777404
0.6530012135714421
0.6531451840484199
0.6531282699416494
0.6533282426324509
0.6534284566405884
0.6530239241438794
0.653020077726528
0.6528146078588979
0.6530166099663643
0.6529154486685472
0.6531942210607335
0.6530590928652595
0.6529960812676179
0.6531773333093521
0.6530600136301571
0.6529998590047917
0.6532147305869095
0.6530585493799341
0.6529301968620389
0.6530998951773337
0.653264260120467
0.653152431738364
0.6532554062924203
0.6530133074678827
0.6531152996024818
0.6530469976732381
0.6528584696527526
0.6529534198338012
0.6527807866239694
0.6528907233964856
0.6532018961921136
0.6530018223668228
0.6531309496980839
0.6530413176451914
0.6529427784117134
0.6530599265744457
0.6532060650348325
0.6532591160064235
0.6531708478760085
0.6529835741977129
0.6530577035333885
0.6532728422950298
0.6532301482815248
0.6530133580410357
0.6531005672236927
0.6533593665140122
0.6531576919883919
0.6531216198880796
0.6531518127668539
0.6530465360886162
0.6529569292150523
0.6530866799047105
0.6531727045937188
0.6531855154621974
0.6532651632022113
0.6531152511062519
0.6529991549859391
0.6532271525997205
0.653056026520261
0.6529644097965939
0.6530285878930717
0.6528710474655773
0.6531892365352877
0.652981526456987
0.6528878740142254
0.6530120927425767
0.653283576419712
0.6530047679642447
0.6528547805796154
0.653011464627962
0.6531956967392635
0.6531258557532649
0.653093239206961
0.6531600499297434
0.6531488826962881
0.6529272693358866
0.6532102170087967
0.6532005597526364
0.6530596200221888
0.6531524043128469
0.6530404253000233
0.6529670359845572
0.6529403486018684
0.6529843313035114
0.6530932869057676
0.6531578428056514
0.6530124600210729
0.6530284779376629
0.6529347069782224
0.6530172573907547
0.6530263461498229
0.6531459177808022
0.6530407631561357
0.6530869014435741
0.6530702881548047
0.6530994131187482
0.6530673542623171
0.6530468814011114
0.6528476457202401
0.6530840365847019
0.6530529113927658
0.6530570641108849
0.6530292977013399
0.6529371821561094
0.6530813823850385
0.6531256988346489
0.6529914906683517
0.6529520177213793
0.6533087169661049
0.6530456731438987
0.6531915910327437
0.6530882172514122
0.6530045981358197
0.6531123541503796
0.6530346048647072
0.6530417515332221
0.6530301552990555
0.6530401563325213
0.6531951973625167
0.6530497919323536
0.6530178829548012
0.6531455637165688
0.6530415115950319
0.653117952705226
0.6530806450676065
0.6531879862212551
0.6532117119279585
0.6529813410160745
0.6529218229523763
0.6532652730132784
0.6528103200464351
0.6529008529457587
0.6530429003343415
0.6529618370606509
0.6531652822868856
0.6530456430381101
0.6531439694610035
0.6530900588890542
0.6530196652778014
0.6531254467591864
0.6529950730923139
0.6531796492261929
0.6532395161431044
0.6529341916397605
0.6529390493821703
0.6530102521375398
0.6531287427567007
0.6532397844982792
0.653031815155299
0.6530065683006133
0.6529601720872149
0.653139002044878
0.6530619664458082
0.6531421830264437
0.6530434747741816
0.6529940869600019
0.6529062524194045
0.6530788846284092
0.6531830429492432
0.6530085942194895
0.6530400847149961
0.6530250712601493
0.6530319024783904
0.6533710836716513
0.6530220213446493
0.6530129092181249
0.6531564779249011
0.6530959332962831
0.6530688308422263
0.6530221373911308
0.6529976812277304
0.6531043869227898
0.652899473023528
0.6531074969767237
0.6530068873781477
0.6530650753183804
0.6531801564954768
0.6529605573312703
0.6531470839879221
0.6530556275627433
0.6532211312880978
0.6529741945760246
0.6532328459432726
0.6529852573363365
0.6533247669310438
0.6532355472216359
0.6531123887295924
0.6529544305914499
0.6530245078725447
0.6528944772485121
0.6532318743792962
0.6528626451011219
0.6529890871465351
0.652959372696639
0.6530371507889501
0.6528450475016692
0.6531262657036183
0.6530563466411367
0.6530191492481233
0.6532113846503516
0.6530821291168842
0.6530355783020434
0.6531667649805503
0.653013847236319
0.653056715270171
0.6529816621861368
0.6531026033029936
0.6531166252556779
0.6531154059229312
0.6531185223811568
0.6530342002109935
0.6531659926106046
0.6528951479974701
0.6532437996748287
0.6531046365963232
0.6531399279520652
0.6531005669699773
0.6530750190440653
0.6531224701626921
0.6530615545236917
0.6530318487949586
0.6531138546504056
0.6530229789998468
0.6531558135317139
0.6530343485962071
0.6531935325884757
0.6529668291127513
0.6529949635964016
0.653047016468173
0.6530068372569682
0.652937744651167
0.6530886745110426
0.6530043612296974
0.6529988744838782
0.6531360356578707
0.6530333854566981
0.6530495433085621
0.6530726520696544
0.6532041369838046
0.6530059875494998
0.6531170171641707
0.6529918249576643
0.6529838265306374
0.6530198211088872
0.6529609712615657
0.6532085737684883
0.6532967946416119
0.6530665613155382
0.6531141551128822
0.6529945475825268
0.6530395150492567
0.6530538191305296
0.6530521925139062
0.6530659374894647
0.6529532959854232
0.6530821239099017
0.6528253815568275
0.6530804110819495
0.6530844756203105
0.6532032435889117
0.6528865497071356
0.6528997860128105
0.6531404472892361
0.6529321688932879
0.6530590981760842
0.6528740478135033
0.6529816469152296
0.6531453839372359
0.6533150318590288
0.6530867167958051
0.652936179295346
0.6531838452390826
0.6529978421981384
0.6531654591170823
0.653108198993581
0.65312341341793
0.6531573342611956
0.6530842700779631
0.6530434767791171
0.653030864406693
0.6530867543413201
0.653019221754147
0.6530514130366359
0.6530616825339302
0.6531627827562299
0.6531736541940275
0.653138381213196
0.653171165300348
0.653223755348106
0.652972641929513
0.6531412729409033
0.6530588463110342
0.6529957998516387
0.6530493275930205
0.6532293189725096
0.65309740918067
0.6530639006999901
0.6533179830232929
0.6528685832010664
0.6531543505841938
0.6528527376420128
0.653054057859847
0.6533044380277856
0.6530543880235027
0.6531003006780194
0.6530118288039117
0.653067446390618
0.6530784858923266
0.6530257862098868
0.6530283918958826
0.6529048615793118
0.6530277642447286
0.6532156157371746
0.6531506597963401
0.6531076250987761
0.6531924036331556
0.6531905011119744
0.6531076299991738
0.6529026178249164
0.6531586505637823
0.6530944549177597
0.6529456283898292
0.6530589111776465
0.6530325572651867
0.6533763262900839
0.65307479839132
0.6530992449267573
0.6531519591879839
0.65340295327548
0.6532217436747974
0.652985860276895
0.6532587580061582
0.6530441599400328
0.6531144967068312
0.6529676337655235
0.653100099689685
0.6530855645030781
0.6529107394787007
0.6531116150208195
0.6528724256612775
0.6529244957980243
0.6531077546253603
0.6530248461446815
0.6530122125960675
0.6531505523185788
0.65302177325569
0.6529950808005192
0.6530989335176176
0.6527707952964137
0.6530666269135499
0.6529654865738056
0.6531573041111909
0.6530692111368783
0.653132931858361
0.6531489730012074
0.6532232317196336
0.6530555588951095
0.6530943046127343
0.6530010528457739
0.6531260700464822
0.6530869175036039
0.6533291465381568
0.6530195296180555
0.6530074052814412
0.6530805859559998
0.6532005352767078
0.6533333835549264
0.6531045309471389
0.6529771366143362
0.6529620624369943
0.6530075554485306
0.6532478937168902
0.6530802587247617
