0.6418103194475379
0.6418277717051396
0.641969641795481
0.6419263797875043
0.64194342304098
0.641999117551389
0.6419943249616408
0.6418606431804037
0.6417838750009626
0.6416547342656909
0.6416622890722459
0.6417193698520142
0.6419485197026154
0.6419662081089823
0.6419986372069477
0.6416645474290008
0.6417042915992074
0.6414554276843258
0.6416810741064999
0.6418422806178162
0.6419206506924647
0.6416195021632894
0.6420020633215904
0.6418924167553612
0.6418404611200694
0.6418625904417403
0.6417301408997631
0.6418969274868704
0.6419623356616653
0.6420161883910414
0.6420499730783849
0.6420204981913994
0.6417478351028236
0.6417592335600797
0.6419426435577462
0.6417740938840951
0.6420156018440638
0.6418252658864972
0.6416170595588713
0.641820052673161
0.6417995165148018
0.6417718693001466
0.6414419072125425
0.6420518435263192
0.6418567975854511
0.6417311792640832
0.6417634600008479
0.6418383838413937
0.6416754537282405
0.6420148664534342
0.6420096202378475
0.641989647324778
0.6416273211466934
0.6418239709470871
0.6417236441504609
0.6421366117301323
0.641675536597924
0.641779449863583
0.6417818561455991
0.6420491485939802
0.6420710807427881
0.6418442642630064
0.6419056561305573
0.6420282623677785
0.641800314788871
0.6421846285781706
0.6421251160616999
0.6418793631538628
0.641666018383361
0.6420291672559718
0.6418767630971909
0.6419376594904505
0.6418350081112305
0.6419710316135827
0.6416309140299516
0.6421614443420588
0.6417280348407323
0.6418810955121212
0.6420617471279756
0.6417424340672233
0.6418637418673192
0.6418819113153927
0.6418880773808706
0.6419966477701173
0.641802436208934
0.6420911821952096
0.6420620279786464
0.6417156636281224
0.6417197632729936
0.6419226596825295
0.6419152609628948
0.6415860752082135
0.6417851286818163
0.6416475242270698
0.6417008390785637
0.6416313139854711
0.6416169327779089
0.6418285292198067
0.6417275195567843
0.6417303861296957
0.6417426428373707
0.6416121270454634
0.6418499261759332
0.6418268543312224
0.6422500449972725
0.6416398262539307
0.6421672298422846
0.6417131976679347
0.6418057293285644
0.6420999729507808
0.6416627462090502
0.6418822306597918
0.6419655972350137
0.6417957208770741
0.6416477226966801
0.6417175232497255
0.6418546224662545
0.6417707877122283
0.6422049884186805
0.641660436693182
0.6421208632830862
0.642035791901864
0.6418999581653423
0.6418537295939779
0.6416586841245684
0.6419936267548985
0.6418463376981842
0.6419906887169897
0.6418014293462324
0.6418722941476558
0.6419899707116141
0.6417163339925178
0.6418097650218069
0.6418111369098398
0.6418820084268824
0.6416965831506102
0.6417344269074094
0.6419836859634468
0.6418337820994744
0.6417440421966697
0.642054766025322
0.6418513530736727
0.6417651836627725
0.6415927647513738
0.6419388785529274
0.6420289169906301
0.6419407262295841
0.6417150979532832
0.6417509296952084
0.6417121183760682
0.64191966391461
0.6419552726345976
0.6419799390004328
0.6419301582667736
0.642102096144015
0.6416930739202384
0.6418686001083536
0.6422283680917682
0.6422876388321968
0.6419420435370046
0.6417684323169953
0.6417894920060107
0.6416755716434952
0.642075230317979
0.6417117250243134
0.6417986169725763
0.6416727482921425
0.6418437800352733
0.6416489325112039
0.6419383970805823
0.6418801893194943
0.641809651898906
0.6417229052668484
0.6418454976087072
0.6415704974014926
0.6419992960863311
0.6416865499686093
0.6420513176520484
0.641887421393683
0.641817667082635
0.6418261986276674
0.6418667583648403
0.6418955135290327
0.6423089348473059
0.64177563394221
0.6416540657812755
0.6419238455582359
0.641819006034767
0.6417759447458882
0.6418065645898163
0.6418861105859054
0.6418741221992095
0.6418242819926376
0.6420745262949453
0.6417942298255953
0.641870952315345
0.6417273265381671
0.6419341623322108
0.6417825567416222
0.641889681895301
0.6416488771244053
0.6418997456247749
0.6418719630730998
0.6419067832519174
0.641974591783265
0.641679775564562
0.642006631521884
0.6418585496254283
0.6416907514169943
0.6420515292709863
0.6418326452832355
0.6421508064779613
0.6419347811061303
0.641744327918336
0.641777564148037
0.6420502511969632
0.6420159332822525
0.6417417808381913
0.6419287888400427
0.6416938709704798
0.6414819235000844
0.6415532808002934
0.6417961931083236
0.6418414772671623
0.6418195538740923
0.6415704368586824
0.6415995909827156
0.6420572600727967
0.6418786039471478
0.6418907500326592
0.6417446877740591
0.6417252940509551
0.641972262593908
0.6418649858017208
0.6420799714791723
0.6418607080337944
0.6417494410391754
0.6415714668684073
0.64154285495861
0.6419769305989855
0.6413867842783624
0.6419517603448619
0.6417885398221285
0.6418027859435986
0.6418778422949185
0.6416700475839221
0.6418936695043495
0.6418998113244214
0.6420354523140063
0.6418411946734115
0.6417371241462961
0.6419322455151757
0.6420242988518441
0.6417591714644053
0.6417549434400942
0.6417480112813925
0.6418127847408861
0.6420006814450392
0.6417529679355003
0.6418536689848626
0.641859708243495
0.6417521916610244
0.6419264400257181
0.6418547639236696
0.6420452241744118
0.6420698468698054
0.6418576176735378
0.6415223254742
0.642035059027972
0.6418033304535138
0.6419077283515842
0.6416006258629589
0.6417883009892676
0.6417984005536648
0.641834922874557
0.6419566087804145
0.6419529076366697
0.6418058327423489
0.6415487260922115
0.6419615155664515
0.6419603821400655
0.6416781535554283
0.641649267625169
0.6416031481257006
0.6419419012281856
0.6420626119953341
0.6417833194622344
0.6419122416964684
0.6417168551921097
0.6421340960866113
0.6419256244700438
0.6416494956065342
0.6419114654237505
0.6419435812564792
0.6418342551733418
0.6417077734825345
0.6417739174281821
0.6414486592956239
0.6420797823733799
0.6421589809270143
0.6418864896518952
0.6420316914516887
0.6422356651577045
0.6418198132117354
0.641857443814556
0.641635304072671
0.6418908436813482
0.6420640173710901
0.6418553988917999
0.6419981778412582
0.6421254258495176
0.6420234728791852
0.6418671969854983
0.6420313543740471
0.6416178730591932
0.6418549907716576
0.6415235763983036
0.6419464273266782
0.6418265222378825
0.6417426689402633
0.6417548560268929
0.642065996710288
0.6416475488796981
0.6419965127528229
0.6419902708579426
0.642044916677811
0.6420773562787327
0.6416480264624224
0.641815429055901
0.6416569174425943
0.6417697053052157
0.6417254064440441
0.6420787545240223
0.6416236176594274
0.642197156481329
0.6420550636707201
0.6417858973843598
0.6417798230832211
0.6419446539606828
0.6418194058783191
0.6416198977056071
0.6418253803913656
0.6419142774792667
0.6421130811981011
0.6421528407441812
0.642207223442146
0.6420282836424659
0.6418957497663178
0.6417776768917054
0.6419017072144029
0.6421846705677878
0.6419897124564098
0.6419697439000797
0.6419724539753757
0.6421246300611647
0.6423130564720909
0.6419575253640447
0.6421030441603749
0.6420213311645444
0.6418199091509456
0.6420002338629147
0.641844097568711
0.6420750501062282
0.6419710048296827
0.6416733347510276
0.6413314475123659
0.6418355879133462
0.6417134440518686
0.6419792889063827
0.6416461419798841
0.6419861582745067
0.6418269168927346
0.6419572316505775
0.6416931946092539
0.6422378416077841
0.6418209510920861
0.6419881953070363
0.6414956454360561
0.6415780695914719
0.6417740112159359
0.6417581315969383
0.6416310033675607
0.6418317427313931
0.6418428961050652
0.6416739432361891
0.6417845201902017
0.642063425982219
0.642063753688296
0.6418971283033328
0.6417981820669181
0.6417810742957418
0.6417402917913486
0.6418060427269938
0.6417603700998399
0.6417088040817635
0.64158379726275
0.6414711289028343
0.6419657726898191
0.6419774708114633
0.6416900608927325
0.6420137794539718
0.6417501836880776
0.6420621362227267
0.6420641034368353
0.641815653777083
0.6417699058535203
0.6419023528198884
0.6418552912481049
0.6418719767713241
0.6418968889885797
0.6421214337947034
0.6419292311545295
0.6419260768317713
0.6418589713422168
0.6420736479367022
0.6418333429207365
0.6417476962755669
0.6418608069909698
0.6415474671811814
0.6416288266726355
0.6419310763059644
0.6419326616921984
0.6417455157430285
0.6416785244876003
0.6421280030836409
0.6417374736391659
0.6416930136097607
0.641858790724542
0.6419641395364779
0.641887850100676
0.642095284129874
0.6415489835131836
0.6416581957999108
0.6418629353104048
0.6419417633201676
0.641863699582374
0.6421051341795003
0.6418709678315329
0.641739032851417
0.6418009894876181
0.6417702351186035
0.6417381160047892
0.6418168828177977
0.6419291022790957
0.6420560228354076
0.6421344588664963
0.6419757615829835
0.641755063726825
0.6419959886952484
0.6419279573908612
0.6417649285208935
0.6417112413169965
0.6418491079125227
0.6416033824646841
0.6421301608136925
0.6421194603264717
0.6418952282084833
0.6416908309990235
0.6417537063011082
0.6419487174726664
0.641569232658449
0.6416636668872546
0.6417663446348185
0.6419981598213653
0.641660213626682
0.6419284135212088
0.6417496777267867
0.6416515452693989
0.6416533552453546
0.6417451414913231
0.6417099548370216
0.6420880458475253
0.6419352899131021
0.6418718537686758
0.6417304015890674
0.6417633519941458
0.6418719756829016
0.641640251542665
0.6419976958852884
0.6418975097428505
0.6417406247481138
0.6416360201620894
0.6419204834740199
0.6421043851711523
0.6416348392316595
0.6419434959937711
0.6416857793193435
0.6418134468927141
0.6418275334026381
0.6418319339521863
0.6418224788360609
0.641768071612932
0.6420312428513778
0.6419349206522631
0.6417280440647909
0.6416964467717742
0.6417709399762406
0.6415127158368233
0.6418671205287615
0.6419807050555928
0.6419927219112174
0.6421444937856366
0.6420310411046551
0.6418894123036651
0.6419361700311047
0.641752024640768
0.6418457474535137
0.6416981160662082
0.6418762561614122
0.6420325274485127
0.6419335825374821
0.6416298490331833
0.6416393770196542
0.6417904855233284
0.642025102226953
0.6418251993920894
0.6420839145724911
0.6418047368300634
0.6418717638712195
0.6417093441990223
0.6419739144395955
0.6419234594021134
0.6421869526883461
0.6416239566634078
0.641821328945843
0.6422294512463953
0.6417712744492956
0.6418438044654243
0.6421692086578827
0.6418322311002285
0.641769969315581
0.6418855735402077
0.641954137618449
0.6417435179351609
0.6417362132405033
0.6419351658614296
0.6419652378432612
0.6416593107765447
0.6420469546633496
0.6415344583025631
0.6417632653176429
0.6418320892214094
0.641782607904801
0.6416265084503836
0.6417072410678144
0.6418625221904427
0.6420100740474146
0.6418031450720133
0.6416336528047178
0.6423073865962967
0.6418547056416049
0.6419130491123917
0.6420583025335606
0.6417840590321253
0.6419258748791097
0.6418740107368386
0.6422971495007654
0.6417322210103558
0.641937286082658
0.6417098339076471
0.6416918775072793
0.6418963546660197
0.6418784730097857
0.6418378409952737
0.6417980974597586
0.6418154704273477
0.6419289113361911
0.6418026967010731
0.6417472429650798
0.6420062823060204
0.6419302333293561
0.6419861036646177
0.6418743064990574
0.6417743386520316
0.6416152610195338
0.6416184002129937
0.641910969228359
0.6417759908011483
0.6419825965251904
0.6417333086207218
0.6416651911280117
0.6419058261849128
0.6420978690729808
0.6418521015478373
0.641917417317337
0.6420000445245526
0.6420646862151003
0.6416873301029602
0.641719121985893
0.6418382092529016
0.6421581622238213
0.6418194606120815
0.6419589514346183
0.6416660817532143
0.6419468972287246
0.6417053076764849
0.6419378275752825
0.6416779811786563
0.6419964429125228
0.6418934744876792
0.6419481768992323
0.6415755652174137
0.6416812189084682
0.6418648282580102
0.6417023149423732
0.6421637632157545
0.641967852697966
0.642128788006824
0.641835772824801
0.6418857251184058
0.6419385616683215
0.6420160381909116
0.6419089526855228
0.641690300773248
0.6420022677474417
0.6417778182292928
0.6418703481869574
0.6416596374257664
0.6422038620012415
0.641928199626365
0.6418725360187636
0.6421345051112279
0.6418393356948656
0.6419259665676036
0.6420668324615286
0.641854128861191
0.6419082306750031
0.642136622917694
0.6417802000747688
0.6418301470742152
0.6418138878209634
0.6420241644541373
0.6418722692989085
0.6417534277460595
0.6419678431952509
0.6421270035258178
0.6416515126003872
0.64186551354684
0.6420132630681902
0.6419260073481533
0.6418893882956491
0.6418834031983153
0.6418241370578871
0.6418445847653993
0.6417722253546811
0.6418841102094472
0.6418012089357091
0.6418788794922151
0.6418904353529629
0.6419688445186446
0.6419957859220041
0.6420607707977318
0.641869663155524
0.6417138411293487
0.6417799966573887
0.6420647096515653
0.6418224814236688
0.6418185276883167
0.6419778690032958
0.641899283264344
0.6416296457060926
0.6417834588578109
0.6417105011384442
0.6415639095700909
0.6420521225291733
0.641786929467423
0.6418386484957647
0.6416899350525582
0.6418293328813086
0.6418817335229414
0.6418054181687327
0.6415890644220386
0.6419911849210752
0.6419878445068163
0.6418136817833309
0.6416484498138658
0.6419217998439354
0.6418813112679236
0.6415856597496166
0.6416427492360689
0.6416158728378409
0.6420542474685584
0.6419614774087826
0.6420720708863307
0.6417443631192019
0.6418277761016495
0.6417551107300865
0.6418175474507862
0.6417626914199299
0.6417771350683067
0.6416085671596076
0.6418581984045905
0.6418092134310103
0.6416722329654427
0.6418942424414782
0.6415954905277406
0.6420701718032281
0.6421747735491687
0.6419027738920645
0.6418501870955512
0.6421376798070049
0.6417062689472559
0.6418834993959703
0.6419280603711021
0.6420958272073343
0.6419379331829846
0.641858710773922
0.6418473816607325
0.641859651807352
0.6417527991591028
0.6418127356273665
0.6418881444438902
0.6415760388217853
0.6419021354537431
0.6417096435175134
0.6417700268570468
0.6418319940326644
0.6419503226782033
0.6419130759715346
0.6419617030644335
0.6420156875475694
0.6419766844755573
0.6417572814579633
0.642042996882374
0.6418613467964234
0.6418631659293245
0.6419546762463401
0.6418895706199501
0.6421630891045753
0.6420079772254127
0.6417466676873415
0.6416546766466422
0.6418368736590141
0.6418266629023599
0.6418125737281659
0.6416235795695504
0.6419494048565076
0.6419944310499605
0.6415900173605034
0.6418518915948567
0.6420905532757206
0.6419187235159598
0.6416347692282977
0.6416898771067908
0.6417549224181252
0.6416951742962496
0.6418367807849279
0.641925326294823
0.6420833937009186
0.6418200487479534
0.6419247963945076
0.6418193902421103
0.6416080745967105
0.6416655369919338
0.642149394238044
0.6416639514417037
0.6421631448155903
0.6417966459986268
0.6416851307373993
0.6418380428599053
0.6416927043388544
0.6419238517748058
0.6420238227773492
0.6420840331148802
0.6418300514414035
0.6417865373287043
0.6416913064671763
0.642225437577256
0.6418180101383041
0.6419043315916055
0.641884999290552
0.6419890715918998
0.6418299546926984
0.6418933494810961
0.6416858368366288
0.6424096750959234
0.6417914128240101
0.6419636743298487
0.641927791789938
0.6419171149418246
0.6418429307734507
0.6422937330584523
0.6417480046192288
0.6419526297291072
0.6418976761028268
0.6418319531882233
0.6419309188180105
0.6415663613090211
0.6418754881237106
0.6418056203504181
0.641953611161143
0.64176133943792
0.642004689906401
0.6420329572800287
0.6420370193996784
0.6418909828538801
0.6418736677021337
0.6419189259925362
0.6419025856289582
0.6417981636601479
0.6418044428165105
0.6420176378838269
0.6419733571201749
0.6418186937208262
0.6418281456832314
0.641993051864863
0.6415749717538719
0.6418223067055362
0.6417180620350103
0.6418116821056602
0.6417382226097008
0.6419880582419237
0.6417257083245425
0.6416825047286027
0.6419091059469876
0.6418048024920953
0.6417291108640414
0.6418782262936698
0.6418297542134495
0.6421723434669668
0.6415487523804416
0.6417586854866426
0.641965503108591
0.6418622612676368
0.6418780806801198
0.6417023181038398
0.6420274151773118
0.6418903250445148
0.6418943130556027
0.641781412405673
0.6421630613638198
0.6418149173732499
0.641754306963598
0.6418255544131224
0.6419108214281325
0.6418504920863002
0.6418099800913494
0.6415207303622179
0.6418119468971305
0.64142368876956
0.6418311353735311
0.6418156324972263
0.641583251515634
0.6417193242601954
0.6417096009766354
0.6418058944134442
0.6417336780791195
0.6416507531252373
0.6418770007889849
0.6419057491643074
0.6417020410358182
0.6418683757900134
0.6419344467010539
0.6420796105742874
0.641827926413337
0.6419721337503954
0.6415699168790368
0.6419812392796098
0.6420744438047148
0.6418515242273132
0.6417272820683557
0.6416748605526191
0.641895855004678
0.6418145413343623
0.6420017216208149
0.6418938356754822
0.6417600345159726
0.6423131410341402
0.6418401884215336
0.6417882763719847
0.6418456592793369
0.6418755527828219
0.6420100270194518
0.6419628254090719
0.6417821833494349
0.6416058295806599
0.6419894367856518
0.6419142055939107
0.6419050312800185
0.6418138973651575
0.641724052501027
0.6423234793223289
0.6419290072158885
0.641774077057554
0.6419038421385288
0.6418305868191772
0.6417403205138219
0.6418852316648016
0.6419804279255988
0.6417518386361696
0.641472319553315
0.6415751657463618
0.6417929126896913
0.6418070465767052
0.641981172986759
0.6420492790717898
0.6421024239184696
0.6418067333717845
0.6420227033113182
0.6417908159307405
0.6417980579849271
0.6416969843999036
0.6419180785765433
0.6416979673984794
0.6416607975064694
0.642205912759985
0.6419329353033746
0.6416325331647976
0.641805194841655
0.6416167465688161
0.6416906350525509
0.6421725262441664
0.6417823143674023
0.6416794914988747
0.6422540676156895
0.6416420415320588
0.6416462402617589
0.6417243530895307
0.6417795087026786
0.6418065063695899
0.6418339830379947
0.6415933864369645
0.641581179378432
0.641566994584387
0.6418022970377777
0.6417695578219931
0.6415365606764369
0.641795063116857
0.6415768758070876
0.6419463638468528
0.6420097535832002
0.6418620835278357
0.6420251072712309
0.6417088913945788
0.6417371382374382
0.6418849642836538
0.6420549251829495
0.6422226050473537
0.6418088191065342
0.6417491760575254
0.6421656820672619
0.641843166439314
0.6418576826296185
0.6420179439315203
0.641904635063427
0.6418101251707206
0.6421289256614627
0.6418398970358449
0.6419833184583301
0.6418958261991559
0.6418603257587141
0.6417158112740775
0.6419369190551296
0.6418943431018017
0.641630313486593
0.6419790682299584
0.6418083696790406
0.6417418261538156
0.6417873257259816
0.6417438784605245
0.6416290105586272
0.6416039708367344
0.6419787831631639
0.6416207472949832
0.6417322931639022
0.6417519268973563
0.6418950613862235
0.6416299546583075
0.64177530827262
0.641826576481836
0.6422307638509444
0.642013259766403
0.6417830120152425
0.6418601506377004
0.6418000951220428
0.6419055551529693
0.6418989936051336
0.6419322446987349
0.6417084994551021
0.6420356554331051
0.6421037765972959
0.6417574477389614
0.6420130210111363
0.6421265708723013
0.6417047671509222
0.6419509394767597
0.6417678379959918
0.6418655317081278
0.6417244055228303
0.6419864663867285
0.6417694099638491
0.641480942736345
0.6418216575353485
0.6419998416913242
0.6418131672470236
0.6415223936068045
0.6417597583284316
0.6418135222535536
0.6417481303973774
0.6419977776689878
0.6419627066899147
0.6419612609847788
0.642012064227033
0.6417607834172643
0.6418030943243822
0.6419228681838056
0.6419455837032628
0.6418225487046516
0.6418320245998475
0.6420276452074561
0.6418343900576027
0.6418992154292409
0.6417700368635519
0.641752072730349
0.6416985905794399
0.6420886395803321
0.6419038899206974
0.6420612581017079
0.6417890044287711
0.6420644153503325
0.6417230806128782
0.6420045015187774
0.6419243725241957
0.641654309804568
0.6420031047000989
0.6420212304447901
0.6416283153005938
0.6418373145102365
0.6418572603144864
0.6422224897321769
0.6419321388453847
0.6420092115833951
0.6419219128809501
0.6416121259572239
0.642093357009235
0.6421830288426356
0.6420163098455307
0.6419245777681812
0.6421031643244136
0.6422416787547913
0.6418198232915431
0.64172435391469
0.6419135928677987
0.6420005342762497
0.6419311434613905
0.6420008074591104
0.6417715643111748
0.6421144770887874
0.6418553593525282
0.6420803946169348
0.6419551330951611
0.6420680000585394
0.6416861729072301
0.6420965341953337
0.6417102087226405
0.6419758415760985
0.6419256870521701
0.641880890426209
0.6418098516077033
0.6418691655909012
0.6416338293665769
0.6418942382147361
0.6419420207376257
0.6418391080809683
0.6419661354467382
0.6421794252584592
0.6417332291767209
0.6416355519782351
0.6417686905355304
0.6416394763848576
0.6421051076678208
0.6418658620138538
0.6418229073415148
0.6418259840087406
0.6418812119697814
0.6419835372254759
0.6418419744272841
0.6416330201413348
0.6419221837762038
0.6418620758319524
0.6419539127280947
0.6415532133643642
0.641828307978022
0.6420168846675802
0.6414698626201205
0.6419853724931976
0.6416483592135587
0.6417868573850181
0.6418160572965212
0.64194368088902
0.6416597948685607
0.6421367299106282
0.6420079068142266
0.6416735090266781
0.6417547554292135
0.6417180557218078
0.641760991782209
0.6420222177478534
0.6419297818783902
0.6420109918713144
0.6420446689766902
0.6417260143558641
0.6418905047481556
0.64195425536577
0.6420073607952195
0.6419484498526087
0.6419828730130839
0.6419728690055359
0.6420238661031628
0.6417125171999362
0.6419010416231511
0.6418960205179636
0.6417969981467864
0.641745890474624
0.6416897516093774
0.6420575566093312
0.641749598976137
0.6418375932148193
0.6418568972206298
0.6416827491362718
0.6417746587353309
0.6418095875656954
0.6418310242819321
0.6414889757019682
0.6420446435823318
0.641674513936187
0.6418400800305784
0.6418715785774444
0.6420716809513451
0.641928267479667
0.6416525181727964
0.6418055653717407
0.6419607559633624
0.6415908636461063
0.6418315461489457
0.6419593450197008
0.6420284897149413
0.6419417749645192
0.641903322640147
0.6417657754743435
0.6415881131458995
0.6417969035881286
0.6419005317264791
0.6415973449430267
0.6417816646540538
0.6418551726263901
0.6416839176036804
0.6420260373190416
0.6422549366041447
0.6417917789514149
0.6418335860316664
0.6421100594013343
0.6419892716942701
0.641827411773958
0.642010955601638
0.641935561612259
0.6418073994404611
0.6420642232622193
0.6419859071913459
0.6419278322579237
0.6419561318173612
0.6418930662088735
0.6417730022181956
0.6417909187261429
0.6418137547965657
0.6419482818044585
0.6418372064460247
0.6415544233547267
0.6418466619478163
0.6421153766844216
0.6419823926484296
0.6420162710197346
0.6419417966043719
0.6416895328718313
0.6420787596327829
0.6418191637328406
0.6417768238771537
0.6417513906013905
0.6417146908270023
0.6418996358767575
0.6419176716321076
0.6420038471226925
0.6420921085527818
0.641920362456401
0.6418808422477684
0.6418184248940226
0.6418728627711473
0.6419300398212411
0.6419164180314783
0.6420109673089573
0.6416297405029225
0.641930836162518
0.641615114695703
0.6417268617661425
0.641847802525419
0.6417855303297897
0.6417387476601273
0.6417771635002861
0.6417386776604224
0.642094917056317
0.6418897906967826
0.6417724934224673
0.6420970042222105
0.6416907575404095
0.6420626953591034
0.6420114163987898
0.6419036905039474
0.6419048372313935
0.6419702078287087
0.6421505285649767
0.6423837724515353
0.6418119452395837
0.6418262205396044
0.6421569084613088
0.641737430006019
0.6417392835928332
0.6418860137422282
0.6418216031748609
0.641735629626752
0.641746666475914
0.6419623351626652
0.6419583561516339
0.6417227176727562
0.6418587594160927
0.6417781647825711
0.6421536872563398
0.6419186497566085
0.6416580618226518
0.6419472177534837
0.6418442657982585
0.6419503987485539
0.6418799357370701
0.6418945899158166
0.6421749765669357
0.6417781847191606
0.6418057426113228
0.6415397435054297
0.6420175323013819
0.6418182081505595
0.6419360373575714
0.6418303226794664
0.6418790645096863
0.6417985521780014
0.641795989646726
0.6418818508325256
0.6418924854196062
0.6418222533947169
0.6418782663201654
0.6417393082515038
0.6422059041636907
0.6418686733043887
0.6420737620735099
0.6419032826454455
0.6417164676406955
0.6416806827036902
0.6420103840483837
0.641620215237981
0.6421784219208915
0.6416736154220932
0.6418837005349469
0.6420802570117239
0.6418788738839659
0.6419018801934094
0.6421087594623203
0.6418721893225586
0.6418668380173642
0.6417321964225626
0.6419577763992306
0.6417623636255253
0.6419161165634704
0.641851742122683
0.6418205234299845
0.6420464821016676
0.6418816847776943
0.6414954138710636
0.6418665524685797
0.6417356600401898
0.6417905452667286
0.6418541488686702
0.6416193519940299
0.641814354113373
0.6420706114433672
0.6420607942601795
0.6419449763002875
0.6419872714149857
0.6419031456371833
0.6417482494325609
0.6418311215159102
0.6418989083053992
0.6419418739599223
0.6419534629977877
0.6417349895287452
0.6418679268792619
0.6418928667466917
0.6417731432886749
0.6419017672024432
0.6417228961866535
0.6418998879878248
0.6417485894376374
0.6420273114751883
0.6417140613709433
0.6414430372087515
0.641561856654483
0.6419755589522176
0.6419147617805252
0.6420262006710904
0.6422566248967854
0.6417292330447809
0.6419029867193335
0.642003413941437
0.6418456587357406
0.6417476405750586
0.6419330710281446
0.6416580867606501
0.6420381069890229
0.6419331792557603
0.641898934227599
0.6413998648544406
0.6418359267371054
0.64163017564695
0.6417784000188789
0.6418726259802641
0.6417324121963563
0.6417510812590297
0.6418664149429787
0.6417462272889571
0.6417119439264724
0.6416492805615723
0.6415770104285875
0.6416615377330739
0.6418204584367309
0.6418262328213842
0.6418802341615295
0.6419145552209284
0.6418668236583084
0.6418310620326244
0.6421277819234891
0.6415022229558538
0.6421105444754893
0.6418075493452151
0.6418825392427219
0.6419747586488214
0.6415237250056367
0.6416494462078826
0.6417128708742132
0.6420418397053822
0.6416815807621755
0.6420151303670718
0.6418766881935609
0.6417067564840317
0.6417587034988619
0.6415293179617957
0.6419859454658432
0.6419293584847527
0.6416221738312059
0.642096362994813
0.6420414274469173
0.641568247430713
0.6418279935290391
0.6416912349331033
0.6418510621350211
0.6419513631371125
0.6418892304298847
0.6418226118167903
0.6420656295966749
0.641649415569157
0.6418144623339415
0.641907557322498
0.6421093401220523
0.6417685896151523
0.6414112632762422
0.641841146178251
0.6416400359105552
0.6417920991185622
0.6417879198998262
0.6417566263918886
0.6418562716141779
0.6418719221463896
0.6418338789525564
0.6418411725361557
0.6419809241486989
0.6418655526298451
0.6415933423280217
0.6421258011538551
0.6417409059632804
0.6418483905776968
0.6417932647390188
0.6415856776717214
0.6419849473449576
0.6417910428159594
0.6416795661053025
0.6416395616346418
0.6418308312611304
0.6418060577558377
0.6417840512816059
0.6419803514626832
0.6419004830372173
0.6418485648389719
0.6417049985679709
0.6420081585609463
0.6417517578737124
0.641663588067861
0.6417896911116595
0.6417578958841201
0.6419677532450051
0.6417937136378267
0.6416791700995437
0.6418529149712338
0.6418755963371272
0.6419088921466545
0.6418291314494832
0.6417686589521494
0.6418753992917635
0.6417445792421075
0.641717141854206
0.6419347146586171
0.641774383825765
0.6416718839823861
0.6418009799582902
0.6416823987201139
0.6418216496316377
0.6418920547805537
0.6417837549270579
0.6419293754214697
0.6419608136083459
0.6417156637148433
0.6416485266438964
0.6418524066825335
0.6417553177376571
0.6418523248826143
0.6418309890771291
0.6417030384405122
0.6417794271297964
0.6421261243051347
0.6421130889576879
0.6420228964938177
0.6417813417056535
0.6418713435099676
0.6418499539680943
0.6417528365356422
0.6416810974231291
0.6416547652116549
0.6416811512645869
0.6420575676234663
0.6419420163355787
0.6419173229637956
0.6416881742354756
0.6419468461101167
0.6419312076422976
0.6416930125300486
0.6418925129504299
0.6422222616480648
0.6416513867731126
0.6418438973828633
0.641942163797659
0.6416330527778142
0.6417985847739578
0.6417437781354223
0.6415726048329636
0.6421031890786716
0.6418871179876517
0.6417515944722894
0.6416503595551961
0.6419541600034557
0.6419882345770938
0.6416637985329309
0.6417128688906113
0.6418451885663647
0.6420760877535698
0.6419532769296712
0.6420349325900537
0.6418087895982704
0.6419534431485427
0.641570039843572
0.6419091016748024
0.641781515981438
0.6418440027149397
0.6420310725876077
0.6415986996115739
0.6419969228454978
0.6419386562235414
0.6417256312744559
0.6414484486121637
0.6420213563597008
0.6415616350975007
0.6417580712994202
0.641909354007177
0.6419011122433808
0.6418558734756773
0.642004518149742
0.6417722168007924
0.6418912573383664
0.6420477812567047
0.6419727506008419
0.6420176364534528
0.6419104131248843
0.6419603583803548
0.6420292794670465
0.641797643587012
0.6421136668035984
