0.6566327112392212
0.6565619966915428
0.6567371466129523
0.6566020608493695
0.6565548392721603
0.6566932212239214
0.6567272873523091
0.6565718509853963
0.6566761203385971
0.6565658371183979
0.6566487142768481
0.6566340699771654
0.6565572161747651
0.6565766019076851
0.656634542775092
0.656772218827745
0.656731363314069
0.656623542073594
0.6567724447620187
0.6566830246841586
0.6566241221418128
0.6564773915364297
0.6565120463315577
0.6565635019178817
0.6566064221848067
0.6565400237604726
0.6565769230289145
0.6566675429609362
0.6567390635843088
0.6567354446823183
0.656659584194222
0.6565866078973294
0.656593468645231
0.6565963982721583
0.6567932594075114
0.6565911806681224
0.6565750098219444
0.6566203862190287
0.6566180019604595
0.6566510233012961
0.6566589360313192
0.6564238823765787
0.6567415369448708
0.6566663590988279
0.6567130943461043
0.6565039925360167
0.6565520801752232
0.6566058626544298
0.6567361612468536
0.6566261312940929
0.6566050671404023
0.6567104888406443
0.6566621504989709
0.6566449811052665
0.656643779662914
0.6567089916025266
0.65656064330396
0.6566889254024467
0.656699287752833
0.6565229279618637
0.6567197961693925
0.6566893768631967
0.6566739135715247
0.6567009021318194
0.656639291005221
0.656582583681398
0.6566629461797923
0.6566942595528074
0.6565704804838628
0.6567106576781653
0.6566688259229385
0.6567151900887894
0.6567268782457221
0.6567351886716355
0.6567328371873338
0.6565733772074381
0.6566665443830964
0.6567636111854269
0.656664754064673
0.6567588554390724
0.6566545549488253
0.6567561671009476
0.6566482435202033
0.6567210353168815
0.6566381569361364
0.656624807464812
0.656811582495974
0.6566949833592093
0.6566044734692219
0.6565356418072401
0.6566225554229574
0.6564616496572742
0.656781319373436
0.6566647671523778
0.6566923499634746
0.6566659443949727
0.6567585410320289
0.6567036463307343
0.6567465350391692
0.6566604705639618
0.656584915652914
0.6566764324651557
0.6568566767788193
0.6565069525682775
0.6566964558435215
0.6565751103267132
0.6567252349059726
0.65659379587824
0.6566475001800125
0.6566968367754015
0.6567373257786796
0.6564834239603303
0.6565419121296064
0.6566411125714708
0.6566813866874825
0.6566385194588915
0.6567555658005231
0.6567069667048244
0.6566489997411488
0.6565609189916249
0.6566040439232764
0.6566481980225944
0.656721641857831
0.6567127319439159
0.6566362038775858
0.6566903831265019
0.6565435660527326
0.6566909710515749
0.6567102764243731
0.6567806519338169
0.6566400774414332
0.6567324870046414
0.6566972719862684
0.6565097965891369
0.6565931663449834
0.6565606191789226
0.6564879547351813
0.6567421548088308
0.656642889633239
0.6565207400249655
0.6565623500262802
0.656559903247251
0.6567413871838543
0.6566379550365845
0.656713383736312
0.6568275626384759
0.6566750759622676
0.6568743315962766
0.6566271678900941
0.6565653177433656
0.6566259356979687
0.6566442578110452
0.6566636305958888
0.6566117376088008
0.6565624273897135
0.6566338680264947
0.6566372301095683
0.6566321927211781
0.6566959070064106
0.6567325286455629
0.6567854675225169
0.6566653048392976
0.6565858360982517
0.6567806711167139
0.656602327046079
0.6567886545519317
0.6564533285089986
0.656650299561307
0.6566836548376822
0.6566921149876161
0.6566166360807802
0.6565840777352611
0.6566805973520734
0.6566189443629638
0.6566452723130006
0.6566776350164631
0.656607535653233
0.6567226049350869
0.6565772010047711
0.6565924185033215
0.6567418653618748
0.6566025472832806
0.6565306256286898
0.6566669943415763
0.6565178193714064
0.6566592927585803
0.6567721435603983
0.6566982287640353
0.6566718987353133
0.6568024963268837
0.6566997872894584
0.6566220930383215
0.6566408721854283
0.656702547055333
0.6566632877984945
0.6565833666045844
0.6565335009982405
0.6566265831000901
0.6567094681706944
0.6566793851599133
0.6565554591395582
0.6567589255590871
0.6566557972207882
0.656581965045471
0.656547583690388
0.6565749485259375
0.6566882492179604
0.6566779372038665
0.6567743176804505
0.6566730099329516
0.6567018713935568
0.6567362317169978
0.6566557143986178
0.6565655412677711
0.6567740502099989
0.6567882363264764
0.6566351567537085
0.6565192358848457
0.6567069015426106
0.6567706835753746
0.6567178048138917
0.6565789696371078
0.6565122491055155
0.6566945703993182
0.6566385386814195
0.6567347909053413
0.6567621611597241
0.6566211598048877
0.6565518137670159
0.6565038476869903
0.6566696267833241
0.6566629079046536
0.6567363846254062
0.6565990203001053
0.6565710801060729
0.6566375181912458
0.6565937778528881
0.6567488934545636
0.6566251429568197
0.6567782446989979
0.6567251163637307
0.6565908053958275
0.6566312948869822
0.6567314956207999
0.6566229834094632
0.6566202621818489
0.6568792180505987
0.6566601720561667
0.6567167257899275
0.6567225849047367
0.6566213788170003
0.6566762867695046
0.6565861763663774
0.6567625588382756
0.6567343012453779
0.6566792725396442
0.6565377747161465
0.6565946461346643
0.6567368695967046
0.6565840934397087
0.6565562073129672
0.656603893910565
0.6564848772540874
0.6566757833744035
0.6566650279271754
0.6568719123233399
0.6566162779377955
0.6565089108910974
0.6567531832085955
0.6566664384642886
0.6564639042502638
0.6565684656262971
0.6565132329545518
0.6567807045187835
0.6566497650293057
0.6567287677194162
0.6565361692136205
0.6565820095633523
0.6566723337523606
0.6566444257734756
0.6567006025006866
0.6565821872955905
0.6566928197748587
0.6565464283152851
0.65676708779972
0.6566852124553181
0.6566468484918343
0.6567635767768272
0.6567998104482613
0.6566600946371409
0.6567625173902434
0.6565962842189365
0.6565847602526436
0.6566872698146163
0.6565640626158613
0.656748232115516
0.656649682486838
0.6566345956816843
0.6566608398924193
0.6566281015278485
0.6568236311715379
0.6567565417439505
0.6566553427619243
0.6566641290912978
0.6564877328861416
0.6567747459867332
0.6566279629551728
0.656734687929498
0.6566241699575788
0.6568131497512064
0.6566398220133495
0.65669027536064
0.6567286402466721
0.6566115636640294
0.6565780295893997
0.6566121999324683
0.6567107806613335
0.6567263396401419
0.6566155784322539
0.6567449021872833
0.6565891644258826
0.6565843634632366
0.656685261266803
0.6566003354196301
0.6566777216249082
0.6565730149427728
0.6566633724624158
0.6567589133935228
0.6565422880982855
0.6565454546906975
0.6566168574989785
0.6566506624485896
0.6568376126458111
0.6566134303539778
0.6566048348166572
0.6567398693628564
0.6567299684687755
0.6566031217330737
0.6566722522646731
0.6567610666175687
0.6565982734860952
0.6566923480896805
0.6564128806323333
0.6566251414089032
0.6566632471922624
0.6566311983040731
0.6566697908744512
0.6566317576512237
0.6567583002687344
0.6566481228424361
0.6565093125795256
0.6568463975666969
0.6567116846813765
0.656707166321937
0.6567024610881551
0.6567339775681595
0.6566352119534759
0.6565937830414033
0.6566829305501274
0.6566443609372985
0.6565632557011392
0.6566271262866507
0.6566020503511459
0.6567351848783487
0.656732505142787
0.6564909774444911
0.6567399317552992
0.6567874664621234
0.6565873110209375
0.6565821772176341
0.6565257254766261
0.6567032715427248
0.6565162009718003
0.6565717357153732
0.6567208436271375
0.6565243309251118
0.656460142785069
0.656659447702562
0.6566868916028594
0.6566360760658001
0.656823785979682
0.6565319054591947
0.6564495793463433
0.6566626152321859
0.6567384911885862
0.6564368820683848
0.6567401527245748
0.6567399331193109
0.6567022331354259
0.6567175112478938
0.6566760772385244
0.656707201725889
0.656762074086982
0.6566695114159223
0.6566704172046894
0.6566742116268708
0.6566951982450769
0.6567806687088136
0.6566680103435119
0.656601301926665
0.6566544497267155
0.656546239635815
0.6567197578418689
0.6566579356966222
0.6566723367822689
0.6566938569395107
0.6566867815294763
0.656785753129389
0.6566662264454879
0.6565136616823215
0.6567482963485436
0.6567285069804663
0.656794932377222
0.6567499878850951
0.6567411355633282
0.656615369176773
0.6567529040778943
0.6565386832313045
0.656493794996906
0.6565515557064318
0.6566444438282646
0.6566881208972343
0.6565493814548955
0.6568426267967418
0.6565297013326366
0.6567628874225866
0.6566142070616307
0.6566106567465133
0.6565160686739102
0.6565991956428119
0.6565750170528672
0.6565698975530504
0.6566575482669678
0.6567232800215249
0.6566783242802904
0.6565957878000537
0.6565910671910602
0.6568365473250114
0.6566193841562253
0.6567302004825059
0.6566800619397541
0.6566614755884304
0.6566569960444508
0.6566379808861227
0.656794037561618
0.6565883172260943
0.6565235309489641
0.6567803949492199
0.6567480716038987
0.656579016316025
0.6565619061360595
0.6565286324631545
0.6567024902862342
0.6565648644396254
0.6565627658120704
0.6565773790213295
0.6566854983696642
0.6565255467344158
0.6566099337680162
0.656742625968574
0.656703360653735
0.6566895651406197
0.656645981503091
0.6566344760132721
0.6567039834762489
0.656566013477881
0.656563130387289
0.6567470167326228
0.6566130855302472
0.6565308574997697
0.6566904786405222
0.6567004739997997
0.6566665194572796
0.6567242133098542
0.6565312228829543
0.65662944649739
0.6563710811881437
0.6566380979573576
0.6566841555674363
0.6567209926756141
0.6566389443152588
0.6565042123368677
0.6566486527690689
0.6565924221099546
0.6565178895940372
0.6565121030838783
0.6567161247621477
0.6565675906115132
0.6566899576368784
0.6566717801479101
0.6564809057061141
0.6566438355501957
0.6565984712456063
0.6565187372635035
0.6566658588424532
0.656609805614045
0.6565201337231541
0.6566366151911622
0.6565842698440502
0.6567373543181434
0.6567434616527725
0.6565909710186977
0.6566360621953362
0.6566428963468391
0.6567103657524573
0.6566562525533716
0.6566585640581295
0.6565355873501983
0.6566178971052186
0.6565607442593618
0.6566843007275199
0.6565491314207001
0.6566934894080908
0.6567295471753011
0.656816854049023
0.6566557679315366
0.656614343018981
0.6565400933775413
0.6567562411379289
0.6567839738598173
0.656572846417711
0.656834645021828
0.6566782350508467
0.6567039012147745
0.6567282784844757
0.656594057941866
0.6566747187360203
0.656607490219093
0.6566430072450573
0.6564835280820378
0.6566065339254601
0.6566039464826595
0.6565543615561669
0.6566842862985383
0.6566090226688159
0.6567247591608601
0.6565485834719934
0.6567475899816719
0.6566470137962792
0.6565882891011812
0.6567243623999939
0.6565108607791402
0.6567084713162784
0.656615303508067
0.65683330023844
0.656679009744616
0.6566287867181624
0.6566832596689014
0.6566576930881309
0.6567589788272902
0.6565729544483914
0.6566859126390572
0.6566173827404467
0.6567869021609827
0.6565890812993228
0.6567183536150998
0.6566068571501403
0.656818681049039
0.6565346251078303
0.6566198563896717
0.6567090158979525
0.6567640254554015
0.6567500088843674
0.656808395458908
0.6566357067303996
0.6566655219346552
0.6566153992969108
0.6564656936688011
0.6567659766358553
0.6567146459208906
0.6566674008397029
0.6565896519363014
0.6565323691313782
0.6566110999830606
0.6566496736374132
0.6564554184510965
0.6566817348549246
0.656630035494275
0.6568231331640162
0.6566875880184644
0.6566369246746866
0.6567358767904135
0.6566038631622771
0.6567719381186515
0.6566326924183423
0.6566536086743053
0.6566955863933424
0.6567295002130195
0.6567898030261886
0.6566604536382787
0.6567104928105401
0.656730202283416
0.656685418033235
0.6567144809183788
0.6565229293523127
0.6565807100784029
0.6565546027732074
0.6566484726882866
0.6566295611275937
0.6566779772031699
0.6565990680978138
0.6566864657425273
0.6565908534085775
0.6566179580505225
0.6565449104081427
0.6565674064703795
0.6567071408311433
0.6567534717400441
0.6566759969019502
0.6565525227511174
0.656505132786986
0.6567469687223739
0.6566544147300918
0.6566600422325041
0.6566759211997175
0.6567688647093014
0.6566875480784871
0.6566320908174039
0.6567596193375828
0.6566860824624455
0.656724582163573
0.6566323910365963
0.6566745968451326
0.6566484904583798
0.6565023994506526
0.6565353620742493
0.656547937082451
0.6567053338833347
0.6566646870620136
0.6566353904550518
0.6567591928908562
0.6565314520635492
0.6566954711253749
0.6566821058670953
0.6568065386741366
0.6566607314443879
0.6565768335158422
0.656721790384017
0.6566055020934047
0.6567119533669081
0.656675390748312
0.6566594413741572
0.6565587939333626
0.6565066276433555
0.6565454705159828
0.656635046307668
0.6565939766680081
0.6566869671647095
0.6566138841878184
0.656628714204923
0.6566168816518609
0.6566401239516004
0.6565856725792214
0.6568593202948079
0.6567242653448564
0.656768728892339
0.6567811139716855
0.6566281786000541
0.6565366477188236
0.6566211545501788
0.6565690331329538
0.6566662892821465
0.656633132606802
0.6566129300274177
0.6567075373632577
0.6566185969584151
0.6567264394092924
0.6566880972780371
0.6566587071550752
0.6565926032839233
0.6567714222743426
0.6566112185469255
0.6567236756907051
0.6567327331235278
0.6565121843396211
0.656580105117513
0.6565898546555153
0.6566647721181675
0.6564930508334472
0.6567007603008054
0.6566492830322264
0.6566176009659902
0.656718881070712
0.6566004063333306
0.6565118110646067
0.6567897961407089
0.656520455213897
0.6567161529685297
0.6565884199640297
0.6567340797623666
0.6566738823580441
0.6566887309761638
0.6566299495802439
0.6567432581613146
0.6566336934741214
0.6566522194436346
0.6566482514838079
0.6565580189082739
0.6565662000332317
0.6566329150649644
0.6566258914107428
0.6565283628586209
0.6566101829726687
0.6566975623165174
0.6565759550919542
0.6566480681496194
0.6567065776325627
0.6567292772500272
0.6567320242643466
0.6567127699113919
0.6566504457042192
0.6566860141210862
0.6566199664502288
0.6566678379430209
0.6567713637116477
0.6568075726764109
0.6568338698627749
0.6566861720966601
0.6565997431847921
0.6566822217752518
0.6567893382070842
0.6565951286720544
0.6566471726704365
0.6567567532051932
0.6566014772838357
0.6566625611777355
0.6565287761015594
0.6566367133631411
0.6565390676125578
0.6566543215589165
0.6567195935366672
0.6567447697455036
0.6565682528658154
0.6566851505516356
0.6566958310665034
0.6567090532631145
0.6567221105514282
0.6565913339070776
0.6565926871033249
0.6566338618790561
0.656703543358407
0.6567441404011878
0.6565600142862369
0.6567038064632134
0.6566460285144881
0.6565502904404844
0.6566796099879062
0.6566920588589807
0.6566521349550687
0.656712940976556
0.6567608165105214
0.6568183182648062
0.656606036195317
0.6565811337837478
0.6566902968277577
0.6566058338231896
0.6566805793645418
0.6565868885030156
0.65658911007174
0.6567012805636636
0.6566890647960537
0.656556475250048
0.6567096221064355
0.6567419511702579
0.6566869367912296
0.6566251976546642
0.6565748949701277
0.6567878285649846
0.6566664675222462
0.6565063379480709
0.6567341027673692
0.6567223196792867
0.6565397084229878
0.6568589617723426
0.6566312153023173
0.656653615100365
0.6566343441273258
0.6566238836512476
0.6566106069787573
0.6565721323557564
0.6566732595722999
0.6565533330787982
0.6566975365435268
0.6566868326441588
0.6565877923130852
0.6566471091920277
0.6565886902812414
0.6566110387182076
0.6565155222259569
0.6567335251235418
0.6565778878343037
0.6565215513597225
0.6566926272525928
0.65667830475921
0.6568023953055451
0.6568414786400764
0.6564765588991484
0.6567473879624204
0.6566367677199209
0.6565981139488167
0.6566377336535665
0.6565930859143101
0.656612870634417
0.6566849443896319
0.6566104461619227
0.6565220584189558
0.6566968729948941
0.6566410427220444
0.6567241861807598
0.6567804960205742
0.6566256748887369
0.6566484036099
0.6566260037822711
0.6566758747475933
0.6567217785391759
0.6566170993001998
0.6566963566252956
0.6565016630482523
0.6567242486439719
0.6566653581236748
0.6566369273880936
0.656677393319231
0.6567885624159259
0.65662785609247
0.6566571568778626
0.6567362169865094
0.6565887152870815
0.6565612745003608
0.6564193762762265
0.6565941920644882
0.656583793976314
0.6567599198569543
0.6565706985290136
0.6567161291220691
0.6567580868191133
0.6566585909450339
0.6566376160414862
0.6566577671799819
0.6566006662468431
0.6567606183438682
0.6567159590311449
0.6567806491745813
0.6565805183206099
0.6565746293725566
0.6567493068763386
0.6566527384214313
0.6565752387676254
0.6565646691094504
0.6567473563170982
0.6567678994545421
0.6565821901012673
0.6566898838725488
0.6566620183295709
0.656787123492181
0.656576127828242
0.6568252579723455
0.6565254313016964
0.6566513342142395
0.6566661295647231
0.6566888306900258
0.6566064950849593
0.6565904377943979
0.6566693733745332
0.6566919695945648
0.6565869293210933
0.6567226812244341
0.6565770138647651
0.656566863251631
0.6565950762952699
0.6566779551544013
0.6567891607251998
0.6566839559235607
0.6565973215971322
0.6567749711250332
0.6564596676895561
0.6566534859619351
0.6566335093603676
0.6567544552314064
0.6565956284051275
0.6565756878139783
0.6567048635983155
0.6567855076069098
0.6564766127015749
0.6565898655380971
0.6567594206241192
0.6567812893988145
0.6565187437569553
0.6567580406224767
0.656534042821094
0.6566181226232468
0.656593356182932
0.6566430903103986
0.6566838376162075
0.6566283311708063
0.6566687411099231
0.6565947219328475
0.6565489147411556
0.6566806267758067
0.6565876272329286
0.65662633154167
0.6566948561163943
0.6567043688210603
0.6566367695486981
0.6566380120026296
0.6565972601795576
0.6565497104864844
0.6565847852236671
0.6565604227996041
0.6565572145805311
0.6566987593284589
0.656749705807969
0.656759778212021
0.6565775810283447
0.6566591034314258
0.6567248294496473
0.6566985648763821
0.6565946046789293
0.6567724607803965
0.6565690071322277
0.6567042349254835
0.6564695368034372
0.6566357136459748
0.6567089108520012
0.6565454515547607
0.656431010485532
0.6566718270411848
0.6567280822273586
0.6565833946243012
0.6567223690378126
0.6565685456469027
0.6566058283125977
0.6566513545520094
0.6567609984384095
0.6564229567943136
0.6566010155336588
0.6566659932838644
0.656605796656923
0.6566406247672757
0.6565968948716652
0.656555631909863
0.6567729501467694
0.6565191727423542
0.656687290033592
0.6566116979016987
0.6566862932119473
0.6566349998188221
0.6567707720317773
0.6566801087402656
0.6568274928655463
0.6565664977389104
0.6566544972311421
0.6566723964516927
0.6567419192847781
0.6566490944565521
0.6567806689421383
0.6565986372702566
0.6566611932677674
0.6566021773039197
0.6567727981537274
0.6565805425599625
0.656612169209162
0.6566497315939437
0.6567156213973865
0.6565944000593449
0.6566048202032068
0.656562304471237
0.6566807903010207
0.6565840636563083
0.6565605296132415
0.6567606363945374
0.6566721686976331
0.656488595522208
0.6566050857124455
0.6567015450858233
0.6566128856688044
0.6566342697257435
0.6564938688548384
0.6566330845714194
0.6566221303085128
0.6565865633526857
0.6568052391125074
0.6565677200900234
0.6567707298653782
0.6567692374539644
0.6567034065321418
0.6566432718602709
0.656832332982799
0.6567208578573959
0.6566622785391487
0.6566190426137484
0.6566354228211893
0.6565670034270296
0.6568032950586178
0.6565997504951551
0.6565864506381
0.6566715462171107
0.6567626834743094
0.6567230841191842
0.6567065348624763
0.6566220131358202
0.656665771141928
0.6566752368213791
0.6565634176603738
0.6567043042417136
0.656846162387442
0.6567007378356551
0.6567951591065598
0.6565328246344763
0.6567753035469496
0.6567770957409202
0.6565486537396821
0.6565462474486153
0.6565606993711436
0.656642354500198
0.6567104915192297
0.6566399913557492
0.6565891243651522
0.6567568787777379
0.6565558136460474
0.6566924482514458
0.6565152102316514
0.6565762637216774
0.6565805537812566
0.656657218775244
0.656753160071595
0.6565450303153693
0.6566449186728809
0.6566580709147887
0.6566670084629795
0.6566326777734318
0.6566163680483359
0.6565705867555058
0.656735787939416
0.65657334560805
0.6565832206420658
0.6567256073352478
0.6565748359082312
0.6565290006041864
0.6566564603866129
0.6567348925100822
0.6566504582955979
0.6566504632020838
0.6564581152311602
0.6567518829857872
0.6567062669889764
0.656623283120576
0.6565999545170684
0.656726885929883
0.6565525043082059
0.6564091226853596
0.6564918725205875
0.6566511282893419
0.6568004814949554
0.6566804226977612
0.6567693521563895
0.656699260425994
0.6566546222273562
0.6566699529356164
0.656795451187152
0.6566651552309846
0.656664146665503
0.6567481667665498
0.6567257983529
0.6565958999545871
0.6566471951793158
0.656643950478731
0.6566319438656539
0.6567474108694795
0.6565918228423102
0.6566355000877822
0.6567138434250236
0.6565814606196716
0.6566776811683525
0.6566218559930168
0.6565378802958708
0.656601875919906
0.6566311979946813
0.6566096245641073
0.6566771202900434
0.6565627023087581
0.6566878663303191
0.6566879652111401
0.6566255400897629
0.656620000105177
0.6566719053569383
0.6566592810024612
0.656603724013392
0.6565453189598968
0.6565529278114763
0.6565839521949859
0.6566126766784557
0.6566668829744755
0.6566663585103913
0.6567617740051392
0.6567970663306434
0.6565769961890415
0.6566343072116425
0.6568037962159101
0.6568547333671878
0.6566147807990934
0.6566431672378154
0.6566523159296391
0.6566767669054895
0.6566122380627009
0.6565932056798773
0.6565900939392788
0.6564724007434305
0.6566529387227863
0.6566242503378892
0.6567264924561282
0.6566368942449843
0.6565764156732794
0.6565824110285581
0.6568464583101944
0.6565582006418891
0.6566084210996393
0.656672383989465
0.6566030975276248
0.6566645067796639
0.6565680842080814
0.6566839909126482
0.6566058469142185
0.6566565028651634
0.6564934460821381
0.6565739964771703
0.6565682277306909
0.6567310622429493
0.6566505307065419
0.6568638110482965
0.6566145686574586
0.6565125339246958
0.6565133444683957
0.6567774343072141
0.6566129541473293
0.6566357520935906
0.6565986696735155
0.6567074307449805
0.656609503704083
0.6566374505229369
0.6567047179296692
0.6566052901609101
0.6566857086360282
0.6567544518973124
0.656724507895557
0.656638714632275
0.6567532803199079
0.6566251159987322
0.6565728635282804
0.656823375929556
0.6566218769252905
0.65657883335603
0.6567374862687391
0.6567104359208003
0.6567193959822136
0.6565787850442873
0.6567047602193189
0.6565695583814662
0.6566830493230532
0.6567464170515734
0.6566072948260142
0.6566280673631961
0.6566221827934211
0.6566253740987755
0.6566825209358416
0.6566646443794635
0.6566693493429079
0.6565983895306231
0.6567197063175222
0.6566820617526823
0.6565854486091482
0.6567695100775867
0.6567072602108417
0.656739363615034
0.6565571818335578
0.656546580366304
0.6566424084662048
0.656524092909395
0.656735557155014
0.6566855833422023
0.656658779812984
0.6565981389497326
0.6565700745867554
0.6567165140520359
0.6566183499650744
0.6567216907609084
0.6567468074719823
0.656663402085493
0.6565936267264433
0.6566406252090149
0.6567954430631744
0.6566237068639218
0.656612186989527
0.6566583808815848
0.6566052265238512
0.6565688570049165
0.6566207485589691
0.6567112597340795
0.6565315699135803
0.6566481020206463
0.6568885648355338
0.6566159195514275
0.6567242819395189
0.6566382256563175
0.6567764104584939
0.6566079679244567
0.6566225890250472
0.6565544737703715
0.6565370815405855
0.6567288229596708
0.6566014928660757
0.6565959465026223
0.6566146731755508
0.6566375996427956
0.6567214926634954
0.6566380955097333
0.6566604392989102
0.6566854686954314
0.6567441905333236
0.6565995240232602
0.6565821901983134
0.6567140724137134
0.6567175684702529
0.6566332401761042
0.6566931004595924
0.6567271736574373
0.6566934743115862
0.6566765470512407
0.656653102353808
0.6564482258401284
0.6566903785311826
0.6567456321701552
0.6566309517552784
0.6566946865450227
0.6567113555729489
0.6566874416262969
0.656764243734294
0.6567390944725844
0.6567333766287142
0.6566923710678934
0.6566447286812667
0.6567168086126041
0.656584514762113
0.6566805312208103
0.656839661959433
0.6567139094101915
0.6565594874042211
0.656605218627516
0.6567446317621262
0.6566597708435945
0.6565569583174775
0.6566708893564883
0.6566524214599521
0.6567384599710726
0.6566888181315338
0.6565714690701572
0.6566839086875809
0.6566736719475076
0.6567009535179164
0.6567136228802593
0.6566931719899807
0.6566851754714182
0.6565788599081321
0.6564407438983672
0.6566501238900807
0.6566850810179671
0.6566628189611708
0.6564994477694378
0.6567222475167342
0.6565685310823891
0.6566385772793722
0.6566199814102507
0.6566350901924485
0.6566594211549026
0.6566699516844712
0.6567619452589964
0.6567594909614223
0.6566314672474499
0.6566931963465376
0.6565704589389388
0.6567305607427032
0.6566729489723347
0.6567203909573769
0.6564910090437471
0.6567547302830274
0.6566136092960115
0.6566449923048214
0.6565241437651408
0.6566307045063233
0.656805786584143
0.6565862967485792
0.6566266525062143
0.6566741708201436
0.6566921555506231
0.6568198638381441
0.656753245966865
0.6567543343628841
0.6565626901305756
0.6567816236964992
0.6567473001026445
0.6566071355890206
0.6567479299870319
0.6567330213969881
0.6565076969966033
0.656767333972511
0.6564753189112285
0.6565511382054892
0.6566432450454531
0.6567538919649307
0.6565349575468267
0.6567132574779679
0.6567385256217471
0.6566587825412797
0.656635434144
0.6567412528517751
0.6565793396463491
0.6567939053912004
0.6567039033874149
0.656692426722842
0.6566368423284088
0.6566464688544236
0.6566008792347365
0.6566674874523287
0.6566065884682956
0.6566147330324229
0.6566620393547021
0.6566606151852321
0.6567362383534315
0.6566238098139284
0.6565307080267363
0.6567248344660463
0.6566017178512598
0.6566693440095133
0.6566343231180736
0.6566693516672752
0.6566155116169887
0.6566423878034762
0.65659977952037
0.6568348561314843
0.6566125858553798
0.6567386690512157
0.6567079179697866
0.6566872234104923
0.6567286051939142
0.656658048587325
0.6566889730770182
0.6567109933071554
0.6566158523357383
0.6566969091611472
0.6566691856230344
0.6566038600832288
0.6565822491415529
0.6565586993099478
0.6567200186029831
0.6567001367602538
0.6566648688853816
0.6567801138297258
0.6567482527269997
0.6566250867600881
0.656740412928954
0.6566828634667742
0.6566306306516498
0.6566956619959827
0.6566857762564675
0.6567772175621689
0.6564956687188592
0.6566054247327853
0.6566165764491146
0.6565865038320182
0.6567278674432625
0.6566310086844445
0.6568037730660389
0.6567877268468423
0.6565424144209706
0.6565259772888455
0.6565394717280533
0.6566365685882474
0.6566500172736854
0.6565639332716355
0.6565903428101193
0.6566442375037074
0.656622631371737
0.6566529424760351
0.6565918681473828
0.6565373165576407
0.6566826380223034
0.6566096046753404
0.6567122497099153
0.6567924072853255
0.6566174294128637
0.6568296514152653
0.6566441867355595
0.6565581109366257
0.6566386210586264
0.6567934972692931
0.6567243722148715
0.6567602639536488
0.6565213339610536
0.6568048395237005
0.6565512232348689
0.6567056742926188
0.6566315318275057
0.6566985198669182
0.6566649256137548
0.6567928284736013
0.6567961836241758
0.6564868546428237
0.656717039101212
0.6566718871384676
0.6565951202375861
0.656631972157542
0.6567741209394463
0.6567462104126066
0.656711881450331
0.6567770781887445
0.6565507652563496
0.6566771973165887
0.6566460747466603
0.6566051322232205
0.656674792203358
0.6565635159741574
0.6566238846583745
0.6565137683175322
0.6567403909009266
0.6566381806566481
0.6566172510477988
0.6566896786816042
0.6566968387515638
0.6566399447520515
0.65667744561569
0.6565589560492217
0.6566238307398442
0.6566842687069788
0.6566357352099318
0.6566934988090674
0.6566099916737422
0.6565891494670346
0.6568117097823325
0.6567120495247658
0.6567315535379254
0.6566305774813822
0.6567099407970728
0.6567175474342903
0.6566635385035515
0.6566189017114339
0.6566430301612078
0.6566704233308658
0.6566310285747192
0.656611878757255
0.6566063787805657
0.6566755588100659
0.656731283071305
0.6568040676474226
0.656672905586611
0.6566238322572338
0.6566205943003874
0.6565211093603353
0.6567130196893376
0.6565450501820759
0.6565865156068501
0.6567299079602488
0.6565662540885502
0.6566655193105244
0.6567298834297106
0.656760629926614
0.6566039680663636
0.6567869446408913
0.6566236026059531
0.6567521333170576
0.6566859415634013
0.6566099647695656
0.6567033943993065
0.6566318209089169
0.6568140213028428
0.6566677246143596
0.6566367470364087
0.6565841851330927
0.656757976175115
0.6565340132128887
0.6566271291220647
0.6565589491132534
0.6566291025956108
0.6566843148633631
0.6566389258940266
0.656671680848448
0.6566340697550839
0.6567541983460126
0.6565940632690319
0.6566636762145566
0.6566415655024753
0.6566424824711021
0.6568062899477771
0.6565866080501397
0.6564978182673232
0.6565975022886229
0.656739126995479
0.656674706071111
0.6566832373705375
0.6565896565874403
0.6567372507468726
0.6566481247427458
