0.6278833242275259
0.627771621243091
0.627863218663422
0.6278149851608726
0.6276137251760534
0.6277574514569023
0.6274392647038292
0.6275879234558398
0.6276138795171851
0.6276573265687231
0.6282132528077232
0.6277438409295018
0.6282173164878961
0.6278170494593049
0.6280763799217033
0.6281474710008124
0.6276622579078893
0.6276904292886761
0.6279664101739569
0.6275926109107309
0.6278425010719086
0.6279692752506505
0.6280953401462794
0.627676843872911
0.6276953301514483
0.6279223917320154
0.6276570792511159
0.6278792358366132
0.6277298297451237
0.627631045662884
0.6275578171203584
0.6275989523734411
0.6279183187452673
0.6277022581909054
0.6274767418767099
0.6280775806929696
0.6274255000973454
0.6277364711134695
0.6277191139805808
0.627773970055544
0.6277775492005462
0.62766719819083
0.6277360399999217
0.6278657090014812
0.6276583337245663
0.6281254162595327
0.6276410387878147
0.6276719140055791
0.627431313370312
0.6277489076465009
0.6277284575355142
0.6279877194689546
0.6274903025915153
0.6278211189391905
0.6278735153115521
0.6280819970011147
0.6276629896138197
0.6279007413781108
0.6279777408532563
0.6277527315571108
0.6276574829971019
0.6278206518833613
0.6278179594333868
0.6278988888803538
0.6278773312670953
0.6277223435282022
0.6276312385450757
0.6277474232777339
0.6276374163052392
0.627944402033799
0.6275445204583947
0.6276713152892915
0.6277580454544265
0.6275362417987169
0.6276632840400296
0.6279072771943011
0.6275383363555922
0.6275726913404929
0.6278565445744597
0.6273175507577635
0.6275848497752388
0.627800481884766
0.6277993744801245
0.6276953991699687
0.627421308153725
0.6280375280737593
0.6276529783298739
0.627540282197845
0.6276752716944581
0.6274869881640743
0.6276834490542045
0.6275003023310955
0.6276437322236613
0.6276103534457856
0.6274319757781361
0.6278491288101882
0.627936452641811
0.6277054569377573
0.6275946395445775
0.6275476493610972
0.6277392646910884
0.6278983149257571
0.6276410645879819
0.6279355909618043
0.6278616691252783
0.6278135817997886
0.6273704507905006
0.627587548638422
0.6277387227223052
0.6274329978530789
0.6279409743533191
0.627650075432096
0.6276380669135542
0.6279818734739617
0.6277965038654868
0.6277608025677588
0.6277291066855529
0.6278925713614053
0.6281636946077028
0.627876961409356
0.6274965636980998
0.6280958530886969
0.6277405090520468
0.6275308695723214
0.6279115297964507
0.6276000637094128
0.6275582395201077
0.6275384143946628
0.6279963029869582
0.6278276686976993
0.627904065201937
0.6277420875130078
0.6279707982788235
0.6275935191755004
0.6277981927284024
0.6277280150433032
0.6276617102485172
0.6282916984727751
0.6279603674398628
0.6274127301949886
0.6277510123516621
0.6277064884423618
0.6276911721136389
0.627658079374715
0.6277314528697903
0.6274227591357906
0.6277956251479181
0.6276837133718192
0.6274586823939904
0.6276844165008916
0.6276744382265483
0.6277602500560132
0.6277627727101527
0.6276432338293993
0.6279117627618931
0.6279113636122039
0.6278046369305713
0.6278541329156302
0.62761788300358
0.627483074667929
0.6279442918631838
0.6279545160330845
0.6279146623500758
0.6274289078854355
0.6278791142329437
0.6272781102878445
0.6275028802192235
0.6276103022516726
0.6273076482710223
0.6273081620816262
0.6275034791077359
0.6276870436897811
0.6275076241860205
0.6276337523035147
0.6278935322165342
0.6273521427103786
0.6280349221204757
0.6275749249463084
0.627602770013205
0.6277438094124159
0.6280891808241706
0.6275430889760887
0.6279161638189638
0.6276763044122147
0.6280472339740887
0.6273843291952853
0.627623505411638
0.6279405070232917
0.6276577323813746
0.6275678005202509
0.6279771828771876
0.6275122880270905
0.6275249405678744
0.6276346069421952
0.6276756773719186
0.6279035208974917
0.6280875615111218
0.6278924999100591
0.6277477964009467
0.6276760665860902
0.6278512589745017
0.6272636665875941
0.6276902998052767
0.6278655198129932
0.6277839948433787
0.6276634776560018
0.6277227287863754
0.6276052814978664
0.6277463912540794
0.6275961312281024
0.6280901163916222
0.6273941655190174
0.6277629056696588
0.6279351263823811
0.628186939151212
0.6278702337067464
0.627494686451168
0.6276642409378606
0.6278238963557208
0.6277121641635242
0.6276768800365791
0.6278113232985589
0.627807273078907
0.62739503333834
0.6272567917389443
0.627712971286403
0.627826278698084
0.6277340848162477
0.6279499394907845
0.6277640828353463
0.627696524222988
0.6276366440804579
0.6276264466590069
0.6277179060461957
0.6277346706286479
0.6275658795968824
0.6276482176321911
0.6280562338244816
0.6279380621468706
0.6279943985758734
0.6278432616099084
0.6277502126612307
0.6279637652485794
0.627537865234631
0.6273202998183237
0.6277900816430787
0.6277289055164734
0.6280863115823057
0.6274855985938382
0.6275858307953112
0.6279536154903269
0.6273526289937599
0.6274677703197796
0.6276098707590617
0.6276937361177413
0.6276035255745366
0.6276979675192138
0.6278941097648895
0.6274502574649157
0.6276130161975195
0.62803448798742
0.6277466637112492
0.6273697965799684
0.627665580168533
0.6279264030945781
0.6277347831028126
0.6277767753947141
0.6275968994390361
0.627780423441671
0.6279391242326243
0.6278190689401943
0.6276169958913067
0.6275972719520237
0.627704448585759
0.6274542911899865
0.6277290201085248
0.6277132647577406
0.6275125889693317
0.6277197864879516
0.6276522750248579
0.6278647118950003
0.628109966842518
0.6275373942024387
0.6279397180149278
0.6277323863466618
0.6273177779567533
0.6277599372717027
0.6278774304344512
0.6277390523663967
0.6278578119630591
0.6278287060913674
0.6276960848739902
0.6279071809641428
0.6276895566500515
0.6275695066301166
0.6280550389159252
0.627847216452284
0.6277934618513217
0.6273710703741202
0.6278430259970305
0.627912973438069
0.6277711653699007
0.6275038093254299
0.6280552053263213
0.6277891355248939
0.6278058351343827
0.6277915973327173
0.6277106320015887
0.6275257517232149
0.6277124084241994
0.627346783980148
0.6277561919747987
0.6274504303105803
0.6278042682618117
0.6276401499963955
0.6276832488701243
0.6275808090100814
0.6281065411883848
0.6277314135419443
0.6278466150210003
0.6278800493854659
0.6275760742026626
0.6278262543984688
0.6271391762666894
0.6277945532166481
0.6272542969208194
0.6280233283329573
0.627892258389669
0.6278229439411198
0.6278152729919083
0.6279514060161666
0.627721006914241
0.627492066674635
0.6275257297794197
0.6277349984857576
0.6278676125712297
0.6277351730525327
0.6275913218886026
0.6275136618908554
0.6277914399585214
0.6276445234333308
0.6277826857059687
0.6277120840879866
0.6279631939173768
0.6273930235440431
0.6274835273687636
0.6278271240036211
0.6276967654729466
0.6276449052189184
0.6275631608540304
0.6278644445043429
0.6277960102968508
0.627621550155707
0.6275521633590752
0.6278385141341721
0.6276863386650691
0.6273867087705344
0.6275516996860563
0.6278455514690631
0.6277509435776376
0.6275617150369772
0.6275354069486732
0.6275785728328813
0.627702305400546
0.6282670045520494
0.6280490279954626
0.6276902924027125
0.628056822792664
0.6276401592263405
0.6277445618311084
0.6276555892889626
0.6276720049212994
0.6274928024010474
0.6274706516312407
0.6276962553753365
0.6280601237236991
0.6280080485741049
0.6277399476133553
0.6274162813385903
0.6279042521021689
0.6275436178058706
0.6275090030930581
0.6274115097233858
0.6281412012818326
0.6277716114613169
0.6275801083722947
0.6275400232200194
0.6277628167846938
0.6280958418694598
0.6282973271013809
0.6276755221333314
0.6278411873659528
0.6276667563902337
0.6276174180452669
0.6273149319291037
0.6273893626818023
0.6277964361496462
0.6276907088541237
0.6278802815785587
0.6276004913710754
0.6278233948182841
0.6276103809366794
0.627581570754262
0.6275884494056614
0.6275606602606616
0.627776077291158
0.6274032885745117
0.6279717397067023
0.6278126905649384
0.6276259197157157
0.6278075908891106
0.6281136865969196
0.6279870881313057
0.6277750519402105
0.62796002233849
0.627795606617795
0.6278929987280671
0.6280488551929709
0.6276150908236022
0.627659575530479
0.6274378915431277
0.6279216130413705
0.6275792546272609
0.6275737780473116
0.6276854174147081
0.6276288955047913
0.6273669625766651
0.6280026969565708
0.6278641342640451
0.6276431621642088
0.6278846771201084
0.6275589057035089
0.6278473786934535
0.6274666365927105
0.6276381306272707
0.6275172786809331
0.627936002166097
0.6276662431129447
0.6277360520441703
0.6273957669553942
0.6278823231041855
0.6277954416850807
0.6278426782744866
0.6277948925518436
0.627719324189623
0.6276120953524209
0.6278213386953833
0.6276396392265116
0.627908531077382
0.6274911255037128
0.6280692592510733
0.6278327957665808
0.6277910445297977
0.6279653113133372
0.6275232626769565
0.6275966758456968
0.6275357398898229
0.6278681849280559
0.6277786570302796
0.6277572443388448
0.6277128434553907
0.6275634110444663
0.6277690905984022
0.6278504374964843
0.6273622230706382
0.6276138007359385
0.6278153630856349
0.627728729722669
0.6275721214723282
0.627733136352004
0.627752114515263
0.6276183216302182
0.6278594508132529
0.6278512243068486
0.6276707878534288
0.6278246410940082
0.6279257965810415
0.6279468331685041
0.6276185671141215
0.6276513378451698
0.6277195423036868
0.6275221311515858
0.6276105063923375
0.6275431461629101
0.6275040956763659
0.6278336051501093
0.6279045327730391
0.627583458385256
0.6277882231824425
0.6280639748245195
0.6277307118390232
0.6278787227763882
0.6273805197879037
0.6277981699069632
0.6274474313550986
0.6275374562700997
0.6278021245040577
0.6276781682946941
0.6278528620742887
0.6277342594764036
0.6273487364967778
0.627750664794677
0.6275663137342224
0.6279353030426782
0.6276883122084967
0.6272324476135639
0.6278273608831403
0.6276195425254285
0.6276498406240992
0.6280128721054448
0.6278466159949385
0.6275108982615263
0.6276454349592621
0.6275280575589747
0.6276181986547281
0.6275170833475552
0.6277926826309536
0.6279556427761092
0.6276341945501995
0.6281007509975941
0.6276523871437282
0.6275060216034022
0.6277396193225372
0.6276351115941466
0.6275000903661929
0.6279546913590353
0.6278285543739807
0.6279992478955674
0.6274708972965352
0.6280757351707831
0.6274094956493499
0.6276153805854479
0.6275936594457069
0.6275484464292141
0.6279138625941314
0.6274820850456833
0.6278789206104542
0.6277589818668207
0.6281807722147966
0.627843967091151
0.6278635341671038
0.627830564181931
0.6277235481689614
0.6277505381088434
0.6277866038074422
0.6277342881791623
0.6275094640619325
0.6278179717212304
0.6276356918218143
0.6278209778240856
0.6277423868892502
0.6277236701564564
0.62797141209614
0.6276912764590756
0.6280055630868373
0.627527191094486
0.6277407382013434
0.6278471140270718
0.6276065337532453
0.6275876754233765
0.6279308253184482
0.6275878091052027
0.6276706481383103
0.627607887135923
0.6278214976547747
0.6277252265794324
0.6278883775390507
0.6278517242433522
0.6278233437857031
0.6273307512318811
0.6276796416912738
0.6277266081922313
0.6276418008997091
0.6275289223678995
0.6279480756695075
0.6277890476782481
0.6278079055722131
0.627887990048823
0.6276651774945593
0.6279513888056034
0.6278200470148894
0.6278058513583171
0.6276922121898246
0.6282634616908178
0.6276680401398222
0.6277107307964509
0.6276372760759947
0.6273741301084684
0.6277023368219391
0.6276926897766205
0.6275882677488916
0.6278028023727793
0.6278738503906389
0.6277300675823729
0.6273739451345474
0.627744983441494
0.6277125596406443
0.6274950729996889
0.6275960186630306
0.6277592001671515
0.627705276888669
0.6274895114384134
0.6278413601085053
0.6278590822548036
0.6280051715639949
0.6276072691584784
0.6279699485059665
0.6273409227219225
0.627562543141581
0.6278299395885232
0.6276975998265295
0.6274922929079562
0.6279447094134778
0.62763714047766
0.6275857724257496
0.6279227963318348
0.6274236430283787
0.627602313446242
0.6280002894395407
0.6279845961887862
0.62744983091535
0.6277417435817669
0.6276842492477424
0.6278766855151935
0.6277678164897434
0.6274426430441782
0.6280012847590775
0.6278392441569198
0.627870714946742
0.6275866934860029
0.6277151587290015
0.6276830857636636
0.6276013547597299
0.6280797270235305
0.6280744068007262
0.6277776305104008
0.6275353074203097
0.6278101641413028
0.6280969157510489
0.6274678691168661
0.6275853789506718
0.627780617182824
0.6279108102351634
0.6274805493696359
0.6276333968790565
0.627665505155059
0.6278081917109954
0.6277119353314058
0.6278191785746763
0.6275408164184345
0.6275446536264201
0.627423433584843
0.6276407131597157
0.6278684863006172
0.6277903087598486
0.6274910313775685
0.6275821564154296
0.6276642653190161
0.6276211811768359
0.6277679068662334
0.6276202579495538
0.6279467786376689
0.6281552531543554
0.6278211032370133
0.6279697592427783
0.6277414455017495
0.627907630263405
0.6274992372894985
0.6277280935688804
0.627372422189698
0.6275177264319709
0.6281316943758998
0.6276362519392602
0.6277649373263937
0.6277713312470881
0.6281676175390808
0.6276470507052108
0.6276258307822669
0.6276654705345139
0.6275386120167823
0.6279171614829642
0.6277788126098258
0.6277460862416147
0.6277641335253153
0.6279768657837588
0.6274143116097064
0.6277135245955472
0.6277757589367549
0.6273651321013289
0.6276097856582743
0.6278181559688876
0.6275892378818008
0.6276415454269384
0.6279116994333125
0.6274260520151604
0.6281546972819483
0.6276344117833975
0.6277792308928836
0.627627453433734
0.6277896349277055
0.6275536222185347
0.6276713623751483
0.62740264080799
0.6275362487907988
0.6279006005391717
0.6279686445831338
0.6275667020217987
0.6276041958872683
0.6279553585071089
0.627849066790134
0.6276505808772486
0.6276869501570552
0.6276521678887352
0.6276494731127878
0.627538795076788
0.6274225089312477
0.6276710563719187
0.6276185254945275
0.6274935667538227
0.6277584799737755
0.6272386240839696
0.6276953929251288
0.6273279985864562
0.6274903456306935
0.6277240303448748
0.6277257813973249
0.6275333559447275
0.6275540884791413
0.6276786839739735
0.6282683755231456
0.6279413129486957
0.6277746145433871
0.6279424738188392
0.6275372631209505
0.6277547603353983
0.6276010323927071
0.627628975200901
0.6275698684062614
0.6275537236155035
0.6278494215621487
0.6277815096199174
0.6275170034811642
0.6275191561933596
0.6276895857130116
0.6276774436767778
0.6276196468647746
0.6277598221828656
0.6277665032385615
0.6274389982540269
0.627740242644442
0.6274624196204087
0.6275191554410959
0.6276000333740336
0.6278819520141505
0.6280159359631403
0.6278447801968893
0.6277544530240202
0.6276841008255539
0.6278491231811232
0.6275195829401224
0.6279334390120539
0.6275324728789
0.6276329319920286
0.6275590178704487
0.6276541023787714
0.6277381478275348
0.6277319698745104
0.6274962960539037
0.6277883313246947
0.627633708326009
0.6280238130249493
0.6277463140669588
0.6275916504831698
0.6280102312431048
0.6278287930766853
0.6278054116054677
0.627914803189153
0.6276763269552672
0.6278929063686519
0.6278527737767972
0.6276493725688593
0.6280011706758062
0.6279628759932546
0.6276715601435668
0.6275494066145132
0.6274341802414048
0.627701958679835
0.6275499607060742
0.6277441444845171
0.6276169271845395
0.6280492891231474
0.6273872137317884
0.6275078713411881
0.6279608192682389
0.6279377486563962
0.6272635978397946
0.6277477875201358
0.6278629605170212
0.62763009745033
0.6280314716167501
0.627269387721483
0.6276991928621536
0.627587463321226
0.6282524544507259
0.6278686539592254
0.6279095636336663
0.6275289610110463
0.627927917630581
0.6275667745658787
0.6281001904575173
0.627465388403243
0.6279966994578597
0.627809970240609
0.6277970849051205
0.6275442669115312
0.6275979558650773
0.627533141881841
0.6275884547366426
0.627464889135704
0.6273532346160753
0.6279781976223866
0.6275918264775348
0.6276837313612205
0.6276562281238665
0.6276073827568972
0.6277602202243606
0.6278047431426145
0.6275264772762943
0.6278664385178263
0.6273957640967629
0.6275762135303863
0.6277606694084608
0.6277893163085247
0.6277330357192721
0.6277462420579216
0.6276641196827009
0.6277981158676735
0.6276298876245631
0.6279865518707929
0.627766068156917
0.6279250552144762
0.6276687889295249
0.6275828609959275
0.6275528338174232
0.6276357327100124
0.6277818410943398
0.6279300116161407
0.6274370478619923
0.6276560859697045
0.6278815617476747
0.6274519044224159
0.627797958349751
0.6278962670239814
0.6278060904439611
0.6277571360242546
0.6273643612853902
0.6273846527769453
0.6276439335223258
0.6276136584664176
0.6276905378724126
0.6280360689833073
0.6277780119490408
0.6279666675360661
0.6279609599359468
0.6279053560994664
0.627861541167636
0.6280332424765653
0.6277118287621403
0.6274836337548124
0.6275413586048542
0.6277646341735588
0.6275478293838288
0.6277431204605355
0.6274166980849475
0.6275066790952103
0.6278730315925038
0.6279954395908471
0.6276648304562851
0.6274610179339546
0.6277928253688498
0.6278362207306538
0.627583999831324
0.6279097465635722
0.6280106133853642
0.6277649960954275
0.6279559377382447
0.6277866463830939
0.6277731553946628
0.6275439202330012
0.6280562158402043
0.627795640569921
0.6280698304764868
0.6276665760662615
0.6277108706180731
0.627739766174146
0.6279325741994077
0.6276389337814194
0.6281281877330948
0.6274493264072254
0.6277281681054065
0.6278607507284718
0.6272841892291715
0.6276911643369883
0.6277897827743324
0.6280799449286726
0.6276869536116698
0.6278672495846378
0.6275070255994719
0.6278394880351883
0.6275145795763803
0.6280115144168499
0.6274262802069265
0.6275822359758375
0.6277172518998312
0.6277931749131065
0.6276808050683711
0.627630502685202
0.6278615623207813
0.6278243689069845
0.6280143181272256
0.6276422764691505
0.6278323835475953
0.6277927389620486
0.627784851885717
0.6277976778792611
0.6280318740383304
0.627364309362181
0.6275708165737562
0.6278144784188047
0.627307988788438
0.6277383317112293
0.627903783014045
0.627613470925584
0.627982566617389
0.6279511655522678
0.6280456409520588
0.6276836850614431
0.6275361487251225
0.6279628335412081
0.6278214360011589
0.6276443192953659
0.6276864909354922
0.6277600579861023
0.6275880346971496
0.627877182373531
0.6277509342067543
0.6281156089364528
0.6275137069971486
0.6275496781090459
0.6277722827469588
0.6275561260734145
0.6277064846463503
0.627352119287538
0.6273395557841438
0.6277172291987276
0.6276423935007667
0.6278632638820659
0.6278722861113679
0.6279771912876956
0.6280164774248096
0.6274164190745999
0.6276704855102121
0.6276015809655292
0.6276399818235919
0.6276411783605891
0.6281859990244885
0.6274206955663706
0.6275351351752088
0.62795566861806
0.6276351521026862
0.6276422243891036
0.6279426488504493
0.6276746924378332
0.6275465932114324
0.62780447393271
0.6277841667184554
0.6279210359217042
0.6279124620822876
0.6277610223530532
0.6275206273275427
0.6276345942763182
0.6277134414108039
0.6276952693509961
0.6278074715080432
0.6275180754733662
0.6274362103693693
0.6274453990136306
0.6278158566274126
0.6278887297912341
0.6276430270499136
0.6279125734400561
0.6277764241989023
0.6274984388183681
0.6276698591735076
0.6279969702743855
0.627771849847893
0.6279953024659154
0.6276696030005601
0.6278245725069265
0.6276138783273263
0.6275173768306439
0.6279328469309352
0.6278492873597903
0.6276514161611175
0.6278481041899464
0.6278145905617964
0.6277502509356561
0.6276666768860306
0.6278437995155799
0.6277369012785514
0.6279928319349516
0.6274924350699145
0.6276267007252763
0.6275076207882709
0.6279495674170821
0.6274742771768982
0.6279173680160363
0.6276063911094375
0.6277409774538312
0.6277212204391291
0.6276078462291567
0.6272808991138508
0.6275213035083198
0.6279802518923642
0.6277558991215824
0.6278724712726028
0.6274975978617044
0.6280002359992976
0.6281447847947348
0.6275422681969987
0.6278134369617967
0.6277143114050459
0.6276080101884359
0.6279886043624038
0.6274101126309829
0.6279115010830525
0.6277078755719989
0.6276997167616718
0.6279187883924024
0.6277245892959349
0.6276133877354032
0.6276791397372958
0.6275969856766197
0.6278458233065807
0.6280521249741967
0.6278259611350137
0.627878498281373
0.6274178052094619
0.6278143533992311
0.6279180145723378
0.6279526004655336
0.6274020023043055
0.627633292459783
0.6278049059573225
0.6277448160582227
0.6275742441423108
0.6276371442956865
0.6276802128732707
0.6273783951696131
0.6275413455698446
0.627954631940993
0.627597553363385
0.6280214043954679
0.6279555390128216
0.6276294564869699
0.6278261958204747
0.6279613949645242
0.6274538604056945
0.6274563084386262
0.6278240954624332
0.6277134232537415
0.6277786832567689
0.6278875054650684
0.6275523321374943
0.6275777358491174
0.6275629102326086
0.6277616768996361
0.6279408722135078
0.6280758651278028
0.6276131350543297
0.6275472851788957
0.6278488713931597
0.6274987694552037
0.627927180189569
0.6278677505071122
0.6278628864648077
0.627824128651056
0.6277473174192387
0.6274905179901094
0.6277525106783031
0.6279623101308187
0.6274436975797362
0.6276309468274087
0.6279667242989055
0.6275136497275724
0.6278686823110757
0.6275552498540842
0.6274559846185755
0.6274752843399521
0.6272998409799679
0.6274109720412591
0.6276416967683744
0.6277423299676712
0.6276943204504963
0.6274038214637472
0.627421029438837
0.6276423234832877
0.6277852234502289
0.6280348603522489
0.6274925260720874
0.6282129428054544
0.6276703032257851
0.6276182535577888
0.6279030134301552
0.6277961440429134
0.6274569470401923
0.627734240140382
0.6281276590548674
0.6278771333686632
0.627813750143686
0.6277178493229287
0.62763275896727
0.6277225907897885
0.6274483806896677
0.6275706918463221
0.6277501131336424
0.6273684909240149
0.6274979884706131
0.6275865085852101
0.6276892881538776
0.6276593439366966
0.6274926184883352
0.6278782250011076
0.6275528301299402
0.6276035201848976
0.6276983495727457
0.6275092877733762
0.6275300303812964
0.6277022948488573
0.6275500790634705
0.627744055680155
0.6276323613478745
0.6280552380506494
0.6279458762252097
0.6274602349829087
0.6274687186333098
0.6275616418450931
0.627570634145002
0.6276319153572005
0.6275751286635096
0.6274862240831002
0.6277571220363747
0.627964959021154
0.6277684175487458
0.6279046646165227
0.6275083002365489
0.6272450271233442
0.6276346420299013
0.6278119917001918
0.6277857159577891
0.6278763587455454
0.6275829380269793
0.6276467760825377
0.627816452412058
0.6275527250570823
0.6278909977806024
0.6275784014537881
0.6277873428454481
0.6277692706695308
0.6277478291327222
0.6277199285147366
0.6276338208932836
0.6277988826840655
0.6277696684709171
0.62789032596511
0.6278873784069211
0.6277567495943811
0.627666486981127
0.6278295556397592
0.6278156397987709
0.6278232177614191
0.6278524000519203
0.6277964883485367
0.6278384417255056
0.6277263780739362
0.6274491707245093
0.6278286654806247
0.6276697901463034
0.6282306521616075
0.6275717679235597
0.6278364903712392
0.6278858361203419
0.6276990701898497
0.6274851723228589
0.627312768208897
0.6277255869328302
0.6277995368465269
0.6277906569124323
0.6278206783751901
0.6274895634572498
0.6281019443258172
0.6276559570935588
0.6276692719285075
0.6275190129762984
0.6276812850492204
0.6281421354658558
0.6279410134758009
0.627871297463535
0.6274970958574178
0.6276541870260706
0.6277469473121439
0.6278344471428396
0.6277894852424005
0.6279912836077116
0.6277804580944035
0.6279452320406256
0.6279788088452377
0.627697925431501
0.6279533110637284
0.6276967204192301
0.6278457452812931
0.6278001419245478
0.6277724391208603
0.6274458853733971
0.6275321495126747
0.6277192270569147
0.6275179897325708
0.6273288048574241
0.6276751114349337
0.6277082722971558
0.6276092194665185
0.6273601605092074
0.627837314657451
0.6278131149639282
0.6279784350909761
0.6279388587644048
0.6281575724305699
0.6278976535809733
0.6276933228088433
0.6275846583935317
0.6276970225582835
0.6274053501956799
0.6278220910542781
0.6277527382522051
0.6274066435081038
0.6278622126757456
0.6276847853737604
0.62784417552885
0.6274654961309227
0.6279353036753103
0.6279599319512078
0.6274282501738577
0.6279313909770294
0.6273979740591289
0.6275068780557741
0.6274649587849044
0.6277709257443238
0.6276907549928274
0.6277268536471845
0.6278205691763639
0.6272382842822524
0.6276962381297551
0.6277384388643684
0.6279070857440066
0.6275298525204405
0.6272455341787395
0.6276136149657522
0.6275836635756633
0.6276607156769731
0.6276220353268687
0.6274963046828534
0.62743152791909
0.6278196864102419
0.6276746622273547
0.6274667460163621
0.6281445380371539
0.627792199191494
0.6274180337753115
0.6275338909708191
0.6279634307538142
0.6273770779313145
0.627857533518956
0.6276825592727561
0.627861455630849
0.6275129643716226
0.6278867458439417
0.6275251637473511
0.6279442590885393
0.6276865028332317
0.6279857330290253
0.6279220408929891
0.6279496169564847
0.6272601553603373
0.6279647917230278
0.6279567757040948
0.6278786800858464
0.627970060071933
0.6279124664214604
0.6278695392085362
0.6277795975897164
0.6279496281219464
0.6278094547262459
0.6278103073564139
0.627828655826916
0.6278195855535511
0.6275201000999195
0.6279267979190222
0.6277363387371864
0.6279545262825827
0.6275674602849248
0.6277366046472986
0.6276135288418512
0.6275639222413294
0.6273782619595295
0.6276993473467419
0.6280570149270914
0.6279226120508233
0.6274575147539262
0.6279871991808749
0.62770838236232
0.6276715383401847
0.6278746276642357
0.6278341311869281
0.6281117503175225
0.6277925949644418
0.6280265837067538
0.6274650712055192
0.6275954009894771
0.6277302243662304
0.6273941820946691
0.6277844059497582
0.6278586814060423
0.6276058180657851
0.6279838322532096
0.6277786371734
0.6275335154584958
0.6276755194615522
0.6275841048102502
0.6276561580967994
0.6280202743330747
0.6274952810475223
0.6274603077552812
0.6275668105774854
0.627541902967394
0.6279436269739527
0.6278896736589996
0.6276173870120643
0.6277637585230993
0.6277407564625762
0.6275161329629588
0.6278920952988408
0.6276344745923221
0.6276897266451504
0.6277663232294004
0.6275466369175572
0.6272774765582352
0.6279726840017018
0.6282801476625582
0.6277125379368824
0.6276320997564035
0.6277162757619266
0.6275420264734946
0.6275298922543511
0.6278911541615257
0.6276117087073562
0.6276723392911906
0.6273273570849942
0.6278731179030276
0.6275669295621344
0.6280081066386326
0.6280567414768874
0.6275224623303417
0.6275689028061731
0.6281357989205477
0.6276301250505859
0.627979176595401
0.6277570863069295
0.6277002241235081
0.6278354669029436
0.6272459115685916
0.6279242229763351
0.6277809163209578
0.6277796795746076
0.6275019857664971
0.6277864626506562
0.6277792756521223
0.6278801287874312
0.6279688929565354
0.6276816783295638
0.6278046661373471
0.6275883705029186
0.6276335725553401
0.6274788705914599
0.6276534647937241
0.6276580519112835
0.6276803423251207
0.6274428744407681
0.6280063324898969
0.6278528930364276
0.6274080832769846
0.627976298718066
0.6274121064174417
0.6277550835780642
0.6277954634649732
0.6278179284636398
0.6278491568995026
0.6279095599433963
0.6277852463018787
0.6276770329837376
0.6279756750577403
0.6273550694481032
0.6279614520169681
0.6277337891531654
0.6276804829653745
0.6274848663156412
0.6275331101653484
0.627527800321756
0.6273368647170817
0.6278406219472783
0.6277142416703488
0.6275771042962309
0.6275666863726279
0.6277138264923118
0.6278202760783028
0.6273710431854527
0.6279947313547019
0.6279105163623988
0.6274816585225955
0.6277370624105814
0.6280025842653957
0.6273551499485013
0.6277595374736638
0.6280347721715787
0.6274433943877713
0.6277017534636903
0.6276142675009546
0.6276385948390888
0.6280779415535092
0.6280147229747612
0.6279110802305627
0.6279317684929783
0.627567039804611
0.6273511551593389
0.6277062235140418
0.627604071659327
0.6276893986725028
0.627866066214355
0.6279266828610709
0.6276323887354152
0.627885723762776
0.6277847766375109
0.6280082684697482
0.6274921234873547
0.6280617503004784
0.627831051344905
0.627651566884426
0.6276041039720812
0.6276572516117834
0.627970652022817
0.6275478817822655
0.6276862726271781
0.6278543789794468
0.6275598718146753
0.6279365892131918
0.6278589355835673
0.6278179372640373
0.6272413562454564
0.6278677106759649
0.6280463330736784
0.6278633080882705
0.6278123611733875
0.6280177998278254
0.6277215122109079
0.627522178298117
0.627801140371321
0.6281155373815883
0.6278770170320087
0.6276261311377163
0.6274857009141629
0.6274243728092793
0.6278812752721861
0.6278830683618197
0.6271992759389582
0.6279432061277301
0.6279198534307189
0.6276287915990544
0.6278353405816679
0.6274267123184438
0.6277275882361096
0.6277708601290392
0.6279087983058952
0.6276026967571847
0.6277994009364423
0.6280961622489499
0.6275975449242979
0.6277292809814023
0.6278167048317278
0.6278908677269269
0.6277201002864317
0.6278328219879186
