0.6662895629414144
0.6662868977672856
0.666287451111192
0.6662869288760653
0.6662888946617624
0.6662864700562869
0.6662923379775327
0.6662883836235618
0.6662895504951927
0.6662852680317454
0.666290383522544
0.6662865900075943
0.6662907953124135
0.6662905767468733
0.6662866572044938
0.66628873755832
0.6662877313640243
0.6662864570351335
0.6662897129270111
0.6662888838501739
0.666288910938429
0.6662878731985963
0.6662896239322186
0.6662877233481713
0.6662887421142989
0.6662876990152176
0.6662862887201788
0.6662889722563399
0.6662901998337524
0.6662911251706795
0.6662911957551307
0.6662908887196084
0.6662873135949405
0.6662860710565031
0.6662905886103577
0.6662889827580538
0.666288837840221
0.6662884525114605
0.6662898101987684
0.6662919476048161
0.666290350136764
0.6662868677064651
0.6662911159981721
0.6662921449261796
0.6662903441925252
0.6662885213376497
0.6662883159552285
0.6662891013927397
0.6662908920181826
0.6662883339038788
0.6662891338057766
0.6662877517348345
0.6662867945296396
0.6662906015968117
0.6662898455831523
0.6662924331620468
0.6662875982824025
0.6662886961010466
0.6662849333682332
0.6662863172898523
0.6662856773693181
0.6662930013613231
0.6662883218514923
0.6662837229188753
0.6662900111259951
0.6662910179914525
0.666292056884074
0.6662901327476816
0.6662884219954686
0.6662903892211081
0.6662899420339107
0.6662864679795468
0.6662863466506722
0.6662871948243858
0.6662927565160597
0.6662897068379627
0.666285555634673
0.66628873651873
0.6662863076984121
0.6662906187653169
0.6662858058735168
0.6662891301503098
0.6662895475554876
0.6662899157823675
0.6662869063607185
0.6662894741995885
0.6662907063714358
0.6662868824866424
0.6662890399525994
0.6662872791547643
0.6662885069874624
0.6662841034102813
0.66628705905661
0.666287218373886
0.6662898932652873
0.6662883109051267
0.6662884982896555
0.6662883299600753
0.6662888149269075
0.6662894381989956
0.6662870922228136
0.6662882047507555
0.6662903580869171
0.6662895695649651
0.6662878805960832
0.6662849979471492
0.6662895387683707
0.6662875326301756
0.6662930415427457
0.6662849270607889
0.6662864446962482
0.6662898290218101
0.6662892875340317
0.6662875824289168
0.6662906961685229
0.6662853442304073
0.6662901848105264
0.6662868239891827
0.6662856195949749
0.6662866852129723
0.6662858348335703
0.6662908217547001
0.6662896203429325
0.66629100631261
0.6662875158270138
0.6662908550222397
0.6662874276514296
0.6662875492531981
0.6662882710387221
0.6662845857668163
0.6662886072975609
0.6662859838153354
0.6662894104055108
0.6662907492910426
0.666288208263516
0.6662884485182279
0.666289004349269
0.6662900424080254
0.6662916744766931
0.6662906783143792
0.666286658557863
0.6662896845720334
0.6662902600089106
0.6662900061409678
0.6662879032344838
0.6662917362203453
0.666288559534821
0.666289041795858
0.666290391958859
0.666287826691179
0.6662878870396295
0.6662904446650747
0.6662887383278803
0.6662875398751483
0.6662880721023297
0.6662893009560187
0.6662881473844955
0.666290364653098
0.6662887555379758
0.6662927339998165
0.6662903470490866
0.6662877135796699
0.6662890013648761
0.6662871870611865
0.666290845685299
0.666287339703309
0.6662918446744505
0.6662874322049965
0.6662893995738824
0.666291431300912
0.6662850779382969
0.6662870131477829
0.6662861408931036
0.6662897244855777
0.6662925003031259
0.6662885040033659
0.6662884382691605
0.6662875869124014
0.6662882611815595
0.6662862650363337
0.6662875420298349
0.6662920973314501
0.666288181015277
0.6662865451801709
0.6662828005778435
0.6662878395520735
0.666291356635668
0.6662880334209487
0.6662897099685451
0.6662895685739834
0.6662873085259754
0.6662884764257678
0.666291082956378
0.6662900806955272
0.6662896324366331
0.666287540561591
0.6662879182616008
0.6662895258742063
0.6662907579646244
0.6662911362255248
0.6662897240536283
0.6662886188514424
0.6662912099175526
0.6662889347540316
0.6662902521770555
0.6662901493876034
0.6662896900554215
0.6662905949411368
0.6662875520282969
0.6662900068246167
0.6662857693094841
0.6662907609257246
0.6662878791244552
0.6662886780774281
0.6662908101164009
0.6662860528664958
0.6662882316189915
0.6662873000749543
0.6662871686673365
0.6662897086716826
0.6662894027403188
0.6662847767446523
0.666291025492129
0.6662903142659548
0.6662887712380257
0.6662885742486038
0.6662884038182649
0.6662889508758998
0.6662877200063015
0.6662908680897178
0.666289442989033
0.6662868437722338
0.6662884259996249
0.6662872004301904
0.6662888269621824
0.6662887002276836
0.6662857969752566
0.666286525483594
0.666285086992696
0.6662866942133544
0.6662895308449204
0.6662897054597452
0.6662871585945958
0.6662887446150725
0.6662898131597164
0.6662888050229381
0.6662883594325746
0.6662894228885246
0.6662897948036308
0.6662868416303132
0.6662888350286422
0.6662902803155593
0.6662894328267415
0.6662881365682469
0.6662891130423589
0.6662902861628821
0.6662894645924256
0.6662915300203851
0.666284364961129
0.6662898703426162
0.6662858933474891
0.6662914507876215
0.6662849817475642
0.6662847347699945
0.6662865045386068
0.6662889665028383
0.6662841805896675
0.6662902757968843
0.6662896183630722
0.6662891974832745
0.6662866809774994
0.6662882163248955
0.6662878192955677
0.66629139683232
0.6662884026983105
0.6662879977173128
0.6662875159123931
0.6662912709986903
0.6662913431453267
0.6662874758525293
0.6662909934813288
0.6662885729845155
0.666289155063446
0.6662882408276339
0.6662871393625077
0.6662888256815596
0.6662877982717144
0.6662897752877537
0.666291933496769
0.6662829700641268
0.6662858568414873
0.6662848459331483
0.6662896510057752
0.6662879462644138
0.6662896004524619
0.6662866313580937
0.6662891240641718
0.6662918700881948
0.6662908864830505
0.6662912210241553
0.666290815704498
0.6662853242029959
0.666285231258998
0.6662913013892733
0.6662927253984172
0.6662880710989372
0.6662872705128058
0.666287070967003
0.6662860686901468
0.6662910148157658
0.6662935816014407
0.6662887216030382
0.6662885784854247
0.6662916886953547
0.6662892458596339
0.6662894408337929
0.6662897848487512
0.6662884957118548
0.6662877042868618
0.666286216464872
0.6662867409436057
0.6662901664035932
0.666290561263087
0.6662893795742475
0.6662896779390288
0.6662876967739711
0.6662894850042848
0.6662919245419467
0.6662865041329055
0.6662888559005562
0.6662863453727166
0.6662900577501215
0.6662886930943186
0.666288829508447
0.6662860582648633
0.6662877135913474
0.6662890560893076
0.6662846400943194
0.6662933165022509
0.6662893261120753
0.6662888841545054
0.6662865848569423
0.6662873762290752
0.6662892108316221
0.6662882362542805
0.6662849240285528
0.66628913693835
0.6662876342137501
0.6662879828487538
0.6662904335203088
0.6662884794529123
0.666285492073228
0.6662917099971971
0.66629155729424
0.6662908822334819
0.6662912495832929
0.6662898268459869
0.6662899640087014
0.6662866368549427
0.6662890373964653
0.666288831736368
0.6662870261340663
0.66628863072483
0.6662888253151021
0.6662869697413438
0.6662893780668346
0.666292814577117
0.6662905460157096
0.6662876111905589
0.6662855303449569
0.6662873182516886
0.6662892544433783
0.6662887368153706
0.6662880657072483
0.6662896321306677
0.6662895119421609
0.6662888186612208
0.6662885305937581
0.6662866750980568
0.6662911449723145
0.6662869335537819
0.6662884913858508
0.6662851434187534
0.6662905119927438
0.666289334071255
0.6662885660064857
0.6662867128897885
0.6662897932848936
0.6662874128433359
0.6662878455883211
0.6662903942526038
0.6662881533474992
0.6662861927623047
0.6662882682913529
0.6662917423862269
0.6662890029123522
0.6662889889937632
0.6662867198540401
0.6662891756016349
0.6662892341005817
0.6662884423475239
0.6662895226914121
0.6662866232710082
0.6662894905687087
0.6662893758257817
0.6662887411296448
0.666288289664375
0.6662894597313191
0.6662862409390395
0.6662881650429882
0.6662911656523811
0.6662908371734342
0.6662864530233389
0.6662846408789063
0.6662862049156231
0.6662924091664366
0.6662851474042197
0.6662901248559974
0.6662860726010665
0.6662894306177449
0.6662901751117559
0.6662888696105511
0.6662885704261325
0.6662898143997785
0.6662863608025824
0.666285747754914
0.6662883827685515
0.6662884740631356
0.6662904407799742
0.6662911628784562
0.6662880874454407
0.6662884195569927
0.6662896765668638
0.6662911362577753
0.6662861290933739
0.6662888109375432
0.6662911919358773
0.6662873347289696
0.6662899299747408
0.6662914840622184
0.6662865268572767
0.6662893752717938
0.6662877308803339
0.6662914114415339
0.6662918676581301
0.6662924982494585
0.6662897567774491
0.6662866404579392
0.6662874920411191
0.6662892588672049
0.6662863236031233
0.6662868076949062
0.6662862378170301
0.6662894209648804
0.6662831468572208
0.6662869466069038
0.6662875735632641
0.6662895410273757
0.6662923571022537
0.6662911332330714
0.6662893775490684
0.6662847847274838
0.6662884970913403
0.6662906212371718
0.6662857262799855
0.6662910574549117
0.666287872352799
0.6662937205565995
0.6662863132446804
0.6662888653641714
0.6662891544654815
0.666289244893554
0.6662869764637283
0.6662862506770741
0.6662879779148718
0.666284598173038
0.6662872315603118
0.6662899747419679
0.6662886732278965
0.6662881634762923
0.6662884646051258
0.6662873509752218
0.6662890765240747
0.6662856097675347
0.6662888958752915
0.6662889166377031
0.6662882850565
0.6662910253923529
0.6662866435369851
0.6662900167626764
0.6662885147225631
0.6662875868556868
0.6662852938666018
0.6662898820957401
0.6662879470246447
0.6662880721530804
0.6662887316345432
0.6662892165767751
0.6662921124923807
0.666287586895177
0.6662902868512339
0.6662886588152398
0.6662869688197514
0.6662885198112103
0.6662894858260228
0.6662892937249113
0.6662873932419366
0.6662919499730595
0.6662865531941673
0.6662875526822035
0.6662879519406346
0.6662878661029685
0.6662897167095102
0.6662861957151766
0.666287830167207
0.6662837002807095
0.6662881607879731
0.6662857252934633
0.6662919142949104
0.6662879688484418
0.6662877242614116
0.6662884643597946
0.6662896621674763
0.6662881849075425
0.6662899909885762
0.666289770835189
0.6662888373508853
0.6662864116718672
0.6662922774252387
0.6662868070799725
0.6662891248252748
0.6662901528315457
0.6662884428496485
0.6662869483399104
0.6662887002824109
0.6662908166632857
0.666286981769795
0.6662874527863627
0.6662896934482105
0.6662880431036395
0.6662894230053338
0.6662860628981084
0.666288512627567
0.6662833876104945
0.6662910898421186
0.6662868319718969
0.6662907642185746
0.6662909973479176
0.6662879030285083
0.6662885496539044
0.6662899507262889
0.6662908309469462
0.6662894947947243
0.6662884786929346
0.6662878891483197
0.6662871788611902
0.6662863285100247
0.6662867825497747
0.6662863641984048
0.6662875063264329
0.6662907527903016
0.6662855944854276
0.6662932142549238
0.6662878591376926
0.6662867562959084
0.6662931832978103
0.6662893834216379
0.6662878929284544
0.6662896280892829
0.6662900397630759
0.6662902928238628
0.6662900061322903
0.6662915206868092
0.6662895209299969
0.6662872329671272
0.6662919242527465
0.6662927590314888
0.6662914704670578
0.666286234100097
0.6662883961825736
0.6662905415279867
0.6662897439617692
0.6662884205675245
0.6662877461692405
0.6662872733101791
0.6662898607131509
0.666289345053583
0.666287024985656
0.6662882337507963
0.6662904231366343
0.6662876106273626
0.666288967157378
0.6662871649210945
0.6662884722426035
0.6662879384107463
0.6662852935826794
0.6662883651056296
0.6662880803737261
0.6662853601057206
0.6662909554858982
0.6662898559494494
0.6662887491102484
0.6662892239165893
0.6662878304005102
0.6662872148529616
0.6662875076284246
0.6662902222128408
0.6662876736698492
0.6662858105642528
0.666289224026889
0.6662916868305433
0.666290282547022
0.6662877721918697
0.6662868856063859
0.6662903509505315
0.6662921022772073
0.6662866659822699
0.6662896202503444
0.6662899918040243
0.6662876900231474
0.6662866626033234
0.6662885042262604
0.6662925061674114
0.666286707120013
0.6662889306728879
0.6662903659403061
0.6662883110870945
0.6662868465305519
0.6662873212483398
0.6662888382402072
0.6662911049492055
0.6662867018736928
0.6662902700444837
0.6662917703908788
0.6662889485235808
0.6662897352937864
0.6662875120773638
0.6662903654957428
0.6662858537895375
0.6662895433349484
0.6662883149684857
0.6662855110393479
0.6662886691162482
0.6662899556286388
0.6662901504665861
0.666290306429896
0.6662872654779883
0.6662942917535909
0.6662893011671877
0.6662878120146107
0.6662909423660902
0.6662887083939353
0.6662905777183932
0.6662896347775693
0.6662843846787676
0.6662886118548825
0.6662899901946873
0.6662902897107392
0.6662913746836717
0.6662905227528011
0.6662919302472953
0.6662864132554046
0.666291552818294
0.6662879613440128
0.6662893222735252
0.6662873231419718
0.6662886062909847
0.6662882971317483
0.6662911543053026
0.6662907456253124
0.6662868867771903
0.666287715109776
0.666290573333679
0.6662857535784303
0.6662865862835144
0.6662896722328417
0.6662947437158604
0.6662914032664751
0.6662843166580706
0.6662904873420263
0.6662886573959548
0.6662896805026407
0.6662879660974107
0.6662896417378035
0.6662876594328735
0.6662902963596751
0.6662890834094368
0.6662885715440702
0.6662879374817752
0.6662883563028033
0.6662903646903036
0.666289085674209
0.66628912678146
0.6662889863522401
0.6662911183313768
0.6662870048558289
0.6662892248766286
0.6662853649296081
0.6662887248809131
0.666290990068388
0.6662859922967868
0.6662904171841764
0.6662874423091301
0.6662911595566879
0.6662876283367374
0.6662910695236826
0.6662889783539474
0.6662874192129451
0.6662874379536879
0.6662837748698164
0.6662926484100211
0.6662894730785421
0.6662904478828628
0.6662889961207169
0.6662888940411402
0.6662902790004999
0.6662872656899277
0.6662842785772587
0.6662898834418097
0.6662919344548117
0.6662903203802522
0.6662887010097345
0.6662899166032343
0.6662918780317115
0.6662883895529451
0.6662906764704557
0.6662909277520443
0.6662912979020217
0.666290442348189
0.6662837676363185
0.6662920214271775
0.6662870591143618
0.6662894269425073
0.6662910144006019
0.666288727191177
0.6662883314116614
0.6662911268832721
0.6662872477256273
0.6662880644122708
0.6662890766039624
0.6662875134380346
0.6662869694714295
0.6662878646286035
0.6662882250993756
0.6662885092002934
0.6662868580710144
0.6662870446584694
0.6662837848317744
0.6662885907717235
0.6662885762508323
0.6662892989027287
0.6662869706307817
0.6662869223726878
0.6662906967732749
0.6662885217285287
0.6662874428267787
0.6662847915077328
0.6662879657275913
0.6662881949154964
0.6662879263059105
0.666292004610355
0.6662860222318597
0.6662846216655429
0.6662850198769066
0.6662904210514607
0.6662879370869249
0.6662904936196308
0.6662869938088631
0.6662865338861925
0.666288932735976
0.6662910935318282
0.6662870846894557
0.6662900294299234
0.666289932660394
0.6662880176220773
0.6662939396657521
0.6662864870729314
0.6662899924936154
0.666284277627589
0.6662905384689644
0.6662951558605408
0.6662874474789753
0.6662913467074607
0.6662866596846552
0.6662866860952738
0.6662880517397733
0.6662843549701134
0.6662892573038196
0.6662900604824689
0.666285330722644
0.6662879063171432
0.6662911135134688
0.6662883745085505
0.6662898324923763
0.6662875171308916
0.6662896506072199
0.6662886137423666
0.6662892419470295
0.6662874909365071
0.666291091163376
0.6662905158933884
0.6662913040456534
0.6662886867025817
0.6662913707096514
0.6662884791513777
0.6662883697780612
0.6662913736160464
0.6662864709412295
0.6662869224268058
0.6662853976636385
0.6662889094679407
0.6662913929755014
0.6662869381259334
0.6662886870374577
0.6662876979368206
0.6662900815507589
0.6662875816160087
0.6662902822883854
0.6662869036873164
0.6662872680416192
0.666289211546869
0.6662848630942917
0.666287498461051
0.6662899546083378
0.6662891806368846
0.6662868005045198
0.6662873391907299
0.6662875253878016
0.6662885101253616
0.6662896192899419
0.6662904996638996
0.666290360756712
0.6662914024666954
0.6662885397926656
0.666284884887097
0.6662905883726095
0.6662871249972971
0.666287376141862
0.6662876296288336
0.6662909933653169
0.6662896458018179
0.6662904729433363
0.6662876982345809
0.6662848431484878
0.6662860708016436
0.6662909051177325
0.6662871407097941
0.66629180885953
0.6662904761641436
0.6662889331768304
0.6662900622372923
0.6662903142793403
0.6662910836058041
0.6662879141139237
0.6662888041372154
0.6662878717093674
0.6662876667790865
0.666289432377545
0.666286339313522
0.6662874911218901
0.6662894720571584
0.6662895545608027
0.6662869641552518
0.6662910531203408
0.6662873622254396
0.66628932400447
0.6662882140635793
0.6662914064388503
0.6662922058014121
0.6662882708385744
0.6662877484906671
0.6662905428068576
0.6662887037991531
0.6662897139322148
0.6662903747753295
0.6662888769922234
0.6662860880685919
0.6662869630739432
0.6662889619958515
0.666288151361238
0.6662878211554482
0.6662858632792623
0.6662881487735763
0.6662940673851091
0.6662887479764643
0.6662882223845384
0.6662861468061706
0.6662904152009586
0.6662884778619121
0.6662880255907528
0.6662899059490148
0.666285426975537
0.666286123173569
0.6662843470740599
0.6662905641740136
0.6662882752928568
0.6662882939085215
0.6662900692764915
0.6662850503751386
0.6662915564876295
0.6662870774249452
0.6662897252799058
0.6662850050225756
0.6662881730270762
0.6662894465750887
0.6662869155723843
0.6662881116188786
0.6662890445279515
0.6662862472370575
0.6662874605440849
0.6662859768942855
0.6662865247326484
0.6662860187948794
0.6662893099334206
0.6662869572703327
0.6662875073991186
0.6662878581258933
0.6662908061961607
0.6662907142922655
0.6662887703881705
0.6662885459711162
0.6662852139486738
0.666291834673403
0.666289070216473
0.6662866489087015
0.6662880544617265
0.666288585249447
0.6662854029161989
0.6662891900931649
0.6662872071542372
0.6662926758517167
0.6662907693438482
0.6662869639386613
0.6662869562455835
0.6662873142360386
0.6662913455865934
0.6662888119956062
0.6662898930429422
0.6662888352727241
0.6662897812433658
0.6662889606986836
0.666289094663203
0.6662889728724096
0.6662872969095882
0.6662860519606231
0.6662889783730814
0.6662914432413152
0.666288264892012
0.6662896547774423
0.6662895053274551
0.6662890577889342
0.666286644024277
0.6662874132319696
0.6662901413020239
0.666288165847728
0.6662854807566756
0.666289835152617
0.6662872065529035
0.6662896883402194
0.6662929482133142
0.6662911334454777
0.666290074126361
0.666281979879524
0.6662865869295567
0.6662872364323562
0.6662881887932057
0.6662882492335644
0.6662868475035806
0.6662940701682433
0.6662913072012633
0.6662885894508381
0.666289004904215
0.6662888990382436
0.6662884937337774
0.6662901689967419
0.6662888963369445
0.6662853910301701
0.6662896187003289
0.6662860283693903
0.6662885077034306
0.6662897697814094
0.6662860274612832
0.6662919686492595
0.666292362896385
0.6662882122966463
0.666287025793856
0.6662886496465494
0.666289904979424
0.6662886688812266
0.6662865534457901
0.6662861770649013
0.6662898040076571
0.6662913017055806
0.6662865401851745
0.6662867210821038
0.666287773170982
0.6662906300157626
0.6662914646045808
0.6662898820811698
0.6662859668045094
0.6662852703597857
0.6662894328016149
0.6662875760971677
0.6662858414408066
0.6662861230425952
0.6662893283748721
0.6662924013823157
0.666281843290162
0.666286067153445
0.6662895461678939
0.6662901706482314
0.666290149423481
0.6662895280113951
0.6662883572769455
0.6662926610597033
0.6662884920909915
0.6662929503677626
0.6662912819677627
0.6662899640963247
0.666288827887354
0.6662876241816634
0.6662907448431423
0.6662875425043966
0.6662889093408642
0.6662863147591546
0.666287458496724
0.6662846399087439
0.6662890768776999
0.6662869253325313
0.6662907410550643
0.6662887902550162
0.6662856452987265
0.6662899301863139
0.6662906558823043
0.6662883599569704
0.6662865159185524
0.6662853665135284
0.6662868676424449
0.6662864415734976
0.6662898288037185
0.666288948919224
0.6662889659263569
0.6662844422706178
0.6662902500443836
0.666291051923721
0.6662850078553496
0.6662876647661522
0.6662867993899697
0.6662890505088555
0.6662864951571316
0.6662915154819589
0.6662905690335151
0.6662889976677271
0.6662869184394554
0.6662878235837144
0.6662888355623381
0.6662894256848024
0.6662906793271577
0.6662901672351402
0.6662873246460852
0.6662900720081508
0.6662901304373781
0.6662867316143609
0.6662918915265834
0.6662877492740182
0.6662885669679219
0.6662868092126768
0.6662903045509528
0.6662867065870792
0.666283739678621
0.6662891560934547
0.6662872675888232
0.6662873540412081
0.666288700694817
0.6662883154255146
0.6662896138249739
0.6662889444410341
0.6662876481310175
0.6662874038665235
0.6662864680525855
0.6662859086500166
0.6662890071376173
0.6662886097543467
0.6662894291291437
0.6662893177846265
0.6662880369216313
0.6662877328085606
0.6662883627609382
0.6662864317409336
0.6662930210606879
0.6662913731615322
0.6662917985812563
0.6662855818278215
0.6662853855015385
0.6662873553890434
0.6662883940688283
0.6662908131533929
0.6662875210595585
0.6662873731820537
0.6662914272893119
0.6662873439741712
0.6662919221308472
0.6662884506717677
0.6662879827334129
0.666289550989851
0.666290592368981
0.6662892935263871
0.666289083950097
0.6662912451133739
0.66629112496505
0.666287270999672
0.6662873880880805
0.6662920940101226
0.6662891055791659
0.6662870032478934
0.6662907262935311
0.6662888122533714
0.6662876872499911
0.6662857903221333
0.6662863948610327
0.6662891659396911
0.6662901844742886
0.666286241227324
0.6662853761995522
0.6662909497609805
0.6662880227068586
0.6662882134415664
0.6662874333921947
0.6662867468704948
0.6662884691835687
0.6662878311434197
0.6662873544913599
0.6662903462522727
0.6662873229748364
0.6662905777822947
0.666287793181755
0.6662891097774686
0.6662901374951684
0.6662876792082422
0.6662886701718113
0.6662901159089984
0.6662891456780082
0.6662902582696275
0.6662895750681872
0.6662880176861993
0.666290377375895
0.6662872107440339
0.6662878365001472
0.6662879110855964
0.666289131883099
0.6662893260835328
0.6662885737826241
0.6662881382019299
0.6662871371297201
0.6662862697121987
0.6662882434875019
0.6662885141686101
0.6662839620505802
0.6662882450242377
0.6662897562416834
0.6662852610709737
0.6662882801030012
0.6662906918545175
0.666290220536067
0.6662892944206567
0.6662905704796163
0.6662908934727119
0.666290266552819
0.6662880029968377
0.6662877829020591
0.666287681794427
0.6662901569863351
0.66628762428781
0.6662871282394776
0.666288613869986
0.6662942911209297
0.6662858633106266
0.6662924420945049
0.6662862268389866
0.6662892424294755
0.6662888337964165
0.6662872087408869
0.6662852878561907
0.6662883983065104
0.6662874861959028
0.666289044529003
0.6662882395271053
0.6662872996825379
0.6662881654012727
0.6662917997773569
0.6662877055267435
0.666288994868339
0.6662893454843677
0.6662876059929226
0.6662893729519571
0.6662872048620976
0.6662892965705178
0.6662890952647093
0.6662878468207108
0.6662868833712354
0.6662914503071131
0.6662887950743337
0.6662891372136086
0.6662900278939106
0.6662908547948021
0.666287062103377
0.6662871780990052
0.6662872853638075
0.666284411025645
0.6662901917621575
0.666287955819219
0.6662895381936049
0.6662937807186381
0.6662879688370484
0.6662922944085865
0.6662881766473547
0.6662903100822866
0.6662889363411296
0.6662899250719679
0.6662890781659119
0.6662889699833615
0.6662901743114021
0.6662896206878776
0.6662917088569604
0.6662891353436166
0.6662907791218148
0.6662879721532731
0.6662895406104532
0.666288622949378
0.6662870067823716
0.6662900374068068
0.6662886875372728
0.6662877115182579
0.6662859078454029
0.6662883757199868
0.6662879361720828
0.6662888087686356
0.6662907690504183
0.666285990093848
0.6662934249101125
0.6662836074467582
0.6662877929569975
0.6662920532836906
0.6662872250738181
0.6662877947682546
0.6662904254305612
0.6662906704216823
0.6662901175601192
0.6662839955222046
0.6662902239624617
0.6662849264676307
0.6662885448079019
0.6662938695029323
0.666289293425216
0.6662879448242571
0.666288429578574
0.6662900893631293
0.6662871645526762
0.6662885507519697
0.6662881034869798
0.6662856958710031
0.6662878024567619
0.6662876429269193
0.6662902263688577
0.6662883339343475
0.666288127210594
0.6662876960207449
0.666290722055764
0.666287397921964
0.6662848534082172
0.6662909152007672
0.6662876404261422
0.6662889594129098
0.666289483001631
0.6662896614233178
0.666290263518492
0.666291187973282
0.6662910896167098
0.6662908032082053
0.6662884404943394
0.6662883350535893
0.6662899058816174
0.6662901006737659
0.6662893112577131
0.6662885753045769
0.666289698266082
0.6662866586131833
0.6662921700402065
0.6662896485211292
0.6662887045438299
0.6662858130327771
0.6662878306713825
0.6662876435287833
0.6662862489642162
0.6662855203686838
0.6662882162464336
0.666289222625332
0.6662929380519129
0.6662898386166642
0.6662888665099355
0.6662899067539872
0.6662899803127523
0.6662855995790831
0.6662885901808111
0.6662896064309834
0.66628541200795
0.6662861569934981
0.6662911203355876
0.6662860817471125
0.6662896432074779
0.666283787803855
0.6662878318316692
0.666288731990686
0.666292374904346
0.6662882999120917
0.6662877826410052
0.6662868456390082
0.6662881143255661
0.6662905128675417
0.6662877882559386
0.6662879437951473
0.6662850477066642
0.6662899642006658
0.6662880101557935
0.6662864936552562
0.666287960920009
0.666288197620889
0.6662900525401756
0.6662857629476207
0.6662888306163166
0.6662869719742586
0.6662885241651069
0.6662913813514565
0.6662883418459438
0.6662882166885267
0.6662872331831903
0.6662887804710272
0.6662897657028635
0.6662903076507778
0.6662910810610491
0.666289250191706
0.6662922433656358
0.666287512621041
0.666287153383144
0.6662932181512989
0.6662876840431113
0.666288895989529
0.6662906114091669
0.6662889241712948
0.6662863934604281
0.6662856532733361
0.666290137478506
0.6662896960980753
0.6662884919380726
0.6662870543327861
0.6662932346608876
0.666287908613346
0.6662917338203231
0.6662890329931774
0.6662855012165911
0.6662912746653227
0.6662936496646716
0.6662859843946212
0.666287909302931
0.6662861744697817
0.6662888484905999
0.6662892986791273
0.666288477571048
0.6662902170688502
0.6662908256953789
0.6662885387895958
0.6662865462515317
0.6662890317405306
0.666288579231312
0.6662888895018994
0.6662905315395894
0.6662884782383316
0.6662884364705611
0.6662890112374493
0.6662881399566858
0.6662891365086664
0.6662867500472409
0.6662878989091552
0.6662852969715752
0.6662889889420074
0.6662919235151735
0.666292903644011
0.6662875531532015
0.6662898095504136
0.6662910914105205
0.6662871824982082
0.6662880673745546
0.6662879180902513
0.6662866979021713
0.666289698468932
0.6662905629068145
0.6662898463259845
0.6662887932127693
0.6662849641776825
0.6662893292032512
0.6662900139867474
0.6662894987227332
0.666286879624032
0.6662885388333041
0.6662850399088383
0.6662834337512658
0.6662908678696806
0.6662883362311369
0.6662894997801281
0.66629072248159
0.6662896258527591
0.6662877305299562
0.666288961600428
0.6662880283007105
0.6662895068712653
0.6662865286138467
0.6662890686851803
0.6662881011116681
0.6662922862637286
0.66628581799165
0.6662884965402257
0.6662867683553289
0.6662890726659847
0.6662865569623533
0.6662866598343822
0.6662905151767238
0.6662856099241052
0.6662880740172354
0.6662916719099063
0.6662874255703904
0.6662860291977968
0.6662871430191627
0.6662866930409548
0.666286882780574
0.6662920380156673
0.6662883522827572
0.6662900542500491
0.666288554879493
0.6662917489138865
0.6662878406109817
0.6662898568870699
0.6662874841786065
0.6662891590840931
0.6662894846578313
0.666289752654971
0.6662893657985021
0.6662882727340338
0.6662913279634572
0.6662843563898722
0.6662889342128797
0.6662881025538735
0.6662906540017038
0.6662911079974233
0.666289951295072
0.6662875110608482
0.6662841348077637
0.6662925296644723
0.6662901498119783
0.6662908645280619
0.6662915643029994
0.6662870868806257
0.6662873125365557
0.6662900671565809
0.6662869674493177
0.6662884282238151
0.6662870882052234
0.6662907553500481
0.666288330881996
0.6662887633643684
0.6662870288278351
0.666289692921008
0.6662870457206478
0.6662898806232753
0.6662885892101804
0.6662885988606564
0.666286588383458
0.6662919554022448
0.6662893804384725
0.6662895253966952
0.6662891785209972
0.6662877851225559
0.6662869408595019
0.6662852455938281
0.6662903832044176
0.6662889267441455
0.6662883557206427
0.6662882820266309
0.6662923098173361
0.6662896173669375
0.6662874079760392
0.666287317931633
0.666288400460076
0.6662832607335276
0.6662908112997212
0.6662890569411544
0.6662865469522723
0.6662895449687415
0.6662900801080691
0.6662902061621852
0.6662874167959765
