0.6590795952436093
0.6590937146634475
0.6589708409878944
0.6590125366854518
0.6590725568898834
0.6590619235616646
0.6591885780652733
0.6590798623309305
0.6589917837264723
0.6591948762072255
0.6591439143057836
0.6591363023033342
0.6591575069172564
0.6591004555724891
0.6591501575925953
0.6591712244561794
0.6592024664399811
0.6590631413293693
0.6590474313125847
0.6590519742777748
0.6591087213349551
0.6590554531667074
0.6590684007891934
0.6591114863757478
0.6590821705471857
0.659180181041203
0.6591625214208445
0.6590794032646483
0.6592112956317578
0.6589217626239595
0.6591344751537331
0.658892271318317
0.6589981681964705
0.6591013859322857
0.659032177017317
0.6590209605603938
0.6590316481515521
0.6590227706240466
0.6590721331291644
0.6590805572795138
0.659108456973942
0.6590251922983219
0.6591583096651531
0.6590091089375539
0.6591313341429005
0.6590830662214197
0.6591124702137057
0.6590944318280985
0.6592491315504481
0.659158606550454
0.6591277391742902
0.659186901520032
0.6590531115615699
0.6591261877225937
0.6590954981900228
0.6591394803206109
0.6589915889455434
0.659079948635953
0.6591089390470584
0.6589717041349932
0.6589684317638427
0.6590081412159784
0.6589914984140918
0.6590689734809578
0.6590063287916892
0.6590519868476277
0.6590201917343547
0.6591459983294659
0.6591627745797632
0.6590566412855813
0.6590353344121769
0.6592193873060416
0.6590923647472672
0.659217588767175
0.6590427613546784
0.6590307196053075
0.6590177703334076
0.6591694172945766
0.6590670731558298
0.6589906340660616
0.6591038601297007
0.6590345238114867
0.6591324718901056
0.659138854439253
0.6592823984516698
0.6592087407176906
0.6589672894896337
0.6591332436796784
0.6592120477118855
0.6590178076662466
0.6591458152949792
0.6591047360022906
0.6590214656088742
0.6590046768738039
0.65904677311476
0.6589419450686456
0.6591378756617524
0.6591377912130887
0.6590400576438338
0.6590977372852702
0.6591224407834569
0.6590569147156025
0.6591454338375782
0.659001540453674
0.6591100604973723
0.659179190751193
0.6590321766802816
0.6591857855249303
0.6591699812568617
0.6590467909526065
0.6590737891591396
0.6590726934005943
0.6591198426452566
0.6590727635336574
0.6591879756322281
0.6591132981092928
0.6591242022748074
0.659054125377313
0.6590904752079645
0.6590043429956169
0.6591670847230868
0.6589957231136085
0.6591815828558151
0.6590238292880808
0.6590493100650603
0.6591053755009485
0.659090547562357
0.659084444931863
0.6591676981615557
0.6590465824691745
0.6590334004256376
0.659077627275054
0.6590125404838618
0.6590043908845622
0.6590672510267616
0.6590205165203795
0.6591166640179829
0.6589916313623474
0.6591243222530804
0.659166091000861
0.6590499146350206
0.6590942737198644
0.6590622914444877
0.6591188895831881
0.6591512484692221
0.6590446241252481
0.6591298845513863
0.659013060893771
0.6591608203202479
0.6591705499018117
0.6591491848478281
0.6589219717590868
0.659038862375123
0.6590083533282828
0.6591082506164261
0.6592429797838072
0.6590886256090743
0.6591913663835175
0.6590508139427182
0.6592383806515505
0.65908469458702
0.6591521397234987
0.659221753830052
0.6591195790315718
0.6591967165893471
0.6591148339875297
0.659176692886552
0.6590516141666576
0.6590463275700159
0.6590141611420008
0.6590221696090743
0.6589103556306547
0.6591568213187731
0.6590436917377381
0.659058648439363
0.6591189369100716
0.6590563391921669
0.6592268339067487
0.6590880230200422
0.6592970558346002
0.6590656357918114
0.6590420154590954
0.6591490737173611
0.6590002963579394
0.6590763538287486
0.659012525699088
0.65916207396931
0.6591529174411146
0.6590240027399735
0.6589959399153897
0.6591602497034766
0.6590474255570409
0.6591092677292587
0.6589773081921386
0.6591156945391734
0.6590623376932614
0.65917381563335
0.6591501348794456
0.6591036230612274
0.6590848692345788
0.6590928943601336
0.6590765068506858
0.6589759963168077
0.6591569519802277
0.6590047530742313
0.6591886995598124
0.6590770076240544
0.6591756965110543
0.6592200733744393
0.6591598644580021
0.6590380480991879
0.6591276439858703
0.6590772537786492
0.6590678276009934
0.6591999599512147
0.6591470948620337
0.6590669930295603
0.6590973984677528
0.6590489366300143
0.6590466839409388
0.6590784842003768
0.6591152409970611
0.6590245914951186
0.6590744188870189
0.6591437670034181
0.6591048815284226
0.6590882816272498
0.6590118078367009
0.6590774167198274
0.6591234919956124
0.6591589441041572
0.6590283451106652
0.6592675638180548
0.6590675366085135
0.6590948344268666
0.6591291242927848
0.6590246082852772
0.6590397762423079
0.6590479013952936
0.6590699117049418
0.6590528120507723
0.6590925127274058
0.6591172081464759
0.6590540032313794
0.659083502056841
0.6591063373506353
0.6591756462347749
0.6591287933233116
0.6589958537788458
0.6592334023476061
0.659081677697493
0.6590625444459747
0.6590694263745368
0.6590291288716658
0.6590874631483935
0.6591522882462666
0.6591538358729025
0.659155653198532
0.6589744832818479
0.6590327970798207
0.6590848337962402
0.6591591775973804
0.6590040075049567
0.659047639068078
0.6591330010957155
0.6590168670962758
0.6591168050577259
0.6591525119405403
0.6590383410892956
0.6591084975607946
0.6590297073960358
0.6591837739788693
0.6591172183092164
0.6590950556518766
0.6590866161217863
0.6589998964743358
0.6590988138929812
0.6591613201732314
0.6590780170776491
0.6590629174544065
0.6589689339128543
0.659121165172435
0.6592141177962692
0.6592178304355426
0.6591640723666583
0.6590629586640522
0.6590016615708207
0.6590039427684774
0.659103414421764
0.6590848542144954
0.659139974746325
0.6589846634073158
0.6590782723759838
0.6590371128022126
0.6591113367283243
0.659163778702424
0.6591991355878184
0.6590664920826691
0.6591269751268876
0.6590126800988563
0.6591552097883064
0.6590599198718061
0.6590204443167826
0.6590999969768682
0.6590732023513557
0.659079600133583
0.659079435596778
0.659230789085062
0.6590683194912896
0.6591224279895614
0.659117467026292
0.6590243486671453
0.6591022676141487
0.6592629929101205
0.6591133346573752
0.6590650453925877
0.6590648570887156
0.6590093544741231
0.6590805685050818
0.6590115276935805
0.6590374266696969
0.6591267255425812
0.6591640465098675
0.6590034103372368
0.6590171708648304
0.6590584385517754
0.6592238630041043
0.6590850263888307
0.6590827823792405
0.6590769854233522
0.6590051938744488
0.6590348692752938
0.6589607297011848
0.6590774511089534
0.6590100441725661
0.6591083554714607
0.6590537258923828
0.6590579106651436
0.6590851494777332
0.658976179906611
0.6590672948521513
0.6590990431017881
0.6589729357802009
0.6591026720959099
0.6591549808525787
0.6591319275463411
0.6590923530983378
0.6590343811689057
0.6590465329514381
0.6591457578740673
0.6591576722069755
0.6589917140688912
0.6591189923055814
0.6592591673287571
0.6590986660566922
0.6590679512035537
0.6590320386649564
0.6590480692244975
0.6590656060658039
0.6590403833261904
0.6591625389484196
0.6590499551742134
0.6590788160532072
0.6590806206328031
0.6592103898844479
0.6590545949439818
0.6590317992476323
0.659021794372167
0.6591052800913224
0.6590010489112632
0.6590466182825243
0.6591076085606314
0.6591482318088667
0.659055298825534
0.6590403322180102
0.6590790904576899
0.65899652720146
0.6590070341980983
0.6590895784952429
0.6590958611992597
0.6590579158413526
0.6591618502330492
0.6590756681540086
0.6590737596664709
0.6591985169683793
0.6591216504177253
0.6592120147501236
0.6590950942128031
0.6590426918269398
0.6590401733195989
0.6591359394875637
0.6590472068278667
0.6591074623935755
0.6591151077725751
0.6591159823668415
0.6590838798300065
0.6591361477210027
0.6590207631004965
0.6590723486104406
0.6590672231577471
0.65909707958212
0.6589496232880641
0.6590928365822842
0.659190030685397
0.6591331093540742
0.6591148883076137
0.6590803658268396
0.6590321406026141
0.6590717296805777
0.6591057061221788
0.6590050755417276
0.6590646677441294
0.6590783661591566
0.6590737759472688
0.6590492018022596
0.6591328624547579
0.6591088873623223
0.6591547391375182
0.659138238049457
0.6590947075339542
0.6590189963350492
0.6589950498818629
0.6592196475625987
0.6591229812317714
0.6590906646200693
0.6590741683454577
0.6590670781002075
0.6591408244332037
0.6591686006402674
0.6591410631014395
0.6591515623176554
0.6590688925152837
0.6590659599573159
0.6590734477270948
0.6590780025286036
0.6590628773834004
0.6590782860957147
0.6590856387301105
0.6590302745667944
0.6590890899627796
0.6592149711160247
0.6590885287111643
0.6590368636912962
0.6591485850879533
0.6590583158177755
0.6590695728760955
0.6589963703212477
0.6591320986315857
0.659128883221036
0.6591955343535139
0.6590797495075349
0.6590016873575528
0.6590597696194076
0.6590489376615452
0.6590915350752643
0.6591663254389624
0.6590228206592124
0.6590535963810153
0.6590849400453086
0.659070283924304
0.6590947886462397
0.6590296972024887
0.6589808627329049
0.6590605492976136
0.659068896161698
0.6590972430702015
0.6591376543612877
0.6590270885339156
0.6589987750499764
0.6591056334755303
0.6589832247276577
0.6590952421217864
0.6590878873405401
0.6591316624387574
0.6591405714990025
0.6591965606816167
0.6589448946265968
0.6591382314987098
0.6591472755664647
0.6590017066184445
0.6590864050537487
0.6591645262602235
0.6591226559128771
0.6590820219990806
0.6590241245153803
0.6590279468755488
0.659051927756066
0.6591423412158433
0.659055199916956
0.6590893137307773
0.6590693178520933
0.6590992214090717
0.6591423001349556
0.6590808878009295
0.6591363487302304
0.659114656827331
0.6589993620652908
0.6591261892341125
0.6592015089565709
0.6590588662425338
0.6591396011074391
0.6590499262898168
0.6591130562743506
0.6591993941924085
0.6591802829849946
0.6591159027779581
0.6590879311140581
0.6590590761310527
0.6591046067680297
0.6590412838240718
0.6590053448796109
0.6591683235105026
0.6590414260074962
0.6590636362174772
0.6590835260964458
0.659067831833041
0.658937794059477
0.659223480219278
0.6591167491987598
0.6591950065268137
0.6591077722918083
0.6590643813647017
0.6590858721800218
0.6591386607673977
0.6591639323390608
0.6590206690698514
0.6591482729226746
0.6591305656963131
0.6591533361559626
0.6590646584970546
0.6591153238192078
0.6590759959457875
0.659022768163059
0.6591589919527397
0.6591205502132554
0.6590213088667727
0.6591005011553
0.6591684136431938
0.65910898325254
0.6590006774054553
0.6591272664496013
0.6591222888167622
0.6590334395915363
0.6590133768303879
0.6589705221537875
0.6590566010973881
0.659129191640325
0.6590865734435172
0.6591082158546868
0.6591787017892868
0.6589717578880078
0.6591070898335806
0.6591069886425659
0.6589908377940259
0.6591450757304423
0.6590606901807643
0.6590314745695129
0.6589931349591096
0.6590626337227876
0.6590245540365764
0.6591027146875187
0.6591156059328895
0.6591800777855646
0.6590357894623866
0.6591496484736373
0.6589681389886493
0.659072382594817
0.6590023666674524
0.6590486322733229
0.6590556205853235
0.6591174777449582
0.6591226353583728
0.6590789862691913
0.659111489356689
0.6591548078011642
0.6590978372554727
0.659147304009861
0.6591346052022251
0.6590909018233926
0.6590623206881712
0.659050539918685
0.6590407235701344
0.6589924396527942
0.6589686009590973
0.659087440981837
0.6591546822096421
0.6590188897371545
0.6591663241728299
0.6591542133681045
0.6591066204442333
0.659101087081533
0.6590727637991882
0.6590886240368488
0.659080929975495
0.6591563500662614
0.6590894988427516
0.6591752563762254
0.6590806118177442
0.6590247101718093
0.6590936808198711
0.6591895499374077
0.6590912369778512
0.6591431755998121
0.6591073908958753
0.6590431103741701
0.6591069535706597
0.6590857166085777
0.6590451237552306
0.6590975154249794
0.659111772672454
0.6591425328091753
0.6590758615769037
0.6589389500184292
0.6591206567897022
0.6591068731675775
0.6591662110313545
0.659090084190912
0.658998437541643
0.6589701194064372
0.6589891034182347
0.6590764070387538
0.6591669852443324
0.6591359018005877
0.6591413176333639
0.659074565993629
0.6590815747515042
0.6590439315640855
0.6590375422183017
0.6591268082889984
0.6591064574295901
0.6590889265590498
0.6591025148543912
0.659059896244963
0.6591217228419988
0.6591230490381998
0.6590018496128236
0.659036036079443
0.6591230854330565
0.6590093428115953
0.6590976381252607
0.6591470197159743
0.6590802498106549
0.6590696181156367
0.6590868021882924
0.6590994039281892
0.6591832776392067
0.6590734945786104
0.6591338666027733
0.6590263773772244
0.6591049061398994
0.6590975469329562
0.658987314528249
0.6591167052982574
0.6591575093220244
0.6590670876814815
0.6590350477766297
0.6590563852485083
0.6591167762534522
0.6591095934882566
0.659076520967165
0.6590266317113711
0.6589931257978371
0.6591487454251197
0.6590334428514162
0.6590266236347833
0.6590401908614616
0.6590178059724487
0.6591024732603885
0.6590755474936267
0.6591277739749226
0.6590835904793574
0.6590602662249765
0.6591387802204685
0.6590800128255376
0.6591543293277834
0.659102442341997
0.6590560136249971
0.659095564844337
0.6590353076108804
0.6591493095075726
0.6591166598705958
0.6590832591468272
0.6590585026624625
0.6591600986815094
0.6590889349246241
0.6590423591756349
0.6590816672805385
0.6591131302049871
0.6590335588565044
0.6591543990053261
0.6590248650001349
0.6591014533637798
0.659179502222838
0.659163945382061
0.6590509487170898
0.6590423250188241
0.6590362581471737
0.6591115217644987
0.6589922619398603
0.659111790100517
0.6590349879302883
0.6589591341453235
0.6590898831313499
0.6590546839051104
0.6590876803365335
0.659098744555572
0.659012736204496
0.6590424754567493
0.6590526133845244
0.6590130986834255
0.6590849916661944
0.6591523215202564
0.6590378734562384
0.6590005123758147
0.6590382975555023
0.6591789676767339
0.6590962636958464
0.6591281759063667
0.6591792871007356
0.6591346565372578
0.6591235130050141
0.6590666203825924
0.6591098359936898
0.6591148896831452
0.6591244578742093
0.659049067940287
0.6590869655182485
0.6590568388232418
0.659148617029151
0.6590328809309267
0.6591182998421773
0.6591790680055866
0.6589797559865203
0.6590419979554253
0.6591976140606125
0.6590198202817729
0.6591170934985904
0.6590353687093664
0.6591507392606906
0.6591622845749452
0.6589775774823797
0.6590686181284436
0.6590907934606662
0.6591462298038044
0.6589202930861217
0.6591005882434764
0.6590127148409031
0.6590234204171186
0.6590668589405629
0.6591054693164424
0.6589958200170046
0.6591529251702375
0.6591563258142027
0.6590611362448338
0.659047168390188
0.6590966008077452
0.6591296977184019
0.6591001605978963
0.659025484886038
0.6590822475127622
0.6591999468879193
0.659094381381505
0.6591183795820398
0.6590660176713283
0.6591141048906629
0.6591189669104158
0.6590470888052427
0.6591669807684883
0.6590621074708466
0.6589923032070845
0.6591062118780487
0.6591391055589237
0.6591489545188627
0.6591578008963308
0.659050371228968
0.6590865791017778
0.6591763524724547
0.659061085590046
0.6590054900345937
0.6591759709299618
0.6591357775479041
0.6590884810893598
0.6591045105860287
0.659080367019188
0.6590247531738216
0.6591872345962477
0.6591012507566536
0.6591459982440399
0.6589948969597778
0.6590874276124826
0.6590781543618522
0.6591299033672486
0.6590930571858375
0.6591145233816829
0.6590538911003373
0.6590987615484811
0.6591542439198022
0.659165751306926
0.6591101999867983
0.6590865285770328
0.6590797429463653
0.659079096955606
0.6591596715361602
0.6590867986636316
0.6591150557611298
0.6589953124301416
0.6591800230330638
0.6590219162975408
0.659131833771671
0.6591226218715078
0.6589608759435148
0.6591303730352307
0.6590744768512525
0.659062157551099
0.6590118069776504
0.6590206503349372
0.6592746768834878
0.6590363579156913
0.6591522293119532
0.6590740959294111
0.6591102435743026
0.6591880571419158
0.6590973608916395
0.6590252260486965
0.6590721367483825
0.6591053261199927
0.6592052840585287
0.6590486309815942
0.6590543376595375
0.659088235628337
0.6591036573815319
0.6590916192221038
0.6591610120814928
0.6591180656244919
0.6590828086152902
0.6591641930095082
0.6590896604922887
0.6590574382971499
0.6590686119141249
0.6590787872018885
0.6590832373436466
0.6590994296160169
0.6591786995541422
0.6590450677483791
0.6591248011940055
0.6590638858272134
0.6591887081660213
0.6591571123903033
0.6590491283072031
0.6590891755315275
0.6589811272633225
0.6590322777606019
0.6590143160385322
0.6591198687023733
0.6591041838744652
0.6590048115272629
0.6591128232649944
0.6591307256044217
0.6590602841935176
0.6589917579992395
0.6591099301573473
0.6591001582503104
0.6591373940456371
0.6590531064710389
0.6590184575599825
0.6591367461525008
0.6590953879715225
0.6590320421266709
0.6590212349870814
0.65907848359877
0.6590112641065153
0.659052337842412
0.659071665596366
0.6590679020794405
0.6590444860157664
0.6590654817267835
0.6590331037851169
0.6589760723388477
0.6590452553968575
0.6591911886205564
0.6590448846599786
0.6591116770730799
0.6590590996002477
0.6591064344364985
0.6590332031273349
0.6590875579135922
0.6590402262392278
0.659123858960778
0.659223531030932
0.6590387080733124
0.6591115973974601
0.6589427377850923
0.6592439701121844
0.659175468112907
0.6590882393622598
0.6590670007355406
0.6591188699631576
0.6591632210840055
0.6589894400131986
0.6590305555304619
0.6590844326101608
0.6590992011649426
0.6591277892542093
0.6590780496673393
0.6589348299479515
0.6589960753256703
0.6590209544691059
0.6590776575518223
0.65911793533201
0.6589514331485646
0.659130968122648
0.6590383653675529
0.6590895499170524
0.65906396234086
0.6590708234897837
0.6591477298577202
0.65897404423532
0.6591426165908005
0.659192603883481
0.659075731321926
0.6591026256436149
0.659231628412779
0.6590837634896094
0.6590279363185407
0.6590061805349035
0.6591086132784213
0.6591303636105643
0.6591482468647681
0.6590504974984814
0.6591602686305907
0.6590541117226084
0.6591381812870608
0.6590969232135578
0.6590440102622284
0.6590719738772943
0.6590302836671217
0.6590339863163388
0.659069744489877
0.658969760923451
0.6590922128873702
0.6590987608861325
0.6589740207975665
0.6590891080609341
0.6591729337472962
0.6590759253389957
0.6591642349485463
0.6591573683905531
0.6591977188164051
0.6591207795651558
0.6590796199046485
0.6590844144069061
0.6591270064344347
0.6591099290324768
0.6590726248255248
0.6589900870411594
0.6591810700360989
0.6592106331489909
0.6591378345450853
0.659114774306954
0.6592455630729326
0.6591442121798016
0.6591704010857675
0.6590842005495553
0.6590799273465491
0.6590540277775262
0.6591404824013528
0.6591204625729521
0.6591563380657998
0.6590771594309166
0.6590583369429412
0.6591132154556505
0.6591777660865705
0.6589543178136794
0.659049212005193
0.6592090778066638
0.6590832152338513
0.6590137091557696
0.6590512626351807
0.6590841208190644
0.6591327620783511
0.659120460619293
0.659044509103448
0.6590572055986023
0.6591405521842639
0.6591252286622333
0.6591326447897703
0.6590989335458066
0.6591224394297336
0.6590879984870082
0.6591422894636307
0.6592302830779566
0.6590712167824299
0.6592101485056528
0.6591181540312172
0.6591278862340306
0.6590006883276165
0.6591304509261919
0.6590875966545999
0.6591530059111186
0.6591179747094487
0.6590448991436713
0.659154090359499
0.6590427090498381
0.6591367674486189
0.6590697503618583
0.6591083215280138
0.659088734286652
0.6590987888036556
0.659122172440403
0.6591219563553458
0.6589800075372089
0.6590737876386924
0.6591731037901656
0.6591098924424363
0.6592229308257549
0.6591344811801446
0.6592051963654505
0.6590601403811662
0.6591241530209238
0.6590509347939463
0.6590642847883785
0.658918612143674
0.6590513839159886
0.6591107953083872
0.6591115606105877
0.6590244598262402
0.6590678480812071
0.6591812817211142
0.6589975261941823
0.659126659213072
0.6590399844327623
0.6590788522569502
0.6589718213402169
0.6590140685608049
0.6590665784368936
0.6591478260256577
0.6591108111047526
0.6590744011632722
0.6590861564472263
0.6590643685346272
0.659072621607571
0.6591328474757593
0.659119831125294
0.6590684894346263
0.6592109695159856
0.6591115570792865
0.6591202328866396
0.659108164089526
0.6590565960287957
0.659154169505032
0.6590733506690749
0.6590782718926123
0.6590965449784882
0.6590433340530778
0.6591951870631922
0.6590622552563544
0.6591286304151052
0.6591538524810681
0.6590837297838343
0.6590783718952015
0.6592461702189306
0.6590416453974608
0.6590861000439587
0.6591081827319653
0.6590609217454033
0.6591990453636793
0.6591062143471167
0.6590776502254057
0.6591429698405857
0.6591580706241009
0.6590414099968387
0.6590792316103007
0.6591512097347509
0.6591615765581096
0.6591520944754027
0.6591081706601066
0.6590732654002458
0.6590718805242461
0.6590709224376322
0.6590624865425628
0.6590582745897153
0.6590722559500741
0.6590090725092783
0.6591668586950168
0.6590658278255107
0.6590492369556477
0.6589807147159561
0.6591164152093625
0.6592084900439165
0.6590607872360491
0.6590613035138597
0.6592669184945368
0.6591586076040499
0.6590547897641971
0.6591361846568502
0.6590219314094484
0.6591362725716103
0.6592080979744304
0.6590838884060203
0.6590496845121996
0.6592121460619986
0.6590436573391404
0.6590614275078556
0.6591161788860683
0.6590581868158667
0.6591413561472554
0.6591550594301568
0.6591528069551227
0.6591254161157512
0.6592110651996046
0.6591131311999814
0.6591507453719643
0.6590673059051059
0.6591196279221526
0.6591346159078773
0.659006477950904
0.6591294137908306
0.6591130472349204
0.6588880122592721
0.6589709851092251
0.6590817263762019
0.6589565740752272
0.6590960703764266
0.6590989553930954
0.6591431520486695
0.6591256983303393
0.659160741426926
0.6590851746257465
0.6591389737748578
0.6591463817190115
0.658964094106115
0.6590423315221119
0.6591677441422998
0.6591131164565409
0.659031804224191
0.6591385108923982
0.65913230153599
0.6591508861756119
0.6591106851555485
0.6591293757156472
0.6591210219114723
0.6589157690494511
0.6591584018457367
0.659115414871559
0.6590570385159293
0.6590920802732736
0.6590459998523057
0.6591350233749077
0.6590429982219095
0.6590479792210642
0.6590899209926568
0.6590297304225441
0.6591104922951962
0.6589828321902277
0.6592339671724874
0.6590985822977885
0.6590256203703712
0.6592270947678645
0.6590806702040924
0.6591616737340451
0.6591214729835013
0.659093641128527
0.659165173168592
0.6591946814243375
0.6591238671650195
0.6591143267657562
0.659147228689849
0.6590063252370049
0.6591494327329058
0.659089805057455
0.6589998132194931
0.6590781019883156
0.6592151761809482
0.6590955266748937
0.6590465472984828
0.6591987377604815
0.6590451939960607
0.6589727134008072
0.6590740493223857
0.6590969400619104
0.6590013527806844
0.6591051214998993
0.6590731375296609
0.6591027407167871
0.6591427486182262
0.6591985603240872
0.659089044590722
0.6591318796495238
0.6590801923401968
0.659062877904141
0.6590514066322395
0.6590653473041773
0.6590613419487397
0.6591890339315007
0.6590634095989513
0.6591460749864684
0.6589377751709034
0.6591116866087089
0.6591324596388934
0.6589737763520046
0.659063076345329
0.6591856216760561
0.6590757205569695
0.6590645467454834
0.6589809208838553
0.6590472157700004
0.6589916417541666
0.659087084061643
0.6590883521439184
0.659003238676337
0.6590779203828732
0.659086590123236
0.6590572504277041
0.6591200857813075
0.6590316078358689
0.6590635475282824
0.6590449405973379
0.6590545257809746
0.6592112906136922
0.6591236125228752
0.6590984541696632
0.6590280027200334
0.65895920340582
0.6590361264351219
0.659142512820202
0.659047785540968
0.6590545192475886
0.6590844647131531
0.6591253124914305
0.6590943251507339
0.6590836785833413
0.6591118912742806
0.6590690891580857
0.659111658152232
0.6590658018145426
0.6591218675502231
0.6591256522545206
0.6590070349092025
0.6590516722486837
0.6591043743449085
0.6589805196604529
0.6590513744853829
0.6590847075622053
0.6590889047921695
0.6591436989541634
0.6590787046157794
0.6591331544963305
0.6592386543053063
0.6591387712091543
0.6589626194268519
0.6591319099592108
0.6591498366501609
0.6590476722321382
0.6590645969779908
0.6591291394243263
0.6590668527697591
0.6590622534795574
0.6591110260703272
0.6590856535383743
0.6590523719165474
0.659076386064582
0.6590731026321641
0.6591297161264494
0.6590833695796383
0.6590617175486573
0.6591467219483398
0.6590946719382416
0.6590758640281836
0.6589686321118104
0.6591094152638772
0.6590545595214508
0.6590620182257274
0.659073470031286
0.6590408201822653
0.6591110982840037
0.6590302346357613
0.6590574777888948
0.659045977272917
0.6590014186259099
0.6590210907444788
0.6589754623865314
0.659143567443416
0.6592365005983537
0.6590796075167482
0.6590791280892451
0.6590897372497863
0.6592065468814283
0.6591504872196989
0.6590884634530706
0.659110503632051
0.659046056280524
0.6591322137350335
0.659041493139455
0.6590052422043928
0.6590325734527762
0.6590452848162834
0.6591838624092421
0.6592194376877533
0.6591337721900995
0.6590986495144382
0.6590332365886258
0.6590982830559169
0.6590892358628192
0.6591854025859096
0.6589822232702711
0.6591431560347042
0.658956133325358
0.65911097778469
0.6590999111598347
0.6589862117405009
0.6591332193199748
0.6590427546745352
0.6590709835553485
0.6590898789835944
0.6590256938154658
0.6592352159922872
0.6590436933182082
0.6590851272856193
0.6590943494586641
0.6590427146334181
0.6590999412318649
0.6590074003304032
0.6589959077629493
0.6590387767787902
0.659046771677378
0.6590796956301403
0.6591227811606577
0.6590676582504855
0.6591138579761386
0.6592186167935421
0.6591104816401794
0.6589568088165324
0.6590119502524271
0.6590067977128177
0.6591649697038262
0.6589531692965023
0.6590425512336644
0.6589770231447096
0.6590437276117243
0.6590144814748475
0.6591098216005988
0.6591973723380543
0.6591110523014431
0.6590923275444899
0.65907681662436
0.659137155440701
0.6591477551356888
0.6591908903871155
0.6591598679140386
0.6590533134363027
0.6591117463249
0.6591055933164939
0.6590676759990078
0.6591319255440338
0.6591126313335172
0.6591961170809244
0.6591295940136769
0.6590165321635597
0.6591192817795474
0.6591002844850432
0.6589963648469865
0.6590652790562872
0.6589961004343825
0.6590999724053781
0.6590208233434373
0.6590285361638565
0.6590430598900794
0.659005146279607
0.6590627504729222
0.6591509844850922
0.6592577304712729
0.6590288487754256
0.6590625136119557
0.6591214436617675
0.6591220297025167
0.65909513767033
0.6590303743992515
0.6591174641028521
0.6590574628844128
0.6591470463311271
0.6591516905760989
0.6591371657111671
0.6591162339731059
0.659086079834424
0.6590803777244154
0.6591572756929827
0.6590378102912686
0.6590288895194014
0.6591697471895885
0.6591295677342071
0.6590803445699287
0.6591407741543565
0.6591354160066205
0.6591104946806027
0.6589892195726113
0.6592154943270899
0.6592205688462198
0.6590844342640674
0.6590281505439131
0.6590438562937716
0.6590650477085879
0.6591059886305779
0.6591092761885837
0.659128710915568
0.6591922536724736
0.6590489915183434
0.6590704478812821
0.6591128424270493
0.6589692089821733
0.6591800323247453
0.6591780025046745
0.6590668136273856
0.6589840473653673
0.6590231954877097
0.6590442184259415
0.6591188941726625
0.6589224032702289
0.6591919592139679
0.6590974901557617
0.6590116454546258
0.659040625793907
0.6590420565408719
0.6590270126867737
0.6590825053545808
0.659190957407346
0.6590576338168708
0.6590650623571681
0.6591258966445224
0.6591475445774259
0.6589627771902411
0.6591103250746689
0.6589881611795052
0.6590860787638511
0.6590047199900348
0.6589868911607947
0.6591078440691877
0.6590908360607906
0.6591642684403692
0.659170553267962
0.659142661665481
0.6591130526564446
0.6590966556953821
0.659055159040313
0.6590540042855286
0.6588837985405269
0.6591173862582689
0.6591324323506542
0.6591351821865553
0.658980290942009
0.6591056417773948
0.6590997112624452
0.6591057318732663
0.6590225600591095
0.6591234297003745
0.6592003194990693
0.6590891923970301
0.6591939314236321
0.6590307180176009
0.659133123452359
0.6590446212349053
0.6590775633639568
0.6592238117835992
0.6590844997535716
0.658991900077623
0.6590422586642934
0.6590519048901157
0.659162953081631
0.6590288440638753
0.6591357554026308
0.6591044526898959
0.6590834227692719
0.6590330183480169
0.6590781106221083
0.6591784330569539
0.6590798200470047
0.6590827754383606
0.6590987434527438
0.6590792815507482
0.6590449048568001
0.6591204903350046
0.6590401639449615
0.6590621337932593
0.6590638734380474
0.6590381860923442
0.6590094670549141
0.6590311829987345
0.6590939533490023
0.6590202249427772
0.659196303261111
0.6590059035502334
0.6590883368105677
0.6589799646094413
0.6590795508289152
0.6590914578858329
0.6591483197944465
0.6592562939005618
0.6590448820554206
0.6591090649184368
0.6590529552845199
0.6591270090683036
