0.6455552098346888
0.6453961308931451
0.6454352518652515
0.6454859435434854
0.6455288337278957
0.6452822332580452
0.645484674644926
0.6455312573310766
0.6455566764160053
0.6454978882981661
0.645495044651142
0.6458185252492248
0.6456870578278147
0.6454072182070643
0.645602525058918
0.6455370390540143
0.6454908067955013
0.6455998439546917
0.645515403240214
0.6456531393292048
0.6456562305890517
0.645362592973791
0.6453903972201411
0.6456224705029386
0.6453424099461632
0.6453764445005592
0.6454735401507734
0.645565789886631
0.6456219398837364
0.6452953879527894
0.6453012744503341
0.6456502496789052
0.6453796120874598
0.6456649151366678
0.645517305953877
0.6455101394892099
0.6456380782573026
0.6455231347632302
0.6456049162703856
0.6456146375281026
0.6454224624349997
0.6454600818144909
0.6456014108991233
0.6452169849908815
0.6454778830261325
0.6456818311198587
0.6455904410179999
0.645287901312287
0.6456624793267774
0.6456287909722309
0.6453592997338787
0.6457181127626613
0.6454437665601632
0.6456123459658836
0.6452166986751675
0.6456061624728684
0.6454065464411171
0.64553325364041
0.6454866389137607
0.6453946614866879
0.6457292925950269
0.6455379901242868
0.6454777966239755
0.6457786533486416
0.6455365714289795
0.6455150246836778
0.6457032474086755
0.645420611801703
0.6453894256615793
0.645200604035453
0.645714416294137
0.6453071667244443
0.6455425962720244
0.6455571355240938
0.6454567876101251
0.6455560225095605
0.6453032431439195
0.6455995643448875
0.6457648979933186
0.6453538960909461
0.645473718927806
0.6455269123470956
0.6452605997550072
0.6455129267986264
0.6454132339308977
0.645487607663963
0.6453910179942531
0.6455066442780886
0.6453527342854937
0.6456964212691992
0.6456488539047238
0.6456695401116068
0.645606968522166
0.6455372592130397
0.6453929627931758
0.645461014190587
0.6454285623861257
0.6457504589582178
0.6454155640772996
0.6452846288391477
0.6453791394637676
0.64562172489584
0.6455751550123838
0.6453965143470664
0.6456067584268385
0.6454463813291067
0.6455926204599758
0.6455928130478008
0.6456546747641232
0.6453239637236978
0.6456786247408532
0.6455468479664019
0.6456417972833728
0.645508679112085
0.6452254653295322
0.6454144431344367
0.6454790288529845
0.645637604554512
0.6454867655955425
0.6452782752604396
0.6456470625297726
0.6455501870731438
0.6455719477920243
0.6454284377098445
0.6456337387952912
0.6454911116230336
0.645635275119264
0.6456779831118444
0.6456523468651296
0.6456560995120157
0.6454469673292983
0.6456474993384476
0.6453600819778137
0.6457203280202211
0.6456429292470107
0.6453627562414783
0.6455807867562999
0.6457530431806987
0.6456521785948806
0.645524589206348
0.6455192569930265
0.6452888802204121
0.6455913708791946
0.6456907259493784
0.6451497448129057
0.6455926598661216
0.6456017661422053
0.6455775370832092
0.6453483911282928
0.645315003214032
0.6454360127456154
0.6456617665978515
0.6455607772831204
0.6455931353791877
0.6454051782041649
0.6454534840296561
0.6455139123441049
0.645249469681816
0.6455831792380002
0.6455629869504722
0.6454270504465922
0.6454027490231611
0.6455218600732637
0.6452910925492104
0.6454945278483173
0.645432169458303
0.6455958615328867
0.6454607848887381
0.6453665644163212
0.6455148743218677
0.645269186255965
0.6454116204319951
0.6454006181758671
0.6456805765170104
0.645158276528611
0.6451460824268223
0.6455891129796587
0.6455844756157257
0.645600587884576
0.6454241146120937
0.6455151301296216
0.645416456740924
0.6457061160272234
0.6454270309866033
0.6458411367429412
0.6456068443050296
0.645593914949377
0.6455180673783141
0.645337651196314
0.6454270510640618
0.6455861148124844
0.6453278424115678
0.6453740331511895
0.6456960512827978
0.6454735680329544
0.6455714257601821
0.6454954221418556
0.6456622013135588
0.6453702124128438
0.6453592268605074
0.6453680855396473
0.6456861878892887
0.6453795894743146
0.6454058504089022
0.6452313257997088
0.6457202150886254
0.6456492870381265
0.6455279287357261
0.6456105325893532
0.6455431550867214
0.6454775249078369
0.6455314733489443
0.6454556621097851
0.6456012454870043
0.6454211058585462
0.6455326270406877
0.645702230811843
0.6453545093632325
0.6455514910404523
0.6456469174569648
0.645450513610272
0.6456164471754896
0.6455188801216198
0.6457296443256509
0.645383837041072
0.645421371706614
0.6455106411964133
0.6455517341647325
0.6455645824556766
0.6454318204251712
0.6453714317716004
0.6457160661748462
0.6455865200943403
0.645856907142489
0.6454767011673275
0.645510703697482
0.6453595473827222
0.6453851888037405
0.6454730786837675
0.6455973672445416
0.645619478676543
0.6454409887494501
0.6454583927578931
0.6455084064440386
0.6454415213930487
0.6455574107259044
0.6455271104076226
0.6455465612320264
0.6456300052120012
0.6455224777328241
0.6455879909765653
0.6455090329256059
0.6454020785012025
0.6452129315289133
0.6454352845579185
0.6455157655602839
0.6454957966284242
0.6453691477749521
0.6453070171535009
0.6453944497286255
0.6455236366576428
0.6453678959859233
0.6454438130691417
0.6453541038189187
0.6458232557876252
0.6453406042175264
0.6454740876959015
0.6453734532664637
0.6456983499630701
0.6454645189298329
0.6454356362681808
0.6456998901856228
0.6454558095200238
0.6455023268332791
0.6455305452662266
0.6456083083127089
0.6453401998221766
0.6456502899887726
0.645511887062405
0.6456140940850397
0.645359103364106
0.6453701202901674
0.6454351191864949
0.6454836184103612
0.6454490306525986
0.6454956170180812
0.6453728183943389
0.6454962279450951
0.6453964794189783
0.6454642542420762
0.645725863757615
0.6453438638018688
0.6451457597782414
0.6455771346420589
0.6455831305651533
0.6458471469007802
0.6455335470463152
0.6456762484626584
0.6453686240576093
0.6455451009484605
0.6456852398077273
0.6452495793821118
0.6453894452883732
0.6453719835438145
0.6453713009811974
0.645428648600668
0.6454368835122817
0.6455436541042316
0.6453755767051165
0.6455517427696051
0.645385788641228
0.645418215639517
0.6454960273213235
0.6454709260771796
0.6455924583503563
0.6455406665676016
0.6453310393782856
0.6454007456100304
0.6453223696920516
0.6455033105983015
0.6455031919331079
0.6458313846638448
0.6454579056060836
0.6454312919835996
0.645741707011912
0.6455850451638336
0.6452229505617686
0.645434324498378
0.6456090520519431
0.6453176075762284
0.6452650185343234
0.645658341790647
0.6457034181823635
0.6458343737065217
0.6454858010624164
0.645523894837554
0.645613503695238
0.6457031321927167
0.6456573375191261
0.6454998529820903
0.645426020960215
0.6455473180296593
0.6457023417651876
0.6451878140674876
0.6457200058787855
0.6455224456332278
0.6456112835580365
0.6454326723289134
0.6454500039609031
0.6452248739326567
0.6455258910184722
0.6454885047926919
0.6453585908833039
0.6456770723466847
0.6456110008983205
0.6453748667749591
0.6456374889594978
0.645509326511098
0.6454487446592903
0.6452488940572819
0.6453571430156899
0.6457417697068109
0.6456799783700005
0.6457548704689069
0.6456421667614227
0.6453901659323009
0.6456358888060512
0.6454979491486806
0.6456431509871485
0.6457422146495158
0.6455524957647586
0.6457511374632726
0.6452436266856804
0.6457016066445118
0.6454083865492323
0.645480100176171
0.6455655398180963
0.6456539935706643
0.6454325735001752
0.6453340013696938
0.6454035144586864
0.6457575730632845
0.6458624944871652
0.6456467841966875
0.6456867643184878
0.6453570482765134
0.645338585288219
0.6455314806108703
0.6454682130250486
0.6455293454504496
0.645394778707374
0.6455985069862038
0.6453165942102715
0.6455432658274762
0.6454326386454823
0.6455086686543307
0.6454161646795661
0.6454897473231935
0.6453283591236094
0.6454301326422096
0.6453920015338719
0.6455881215509682
0.6453542983346725
0.6456583447205863
0.6453822721072494
0.6454136697146989
0.6453828427679625
0.6455513963168032
0.6452564076531245
0.6456345653725782
0.6456019320016797
0.6455247897195419
0.6456196591800272
0.6455068228952655
0.6454010562972148
0.6456665816055048
0.6454391097577412
0.645839404327112
0.6455032762997941
0.6455815717406462
0.6454495969924504
0.6457257819097671
0.645401738585075
0.6454509576196105
0.6454130039639995
0.6455767197643204
0.6457047706336553
0.6453660381875892
0.6454918872421007
0.645611761977353
0.6455536360564482
0.6454811480497709
0.645654669203795
0.6452670519886248
0.6453460963240277
0.645587403400182
0.6454232238978878
0.6454437755333671
0.6454259916440324
0.6454301703104315
0.6455616018209511
0.6455079135060465
0.6454573555359419
0.6456541263838237
0.6453119215904075
0.6454420163447668
0.6455861472041848
0.6452813426132645
0.6455159677413813
0.6457240445460125
0.6457449497709536
0.6456916483753822
0.6454191799194345
0.6456566036108125
0.6456051724592367
0.6456474436508213
0.645533730234651
0.6454216007419394
0.6454247573307548
0.6456144674735937
0.6454551880476103
0.6453918170177717
0.6455457542920775
0.6454638075159709
0.6455110571912024
0.6456263920210071
0.6453882950926672
0.6456814634820317
0.6455506781573319
0.6456619728954995
0.6457128517311871
0.6453957953421202
0.6456018692047346
0.6452918791023742
0.6454623496531344
0.6455029327147598
0.6453429597382652
0.6453767184563654
0.6453453391750886
0.6456517098259704
0.6454706589060454
0.6453340127849874
0.6454979359510012
0.6455827474075423
0.6455244104900577
0.645491435791077
0.6455421180024805
0.6454413411090699
0.6458521342616551
0.6455606507239127
0.6453790216241344
0.6457598876675763
0.6455195780326385
0.6455704966865398
0.6458266331023818
0.6454674269122564
0.6456922550552766
0.645580640856545
0.6455332215516247
0.6455693613102748
0.6456808629761224
0.6454060382613847
0.6454986849990165
0.6456307297773182
0.6454313685427295
0.6456232980503022
0.6455891568571352
0.6454127323733994
0.6457196432863951
0.6454761134425109
0.6455428130460277
0.6454777777555489
0.6457060058913735
0.6452941569798936
0.6456331066304832
0.6455145250487501
0.6453027359844732
0.6456243444792065
0.6455719521878964
0.6453893221672171
0.6456198388230455
0.6453472765665952
0.6456217843877167
0.6455855238501671
0.6455716840127621
0.6454716602260714
0.6456395246238908
0.6455745391826493
0.6457854158135907
0.6452544708493796
0.6455691557171044
0.6455244895770734
0.645425000246828
0.6455904728784312
0.645513565069985
0.6452097611033991
0.6454420725636996
0.645243821292976
0.645342642678013
0.6453626452917547
0.6454100347210219
0.6454220920785763
0.6455347389721221
0.6454083481655319
0.6457130766169361
0.6455760463117521
0.6454999223686966
0.6453248876695472
0.645593453175703
0.6451760180534146
0.6455215709331669
0.6453835904151314
0.6452828419180562
0.6453837115641137
0.6453090934396681
0.6456233791641024
0.645411353249705
0.6453449517493073
0.6456762175905404
0.6455985562114852
0.6454187561193817
0.6455028761853412
0.6453507047093509
0.6455992594623953
0.6455384281679435
0.6453840958271153
0.6456755943748436
0.6456982017026878
0.645515459841687
0.6457635684763315
0.645482584961261
0.645508065094061
0.6456436711459719
0.645364761479774
0.6454566414370061
0.6455724001914073
0.6456179237075422
0.6453692434670979
0.6455869741412856
0.6453101594843349
0.6454389851029638
0.6457348418136963
0.6452172152643623
0.6454581118772296
0.6456682071887154
0.6455963712423075
0.6455770887961148
0.6454848066932596
0.6453444660017491
0.6453773879795128
0.6453402205255141
0.6455017322280568
0.6456060456300405
0.6456073893607994
0.6454562009931383
0.6456819560252779
0.6454187887281123
0.6455631106924706
0.6457642789807241
0.6457197981628326
0.645471079359728
0.6455120592292971
0.6456704642364609
0.645629370763876
0.645271714167043
0.6455322452068848
0.6453998027659869
0.6455017797603021
0.6453087558849133
0.6455994842823777
0.6454496877740507
0.645515802756278
0.6459027366320635
0.6455049764294912
0.6456818418200967
0.6454881202714103
0.6451621700349902
0.6454171476254085
0.645236460381351
0.6455952113188108
0.6457089024214051
0.6455965293965279
0.6457256735981726
0.6454643773005263
0.6459971462983547
0.6455213156247334
0.6457631563653339
0.6456065847557768
0.6455515555871408
0.6455293474197693
0.6452600339996897
0.6456867673992257
0.645658522451561
0.6456878814835909
0.6457148118857878
0.6457558002630102
0.6455153237538196
0.6452723526198163
0.6457603658376267
0.6456700492735227
0.6456559771869668
0.6455816349719096
0.6455670316865969
0.6456777086149859
0.6454896046531895
0.6454039860997471
0.6454508167498919
0.6455363629443289
0.6453885916169844
0.6455699718360937
0.6453459819270579
0.6454802103758486
0.6454530718627889
0.6456073515842031
0.6455909373513318
0.6452597252846983
0.6453347605232738
0.6451486732684952
0.6452927676786301
0.6455128824989564
0.6456547807831343
0.6456204300014857
0.6455368759695931
0.6454630190059676
0.6454150988504255
0.6454503387944893
0.6457174476214791
0.6453406111153703
0.6454190418015011
0.6455781773056988
0.6454609988212975
0.6454796866629586
0.6455357543529635
0.6452239032854439
0.6455582766052943
0.6454042043900511
0.6452082270868451
0.6455967103180902
0.6456670509829614
0.6456739564440206
0.6453518718836337
0.6458128796315833
0.645697338022822
0.6454063033571453
0.6458199748813732
0.6454864750214574
0.645458384819862
0.6453421682782041
0.6454630392798189
0.6457719381815267
0.6454793559818792
0.6455905263889485
0.6454796070882394
0.6456838508801697
0.6454445291010072
0.6458518949052205
0.6455879757112872
0.6456021248890234
0.6454756323135438
0.645664608420482
0.645558435386395
0.6453085423080612
0.6453063853688104
0.6453257416999736
0.6454306394839144
0.6453676122734329
0.6454568272601378
0.6455497024332484
0.6455974639381998
0.6456757180958241
0.6455030302251095
0.6452842536234492
0.6453833440335668
0.6454802805862313
0.6454711483437854
0.6457052725847607
0.6457558161683874
0.6453659475657936
0.6453087488273159
0.6454733970744311
0.6453771641224817
0.645537933573484
0.6455274660931067
0.6455885817696785
0.6452995987375822
0.6457719118021881
0.6455837034162424
0.6455147443395706
0.6453508830412844
0.6455912849681922
0.6454335907999358
0.6454810020818227
0.645590116750081
0.645798186509847
0.6455458732365145
0.6455957717552723
0.6456517943378202
0.6453640161751869
0.6453895400964466
0.6452577597830577
0.6455582787729791
0.6456441703845057
0.6455545801272983
0.6455009080248435
0.6455069082741592
0.6457045648849384
0.6454373715540737
0.6455086238989188
0.6454802337216499
0.6455017482806313
0.6455315574591193
0.64555347041511
0.6454171670103453
0.6453785131122737
0.6457026680838114
0.6453518869706879
0.6458139507032452
0.645446571049765
0.6455812040707296
0.6455026095150839
0.6452711486283724
0.6453936139802467
0.6454683227991249
0.6455192918803171
0.6453470311513103
0.6454614189201708
0.6455002618352279
0.6454512392287692
0.6453618656131962
0.6454984497896875
0.6456497330951628
0.6455383445107192
0.6458683939287645
0.6456204878156485
0.6456592771421246
0.6452840932958529
0.6455206417423327
0.6453424077534367
0.645947487451264
0.6454200592870576
0.645544679217569
0.645318794970428
0.6453381122640661
0.6456074328923943
0.6454470880141749
0.6454975246802885
0.6456848312372653
0.6454469841635357
0.6455514652962512
0.6458440272173619
0.6454797653649854
0.6454235854432748
0.6454707776447061
0.6455608719763261
0.6454345919731534
0.6454504614987046
0.645334771706278
0.6454521276734052
0.6454944163475739
0.6456957867733987
0.6458565503895543
0.645365049829929
0.645603736417564
0.6455251421015764
0.6451984170339791
0.6456491653392233
0.645478429142261
0.645579671405837
0.6454591509842048
0.6455496012223798
0.6457839699516809
0.6455607201373748
0.645595828898587
0.645491685106759
0.6456352211554881
0.6452783294937013
0.6457205153277011
0.6455735049168914
0.6455095669715588
0.6456183614127475
0.645622407885462
0.6455513549219247
0.6453228250196509
0.6457891016425806
0.645329128496861
0.6455592554884444
0.6457244797805564
0.645520738003842
0.6454569697963123
0.6456079139967253
0.6457675901376322
0.6454801288857288
0.6455817125111253
0.6456129309132941
0.6454600436969499
0.6455206028134178
0.6454936513156952
0.6453411844045522
0.645301556308742
0.6457802869761758
0.6456557270347069
0.6455781345433218
0.6457005753665386
0.6456022307066921
0.6455652415701597
0.6454556890482086
0.6457877477417769
0.6455721173779609
0.6453596913402498
0.645470999669223
0.6455320540441116
0.6455122098910473
0.6452777368195581
0.6455297612402175
0.6457995750692604
0.6455013785090211
0.6454178733844496
0.6453909466199528
0.6457817518584973
0.6457393488738667
0.6456337057971626
0.6454250006753937
0.6455257351663897
0.6456060649215292
0.6456672758998168
0.6453981940697922
0.64531801504279
0.645334741686334
0.6457733856139478
0.6454411414124838
0.6458151211719119
0.6455618718117017
0.6455188329377446
0.6456670948754067
0.6457212626275011
0.6453727387301469
0.6454045735220202
0.6455184687729357
0.645487394141882
0.6455855035423171
0.6456652322606444
0.6456612685201543
0.6455476623779557
0.6454314613180464
0.6453855764852459
0.6454539358051524
0.6454813825989153
0.6452760538067672
0.6454100888329947
0.6455538527797181
0.6456439468113957
0.6453071026755539
0.645639191897994
0.6454008470561265
0.6456218972080359
0.6455081160193787
0.6453336411296817
0.6455709711314555
0.6455263725096473
0.6456957782692281
0.6454938155051848
0.6455529307804108
0.6456718205671754
0.6455200146561632
0.6456269804224252
0.6454865773682644
0.6451324891693695
0.6456571652799734
0.6459044550900845
0.6454770556818468
0.6455467717217207
0.6454779780915095
0.64537519832627
0.6452681040620147
0.6454835644789235
0.6455189138945429
0.6453239373259758
0.6455462382175621
0.6454810247504148
0.6454385120935747
0.6453875832141769
0.645516372074309
0.6455832685509721
0.6457668575921036
0.6452683066908971
0.64550211888311
0.6452134435050857
0.6454440613238273
0.6454631124051187
0.6454841237176592
0.6455306635984693
0.6454111400834126
0.6453630753199353
0.6456089449331717
0.645513229369314
0.645675269119571
0.6457263138901976
0.6456136957938232
0.6455613001593571
0.6456356133373079
0.6454164203966087
0.6455064166537932
0.6453691183387743
0.6452567415065231
0.6454130420491082
0.6452546786645306
0.6454470335200867
0.645558020145817
0.6456333835914707
0.6455253604149845
0.6453751797212628
0.6456312552545023
0.645764380731877
0.6456131507392477
0.6453770465811045
0.6455870105556953
0.6455902214896019
0.645725432996422
0.645556825516306
0.6454567591231575
0.6455417385542083
0.6455619525440397
0.6454830254400747
0.6454640941848275
0.6455378578583875
0.645486864771396
0.6454612803588087
0.6453212976504831
0.6457354532666313
0.645626501560739
0.6454312445826176
0.6454101071577509
0.6455273342330559
0.6453531230383356
0.6453143584116711
0.6454757492065231
0.6453440418056875
0.6456190318950097
0.6453403888516926
0.6455995603550874
0.64548289378873
0.6455099357264859
0.645573882870494
0.6456810318810337
0.6456562075081508
0.6457163227745308
0.6455747378448786
0.6454825948452227
0.6455612113341704
0.645508486382407
0.6453818489054197
0.6453656284689868
0.645409728369202
0.6457787252267453
0.6456003282252327
0.6456843181294719
0.645425543562069
0.6456420321231862
0.6453259156906537
0.645651683856487
0.6456806555475556
0.6458032304715373
0.6453612364700476
0.6455468468227831
0.6453968979937283
0.6455222178026685
0.6454463731429414
0.6455646283294538
0.6456607215078606
0.6454802773374806
0.6453764644058252
0.645439544492945
0.6456297257209394
0.6453847006728103
0.6457045509224943
0.6455487523646215
0.6456414344320658
0.6453166479871719
0.645509703056182
0.6456219610216896
0.6453999495219259
0.6454628805291152
0.6455564304313799
0.6455820105600016
0.6454766917243933
0.6455889934269934
0.6454327199681145
0.645436657141494
0.6456183630438017
0.6453845524297837
0.6454467726441283
0.6456595676804722
0.6455905151697657
0.6452646231329136
0.6452704809136598
0.6455958360638588
0.6455544999918874
0.6454285143381748
0.645596871386017
0.645234816202316
0.645442486540774
0.6456220108059572
0.6454251802885618
0.645542139461518
0.6455477957862888
0.645423560876121
0.6455225951986223
0.645708235522252
0.6454081068232858
0.645627141046657
0.6456424555932359
0.6453912463596407
0.6456529360565363
0.6455516971408475
0.6454487535318127
0.6455311845013321
0.6454390698806234
0.6454561019009971
0.6455917957524433
0.6454517258022356
0.6458063336415065
0.6456397936333101
0.6454097957513101
0.6455085375790213
0.6455865149632583
0.6456157132725541
0.6452549747733154
0.645431969448377
0.6456816130043922
0.6455646953731771
0.6454284440480456
0.6455681880455724
0.6454440602690115
0.6454381173933946
0.6455846571798849
0.6455356655058695
0.6460017752332803
0.6452579114010639
0.6452081871882664
0.6455266996679718
0.6454538105845917
0.645527167768303
0.6454283088229413
0.6455697988764146
0.6454568246986847
0.6455386667245984
0.6459432010620527
0.6455674401344879
0.6453699182197248
0.6455235076018303
0.6453898879060687
0.645278010192693
0.6456482517055123
0.6454592285096611
0.6454541814676649
0.6453042743741026
0.6454386528182554
0.6455277706371358
0.645723309104314
0.6454894174684577
0.6457082651853345
0.6453634479034698
0.6454361028365074
0.6453651231391919
0.6453461908754967
0.6452520365444959
0.6453453876541686
0.6457084780896014
0.6456229797337931
0.6453639805354401
0.6455148124891943
0.6456601520044215
0.6456119117157098
0.6455505124988453
0.645570454019835
0.6453179537363916
0.6453541479259058
0.645811408230462
0.6455487310874408
0.6455611359899358
0.6454584207500917
0.645284990229124
0.6456989908734676
0.645523453835139
0.6454191841579626
0.6454948403145726
0.6455310188251406
0.645337992388185
0.6454605305658705
0.645872975740514
0.6456019652379457
0.6456535301992896
0.6456424647520965
0.645518883500796
0.6453682904991123
0.6453916700089173
0.6452482071953309
0.6454697259590447
0.6456396060687275
0.6453897778359163
0.6456134809481048
0.6458963100529695
0.6454764592521837
0.6455994997560652
0.6457301132982274
0.6454240266432548
0.6453024516272503
0.6453746645694229
0.645686797319762
0.6456755813290405
0.6456526264102831
0.6455530372981807
0.6456324296522498
0.6455041409185849
0.6456509905132393
0.645550558640034
0.6454163453907046
0.6450713959665683
0.6457864945114884
0.645620234112504
0.6454158710831103
0.6452813209892188
0.6454704810551722
0.6456744426610395
0.6455490353547837
0.6455978335682422
0.645285897104539
0.6454103820189854
0.6456782642402332
0.6454224388958882
0.6455700203869281
0.6456174048921264
0.6456365815959716
0.645316639452077
0.6455769451096982
0.645458510063504
0.6456125703262456
0.6451818340964216
0.6453755206983133
0.6452812740932448
0.6455418299264906
0.6452665558218199
0.6453198934761959
0.6456009211197302
0.6454169546819828
0.6455752775879626
0.6456997476121507
0.6455645901175269
0.645450577455554
0.6454007972737994
0.6452581069123324
0.6454647222851159
0.6453644566804394
0.6455284722466128
0.6455463681496225
0.6451582691932587
0.6454159723258075
0.6452806385829202
0.645448778013215
0.6452100080504521
0.6453717641756251
0.64550957290164
0.6456873360391883
0.6456663730304614
0.645318370980384
0.64567008192741
0.6454996972914356
0.6454653900109346
0.645521192801958
0.6455175431422443
0.6456616367609866
0.6457075187326273
0.6456206436727515
0.6454800759892776
0.6455198491859807
0.6457620678045588
0.6455640399779048
0.6453282274288006
0.6455080811339006
0.6455550715661003
0.6457299762567486
0.6456637069096883
0.645553946756174
0.6455356203179692
0.6455211541205774
0.6452568459071414
0.6454666615479305
0.6454931732567327
0.6453937451105358
0.6454871292501752
0.645560868369873
0.6455363831839056
0.6454262122666536
0.6453655008164333
0.6452927712736853
0.6455515243703543
0.6450757018238846
0.6456257803455514
0.6453807122322583
0.6456174633155086
0.6454612331179814
0.6454997424419917
0.6454881638427068
0.6455798132076903
0.645422480882762
0.645515943020052
0.6459381382783667
0.6452983486428514
0.6454380835425455
0.6456182656737436
0.6456201180454959
0.6453329389575939
0.6453953308875298
0.6455087793907697
0.6455979661517008
0.6456028241690792
0.6457425304187023
0.6456548078832889
0.6457660095831781
0.6456296260356205
0.6457178535673627
0.6455045691054169
0.6452657836438573
0.6453840273955939
0.6455959261638928
0.6456693978549496
0.6456637370454937
0.645442623494206
0.645479357093111
0.6454756163879639
0.6454205894890452
0.645522322137635
0.6455402580758084
0.6454957844403817
0.6453824783004306
0.645415859352351
0.6453940151485466
0.6455966280548601
0.645439038597008
0.6455897881558703
0.6456049541803454
0.6454314566030216
0.6454951291693021
0.6455297345116026
0.6453036518618787
0.6456026701875703
0.6454677062742813
0.6451502376805114
0.6453996462808391
0.6456014112154207
0.645506491807959
0.6456763921712296
0.6455309250831105
0.6457579787240109
0.6455119025213285
0.6456501020724856
0.6455860461559894
0.6455343060292154
0.6453434732462007
0.6453719817162195
0.6455781157910888
0.6455870728002135
0.6456674511862893
0.6455181672589694
0.6455872367890731
0.6457127011819852
0.6454012310479837
0.6453817873543406
0.6456740978046831
0.6454975096249829
0.6455075534069398
0.6453160572771396
0.6453774459006498
0.6455462243890371
0.6455090754453543
0.6454739334794624
0.6455603364095751
0.6455472561259665
0.645615373115455
0.6456595049216789
0.6456342813843787
0.6455100649030207
0.6454896487865667
0.6456872449824274
0.6455851746771426
0.6455180772459462
0.6455089785169034
0.6455953182043147
0.6457366377078203
0.6454769722697552
0.6456123399459808
0.6456998139664355
0.6455795164201812
0.6456336569892427
0.6456743154275415
0.6456352157081263
0.6455144613257608
0.6452479923964886
0.6455558065701976
0.6456422182245438
0.6454376881246939
0.6457233387415966
0.6456033537493638
0.6457303202483482
0.6456778673445942
0.6456798466069343
0.6455102405438333
0.6454148248998339
0.6453975782902719
0.6452643976467951
0.6455803553712979
0.6454848881911752
0.6455118511727468
0.6457162153866718
0.645550534040582
0.6456233193075264
0.6455275858827179
0.6455042041050318
0.6456179135945741
0.6456983280891203
0.6455286891322595
0.645321592667909
0.6455694284314094
0.6455715094784327
0.645518225762977
0.6452911986824512
0.6453654876261573
0.6455345697599995
0.6454924664952282
0.6457002256995781
0.6455999976042799
0.6454468779008155
0.6454088517183181
0.6458221256426503
0.6452670744011209
0.6454614382853009
0.6455101192088012
0.6453279201297963
0.645560477433773
0.6455425759132446
0.6453266599831096
0.6453504153509702
0.6456532079947107
0.6455924297530045
0.6453102076560053
0.6455193832032247
0.6456067820324277
0.6457186000528644
0.6457446043745717
0.6455952276889289
0.6454685372927249
0.6450354434221237
0.6452957335564337
0.6454489356558807
0.6455903033337318
0.6454305529427321
0.6453786324067314
0.6457286044735209
0.645400344029105
0.6454251893675589
0.6454559821023602
0.6455600491377518
0.6454677532482415
0.6457852093184592
0.6453106817897962
0.6453266360205371
0.6453820211446808
0.6454706483414074
0.6454344676984107
0.645608947247888
0.6456625004307264
0.645719439391774
0.6455101699511846
0.6457041742138192
0.6455175183603201
0.6455158496289204
0.6455937418336162
0.6456399363727338
0.6455998653996111
0.6452659654011791
0.6453019131211304
0.6454595755672805
0.6454759552925473
0.6457842687841294
0.6454566601529186
0.6453634942849755
0.6453317932528584
0.6454731181904705
0.6457175827711931
0.6452511947052565
0.6454557773397521
0.645853390165696
0.6457713059800277
0.6455305546754988
0.6459057829671743
0.6458785891874197
0.6456424872170077
0.6450882371234918
0.6456542871723915
0.6457732219074503
0.6457180298095895
0.645503921746386
0.6454025246814552
0.6453354883698457
0.6454225913690798
0.6452124465197963
0.645370302439759
0.6454569688500083
0.6455687950615605
0.6453722624734162
0.6455922814705635
0.645602095387164
0.6452459556647536
0.6454982205708606
0.6456062573485297
0.645359409658406
0.6454314994125571
0.6457270399581443
0.6456975888178282
0.6453425288708703
0.6454636910577388
0.6452034715398053
0.6453499915873407
0.6454591389066049
0.6452232005489669
0.6456014910214491
0.6455064223729774
0.6453476090378265
0.6455342424159839
0.6455770314545729
0.6454159535269149
0.6454011803723484
0.6457611105745199
0.6454567210716766
0.6453431189773786
0.645485420804439
0.6454184258884564
0.6454247990656957
0.6455109771281844
0.6456754855668918
0.645628268892021
0.6457112011140194
0.6455567457416199
0.6455616123038381
0.6455264335767865
0.6453260926300683
0.6455973231667622
0.6456626728817543
0.6455334062337288
0.6455129047934786
0.6455655560936022
0.6452585759130176
0.6453464981860828
0.6455414751434301
0.645394996267771
0.6452391922122628
0.6454725559326107
0.645659260308163
0.6454390817526108
0.6455082468720198
