0.5784528513380697
0.5788793984468141
0.5789192124914861
0.5792894400316143
0.5787415610973924
0.579144776633389
0.5789303575837703
0.5788295411597456
0.5787927328150277
0.5783181237711778
0.5791671809487868
0.5791839331989463
0.578547369897646
0.5792837465776086
0.5787455234320684
0.5788730164161515
0.5782235622495489
0.5793170823379521
0.5784038513946195
0.5786111518105607
0.5784496472196361
0.5782348857388049
0.5780936933183146
0.5793196488207312
0.5790571162786788
0.5787893256642577
0.5790819367925777
0.578669144099969
0.578058991845368
0.5785056809540516
0.5785497036202003
0.5789701135804826
0.5792555615475952
0.5789086743583103
0.5784897742592683
0.5782690810573917
0.5792761197392652
0.5790795004046616
0.5787041607632072
0.5791446204105584
0.5788657468299871
0.5789463593748286
0.5792222393060626
0.5790865471505392
0.5791762712775688
0.5790645592413972
0.5785168791167482
0.579263761938827
0.5785290099336681
0.5786820323156734
0.5788523165691014
0.5790265228923663
0.5787351489043528
0.5787553823706546
0.5781888962835368
0.5791847023807162
0.5786908698511319
0.5786747588539674
0.5784051713514008
0.5791949239877007
0.5784606248016608
0.5786538316900076
0.578573967789535
0.5783986933526127
0.5788903172223898
0.5786639483170397
0.5784613113142874
0.5780769231951489
0.578922445173788
0.5789849260425096
0.5788153569452635
0.5791020073143893
0.578708248974996
0.5787480781632623
0.5780787116726234
0.5791815643653991
0.5792641352117911
0.5790428897647992
0.5790001106652625
0.578314032050998
0.5787660557199488
0.5788065497079882
0.57925871893892
0.5784667682982633
0.5784628415167112
0.578892601785239
0.5791787001473403
0.5787520815859019
0.5785150289958945
0.5788267048991547
0.5783245242290652
0.5784723358290037
0.5791777139211464
0.5792016427556201
0.5785426819704504
0.5784978968595719
0.5788078418559803
0.5781627454081883
0.5786430122260734
0.5787181377479211
0.5794606736294425
0.578782983061024
0.5784610036432278
0.5783599802208064
0.579070230179505
0.5788038074463087
0.5791539262544
0.5786265513188048
0.5784950983776496
0.5784924386547039
0.5781959106509769
0.5791015592034252
0.5788771462458929
0.5788042887354499
0.5790346424893661
0.5790369416154753
0.5788892810906702
0.5785856229399706
0.5788540353503674
0.5787173883139582
0.57910130220888
0.5788163962454638
0.578205133515735
0.5786418018279719
0.5790135108971064
0.5788484592260172
0.578472207319267
0.5789315259926437
0.5789617427830658
0.5785093835025465
0.5786198495030686
0.5784498473149926
0.5791668920208071
0.5786017706125692
0.5786046125128353
0.578781398417102
0.5786875741538506
0.5795829851673899
0.579108699118348
0.5787823835063264
0.5785565214943802
0.5788116305354462
0.5784026906817943
0.5790432444772435
0.5790810959897161
0.5788655101178743
0.5787321244153807
0.5789835825449353
0.5784570801768953
0.5782621679873392
0.5784479158786879
0.5792579331585149
0.5792522100984815
0.5787815272640005
0.5790111447934748
0.5787050340595894
0.5794775936021821
0.5791011222252207
0.5781380790597059
0.5786757908596482
0.5783422903938203
0.5787602139569161
0.5788228455050328
0.578877716372767
0.5791417832082802
0.5789010731867321
0.5789648216432584
0.5791405803480554
0.578775425624629
0.5788157691237283
0.5782584888260558
0.5785819761677705
0.5789741097339917
0.5786281181132178
0.5786560935640063
0.5788289428315859
0.5790212832895708
0.578998952683817
0.5790253228609379
0.5786089928595808
0.5789838797128487
0.5786640613138095
0.5781859011213861
0.5790989800881926
0.5789928305208258
0.5784220848406603
0.5790722176515491
0.5787951761531892
0.5787572083904224
0.5789723249408074
0.5784003555985446
0.5787396972047767
0.578535871648004
0.578806390084714
0.5788524549282646
0.5789040739550146
0.578097498949305
0.5782511142828861
0.5783206289087719
0.57893296737685
0.5791189384009533
0.5785279830839547
0.5782193304511648
0.5789556555932711
0.5782925919263207
0.5781284331250952
0.5788664910430028
0.5785756336599417
0.5792980767873256
0.5784047124364318
0.5793562419061122
0.5790049750623838
0.5787081238465835
0.5787069682299353
0.5788129965930394
0.578809728511014
0.5790506478091677
0.5782418269840397
0.5792889170395654
0.5783297227986495
0.5788569611798813
0.5784261230290572
0.5786043671475563
0.5785160257326225
0.578827434307201
0.5792388788159845
0.578693641086698
0.5790523649971937
0.5790496933237977
0.5791985403961244
0.5782397375512766
0.5789301531086676
0.5791579690870059
0.578868369206902
0.5796564129306863
0.5789671812895945
0.5784031936905678
0.5791948928923997
0.5786693186532736
0.5788510495288078
0.5788805902655244
0.5785119966398535
0.578518730660029
0.5788859575648504
0.5791958327397684
0.5795357050020394
0.5792413927793839
0.578504035124996
0.5789081736511438
0.5788902149242997
0.5785376380328968
0.579029879690955
0.5786363368056788
0.5783616411708558
0.5785173171232945
0.578615571025309
0.5784063853212927
0.57846823906724
0.578996210236312
0.5785872283774033
0.5784580044705547
0.5789224718088962
0.579162938370074
0.5785115256939679
0.5785677217653553
0.578882170413749
0.579032661732171
0.5784111556535505
0.5791252402817062
0.5791798451814775
0.579209577418455
0.5788836172990066
0.5789275518808574
0.5783925500368353
0.5784531494404395
0.5791371801895231
0.5786310896101408
0.5783179005468085
0.578584358014658
0.578738179279775
0.5782472391671869
0.5787780147593989
0.5789337011358489
0.5785738017297295
0.5789362189593794
0.5787665165798423
0.5781695363600806
0.5782937006690009
0.5787452280262687
0.5785811237908743
0.5780172877391758
0.5784094652388392
0.5793606357454107
0.5785387758119988
0.5783795324126701
0.5787025913992297
0.5788785449321149
0.5786755046342854
0.5783997375452932
0.5788456594270417
0.5783411044022075
0.5791759821789334
0.5788550668881528
0.5786080071028439
0.5785987514987565
0.5790120916193431
0.5786245822667848
0.5788364988484478
0.5793143649139447
0.5786827149887872
0.5783287722917879
0.5784458705027129
0.5785193190180962
0.5788797930080449
0.5785083651128053
0.5787690918799588
0.5787654010619732
0.57855999242474
0.5789284650813715
0.5790851321236145
0.5787523972972074
0.5782424946833837
0.5784637348685098
0.5784835963275949
0.5787771353683104
0.5786343370970495
0.5781325572793156
0.578379832099124
0.5791855696105397
0.579329512780459
0.5786124795096192
0.5791602687154771
0.5793278412162105
0.5787517499109364
0.5784903061500684
0.5792852317613076
0.578965776446828
0.5791065832467037
0.5790966079329231
0.5790228826488383
0.578598232168323
0.5785745574262666
0.5790984084281805
0.5783485822470158
0.5790108308167115
0.5786606741834979
0.5790855040529783
0.5787900007090238
0.5790158331772878
0.5786325055599604
0.5790228693091501
0.5785443558973686
0.5785115078814427
0.5788248451346094
0.5787874336757988
0.5792703913387869
0.57899647481372
0.5787273513861643
0.5780010484479252
0.577763858968735
0.5785601488004442
0.5784904095329526
0.5783381840090082
0.5789462756516732
0.5786334627517227
0.5788532665171858
0.5790358911881164
0.5790646244925515
0.5791414889123777
0.5787619155008584
0.5784495277768107
0.5788795995496107
0.578699356613354
0.5790876955352714
0.5790236177757102
0.5784829050565199
0.578665924566249
0.5782774618488775
0.5793108367430251
0.5790140202315113
0.5791336436568932
0.578294573944369
0.5792935916166508
0.5783116593384512
0.5782450566008983
0.5784065953687583
0.578688630224708
0.5791248658756796
0.5788035039460309
0.5788435616217467
0.5786141662649926
0.5792218336597051
0.5787306807197447
0.5792818892514711
0.578846202027358
0.5784908358512569
0.5787698456846482
0.5785237602866684
0.5788616078294125
0.57900648842735
0.5789789387768427
0.5790750604119191
0.5791699775656608
0.5787385702913102
0.5785503807261254
0.5786374953703295
0.5788229935827351
0.5786920159888456
0.5792483761424501
0.5792321585692317
0.5789839061691248
0.5785162034147017
0.5782564910710781
0.5789809572201798
0.5783231161846103
0.5792701302684824
0.5781768493886525
0.5788194404606135
0.5785443188053178
0.5789998608761049
0.5786780177652422
0.5786354753600121
0.5790920452672752
0.5785757207076465
0.5783746158157755
0.5790754675915842
0.5790297304250418
0.5787093861004023
0.5784851764943657
0.5788869075308155
0.578848483315472
0.5787612498488222
0.5790815902518825
0.5786404051406293
0.5790676748140284
0.5793180680656859
0.5785459078284927
0.5789275554556375
0.5785635766078986
0.5789981764576578
0.578309410327507
0.5782699320527347
0.5791836550889023
0.5788970198807298
0.5786085783587238
0.578694905093879
0.5787757098196953
0.5790894685279592
0.5792776222243912
0.5790001480092927
0.5788352883533348
0.5791095038122751
0.5787741240576811
0.5790307500844567
0.5787040440833382
0.5787771673013533
0.5794452199612794
0.5785577263676475
0.5789019662535511
0.5786747785663843
0.5795128718098213
0.5786954412279988
0.5787766328892703
0.5791535904639606
0.5787186719901822
0.5786958324633467
0.5793955086347287
0.5781931033564875
0.578944037779484
0.5784740373946095
0.5783673779114883
0.5790876786840253
0.5784246237493681
0.5792302538777014
0.5789214420210861
0.5790293845707846
0.5787035125597036
0.578622904780521
0.5790356898249007
0.5787609816750191
0.5783573716528163
0.5784281280982326
0.578775816709559
0.5784526542222339
0.579130109189669
0.5786406996412197
0.5789650626841194
0.578501229294338
0.5782539198502168
0.5790303591330257
0.5789222109472817
0.5787228245220869
0.5785135044308549
0.5790347593147516
0.5786917501148817
0.5785964658411373
0.5786080292024621
0.5787898846025793
0.5786105273935431
0.5790881707156857
0.5782838142881972
0.578670970649604
0.5783574956597543
0.5785967470145458
0.5787920708647094
0.5788496655919041
0.578984116625676
0.5788066221457118
0.5781890553865539
0.5787535163659107
0.5788569573478596
0.5786908406359801
0.578566976046578
0.5786917002187214
0.5792409707472869
0.5786536020289581
0.5785451279935476
0.5787756307095627
0.5785027216055347
0.5782539882638712
0.578802128288423
0.5786183418785469
0.5789349103868242
0.5789057366669298
0.578938269969471
0.5786207027894383
0.5785361245742533
0.5788581401789585
0.5794378864431672
0.5785443124280817
0.5788812284769608
0.5786391061545952
0.5787363174682483
0.5783138639365282
0.5787918084877408
0.5786363113372363
0.5788138775846121
0.5788640627638425
0.5789807317362958
0.5786353895481333
0.5791949952998268
0.5785116539532209
0.5785811432301471
0.5784330518932508
0.5790067241951373
0.5784592747172961
0.5787551968154696
0.5795432740160544
0.5793316529640153
0.5787470613589715
0.5792411128476809
0.578733135773932
0.5795082672880078
0.5789279841038665
0.5781054818217463
0.5794115878660095
0.578696321954884
0.5789047960928481
0.5792504910469713
0.5786924613629436
0.5787720848594908
0.5787331269774334
0.578946613117047
0.5790416870886408
0.5793696433228963
0.5791913342424713
0.5788008635928956
0.5792686946563177
0.5791732817521101
0.5786503645118718
0.5790644642212703
0.5783775868843833
0.578755927476166
0.5790880331415336
0.5794398530993068
0.5790194653737226
0.5782588172995541
0.5790484833324238
0.5788540753447418
0.5789960565146388
0.5787732220384783
0.5787178087949428
0.5789148591094048
0.5788672007659657
0.5791192486693266
0.5788342665422396
0.5786783608370841
0.5791085360853899
0.5790091110650812
0.5786756444840364
0.5788818335889818
0.5789724011439503
0.5787158174853106
0.5781895513666337
0.5787336216568914
0.5788009131129239
0.5785504550287488
0.5786888967053591
0.5790478054338316
0.5785522686040981
0.5791392744873914
0.5789490545780853
0.579300918461336
0.5796867942248396
0.5787723299030683
0.5785171892579724
0.5789382540190219
0.5785351660366964
0.5783963989419829
0.5784303428089439
0.5790457302465847
0.5788255256952779
0.5789829695699655
0.5786158422479828
0.5791240724083602
0.5786619688753805
0.5786246325346068
0.5785311276877112
0.5788550407228523
0.5787176145661505
0.5792960101253575
0.578629534498504
0.5785460738589562
0.5787086609921388
0.5788975544319832
0.5790449927962302
0.5787577371813581
0.5790853424293902
0.5787455507333614
0.5787082657985338
0.5786899440130413
0.5783200378776167
0.5789082887290746
0.5790294549621466
0.5788204164230322
0.5788303467099106
0.578821889173069
0.5789602264149754
0.5789427477294382
0.5792011619875657
0.5787798792754607
0.578592395264867
0.5789704411546039
0.5788475163181088
0.5786210427827465
0.5784398810011389
0.5790897469442943
0.5789962847736225
0.5794310164814072
0.5792932320900945
0.5784721808749715
0.5788843739957756
0.5789046272442679
0.5793562981437848
0.5788583394212407
0.5787794307097747
0.5787560596696022
0.5785077076472546
0.5784351185129135
0.5795785476485654
0.5789330608097563
0.579125320338572
0.5785864401491806
0.5787355799387189
0.5791934636621051
0.5791207578122826
0.5790592872324408
0.5786207743306111
0.5791339772957038
0.5787574097225756
0.578364432810409
0.5786577607309663
0.5788755105973943
0.5788245252964946
0.5790619473561437
0.5784398215084297
0.579231427458359
0.5786230612597428
0.5790880702012596
0.5779551796711718
0.5782151914447728
0.5780997435944064
0.5792487092787477
0.5794230499912275
0.5781574875715527
0.5789084373641111
0.5788442299701838
0.5786794465163612
0.5785638744215651
0.5787521396109576
0.5790296794745442
0.5786111312985778
0.5789509979063385
0.5787184805782677
0.5783071593052589
0.5785433035863068
0.5787611717092325
0.5788123493731723
0.5784932219421882
0.5787242855629513
0.5788203000773928
0.57878389424051
0.5787577199008407
0.5790538283001406
0.5787066213156481
0.577952043934855
0.5783984651116817
0.5786139891263982
0.5788515932127701
0.5786409519727598
0.5787820377197282
0.5784499333177245
0.5784023205776343
0.5788206857055749
0.578981768841974
0.5785496810625149
0.5790239051301532
0.5787119371626797
0.5784062757862576
0.5789042369965804
0.5782939438236796
0.5782086271217348
0.5785032615106004
0.5788402007840912
0.5784699272131454
0.5782261210145507
0.5792162227806629
0.5794372140829577
0.5792181023600369
0.5787037821869252
0.5786732897594622
0.5784974944149652
0.5784232005026182
0.5785571020924705
0.5794062332175068
0.5787977967858963
0.5783891379283876
0.5783492430504793
0.5793576689901241
0.5784405190441047
0.5785062902792371
0.5787194499120818
0.5779997909327115
0.5782541778357146
0.5784539109835108
0.5786277893868512
0.5784041169689105
0.5782584719377866
0.578781709768528
0.5795985626596445
0.5790783555849197
0.5784534016586005
0.5791975461398708
0.5790175144035042
0.5783762972053998
0.5787020512133259
0.5791038388297174
0.5787711860516292
0.5790326195516806
0.5786308284762004
0.5778817192475844
0.5790225818316104
0.578671437948196
0.5787181137289231
0.5787230125413694
0.5788859265440196
0.578662436694783
0.5788358929253357
0.5785350804271641
0.5789708692859259
0.5789429872493485
0.5786408475853557
0.5784671753944752
0.5792325058366408
0.579005190187715
0.5786374155219365
0.5787209835563905
0.5787860626247947
0.5788460086171436
0.5784260675196171
0.578925837306788
0.5781764752356988
0.578672453041149
0.5786950348053669
0.578289295755654
0.5789297130096318
0.5787787173204124
0.5787793216076139
0.5790242418110461
0.5789566190970835
0.578713235078811
0.5792276110208497
0.5786994458204633
0.5792524163453223
0.5792990593783464
0.578613862635379
0.5784108118162203
0.5796742247646967
0.5785759441104849
0.5789348200060666
0.5783166235336057
0.5779487597022764
0.5784968401659973
0.5786172705994267
0.5790021411897124
0.5781840153835862
0.5793258840474641
0.5787169331954849
0.5785780468496909
0.5787015041827075
0.5782302072173062
0.5792217691298347
0.578746483360917
0.5783795857158976
0.5789996624711535
0.5789227222982763
0.579012560020942
0.5789722701486224
0.5792791050232308
0.5789893398089738
0.5786346410669891
0.578957650098645
0.5790358740552346
0.579373703900341
0.5786481925022248
0.5784669024723444
0.5788563924314863
0.5785713747118624
0.5796131511640148
0.5792075884344131
0.5783640799360632
0.5786879091055768
0.5782276964441313
0.5785715460182672
0.5783059590572751
0.578202391806171
0.5785800806819184
0.5783727595157668
0.578907969345595
0.5790998107612277
0.5788033769706656
0.5790643518282996
0.5790331403268306
0.5785311930604996
0.5791183541779349
0.5786984326253364
0.5787766317193468
0.5786272710263151
0.5787618999179155
0.5789125626406315
0.579175538878155
0.579188449515967
0.5785679224973304
0.5786133656668665
0.5786832295159411
0.578603846094895
0.578390427624194
0.5781521962171963
0.5787122160251291
0.5783115327004147
0.5792270024414472
0.5784706131445543
0.5792728058216832
0.5792048117092417
0.5791100895582268
0.5789732236562454
0.5782384925184151
0.5795066040674992
0.5787066054484151
0.5786166648170464
0.5795883917324686
0.5791486637391223
0.5781243007710245
0.5788224140521762
0.5789899060613383
0.5791416294582172
0.5789720308999848
0.578987763885049
0.5789450479408839
0.5791103313450223
0.5786223839285017
0.5788189660273366
0.5785742102658857
0.5790064581354091
0.5788207166890701
0.5786251393483909
0.5786194960098243
0.5782975431037467
0.5791131697376891
0.5790110252754151
0.5784953118925902
0.5780664463481491
0.5782911046291369
0.5790432209514238
0.5785513178469199
0.5783404235391159
0.5790402733810205
0.5789748329792197
0.5784676366273498
0.5789124545306286
0.5787230175451662
0.5788331549389458
0.5789014137391548
0.5791982037734926
0.5785308067980988
0.5789792018794514
0.5788273122500124
0.5787708795887477
0.5792842933810187
0.5788242946583063
0.5785897118470982
0.5792675106069618
0.5794662281720313
0.5786923141643681
0.578454783876346
0.5792721641344615
0.5790663998789647
0.5788811033676613
0.5793815989373357
0.5788493602526088
0.5790454656890043
0.578641272986878
0.5792526977602666
0.5790165202212242
0.5788136557056305
0.5789127596206658
0.5792112838625979
0.5789856044864357
0.5788559134054161
0.5791374731640428
0.5786686409113437
0.578681421718694
0.5785648907079117
0.5786626522915074
0.5788454288218889
0.5787604253221034
0.5787141263730768
0.5785394939721791
0.5790096772534238
0.5791170256811968
0.5789787020986729
0.5789226825401066
0.5788690898477341
0.578752629066189
0.5781330385485806
0.578705820661209
0.578957479901554
0.5792164749751301
0.5783098595055327
0.578270531706472
0.5790664704790385
0.5788149310835871
0.5794340283809504
0.5788092015286977
0.5780365433677565
0.5786014230188976
0.5791305096699981
0.5788067601912269
0.5785608324167957
0.5787916294217923
0.5790613829879787
0.5787381965284784
0.5783514018926416
0.579050235988988
0.5785401832250405
0.5783118733524278
0.5785669938090015
0.5787998962831059
0.5788413971627534
0.5788246493860075
0.5784090567180074
0.5791893723712985
0.5785460780253793
0.5790119403995362
0.5786148062788959
0.5788324471134485
0.5787119440379218
0.5787034345186892
0.5787118630452168
0.5785034456496998
0.5787170881543124
0.5782809531063986
0.5784817131994405
0.578849154660559
0.5786603257409448
0.5783847994746285
0.578219774473876
0.5787170111406665
0.5784644361778627
0.5789718937055244
0.5787639760689136
0.5784276125104774
0.5782513015790058
0.5790226209832733
0.5786907356264012
0.578512795876644
0.5789279246379152
0.5790232777858945
0.5790875907848378
0.578695815063483
0.5784211160361143
0.5783447855453794
0.578792190640154
0.5785880758734073
0.5788929380881298
0.5789877100786949
0.5785113462484135
0.578844015939401
0.5794229463413908
0.5788178304017697
0.5788704045840056
0.5786124770174186
0.5793038026194763
0.5781485070104551
0.5785937744070782
0.578653655379269
0.5783043641204415
0.5788247407245624
0.5788871994969256
0.5789829511246334
0.5782259100968299
0.5788128269113142
0.5792511785911666
0.5784752533504363
0.5782504238901685
0.5793710600849575
0.5790104388955197
0.5789534010847215
0.5788586279211873
0.5791861343773792
0.5785049653798644
0.5782437368174977
0.5780140080518004
0.5792392800415964
0.5788306719733394
0.5789427457602812
0.5789314016279379
0.5789964828500551
0.5789567807185017
0.5784504774271714
0.5784795913641592
0.5788097872198406
0.5787149504498114
0.5794144607872966
0.5787798981153339
0.5788632762313833
0.578893100053343
0.5790372768027434
0.5785754932715641
0.5791687708921658
0.5785432111800942
0.5785368116010539
0.5785131213849843
0.578600998061068
0.5786520481597066
0.5786656547568508
0.578737977596571
0.5784805389340211
0.5780232835838909
0.5792951140394277
0.5788686571168173
0.5786411265900732
0.5779347746455642
0.5782648767199368
0.5792623139239362
0.5790359149358498
0.5789602738343014
0.5787767073011549
0.5792762003891752
0.5787313194051067
0.5792610072313821
0.5786279618408076
0.5787060002938635
0.5784109974862678
0.5791315341144855
0.5786169324230158
0.5781824557425903
0.5788655725047576
0.5788984829199129
0.5787323923269296
0.5788914901212168
0.5788550424638588
0.5787857768728828
0.5789036538974401
0.5785679481453505
0.5791373810194653
0.578748241209424
0.5788273438769505
0.5791487367745961
0.5782331788643591
0.579314692885871
0.5788550721606617
0.5789355768000379
0.5791352865422053
0.57875433437319
0.5792453274289242
0.5789570575575138
0.5787742480601146
0.5786361177595165
0.5793625251187873
0.578313672214978
0.5783115165576904
0.5786593790493351
0.5786010931048149
0.5786783682452565
0.5789445241719422
0.5791734406172808
0.578551662085158
0.5786385385482316
0.5782646355245233
0.5791514025885218
0.5789261658230236
0.5787496065580449
0.5791310195431922
0.5789083611587471
0.5780591321685465
0.578888964302302
0.5783778119517549
0.5789482326728447
0.5794138967075095
0.5782057255158592
0.5791395256323858
0.5786002161730133
0.579004061426109
0.578453069901236
0.5795833368644813
0.5791510469818291
0.5788123232885609
0.5787388537233523
0.5786370908232377
0.5788211342586882
0.5790041600662343
0.5790630788011093
0.5789742313432853
0.5787210352167529
0.5785568443283984
0.5792119495188776
0.5791691282788722
0.5790678232430946
0.5788817356159995
0.5793782866426711
0.5789173343449656
0.5787733451142479
0.5786907542934119
0.578797271374611
0.5788077212017603
0.5786461758712286
0.5787289651704897
0.5782699030149038
0.5789641976287513
0.5792437598274434
0.5789128001085306
0.5789698363734929
0.5784934380904742
0.578400176649402
0.5782922698869006
0.5786022511263423
0.5791882943590119
0.5783465404952255
0.5786522916271114
0.5788604801129236
0.578812514287644
0.5789071448040058
0.5788920547343475
0.5787924037595911
0.5791680414087816
0.5787389937627996
0.5788629468480964
0.5789673213638188
0.5784821081149731
0.5789949574862598
0.5790191556478241
0.5791686557864489
0.579155131659937
0.5790133124176183
0.5781545652161879
0.5791684698228025
0.5790187121047747
0.5787897975680248
0.578730358661681
0.5789997561191502
0.5782878578922722
0.5789942247626609
0.5786554018519802
0.5792642500996451
0.5786732871963872
0.5787782647793885
0.578446648311811
0.5792021429623899
0.5785290941496359
0.579206327490205
0.5787402308045753
0.5791807456864904
0.5781676212111471
0.5791013480100788
0.5788472110506259
0.5792040867926795
0.578633742369749
0.5796185511449935
0.5786542466107599
0.5786457899180373
0.5788848757361653
0.5785882218481723
0.5794119995592694
0.5796496769460681
0.5786191379488257
0.5782508852212916
0.5788775053095989
0.5789529696056356
0.5785190689298804
0.5786182221948734
0.5786400608870259
0.5788613832961511
0.5789433300371363
0.5788396989644418
0.5791476110177934
0.578482704129434
0.578656861813259
0.578913074386048
0.5787326808490669
0.5786979217793795
0.5790014804042003
0.5786656675711136
0.5789005843623404
0.5786911306279304
0.5790863124379555
0.5784848039694113
0.5787061232095874
0.5798386237269424
0.5787776237751746
0.5787695716974244
0.5783306626654198
0.5789806031729161
0.5787723564914631
0.5792197695850654
0.5793669867732528
0.5786341060474657
0.5781137987237759
0.5783155343135675
0.5789010144512792
0.5785443040414532
0.5787081825234175
0.5781574500179536
0.5786603524760617
0.5789219500814655
0.5785594193330124
0.5788475020851214
0.5786633871432754
0.5785883348955335
0.5791641327542554
0.5783637882406258
0.5786563010279323
0.578523525341328
0.5790455241513564
0.5788626903603524
0.5785289054014146
0.5789419595481555
0.5789988495687775
0.5786687265211181
0.5787734816129376
0.5788935574437053
0.5793068224851804
0.5796037860973267
0.5786318753682264
0.5785052281086862
0.5792230235482554
0.5789383779190005
0.5785554863450924
0.5788367204680688
0.5792636102998983
0.5786553644039827
0.5788844181058188
0.5786434893978567
0.5790823724434544
0.578738513270002
0.57886821161451
0.5782812798297148
0.5784397866669945
0.5782970056247141
0.5784360356492732
0.5788767449612398
0.5788727853135073
0.5785058199630541
0.5784002846530749
0.5782885169229649
0.5786058523034471
0.5784804456226694
0.5793901629204218
0.5789810500876689
0.5784074041321978
0.5781880778880395
0.5786215850802942
0.5788469514963547
0.579073565359668
0.5787495690819482
0.5781725657841648
0.5788570332685736
0.5786166341962071
0.5788133889851997
0.5790265628773887
0.5792726122121165
0.5785770896990376
0.5790973013505889
0.5788666486021661
0.5790054865804861
0.578811329376227
0.5793493791294955
0.5790832977697624
0.5792073091700858
0.57884545167579
0.5789704840504458
0.5782148527597968
0.578881358470398
0.5791118909195185
0.5786220898226815
0.5791141235947534
0.5792371658105382
0.5785839485524072
0.5787977506663874
0.5785741711723785
0.5783917892461283
0.5785582255287582
0.578285494362071
0.5785979788415975
0.5793393318034241
0.5792361017071259
0.5786281240979179
0.5783793010983906
0.5788311360275069
0.5786700349615641
0.5786693237102624
0.5786150250639138
0.578768438364321
0.5791471808202181
0.5788608922402323
0.5788136045552799
0.5786083260362298
0.5791176805256135
0.578838150044367
0.5789201482563173
0.5789166741354657
0.5788742676284437
0.5790140430011564
0.5791107782533536
0.5784944517999365
0.5790315717311996
0.5788926066643076
0.5793130992531436
0.578782025253449
0.5782276825822071
0.5792661036984534
0.5782929143026163
0.5787997019497884
0.5786253891437958
0.5791291391071265
0.5789307072273623
0.5782415078566876
0.5786950308868036
0.578987765021364
0.5790177409411905
0.5785136863795602
0.5790243185628977
0.5783909923003743
0.579157143590986
0.578733856204641
0.5785985452418663
0.5786235167974039
0.5792014336660453
0.5790537372200595
0.5787278753788374
0.5788214448448352
0.5787698627180715
0.5790205249153626
0.5790384616758327
0.5790045489156022
0.5788098026424777
0.5790603782787886
0.57890709165899
0.5790934854408947
0.5793221649870219
0.5776479236400431
0.5788777200433803
0.5789348630173125
0.5791135840989956
0.579043653804094
0.57867241777077
0.5793473295514943
0.5787364740528442
0.5785614307712145
0.5782019659302047
0.5788796012358817
0.5787408320078723
0.5786269879711123
0.5791550337432958
0.5786801114364253
0.5784268693466783
0.5787939408567524
0.5784232560332083
0.5783017138038389
0.5785540626958692
0.5790020010326625
0.5792725861230518
0.5791096815269487
0.5785135297209942
0.5787254913409927
0.5790379473705896
0.5788183418296061
0.578768439618107
0.5789864159478273
0.5789332587028995
0.5786054216235725
0.5783714371417235
0.5788798228896798
0.5788364908066552
0.5784138730869152
0.5785106193797812
0.5785307871686751
0.5784799009437143
0.5785768996496123
0.5788501302385611
0.5789288344156609
0.5792318881698397
0.5788991886643877
0.5790701991803522
0.5781852531983223
0.5791728487292913
0.5787812227565136
0.5789225796853827
0.5785789895570341
0.5789288361463936
0.5782521917236617
0.5783827424865858
0.5785396945479514
0.578634926606024
0.578761369111541
0.5785887384325347
0.5787451261928727
0.5785378800486205
0.579103899222705
0.5784148629351477
0.5786119842738542
0.5788958162279977
0.5790169372928147
0.5780419206793104
0.5789849398013328
0.5783162248089209
0.5781144461419481
0.5785641005358994
0.578811426052606
0.5793730166725162
0.5790579281004966
0.5789772841502341
0.578689032270539
0.5786520599657248
0.5783295884351932
0.5782276209160766
0.5792769874498782
0.5788525174042469
0.5788511365963345
0.5787541879334378
0.5787279891902427
0.5787872029947358
0.5787332294491732
0.5782605494641876
0.5790000278308309
0.5786772856123229
0.5785734831627154
0.5788104883288542
0.5792144661453882
0.578682037635516
0.5790549305074786
0.5782785653145834
0.5782538285135669
0.5788874378896378
0.5787133278186638
0.5791586795681072
0.5791687138909147
0.5788946884568917
0.5785289019027277
0.5794937280853294
0.5787116850493474
0.5787485336870801
0.5790454779982623
0.5786916445499756
0.5778882570056336
0.5782422346743037
0.5786387277816958
0.5783984692883688
0.578842793073191
0.5792969720014055
0.5788009872595605
0.5789284695234753
0.5788476456872194
0.5786009566902337
0.5788137773850532
0.5788209163809679
0.5785974610065455
0.5782445143630178
0.5785249534066017
0.5789262599089369
