0.5099499557325942
0.5093918186557691
0.5091009761020526
0.5094377331189119
0.5104329594542196
0.5097626190190285
0.5093586989709527
0.5105153297401805
0.5103202425574629
0.5101501847595028
0.5101205488640682
0.5100947657856889
0.5105412633874662
0.5096174838531834
0.5094447393038782
0.5112242519597614
0.5104138704473122
0.5104048339307139
0.5096567640972299
0.5109921878293913
0.509634937471258
0.5098865249671987
0.5103435611991426
0.5094900397340716
0.5104050515238794
0.5102489762698948
0.5101088806096468
0.5096346512238182
0.5097563661751492
0.5095512145091464
0.5100446639730338
0.5100111005435627
0.5105677662551794
0.509936469040615
0.5097331590798941
0.509736047945386
0.5096274753546315
0.5104798415642873
0.5096038063481004
0.5102548121306832
0.5093639991514356
0.5099327829959732
0.5101914217820642
0.5099903747669856
0.5101349348478305
0.5096227318902663
0.5090314906667517
0.5103787042981427
0.5109935790453677
0.5101044164542188
0.510220991592316
0.5100497891061826
0.5101312550402983
0.5101638912072097
0.510779561628621
0.5094011821070711
0.5095112268829509
0.5100414015936221
0.5102422073659763
0.5098301019964762
0.5102119235099034
0.5103562362224575
0.5102924127694834
0.5107168830448534
0.5102118266815736
0.5101588847767784
0.5106029335655089
0.5095280844037174
0.5099310428388065
0.5100328073907414
0.5097238752886843
0.5104523973887582
0.51028112201633
0.5098067972926466
0.5098988873181062
0.5101687588739746
0.5097141626266668
0.510361251705356
0.5104784959423843
0.5106461716234375
0.5110021282092938
0.5103232127646787
0.5107183565771768
0.5093877495268783
0.5109804135505002
0.5103526260988058
0.5091993249411848
0.5102615247785797
0.5103639228920073
0.5093592870902142
0.5089189444658347
0.5099495231481687
0.5110999444585076
0.5104311084087619
0.5090942587750389
0.5110127776668185
0.510243773153818
0.5094745891426959
0.5094510083096631
0.5099881411709859
0.5100079146375599
0.510145372032463
0.5099820491951882
0.5097559882368992
0.5097233071056069
0.5109528931867102
0.5098336672524297
0.5098660918948666
0.510021468620528
0.5099227577060168
0.5102154909619971
0.5109613115747493
0.5102810327856725
0.5103492390412128
0.5101497555730674
0.5107891673586937
0.5094037671142404
0.5097353204377215
0.5097939173871923
0.5102983614296839
0.5108423451439557
0.510108653421626
0.5107480791724577
0.5097049654921009
0.5100316621919563
0.5099857824876588
0.5092649936839581
0.5102742294793663
0.5092144637646793
0.5099058914434025
0.5102340747636084
0.5095856893299305
0.5100708642586849
0.5103289273918965
0.5104704636096855
0.5095325579563652
0.5099656125121584
0.5101631500204492
0.5106049210270885
0.5094712983693764
0.5096761700622527
0.5091449849734884
0.5100868813617537
0.5112950177238045
0.5092759264165938
0.5096505473388568
0.5102754873306459
0.5105135789491813
0.509738726184904
0.5095386425851325
0.5099063909471023
0.5099958767760553
0.5095559613282381
0.5096622331351357
0.5106630755587818
0.5096111183811891
0.509911413127019
0.509783879804224
0.509832119099136
0.5090690707679133
0.5110884292862351
0.5105504785450752
0.5107668596733903
0.510326617742441
0.5099529253631814
0.509462833142391
0.5092120235675923
0.5096542541442599
0.510788509526607
0.5093750624514266
0.5098584296180889
0.5099029678992368
0.5104666072153148
0.5104409967991581
0.5105148105889945
0.5093896313217607
0.5107753343458438
0.5103827571247601
0.511132483027831
0.5102846426062955
0.5097504242909751
0.5110538580495005
0.5093215015772641
0.5103895192013133
0.5106405409878841
0.5100819947065456
0.510320087483426
0.5103589980377274
0.5099539264341392
0.5099879210897711
0.5096561011198761
0.5101525980801085
0.5091873618936612
0.509616015623518
0.5094093663435446
0.5093293432809745
0.5100599332187422
0.5094835727827793
0.5105414757536448
0.509768970364255
0.5101082804880516
0.5102759466681099
0.5098799777876111
0.5093527534247638
0.5107002917710799
0.5103328456018867
0.5097502048556406
0.5101010232037514
0.5095404971104953
0.510143033685913
0.5105728682679729
0.510099078323357
0.5104370400581888
0.5103672256845796
0.5103409826101006
0.5097481017338821
0.5107449419645811
0.5098003070895124
0.5103153372552904
0.5100601088880514
0.5102590931298683
0.5100709764214643
0.5105314089996331
0.5097937773078691
0.5091405623606353
0.510218341114756
0.5103465565581162
0.5099175002490918
0.5092818807510906
0.5098733462895253
0.5095251559360412
0.5096361222999705
0.5099115883365593
0.5098750608929454
0.5100359394070444
0.5087061635977179
0.5098262667577358
0.510375575036204
0.5097416897002023
0.5097422759381868
0.5094755822196988
0.5091775875023415
0.5104726997344149
0.5103676958108048
0.5097851030542988
0.5102785111400935
0.5102938610257719
0.5097650121261208
0.5091721335221271
0.5106512417853704
0.5097106610912514
0.509990532552022
0.5095373161274219
0.5108074544771058
0.5101577545349856
0.5095520132119423
0.5096637576745298
0.5104016300805129
0.5101409955644747
0.5100888732801068
0.509830888645512
0.5104317692114183
0.510714929748763
0.5101438367084263
0.5102097402698181
0.5102362238270699
0.5103558794349679
0.5103333427440637
0.5094249752738479
0.5097579554128898
0.5098400880348971
0.510717611130035
0.5097864028338434
0.5094780797196516
0.5109058856996116
0.5101238420114178
0.5102604009838952
0.5095233085687385
0.5097093920466913
0.5092249708881597
0.5099409607470069
0.5105267491870041
0.5096642143432446
0.5101184259286409
0.5097359305107374
0.5110086231843853
0.5100506320549378
0.5093531554635912
0.5098496440093397
0.5104711147155547
0.5093218495834007
0.5102214448813669
0.5091539374168922
0.5096882956936213
0.5098010630777108
0.5093876661524079
0.5100404877544545
0.5096757415334336
0.5106397953646628
0.5100227387502507
0.5104007784644918
0.5100144456756419
0.5103891997171712
0.5102087843411185
0.5099218890316228
0.5098888868906248
0.509820182648328
0.5092514628882727
0.5101025059555604
0.5109410454547435
0.5107395621346652
0.5104038196224001
0.5098409591537969
0.5102112776984407
0.5100549343100909
0.510610718928594
0.5105870785858175
0.5096689911008558
0.5099156741337798
0.5099261219700186
0.508966857609642
0.5103311174109205
0.5099063833067246
0.5094612063316333
0.510306613690627
0.5110357976576481
0.5101219658869618
0.5096419667051675
0.5105055161495398
0.5097008238740179
0.5094910406108245
0.5100915422022857
0.5104980583029557
0.5101983437527123
0.5099387672677101
0.5097045183735825
0.5098631378906829
0.5107171742720565
0.5103256837561763
0.509917934129026
0.5107357886648836
0.5102505744619062
0.5102584364359167
0.5096830145403535
0.5104914273439127
0.5097086389202583
0.509594501838186
0.5106688078583215
0.5094103913524706
0.5102933852304279
0.5099469800609998
0.510978683959371
0.508927080356874
0.5101780489940917
0.5101198628461778
0.5102506033367624
0.5111529767684575
0.5097666583619884
0.5105755789772598
0.5099828070758463
0.5102168331415113
0.5096140732493089
0.5100876966336857
0.509396728149536
0.5098373618167529
0.5093690015454801
0.5095771899817776
0.5102032146090443
0.5101007012317162
0.5100322269565851
0.5099128687631342
0.5102387156752632
0.5094417167668468
0.5107314873885177
0.5103506394713684
0.5100393155972665
0.5099373184183482
0.5092764234167867
0.5110784628742396
0.5098715705387167
0.5096779008943793
0.5101941462037693
0.5103555631043664
0.5101260293407253
0.5099867011674948
0.5094864473954384
0.509549932210287
0.5111583574772157
0.5108643261168013
0.5111356659105398
0.5102417877088414
0.5097928181637158
0.5100197997758684
0.510659580546191
0.5102911142137223
0.5102759055253254
0.5101743131847913
0.5099375304160748
0.5096301570061299
0.5109731743668005
0.5104052555149039
0.5100156985203702
0.5090424663055775
0.5102167658963199
0.5094474533506739
0.5096010037218668
0.5102219522899859
0.5100565649692625
0.5096443305509957
0.5099211806921305
0.5101854260612628
0.5096147017402712
0.5104849230585347
0.509014550753631
0.5101661391960147
0.509499862106702
0.5097340212106027
0.5113532898988555
0.5098571156418495
0.5100992489521488
0.5104623092926448
0.5106856370954502
0.510478025021872
0.5097145546107664
0.5102016919418297
0.5097847956113787
0.509421031583743
0.5102862307663991
0.5105202652800689
0.5097717364516565
0.5102447274740812
0.5104711227540408
0.5101888160530983
0.5097934295315238
0.5098676277665828
0.5109947748977745
0.5100924658323917
0.5101537793718232
0.509631469923315
0.5100745427097777
0.5098232439250842
0.5107250831042396
0.5095641705806041
0.50973977048005
0.5096213372113958
0.5112793653725676
0.5107732792939904
0.5102754072035615
0.5094661643899737
0.5103144580500522
0.5102443124655501
0.5104290820200461
0.5106547956467204
0.5098875133041569
0.5093840415395456
0.5088119445716646
0.510081539268298
0.509907260536255
0.5103127668170215
0.5096078668404329
0.50975442490966
0.5094025327481084
0.5093893667012357
0.5097845416363552
0.5102118572966653
0.509950757701563
0.5105806720488225
0.5107059011583146
0.5088504911513325
0.510186347222406
0.5092537536734505
0.5094591398136314
0.5099471920386089
0.5100755668389763
0.5109724267535352
0.5100946906601247
0.5103292285018207
0.5102628178199049
0.5099354527336035
0.5101351159995458
0.5096284979765544
0.5092952275836782
0.5100673475431275
0.5093154227363127
0.5095235772427924
0.5103261068261679
0.5098952508397554
0.5108350445023759
0.5103983497633533
0.5101931386943561
0.5096186742569808
0.5103601825519962
0.5107645336738538
0.509453632619195
0.5101386730340602
0.5095846246046948
0.5097639987023055
0.5101511994354839
0.5096266617282681
0.5099782216199393
0.5089820427913112
0.5098158820559416
0.510071059108633
0.5093353977184952
0.5100352258897549
0.5096519539508807
0.5102763302004145
0.5102622691419294
0.5102207291213818
0.5101619892986
0.5098706408765216
0.5101021024141162
0.5099114753902398
0.5108030332689162
0.5105449656720269
0.509717020317764
0.5097556282837182
0.5102611042668601
0.5104406045406715
0.5103932917355923
0.5103312210169673
0.5101849709670425
0.5092321830527133
0.5106996496716818
0.5088128074750495
0.5097092789206277
0.5095318270641088
0.5099612302103875
0.5090016647869122
0.510124689476007
0.5094136843436096
0.5099633036276373
0.510383756209301
0.5094319490595366
0.5097104633167202
0.5099427929101722
0.5100011718337258
0.5108597193935909
0.5098560562898535
0.5098746367653978
0.5100615720037018
0.5099412166227011
0.5098398254612018
0.5101887630012367
0.5091646177710956
0.5103508896064988
0.5099268594940838
0.5095027398080423
0.5093337013127697
0.5100556254245339
0.51022820538701
0.5103605738086487
0.5103879541576162
0.5102914775623831
0.5098121368090374
0.5102215347083724
0.5106380590894728
0.509180525490831
0.5095232102408473
0.5093078239933752
0.5106853318491893
0.5098062282929336
0.5104517832753702
0.5097277778834242
0.5097046177261695
0.5096677489646982
0.5095730418615829
0.5090196005358125
0.5101143727299797
0.509561425606693
0.5102179883731168
0.5102232825486152
0.510385308337926
0.5095432454212545
0.5105254389348511
0.5103263834915889
0.5105348305586823
0.5102213743627387
0.5101160456781966
0.5101824506347572
0.5104748565592541
0.5098482979578713
0.5099970256336591
0.5102317827096917
0.5102899609403483
0.5112312844452179
0.5096846148375694
0.5097703612990245
0.5104992210792448
0.5106865415995907
0.5095001591520496
0.5102843208132442
0.5097977924991661
0.5101821098206261
0.5100953672359587
0.510479439541303
0.5102811219973689
0.5105684756655677
0.5105666888357674
0.5100120612795926
0.510029074834502
0.5093272126785879
0.5107017375902808
0.5099660117922724
0.5102520331517622
0.5108650498306055
0.5100087094182517
0.5103927843847756
0.5107837789388155
0.5095428837242056
0.5094958644789456
0.5099241820299135
0.5103804544524747
0.5095513725457079
0.5095181029939156
0.5104279880459708
0.5096254397556575
0.5103125927095404
0.5099870998212854
0.509805723525409
0.5103562909077123
0.5092145064777741
0.5100704088778085
0.509943068624131
0.50967332793486
0.5102395268305695
0.510118252132691
0.5103685062110725
0.5103535104099653
0.5104783960380914
0.5097572535477564
0.5096195277400545
0.5103403813677685
0.5104305305162457
0.5095130406690028
0.5090312619530691
0.5104181111110434
0.5112970395949913
0.5093874129396898
0.5098060850174793
0.5105867889032598
0.5103689000430184
0.5105163103056226
0.5101739826385046
0.51029414610873
0.5095585492100934
0.5102296507802229
0.510737797391705
0.5103209568668341
0.5108557091507585
0.5101856948035379
0.5101596889826691
0.5111198445542239
0.5097887514654782
0.5094738443860594
0.5103810687563951
0.5099128992105374
0.5103192415723107
0.5098220981737337
0.5101426228290247
0.5098419236701208
0.5094725882548803
0.509294103014041
0.5100533327044229
0.5104116401999278
0.5093396203088398
0.5094664255043042
0.5095818715270495
0.5106686612305629
0.5099351663050977
0.5099114762551769
0.5104110498287152
0.5104055025561369
0.5109737328062962
0.5104767983950586
0.510039749044154
0.5102474126286456
0.5106027325988364
0.5114450797411523
0.509932636474357
0.5107583078024744
0.5091379758276471
0.5101713974978981
0.5102575400949629
0.5109933026928964
0.5109124329890937
0.5104117136686019
0.5097403124453522
0.5100406916068476
0.510395729650492
0.5099846579460229
0.5110580785709329
0.5094221393463112
0.5099236035998925
0.5098170093306553
0.5105827588284111
0.5099314189289513
0.5090189651822716
0.5092021822666789
0.5096060291673048
0.5099909675557516
0.5104291487081392
0.510240820837334
0.5100617223094959
0.5105349191846045
0.5098571916862285
0.5100904822605782
0.5096513124436993
0.5100108770123137
0.5103792796839937
0.5107522627768255
0.5103716598657161
0.5092487601556452
0.5097979138815796
0.5107267418580126
0.5101001557786649
0.5096304096315638
0.5099334128557564
0.5098011298395095
0.5098948922351685
0.5099850998881991
0.5103140123154831
0.5105106700815849
0.5098293620613393
0.5101993211923499
0.5097462113226383
0.5109042279692041
0.5099985205075249
0.5092897043142602
0.5094022443211216
0.5103511875254664
0.5108733268057828
0.5106685378210555
0.5095986136393168
0.5106398345203369
0.51003099575285
0.510194612270706
0.5096240359821957
0.5101411398422411
0.5104675961605665
0.5105634441670359
0.5098228150589497
0.5110305877294742
0.5096073573747862
0.5104648619216703
0.5098881591476817
0.5105869936767168
0.5112513739303848
0.5104046607135486
0.5099595201275677
0.509842257773526
0.510477879642738
0.5104738142030507
0.5087864807466547
0.5099970050173346
0.5097432262295244
0.5096735316617071
0.5095796593635236
0.5103596804202875
0.5102367514317135
0.5092946252786461
0.5091010523681265
0.5103668524892683
0.5102221956780606
0.5098318382619969
0.5106042311479887
0.5105922384864043
0.5106539988868292
0.5107115566543783
0.5097690675677156
0.5100935121623766
0.5100330297440986
0.5099075035676827
0.5105854572733435
0.5104611498652454
0.5104696751140456
0.5094174284106157
0.5098894488111668
0.5107735306810623
0.5098115241733512
0.5098321988404709
0.5102045440754734
0.5106351113833392
0.5089031157037704
0.5094229027550499
0.5097886139204989
0.5104024969421951
0.5106316246913327
0.510067125319988
0.5105402690330976
0.5095556113175669
0.5094058607869854
0.5099407175982442
0.5097138026591514
0.5106848151497214
0.5100692144229049
0.5105097077410605
0.5096447449092701
0.5100631476362677
0.5092262459634971
0.5093944074978948
0.5107643789395724
0.5102334114564608
0.5090105852783502
0.5097408434066892
0.5099522608347199
0.5098481680882513
0.5092845014046453
0.5097625177927064
0.5107782268119987
0.5109705421708282
0.5098733450046591
0.5097630451812646
0.5110428215413135
0.5106007574877205
0.5106373608708119
0.5104535966441927
0.5107645531910289
0.5115909273998815
0.5094423064733868
0.5102103274182647
0.5100861425535138
0.5100719856321664
0.5102647928974664
0.5105818309541718
0.5102896796401187
0.5103030386212961
0.5098334083516086
0.509180094581217
0.5092357655722219
0.5098713097226201
0.5095001764350163
0.510204630601867
0.5106356523955171
0.5104877214638216
0.5107877258664653
0.5102244072610095
0.5101893584786588
0.5090399813017222
0.5104932438769854
0.5104611001126249
0.5099113035671061
0.5104743078036087
0.5098735780655896
0.509518602170384
0.5092382278399622
0.5102469453904152
0.5102883149678767
0.5103298094494373
0.5089632187390047
0.5092057922787502
0.5100475580466987
0.5103038111115032
0.5102906474437471
0.5095919441654004
0.5103543550676936
0.5105411425209867
0.5099232608909563
0.5100198251812276
0.5095350791030782
0.5109674596845406
0.5103844220630558
0.5094377079378838
0.5110424186675037
0.5102987921673847
0.5103166158530027
0.5102155895698344
0.5109353893214903
0.5106435568147356
0.5107935653429942
0.5089689098621968
0.5106112735876581
0.5100110830144924
0.5099468833557964
0.5100736481665287
0.5096160838576139
0.5095197682848076
0.5100037626408724
0.5090380136368132
0.5100293033796282
0.5097122475307003
0.5109235691475822
0.5096256639877705
0.509063098387204
0.510336588520028
0.5103090017084807
0.5093050672328289
0.5098129184058127
0.5107653704698984
0.5106110240403514
0.5100350686209036
0.5093710879466878
0.5107409521424144
0.5099298243249321
0.5102238294636313
0.5097257557121665
0.5098865881095777
0.5104693838962486
0.5095728407413014
0.5101565476153245
0.5110948668254848
0.5104300644331448
0.5096517404839578
0.5105817871828048
0.5104250116288572
0.5095493284761798
0.5105806955424438
0.5098541138554591
0.508835375040285
0.5097870367103985
0.5097969183038873
0.509875931482721
0.5098700910502127
0.5099833979797366
0.510122891860879
0.5098746079503675
0.5097376058657099
0.5100519900320881
0.5092675068702752
0.5099141024233891
0.5101480991761533
0.510702784634828
0.5103092455541005
0.5094984254812838
0.5089992752126644
0.510612797312961
0.5104981704692111
0.5094867158797599
0.509538806514571
0.5107443730350375
0.509558549737253
0.5090917472248854
0.5094075099078612
0.5109647926035312
0.5105590508978041
0.5100590912069114
0.5095458914247576
0.5103522907704487
0.5105293273029156
0.5108683282756452
0.5103816431207578
0.50992667005113
0.5109793277948542
0.5104491520024466
0.5099182755754608
0.510170984337234
0.5102718225626147
0.5103230773782423
0.5107344301424317
0.5098414600453507
0.509377504034284
0.5100478903122492
0.5099072263419357
0.508703659938348
0.5100594278080552
0.5108047160933541
0.5094478779015832
0.5102106916540508
0.510305214434901
0.5102859915999647
0.509323989554269
0.5102371090946793
0.5096686679248303
0.5098968650338539
0.5092045086914473
0.5100008429794581
0.509251359192634
0.5111896615101923
0.511047266342159
0.5100775946739564
0.5100325758650257
0.5100610372714744
0.5094988736821422
0.5096476302876074
0.510679413787961
0.5101108082134003
0.5103411531145661
0.5098692826136868
0.5100380009582564
0.5097947554487243
0.509941752213553
0.509998018890847
0.5110025746569224
0.5098650417470848
0.5098715280359603
0.5101845756918247
0.5091020542062483
0.5102129114564737
0.5111698896903895
0.5112558500997535
0.5104317674842496
0.5096878789799308
0.5102675579048901
0.5103284830388706
0.5103070922943886
0.5093411866416254
0.5103759307650299
0.5102083126195451
0.5096299715078868
0.509761673653075
0.5084333992450828
0.5092298138852257
0.510050653998717
0.5094126929615307
0.5099032225014227
0.5095302471749291
0.5102568386001083
0.5093409692335618
0.5107885172335711
0.5099373474291972
0.510032647236057
0.5101499577170364
0.5105755724941534
0.5101248348187336
0.5097573279629505
0.5097754773201406
0.5095842669188471
0.510130304536164
0.5100091748150853
0.5101797236862033
0.5096046214972405
0.5101880568835332
0.5094234886018034
0.5097894073819126
0.5105705829321625
0.5102649998235697
0.5101773301736314
0.5100208878381028
0.509478841975751
0.5104230809978415
0.510165108401478
0.5102905189257214
0.5103910207127564
0.5109350959718348
0.5104359149687572
0.5103347291715774
0.510340133301024
0.5097993246755541
0.5095333175609301
0.510753486931059
0.5098034898353019
0.5103947556694663
0.5104966630012578
0.5096900497858867
0.5105789193575785
0.5103691901069571
0.5102716927957301
0.5096323064206298
0.5097143518587532
0.5092317366611239
0.5100071634046113
0.5100934100481522
0.5101044734729867
0.5101480858377117
0.5093644085371456
0.509658930245328
0.5103297275650128
0.5096583349391198
0.5099652243929655
0.5097452203982509
0.50921285299715
0.5096685855757337
0.5100974774016633
0.5103829821681364
0.5107963367566953
0.509591516058967
0.5103604463891411
0.5096775974199383
0.5097177711355987
0.5098405781828458
0.5103455343835166
0.5099263692766787
0.5094914495994237
0.5102240423191046
0.5098907109498432
0.5106766415110833
0.5104078810697628
0.5094697411458085
0.5091744200445842
0.510547757809877
0.5108380610543122
0.5105760311524616
0.5092320605910028
0.5101532945837591
0.5098632823176269
0.5100573163936211
0.5106785314042797
0.5097710089971654
0.5102567342318093
0.5095333312520404
0.5098122196873353
0.509610553441799
0.5095772361107496
0.5103070450128853
0.5112412786034989
0.5104083859837798
0.5101658483204885
0.5091317921070591
0.5102259630647605
0.5101486879650255
0.51033659776863
0.5109242854707161
0.5099679725299922
0.5104185403337893
0.5104382882284261
0.5100857147923638
0.5094794403692713
0.5095802798884047
0.5106990812394592
0.5099547520628436
0.5102504021003258
0.5097108348784898
0.5101766688963092
0.5097759278260949
0.5109739920981964
0.5103430733826458
0.5094727787616949
0.5105677056394546
0.5104160785404315
0.510360686760903
0.5098881533220949
0.510390340786715
0.5104223682357731
0.509998592207012
0.509913331454286
0.5101227515330957
0.5096918694207273
0.5102239806285159
0.5101001744659411
0.5102246313914832
0.5099907769553198
0.5099419195319563
0.5093896255415786
0.5104726305936695
0.5099961322994717
0.5094234816466924
0.5090613234807098
0.5100777710098932
0.5094565260711668
0.5097801097232837
0.5097950708127612
0.5105118714985964
0.5101145389936625
0.5096350154205037
0.5100061534178546
0.5094951183263803
0.5104345136381273
0.5107514074386037
0.5094389435124961
0.510041792603215
0.5100396673770493
0.5099416398602815
0.5091955994174487
0.5098389411351056
0.5105401867692351
0.5092797178576002
0.5091650964473188
0.5094903775527805
0.5101641003183137
0.5103594852702827
0.5101362676196001
0.5095168870703334
0.5101510262903746
0.510471166992031
0.5103303151566883
0.5104603949590023
0.5106633407652846
0.5094783738398078
0.5098655125948547
0.5094869352464052
0.5098323086605578
0.509766256865642
0.5108441801967479
0.5098479072894986
0.510595941941546
0.5094856030543917
0.5101413269177276
0.5098109317552887
0.5106646165041341
0.5102568597220342
0.5097007899087806
0.5105844970551182
0.509880824238286
0.5090581505645635
0.510080196638828
0.5106287727909462
0.5090965424658462
0.5094329134247961
0.50995044103515
0.5097800490642145
0.5107628836460814
0.5098060725349484
0.5099902389107852
0.5096949299947204
0.510552108054838
0.5102984075458562
0.5091738933376888
0.5104601759573707
0.5110008899724696
0.5098780123220539
0.5095591334476914
0.5105768568248878
0.5095482061734022
0.5101989302373332
0.5099061535687368
0.5098707972810738
0.5099696503975267
0.5096768360584142
0.5097100621850862
0.5098296065398217
0.5104898443532454
0.5098676783057271
0.5105290847818493
0.5093309066259337
0.5104718887503066
0.5099331467863004
0.5101255102025064
0.5100739046130106
0.5097115616912663
0.510027269449413
0.5094904386661592
0.5099954887713507
0.5102187946955508
0.5099538346997693
0.5096443011429527
0.5104993473421491
0.509559450392864
0.5107377045976598
0.5091656315547952
0.5098205873930792
0.5097081141306871
0.5106266831027373
0.5101886344071918
0.5096427994451043
0.5090831135022034
0.5097921216558805
0.50959840360291
0.5105986767132543
0.510004689600974
0.5096439206946962
0.5100767639041729
0.5089786912511798
0.5108762987950044
0.5106803935931821
0.5103137811797143
0.5103428033972328
0.5100906882480396
0.5103813354057675
0.5099256791577755
0.5101897965810666
0.5104687502030129
0.5099141973030377
0.5105678278003669
0.5102252262194481
0.5094520454353886
0.510114627927505
0.5102466485830203
0.5101134205487741
0.5098772829774019
0.509847850379983
0.5110751285536915
0.5106974017093555
0.5109016109286763
0.5092205006160142
0.5098900942244253
0.5099575149829594
0.509508240265974
0.5101687780389944
0.5103551370822599
0.5104960427273932
0.511139572407256
0.5105948024594961
0.5095543823917331
0.5092597447430264
0.5102765798325943
0.5107373691327152
0.5096285938646399
0.5097591008269109
0.5109303228682729
0.5097739642023412
0.5097334727864763
0.5097145258239695
0.510130907112256
0.5099767341404055
0.5105046974823126
0.5101910585025771
0.5101769422635107
0.5098268240946013
0.5098015421281328
0.5110942753230414
0.5108329389992795
0.5098164505880624
0.5092744609402438
0.5103556822643139
0.5104979281322022
0.5099132232952344
0.5097745954005066
0.5105113384631363
0.510310377105577
0.5100506865947316
0.5105838505857083
0.5110140520989062
0.5103316809588241
0.5098561214904411
0.5100398087972886
0.5091887349925549
0.5099248824952656
0.5104819676365875
0.5100835266396853
0.5099059352398391
0.5103204831447831
0.5100597935468045
0.5096092206260285
0.5096667649368408
0.5091294135551565
0.5102082385921113
0.5094362079573569
0.5096594699944628
0.5099613643434893
0.509613442349313
0.5102765429334559
0.5099567328244399
0.510838827847692
0.5092727431757813
0.5107059873046229
0.5105453963987765
0.5100347928835203
0.509645115764378
0.5102972687359426
0.5107217576023392
0.50995330820299
0.5093514836736112
0.5103910773790035
0.510001811836194
0.5097466971526223
0.5104850672198148
0.5090616267001458
0.5103327047355084
0.5100952931036729
0.5099580295023354
0.5108485724563722
0.5097392975069726
0.5102609102612051
0.5100767253553887
0.5101569972950951
0.5113086138237107
0.5099797987921724
0.5108061279283735
0.509743904754242
0.5101096476569305
0.509203838182317
0.5099565688509049
0.5095888489004028
0.5098638150406837
0.5098141639429832
0.5103405414858981
0.5096260932276362
0.5094682851391704
0.5103128312223458
0.5096829259065792
0.5103252995605493
0.5102335676476041
0.5109658323098524
0.509964969799422
0.5106381316465964
0.5095974912346007
0.5094879963315427
0.5096042552621777
0.5089760802262744
0.5105597658962507
0.5095597905651247
0.510151439705852
0.5103751172005959
0.5106269778460628
0.5096773469876914
0.5104098910301222
0.5105255441556438
0.5098018770263367
0.5099659121119873
0.509506364805265
0.5101097548993397
0.5100338314919836
0.5098205785736145
0.5102704524866611
0.5105695928522799
0.5105359622295534
0.5101444541626051
0.5101235566858444
0.5094089155691899
0.510350385023329
0.5092880934487545
0.5095444096629198
0.5094959459160273
0.5102951818645998
0.5101313024770296
0.509352860101605
0.5103253599102519
0.509591189578936
0.5103873227299847
0.5112047463739557
0.5100314984128567
0.5100899973047335
0.5108400022529758
0.509177250298617
0.5097461203171691
0.5100790924781311
0.5100750918905961
0.509984201979307
0.5100468014573358
0.5101564412824058
0.5108443884399214
0.5100721816255575
0.5101086597149727
0.5094607742266297
0.5101796076700952
0.5109679257887911
0.509511494565492
0.5100125426664558
0.5098085682306243
0.510108290018353
0.5105310199372673
0.510146440049857
0.5092330840422604
0.5094134230555905
0.5098058684051789
0.509501423151506
0.5102914616613381
0.5098088007064813
0.5103457367299767
0.5090252650312699
0.5108863002290709
0.5100164244620033
0.5095661530795254
0.5100556885414883
0.5091715773719987
0.5091588370796135
0.5096153274393611
0.5102947620662219
0.5091816737177007
0.5100663223712755
0.5105695218296333
0.5105535768098615
0.5097340947094292
0.510430289266625
0.5102895079906589
0.5098466094386281
0.5104680096198843
0.5096096273712502
0.5099764295456019
0.5101662934187211
0.508884014900601
0.5089222681175001
0.5106219801512947
0.5089831554282425
0.5095579207659396
0.5100549902714504
0.5110059042065944
0.509620437603414
0.5094129459073591
0.510481559582646
0.5100750972690282
0.510153639136572
0.5102725484988437
0.5092669796317663
0.5095274884525454
0.509616259171978
0.510531912797201
0.5091364899116559
0.5100304816098016
0.509971693553013
0.5102754027749722
0.5097777243687924
0.5104873831853602
0.5102257573143614
0.5101932228514622
0.5102622510574596
0.5097233491928623
0.5092923377305307
0.5101377126888276
0.5105333147692069
0.5093997111469112
0.5102822765595876
0.5093259847216212
0.5100069345855441
0.5101173661107968
0.5102664854846307
0.5095351933427471
0.5107004536015691
0.5099561762645015
0.5102049309381301
0.5104789752473282
0.5094172844545999
0.5095612938958995
0.5104104486041681
0.5097481980443186
0.5102569618854762
0.5103732438289308
0.5106281443389289
0.5102570746190506
0.510768692147321
