0.6509973397808171
0.6509928787337741
0.6509819333146396
0.6511493501899375
0.6509176257876041
0.6511432450400702
0.6509134307624955
0.6510971358089879
0.6512303539770097
0.6511443797312151
0.650980347021366
0.6508395710915219
0.6510544705391605
0.6511223685001182
0.6509732766225828
0.6509278198564898
0.6512054462803085
0.651056936084734
0.6508564342072767
0.6508169565714524
0.6510945575812639
0.6511156435006442
0.651044064712984
0.6510200438082341
0.6508859821340721
0.6509514505350602
0.6509471006600298
0.6508721083151512
0.651211944782714
0.6512203066876481
0.6509034172727595
0.6509294370830546
0.6509308978989647
0.6509884114916935
0.6509719058989667
0.6510313621206196
0.6511149368556798
0.6510390380355748
0.6510582916018803
0.6509633030094741
0.6511188837830653
0.6511513775072997
0.6507932598354575
0.6512276242293416
0.6511973931997179
0.6512242924111562
0.6511201631057608
0.6510339472492972
0.6510847716242951
0.6510453332386968
0.6511736209456149
0.6510213261887705
0.6510604057777787
0.6510441659564685
0.6508565052681101
0.6512986874868032
0.651179188191698
0.6510159467336529
0.6511259284988334
0.6509878953445454
0.6509590792805707
0.6510934265739985
0.6508877947758642
0.6511934739247399
0.6510831801611232
0.6510438771497913
0.6509862603149883
0.6508631470187135
0.6507750240430968
0.6510510096086184
0.6508924895391778
0.6509397921111797
0.6511277742688695
0.6508581469813484
0.6511365727524734
0.6511647361875185
0.6511054344579571
0.6511609759915268
0.6511949474003125
0.6511211751955375
0.6510711851065678
0.6511411162079703
0.6509975315580343
0.6510823399554143
0.651157437046287
0.6509632987293157
0.6508956588164312
0.6510486172078304
0.6508887244573152
0.651055345391277
0.6507946724928944
0.65099395009289
0.65108558774143
0.6509405772432383
0.6511156258734321
0.6507969502206838
0.651089674845738
0.6509507591956925
0.6510754130720665
0.6507669390249493
0.650955438434727
0.6508959284309339
0.6510926868464083
0.6510411162082258
0.6511832693317502
0.6511864458446981
0.651119050415
0.6510928363991162
0.6509922776589262
0.6510606941809177
0.6510496764739093
0.6510257470024063
0.6509470101760586
0.6511900556850461
0.6509318536772296
0.6511758920237671
0.6510370522933671
0.6509398475770631
0.6507752038954332
0.6512619323379942
0.6512367926726026
0.6512909270894909
0.6507179863350423
0.6511308450366553
0.6510687302340372
0.6511650114245637
0.650961293477401
0.6511741609346487
0.6513943501131734
0.651145667511711
0.6510530297609216
0.6510813063611205
0.6509923300576383
0.6508075368893221
0.6512651411692605
0.6509536746128647
0.6509078368298894
0.6512666541138328
0.6509784070244802
0.6511338704650125
0.6508191047526357
0.651006414428576
0.6511614807359386
0.6512096058933297
0.6508850887986584
0.6509713994809732
0.6510066351937607
0.6510691358607427
0.6508607413673437
0.65101128291604
0.6509551530232008
0.6509380445573302
0.6510516044109911
0.6509949224573516
0.6507787085590617
0.650888502746904
0.6508224303410821
0.6510712908270956
0.650993587275323
0.6510425823422866
0.6511835378061008
0.6509935474572119
0.6507875841338464
0.6511882568964869
0.6510198479544881
0.651034459296068
0.6512008548938907
0.6511392086879334
0.6511054430019754
0.6510337469652605
0.650995559117628
0.6510535468592462
0.6509973996011363
0.6510160376936682
0.6510514424747046
0.6509850296123267
0.6510204628161942
0.6510299184419926
0.6508915107126969
0.6510564704165661
0.6511910384909798
0.6510334694484801
0.6510654009861154
0.6511765670071643
0.6510897114626049
0.6510574251435435
0.6509006763897311
0.6510028919518394
0.6511324587909885
0.6509783535828496
0.6510623967850433
0.6509465815417903
0.650956180719063
0.6509443603354464
0.6510213976292757
0.6510181075632143
0.6510699849215358
0.6508844074077121
0.6508572132137918
0.6510510253303051
0.6510334713041094
0.650807681724582
0.6510741218152939
0.651187377107724
0.6508586867024904
0.6511719131076481
0.6507928351078006
0.6510754457169247
0.6511157401185801
0.6510101371167846
0.651002395010361
0.6509197095037096
0.6509973609398401
0.6509562858573141
0.650867786771682
0.6511157217342074
0.6510890627814153
0.6509384912072751
0.651044060996297
0.6509799023627285
0.651049348930164
0.6510453558651336
0.6510447203327823
0.651012902551473
0.6509457069618906
0.6509934157264994
0.6509472748147334
0.6510410136681437
0.6511003443178862
0.6511719208234845
0.6510819182261282
0.6510060276304306
0.6511657705210194
0.6510253431950687
0.6512475705522109
0.6511982164909953
0.6509376143479071
0.6509593108692358
0.650971869335965
0.6508625436534543
0.6510052904188467
0.6511916080620737
0.6509874672163243
0.6512288305501416
0.6509808066597529
0.6509123028899093
0.6509839121662281
0.6511453646136001
0.6508623981604678
0.650925685993204
0.6509910883200468
0.6509011306438444
0.6509975883898471
0.6507004315568297
0.6512225648769299
0.6507820868062579
0.6511424917442954
0.6510732725648651
0.6510434885543127
0.6511653801618249
0.6510305724771621
0.6509706539268474
0.6512078600421202
0.6508613115367079
0.6510792387567959
0.6511886040208879
0.6510623105875544
0.6510777190712782
0.6512155636313947
0.65095061431097
0.6509336684082112
0.6511876260743505
0.6509616349443458
0.6509243042098163
0.6509702904915184
0.6509418851647099
0.6511974107545444
0.6509912241696167
0.6511826829498187
0.6511218287131055
0.6510189613047344
0.6510985911932279
0.651185872075417
0.6509021061242827
0.6511324565752374
0.6509670703747004
0.6510475002654537
0.6512537050875788
0.6509778740907859
0.650993736063905
0.6510314278440165
0.6510698716452823
0.6509262928357481
0.6512205743463527
0.6509933718996046
0.6510865446892389
0.6508786300304278
0.6509610290856531
0.6509315876633384
0.6509477357138083
0.6510451957896747
0.6509512532255086
0.6509460692725608
0.6510136537541469
0.6511762069484606
0.651014643197952
0.6508288460049745
0.6510912845610564
0.6510401093882928
0.6510009823727282
0.651126146367971
0.6511216113257745
0.6507816762592138
0.6509902170252005
0.6508591328367215
0.6509279922786045
0.6510063767888674
0.6511024837206631
0.6510915986772167
0.6508928736762747
0.6511949090712582
0.6510775127084636
0.651002227623867
0.6509324241315773
0.650977668030128
0.6511424904089361
0.6510128986175852
0.6512629739778462
0.6509589538038612
0.650971088561365
0.6511776644110181
0.6511881112098483
0.6510517842787799
0.6511600635702439
0.6511010870926041
0.6512208499915942
0.6512354084833547
0.6513244123235796
0.6513270353202445
0.6510843550057257
0.6511910038137214
0.6512665872114326
0.6510646674873797
0.6510310461136934
0.651101158847649
0.6511446694888249
0.6512713457973187
0.6509760472914143
0.6510527082284561
0.6509864477918839
0.6510264032804555
0.6509731233825007
0.6511474318289974
0.6510205071661588
0.6510807759100781
0.6509240872834894
0.6511189867598355
0.6510002690620359
0.6509828144838297
0.6511208843143292
0.6510867342121356
0.6509647508141652
0.6509124842947953
0.6509895458320487
0.6510640326918663
0.650925789476914
0.6509787807225856
0.6512080569441387
0.6511762047493146
0.6508547514170953
0.6509625753308113
0.6510719273869354
0.6510409834709933
0.6511490948946108
0.6511758104547523
0.6512603938735246
0.6508751401781783
0.6508378839402039
0.6510912747071795
0.6511065416861554
0.6508516288409849
0.6512137519886447
0.6510201472795417
0.6509493043341026
0.651109894939395
0.6509591063649653
0.6509285436825525
0.6508842013448641
0.6510317251670306
0.6509880296883176
0.6508868497962159
0.6508745096542967
0.651202233571275
0.6510819404420063
0.650948356643356
0.6510068887751914
0.6509565995916247
0.6510621648004769
0.6509655615335883
0.6511023609908257
0.6510489907208017
0.6508778901483405
0.6509223600496723
0.6511635127610051
0.6510647890847633
0.6510295997006152
0.651046150057837
0.651119637437618
0.6510903696101207
0.6510109050548599
0.651093945082011
0.650856588357466
0.6510979824068654
0.6509601605579072
0.6511286308432948
0.6510744842962509
0.6510988812605853
0.6511204665351926
0.6508950466902419
0.6510457242424881
0.6511081834031666
0.651037395427311
0.6509928305478363
0.6511756689684062
0.6511214308134075
0.6508403173426638
0.6511524993565506
0.651072679315736
0.6507243082852137
0.6509390630998149
0.6510418107392819
0.6509529791193518
0.6510630553168748
0.651111584269519
0.6508027079352783
0.650946368737878
0.651144526355257
0.6507993397802285
0.6510336764596321
0.6511373710599728
0.6509050828006426
0.6509400884834031
0.6510134881349454
0.650939016099322
0.6510424833482131
0.6508768712191813
0.6510109015973271
0.6508377995249104
0.650904685843211
0.6508945963863919
0.651106425815331
0.6509147835063253
0.6510003586188882
0.6510531176890297
0.6509034533308837
0.6510011979452283
0.6509707143001306
0.6509170134144042
0.6511224898056325
0.651114593729194
0.6512030350918154
0.6510427149881542
0.651067499300188
0.6509186183315684
0.6511132395290948
0.6509955987154866
0.650934055103739
0.6508754692532338
0.6511773840118
0.651146869020047
0.6511179492850143
0.6511180092538744
0.6511272534925521
0.6509343467561663
0.6509969041872384
0.6511637122362186
0.6509005669869561
0.651296106318096
0.650897653071068
0.6509115900974843
0.6509131870116858
0.6512058890036645
0.6510787424360267
0.6513100586778818
0.6511308874206772
0.65118351647441
0.6513124996886476
0.6509573593708762
0.651052344087576
0.6509711994807525
0.6509262587463451
0.6511111634862157
0.6510140675543936
0.6510697247586585
0.651020377262409
0.6511162625485437
0.650941002002104
0.6509304477453508
0.6510644840316611
0.651063561346325
0.6511573848124137
0.6512359236399842
0.6510359420986844
0.6510488773433287
0.6511240262398812
0.6512116177170164
0.6511098171540813
0.6510537682910965
0.6511699645187686
0.6510961094624853
0.6509444916271809
0.650859153047224
0.6510838280842896
0.6510668968420017
0.6509099251594952
0.650986717890506
0.6511987396839343
0.650978648691146
0.6512591002485004
0.6509726766901442
0.6509973438051919
0.6509688705520827
0.6509437450547135
0.6511356944837818
0.6508385691461519
0.651050180701498
0.6510197799144262
0.6511577730837914
0.6510375356574805
0.6512544691102017
0.6507749001042469
0.6510989217048573
0.651157447633408
0.6507796105764219
0.6509187324050231
0.6511325276591607
0.6509789793344479
0.6509326779248997
0.6511866652643384
0.6509914006092588
0.6508391885932225
0.6509386703167614
0.6510164101964048
0.6510125819412129
0.6508548218554481
0.6508562818976623
0.6507907859671487
0.6511107240337393
0.6509828175465797
0.6510315768300323
0.650933234214949
0.6508593002294404
0.6511682213543464
0.650806153433227
0.65104432711431
0.6510213954578474
0.6509691979139817
0.651139378992446
0.6510586551657143
0.6509219264059238
0.6509933680062341
0.651247618493743
0.6508121539251632
0.651237192923527
0.6507650815669596
0.6512401016478618
0.6511117382014979
0.6511013560299294
0.6510883977160905
0.6509875142530108
0.6507863112511041
0.6508686141083587
0.6508859643407644
0.6511612841509714
0.650977670907817
0.6511578571311536
0.6510976959124002
0.6509237942045161
0.6509059805229007
0.6511225427623286
0.6511891090979528
0.6508539861778853
0.6511023861571497
0.6510480093342924
0.6509940043754985
0.6512057685768071
0.6511084497934627
0.6510425644404966
0.6509896201451593
0.6508666392454405
0.6509434503969578
0.6511116026066066
0.6510908526399855
0.6510239665626054
0.6510373414708447
0.65092038082612
0.6510263981670286
0.6510077168047168
0.6511285175152576
0.6512090255993169
0.6512081255191593
0.6511333743923872
0.6510671156710572
0.6511290744909725
0.6509511571410717
0.6510934832357038
0.6510409787886928
0.6510644751931622
0.6508427146493911
0.6510159534600618
0.6511328443172846
0.6508281063029049
0.6511055614610076
0.6510167390563636
0.6509842062181205
0.6510230235464558
0.6508508241514388
0.6510266391705246
0.6512066815543356
0.6509870541148657
0.6510666497865254
0.6509773912008143
0.6509632390457638
0.6510488577377878
0.6510186391998014
0.6511567710520145
0.6509570791479853
0.6509307876770112
0.6510501086967246
0.6511571771742242
0.6511195936959357
0.6509464976239439
0.650813931763101
0.6510544877588287
0.6511210159788885
0.6508753858678229
0.6509855317363417
0.6511619384154648
0.6511800026627916
0.6510781593681685
0.6510040940102688
0.6510345451133002
0.6510118678991659
0.6509318380638587
0.651036307316083
0.6511397846320551
0.6510451679800326
0.6508843372523682
0.6510445098307459
0.6509329614637549
0.6511479975544003
0.6510662542546639
0.6510405061725282
0.6509011017019979
0.651070348663439
0.6511541388476912
0.6510839112213874
0.6509790729819653
0.6511693879056937
0.6509579674340442
0.6508197201107258
0.6511719557541298
0.6510826363221288
0.6510729941561545
0.6511823645646821
0.6511860603296057
0.6510106468411627
0.6509755943512372
0.6507233282728795
0.6511090373408182
0.6509180501185071
0.6510908416467325
0.6512627901896575
0.6511709501525749
0.6509364028693452
0.6511489190639005
0.6509582257307559
0.6508419266045516
0.6511668761821621
0.6509631105208373
0.6510489961583836
0.650894336459215
0.6510345513347149
0.6511180559002341
0.6508846260257124
0.651191174875761
0.6509651774027934
0.6511056199861138
0.6509575666161999
0.6510287888083889
0.6508800313482366
0.6510933414986824
0.6509722056726517
0.6511465823715188
0.6509628116594719
0.6511134021457483
0.6511569259175436
0.6509964017962385
0.6509351967871431
0.6510759432927722
0.6509226888018282
0.6510250606810064
0.6508926769493512
0.6510315009948751
0.651063334959475
0.6509261518643981
0.6512190874612889
0.6510377314591083
0.6509936032489549
0.651024948856626
0.6511129792717878
0.6510190767919148
0.6508388513702322
0.6510626310695025
0.6508945698342228
0.650934428672749
0.6511753391469973
0.6509321919473774
0.651060597808345
0.6511040988706445
0.651305285833679
0.6509270188701912
0.6510483457299566
0.6510321969169511
0.6510855687205241
0.6512176570077381
0.6508321530710367
0.6510651423585421
0.650932862246977
0.6509296825629982
0.6513046618318731
0.651113414706453
0.65083265978362
0.6511647134551135
0.6508846328739042
0.6508598415336825
0.6510176488440889
0.6511229590050855
0.6508741571061553
0.6508784963718872
0.6510896881350594
0.6510581913833979
0.6510962605713468
0.651220137521593
0.6509069576537565
0.6511158707850127
0.6511265138308362
0.6510288173769736
0.6511513457103267
0.6511166746132677
0.6510894472303519
0.6510288168727559
0.6511429424920177
0.6509423455631684
0.6509689948151576
0.6509430027970047
0.6514302131428276
0.6509345259789706
0.6509682844755139
0.6510596273283157
0.6511813837907594
0.6508246288568988
0.6509752472468338
0.6511179370936746
0.6510924278902835
0.6511210157805811
0.6511554034897057
0.6511345392710767
0.6509680960726121
0.6509554854567148
0.651017156949983
0.6512165234490085
0.6510265324076319
0.6512405109292876
0.6510177665745157
0.6508408195607926
0.6511667850921179
0.6510454461959744
0.6507526404067951
0.6509406373803
0.6511634719450392
0.6510228076155904
0.6510420348836408
0.6510497915297406
0.6510440914763641
0.6511650901674387
0.6511816323474864
0.6512172685288666
0.6511695126672247
0.6513016728594491
0.6510497048216592
0.6509451711075238
0.65111706223649
0.6509675993575466
0.651250384690988
0.6508673579027975
0.6510339679251462
0.6510216752849007
0.6511613999819034
0.6510482383863587
0.651036462646441
0.6509060569661889
0.6511150978306015
0.6510843956183037
0.6509611066427872
0.6511338193459653
0.6510574065115448
0.6510318782941905
0.6507696453833327
0.6510018426021191
0.6508590517360723
0.6511455672590828
0.6511416941862906
0.6510118787880657
0.6509837890314041
0.651091120205924
0.6510650609082094
0.6509981461918011
0.6509792946945553
0.6509568213693828
0.6509042848528903
0.6511050038771564
0.6511612964006709
0.651066345008195
0.6508450135838759
0.6509599017135395
0.6511193775501778
0.6509055637678814
0.650934081483244
0.6513379095265742
0.6508918147743333
0.6509954993492484
0.6510507495038776
0.6510197190093578
0.6511160224514907
0.6510896638000576
0.6511287138874067
0.6513415263626967
0.650985427764583
0.6510708129200039
0.6510881204989858
0.6512773027443475
0.6511446766524049
0.651024611382377
0.6508903502324426
0.6509216177455954
0.651173423574351
0.6510302078765309
0.6511461426253633
0.6509138100287883
0.650918980421746
0.651055193133685
0.6508560020549627
0.6509801794797694
0.6508615262685584
0.6510644373480262
0.6510270431789749
0.6509567906684386
0.650878234602074
0.6510265091317619
0.6512031640513255
0.6508640614144685
0.6511122887058325
0.6513150002606828
0.6511709283292508
0.650972727557412
0.6510883304886412
0.6509411043591367
0.6509777443301025
0.6513626468504783
0.6510693010454631
0.6510181674535698
0.6509520609243508
0.6510496542118542
0.6511791369080617
0.6511319601914511
0.6511489422428858
0.6507915794820898
0.6509366900967599
0.6510216984417718
0.6509725804972415
0.6511641845813343
0.6510323824335498
0.651129715007593
0.6509178411461167
0.6509920124826128
0.6510102201780973
0.6509111037893227
0.6511129520672212
0.6509201101754416
0.6511206756032633
0.6508847756094325
0.6510139205597361
0.6510986327518338
0.6509387236635111
0.6510166408775662
0.6511748292706793
0.6512406412328354
0.6509972759690965
0.6510889742475738
0.6511795784069193
0.6508993438501723
0.651017803782719
0.6511718284636631
0.6510375994649267
0.6509119571589272
0.6509645087849382
0.6509186341748263
0.6507116947841238
0.6510659611787528
0.6510811190910921
0.6510040634717977
0.651001719665962
0.6507956006356521
0.6508569624949749
0.6511636772815852
0.6511473722612293
0.6510795095164481
0.6509707731942673
0.650891132811903
0.6509797815084934
0.650873738593583
0.651050331501121
0.6509413806097483
0.6510572794000397
0.6512606427591219
0.6509651740158542
0.6506944589331202
0.6509369533814522
0.6509714760057892
0.6511085828737394
0.6509922608774646
0.6512301784007479
0.6507305135998983
0.6509899145538338
0.6510070147101614
0.6509993444567388
0.6510923300500027
0.6509170262971049
0.6511769709021685
0.6511485984811313
0.6509417133330206
0.651179656260203
0.651087229708369
0.650886513569475
0.6508999153270408
0.6509727528971245
0.6510303967305702
0.6511125039839069
0.6509826660700241
0.6508443509795057
0.6511869208677892
0.6511229365828741
0.6511302162439003
0.6510993236355765
0.6510252459248467
0.651107796256504
0.6511323335800596
0.6512918514294563
0.651006828774276
0.6509618659950928
0.6510323999561903
0.6510712691281935
0.6510201188737296
0.6509637295454
0.6510052567227307
0.6510223976080642
0.6513026025459167
0.6510161815150166
0.6510785772025031
0.6509725782244791
0.6510568681502917
0.651183603231603
0.6510312323382735
0.6508597851243443
0.6508796017420951
0.6511396223491042
0.6509344471236345
0.6509458543138783
0.6511370284795306
0.6509732655212679
0.6511408928579738
0.6509189777064935
0.6509722477639833
0.6510972914313737
0.651129365179292
0.6510729125785971
0.6508101600565509
0.6511206585595588
0.6510646479070217
0.6509088275300126
0.6507861634780805
0.6510737670138016
0.6508209479547449
0.6512096478008108
0.6509342335289621
0.6510005634670055
0.651028559193788
0.6508256665597351
0.6510023571930234
0.6510525489471725
0.6509393929375751
0.6509673388376548
0.6509691175311649
0.6509425544362403
0.6510202902067953
0.6509042572394466
0.6508573360735385
0.6507672314895079
0.6508879499991918
0.6511080476070061
0.6510925254742388
0.6510784589760593
0.6510807904046336
0.6511697143920607
0.6509987840574258
0.6509946493422911
0.6508126257481461
0.6510904352523693
0.6512265068274723
0.6509970049399498
0.6509415720594705
0.6510064471950655
0.6509562403126077
0.6509870989760457
0.6510977183135382
0.6511552026865219
0.6508241729286022
0.6510157336772124
0.6510910947379143
0.6511400943160346
0.6510944619568224
0.6509539585357498
0.6510409983280803
0.6510167592051923
0.6511254017230129
0.6509463216298237
0.6509713537081805
0.6511639672507912
0.651011870269562
0.6511155523061063
0.6512118380459256
0.6509972657494034
0.6510781926574791
0.6510614929848366
0.6508520316807227
0.6510501887660917
0.6510696359989812
0.6509149459716919
0.6510684296074185
0.6513371035319055
0.6510262030807955
0.6509816618253245
0.6512695555129467
0.6509548702956015
0.6509408607764139
0.6511120424136012
0.6509739744714866
0.6510500149197711
0.6510456044369076
0.6511019368915509
0.6512633794812152
0.650991088721278
0.6511914737017099
0.6511238335869634
0.6510930234346586
0.6508118404578321
0.6510816747631267
0.651184499030339
0.6509355183017338
0.6509992754342689
0.6512131685835438
0.6510745147169176
0.6507497673683675
0.6510108011650656
0.65114290896638
0.6512299269478745
0.6508850767537171
0.6510186944343432
0.651100009935264
0.6510269012068991
0.651199488823192
0.6509170004301306
0.6512550804936676
0.6511483169651742
0.6511403268334999
0.650944687948993
0.6510391239398152
0.6513684573581233
0.651155736217484
0.6510052874580101
0.6510023769339415
0.6511967746627445
0.6510190244770366
0.6510179723734174
0.6507720072298868
0.651146166589596
0.6511440365124465
0.6511099219700304
0.6508733957404371
0.6509833607473827
0.6509604336902517
0.6509352191882387
0.6511937069374524
0.6510823137043337
0.650909423611008
0.6510244354924717
0.6508743862236417
0.6508831981206573
0.6508619991929236
0.6508897206501981
0.6509945715507905
0.6511457437979239
0.6511785279796817
0.6511275261182228
0.6510263228694397
0.6511326767671322
0.6511197924647352
0.6510291182214475
0.6511858168531345
0.6510531991809866
0.6512453035553456
0.6511349475970716
0.6511970804525775
0.6511009729960866
0.6509978731573993
0.6508783930624427
0.6511685056035512
0.6511560739851878
0.6509183199339306
0.6511519195361083
0.6509924088476876
0.6509367681468958
0.651012634403648
0.6509196378068074
0.6510125252205803
0.6511097918952051
0.6507806467006996
0.6512162814191442
0.6508261186303312
0.6509635964397915
0.651312810310732
0.651044661636382
0.6510414330240046
0.6509902987118517
0.6511402025628559
0.6510316169620988
0.651226405154811
0.6511585420731358
0.6511212849767323
0.6508441553498343
0.6508960382979485
0.6511528133959299
0.6510027867661446
0.6510584131964612
0.6509943531759239
0.6510482042315939
0.6512531661933152
0.6509920508285365
0.6510763904884523
0.6509195538220173
0.6509779505190749
0.6511302738024523
0.6510114257764381
0.6510585853158652
0.6510246146155383
0.6510008955386051
0.6510711703004487
0.6511876417732403
0.6511149809109948
0.6508380388259478
0.6508670798619718
0.6511598517045807
0.6511338628671157
0.6509594248523974
0.6511557409452711
0.6510722868845734
0.6511183106244259
0.6509493605625027
0.6509982127071264
0.6508568542603179
0.6509837924235724
0.6509574911782122
0.6509291468342943
0.6510280597184748
0.6510964387403324
0.6510826661871356
0.650921395003732
0.6509113437240724
0.6512338702487175
0.650918444519529
0.6509647456963819
0.6507072988717777
0.6509894827273588
0.6509740323964318
0.6508996269726031
0.6508551411905834
0.6510554840897733
0.6510645699765258
0.6510520959999724
0.6510119102188026
0.6511053710654913
0.6509430829575322
0.6511173416728865
0.6512065296808993
0.6510292523974635
0.6510282791629153
0.6509858235529228
0.6512136541571518
0.6510467322403163
0.6510224140353078
0.6510757261759043
0.6510063351389535
0.6511310874984213
0.6510839095604267
0.6509543095599021
0.6511873251698663
0.6509768544602749
0.6509875239374802
0.650995693484616
0.6511099626739874
0.6510205432491808
0.6510063145204148
0.651276864863915
0.6510079845827988
0.6510488523536113
0.6509779414508694
0.6509969475535227
0.6510981696626348
0.6509473909966983
0.6509743195050615
0.6511728642924068
0.6509338433376974
0.650799668562287
0.6509600431743868
0.6510271889715755
0.6508067546131546
0.6507946419961197
0.6508816281780502
0.651031028620237
0.6509888550233971
0.6510785139684082
0.6511251971995625
0.6511682353959838
0.6508581762307546
0.6509937340796226
0.6509781350129219
0.6510677604197362
0.6510282944751347
0.651071557410456
0.6512344705719979
0.6509347836706965
0.651225069431882
0.6510864077042674
0.651190797118179
0.6509131129838153
0.6510939429229123
0.651123354190815
0.6509794225273753
0.650941202137086
0.651011510845132
0.6509536914533802
0.6507982036497031
0.6507058689874685
0.6511138831851956
0.6510108668866664
0.6510884917743716
0.6510902923865425
0.6509087489954285
0.651109189550909
0.651038244763049
0.6511208108337964
0.6511039362636959
0.6510086024987232
0.6510795192855708
0.6512097774409344
0.6509309652493969
0.650935579131309
0.651117061295887
0.6511112880502719
0.6512018791819134
0.6509437402905849
0.6510705377244181
0.6509520063459804
0.651088978445701
0.6510608543837038
0.6512407358532227
0.6511061324053182
0.6509204171789329
0.6511259143678783
0.6509643064973263
0.6511634936512882
0.650899354394193
0.6510759929376715
0.6512507126687642
0.6510739052232299
0.651053254059021
0.6510375694933555
0.6510838644066381
0.6510525617904147
0.6509565841993336
0.6510434020042735
0.651056538139438
0.6510769075416231
0.651077200773684
0.6509590836109946
0.6511504473640372
0.6510142938325314
0.6510806852984459
0.6509921183591725
0.6511267541051902
0.6507808965787225
0.6510485032347213
0.6508498101710793
0.6510620031558743
0.6511263770291431
0.6507093151988931
0.6511229313115475
0.650959352421145
0.6510167796666786
0.6511863870322199
0.6510475583924387
0.6508163754104997
0.6509935570717982
0.6510299977250456
0.6510240388404804
0.6508130125729117
0.6510944316552327
0.6509316979963796
0.6511309241146138
0.6511011503402699
0.6511585389402786
0.6510928587584983
0.6511953138572737
0.6511272253526561
0.6509613736164892
0.6511358576318331
0.6511308121819017
0.6511106717984065
0.6511453110132233
0.6511641694983813
0.6511308114189465
0.6510532753088609
0.6508581216877589
0.651112277270091
0.651062572638459
0.6508252569394968
0.6508506554429583
0.6508826324925244
0.6508840760898512
0.6510404474254079
0.6510548520407055
0.6512205453566563
0.6509672995882521
0.6508734890650468
0.6511258281044182
0.6509936421253228
0.6510583355906407
0.651122436944251
0.6512507661475107
0.6511358582972582
0.6509169638983011
0.65110523471688
0.6510983768078571
0.6509785141890148
0.6510168491202715
0.6510166691775647
0.6510560030071377
0.6508842021152859
0.6511940602937021
0.6510556411331244
0.6511218828774772
0.651016983153296
0.6509432639624726
0.6508184284631602
0.6510629329313307
0.6511429070446493
0.6511723505744129
0.650916819097114
0.6511871856664377
0.6509800209486521
0.6508517318440301
0.6512078274432695
0.651042799921163
0.6510976048091504
0.6509449158145248
0.650979461311711
0.6509657423435322
0.6509211366356693
0.6510236315759204
0.6510813508368658
0.6508964528278706
0.650987888927294
0.6507712069555329
0.6512875433381677
0.6511455674630124
0.6510948995483821
0.6511112746832743
0.6512891939452259
0.6512876709532873
0.6509666799659461
0.6510763262882988
0.6509616816559034
0.651063729494278
0.6510631626102366
0.6508942277585563
0.650940516259689
0.651101404048731
0.651151396334714
0.6510504296537737
0.650935918431244
0.6510442342206587
0.6512226717494115
0.650991745733633
0.6509362232329281
0.6510038077601246
0.6511945871606843
0.6509674493094981
0.6512133090750972
0.6508476530876091
0.6511017121955949
0.651079561486888
0.6511338435097366
0.6509848493366159
0.6510758341609166
0.6509327368361664
0.6509380152369404
0.6511096970345498
0.6510146560460937
0.651257963613463
0.6513616399147819
0.6510249507163826
0.6510207303343605
0.6511628685174579
0.6509253750748576
0.6509180806595058
0.6508822288652052
0.6511399587932154
0.6512641786191312
0.6510601125472459
0.6512939037903893
0.6511628432100708
0.6510029608259977
0.6508811160747362
0.6510830023471992
0.6510783989516271
0.6511205747984469
0.6510451091179699
0.6508431704030003
0.6508194310629591
0.6510454850995478
0.6508821073227277
0.6510687044358681
0.6510152228620047
0.6510122026882335
0.651126825262748
0.6508577985808961
0.6508768818487864
0.6511902465031514
0.6508727980649412
0.651145547571068
0.6510047594271896
0.6511049290681934
0.6509584604903578
0.6508038008444962
0.6510103252676598
0.6511604663046126
0.6508660249585074
0.6510975857066005
0.6510595507186758
0.6511078640493785
0.6510021518185438
0.6510203419974385
0.6511472920133073
0.6510165583366039
0.6511470831664674
0.6510031978199957
0.6512249627201072
0.6510832244376906
0.6510563193866615
0.6511266039597715
0.6510767757658934
0.6510543881526829
0.6511010497991073
0.6511714144967173
0.6511267369242952
0.6509905695872236
0.6512517219529392
0.6512660552780705
0.6509870846678392
0.6511075682967122
0.65090590814712
0.6510838586125949
0.6510628334803975
0.65120727396512
0.6511540300492294
0.6508127442989743
0.6509516736840382
0.6509817048944467
0.6509769497140506
