0.6547299032615557
0.6548711497286384
0.6548578864837782
0.6547869091688938
0.6546945725436428
0.6548903243819635
0.6549474102815502
0.6546916046801983
0.6546118544007162
0.6545999163004959
0.6546490312006006
0.6546612774294509
0.6548798748848123
0.6546533321762738
0.6547151973567447
0.6547164449982557
0.6547388093302573
0.6546556357116327
0.6548812493645502
0.6546392211866829
0.6546730263466728
0.6546625203350711
0.654667545043357
0.6548373839071747
0.6546580397494992
0.6545994626373277
0.6548753208264086
0.6546628807248844
0.6546052723815069
0.6547847426642334
0.654744625442818
0.6548141763679496
0.654944430329261
0.654802321487813
0.6547195934687761
0.6547587022003962
0.6548144025048201
0.6547457114496081
0.6547199861809713
0.6546197864759215
0.6548842834995345
0.6545840208547452
0.654833193088717
0.6548509259333005
0.6546318648306688
0.6545349349770444
0.6548044027358497
0.654672420604673
0.6549100999331112
0.6548267494468518
0.6548229708329886
0.6546184245344819
0.6549229807223002
0.6547348523142962
0.6549877565378635
0.6546169117011686
0.6545749861798833
0.6547636131469297
0.6547049273996544
0.65474292345612
0.6547141754806787
0.6547871896899218
0.6547481325657707
0.654727539897213
0.6547545403689247
0.6548579901355791
0.6549063006968234
0.6547612176071871
0.6546675860173687
0.6544669076077578
0.6547380702433925
0.6548076186762282
0.654624651558535
0.6546819886714363
0.654737093894935
0.6548208689619843
0.6546733980962642
0.654676428265218
0.6546495725772965
0.6547054593274444
0.6546447215146949
0.6546456604320691
0.6547466189138661
0.6545036794590939
0.6549405794835149
0.6544976691671718
0.654699088633473
0.6547215496166787
0.6545936518819747
0.654745404427674
0.6548559546411643
0.6546959332500079
0.6546375553480119
0.654810944848184
0.6548484810200325
0.6546380361518928
0.6547627960534258
0.6547484466510926
0.6548721195387475
0.6546500093582459
0.6544582843891942
0.6544293159215157
0.6546013710744314
0.6548716337514946
0.6547775357095132
0.6548043053063703
0.6547075837461593
0.6545660144270096
0.6548595515977973
0.6547336505383659
0.6546782617091846
0.654634352257419
0.654701121560709
0.6549028712751941
0.6546407937673766
0.6549428733718045
0.6546546653209384
0.6546781810565881
0.6546542921816063
0.654833790882354
0.6546672310456703
0.6548648451687717
0.6548910034059288
0.654840409418409
0.6545814223525455
0.6545525550353702
0.6547442400922219
0.6547157534388846
0.6548029590917706
0.6547295887718872
0.6546490381380345
0.6548255750447867
0.6545917462561626
0.6547494489133311
0.6548186257752259
0.6547650983647302
0.6547635339551968
0.6547667897376784
0.6548471174959902
0.654880414100082
0.6548163490277874
0.6547555901396948
0.6548130399563791
0.6549127281905112
0.654587800213553
0.6547403518916367
0.6548232396137794
0.6546599938996956
0.6545798890595854
0.6546724217760405
0.6547068367036782
0.6546024078746072
0.6546053456022451
0.654709164785143
0.654700327433416
0.6546839410847791
0.6546325543617122
0.6546918809859741
0.6546188694971715
0.6548169199376006
0.6546751650953407
0.6546110983739655
0.6546861391045473
0.6546683079025847
0.6545736827158206
0.6548806414863629
0.6547088577105286
0.654712651584841
0.6548193801406019
0.6547178061802685
0.6546025325951692
0.6546320891456577
0.6547650914508958
0.6548124243309692
0.654642166148584
0.654689708547817
0.6547535827537062
0.6547360601725654
0.6549509064518599
0.654815441798203
0.6548634786067571
0.6546590652878593
0.6545937649072451
0.6547541953266856
0.6548197424056394
0.6545795544779022
0.6545173756139071
0.6549358394394038
0.6546473062943012
0.6546159318217282
0.654660013397169
0.654805432516772
0.654507542804435
0.6547321599902614
0.6547600272502974
0.6546216997871113
0.6547049076705792
0.654655368288766
0.6545574026526944
0.6545525144805143
0.6547231113936064
0.6547015220570787
0.6546557032698734
0.6547527413992913
0.6547682128363317
0.654612795165997
0.6546030216465314
0.6548233275448935
0.6547629474673065
0.6548513930014956
0.6546114250272891
0.6546357853532502
0.6545817523222592
0.6546515817542918
0.6549071100976384
0.6548245280518521
0.6546254571492411
0.6547603648924191
0.6546599637879396
0.6546810823578485
0.6547444415621391
0.6547564277679879
0.654713018237179
0.6546408134012192
0.6546068880567412
0.6547256676921788
0.654866658999844
0.6547409912272992
0.6547056534593898
0.6545860278115576
0.6547729444238318
0.6546591015155618
0.6546457875160843
0.6547447551893124
0.6547907725624459
0.6545532770939476
0.6546857577469583
0.6547503740796102
0.6546166581881852
0.6547602901540006
0.65481810731195
0.6548439882100388
0.6548309313334139
0.6548271302520379
0.6546561084086571
0.6548040529787559
0.65471159183313
0.6547150285334881
0.6546183841467876
0.6546583616899784
0.6545812339659528
0.654637809567111
0.6547244872497605
0.6548080942959589
0.6546152957114482
0.6548131059363076
0.6547207501328605
0.6547874489087351
0.6547715198594689
0.6548204700665659
0.6547816438307296
0.6547642125024724
0.6546022262302068
0.6547725202175874
0.6546450416824392
0.65462443363943
0.6547036109728569
0.6547815642064833
0.6547254680003693
0.6546651706069914
0.6547997003745669
0.6546378293854918
0.6546761493514602
0.6547793713325429
0.6547503929483796
0.6548088482484009
0.6547479678478789
0.6547118406269303
0.6547374174337861
0.6548772907117165
0.6547849325808238
0.6547583351755899
0.6549267448038383
0.6547151886716158
0.6548226428170054
0.6547757525628681
0.6545822869322453
0.65482750613868
0.6548894991604337
0.6548871912624863
0.6546475775249038
0.6547226660336081
0.6546586572177666
0.6548549923848176
0.6548352092471958
0.6546962503509115
0.6546251516100061
0.6547395557976701
0.6546297465671608
0.6547309393630194
0.6547960446137797
0.6546483666227244
0.6546885110627451
0.6546542537044605
0.6548432874570845
0.6547906386046558
0.6546034542784329
0.654717708808723
0.654722613016714
0.6548098343242198
0.654817680638192
0.654759587144552
0.6547314221512383
0.6548328831358687
0.6547981772773456
0.6548779963960047
0.6547448237449595
0.6547205412509725
0.6546852340267615
0.654860999642997
0.6547030095884669
0.6547255495747938
0.6547643040404241
0.6547703239555871
0.6547575486877482
0.6545647518004473
0.6549819870027187
0.6545549455364384
0.6548659575408359
0.654656836771959
0.654685023042233
0.6548620116360392
0.654837648432027
0.6546504129162112
0.6547655609822274
0.6547097286414247
0.654555450266915
0.6547132267923444
0.6547864288234961
0.6547331814545272
0.6547201640288314
0.6547022866739107
0.6547640041159235
0.6545629852997763
0.6547751688248185
0.6545104239878078
0.6547003970059362
0.6547244597459646
0.6547311589679634
0.6547238311421344
0.6547158867158368
0.6545792695035869
0.6548257213977077
0.6547977625606788
0.6546409364798784
0.6547093364975354
0.6547404664412275
0.6546392512988793
0.6547798556949056
0.6547425012649344
0.6546598120622448
0.6547596513419669
0.6547111849320039
0.6547598592042085
0.6547697672848751
0.6546382319354201
0.6546777553929407
0.6548787258330752
0.6546891291497434
0.654965217405989
0.6546955478375807
0.6546285140528214
0.6546444375056836
0.6547388683120919
0.6547585387661674
0.6548666966716303
0.6547293274060322
0.6548126945939481
0.6547016599663872
0.6545633790402823
0.6546591446795466
0.6547777596726154
0.6546496360343905
0.6547675739073731
0.6547862274897418
0.6545983386015579
0.6550224560719602
0.6547118710166324
0.654867575110291
0.6548461025566603
0.6547909498253145
0.6548307195794625
0.6548849603769105
0.6547875606185288
0.6549560184673183
0.6546674950455188
0.6546288087123797
0.6546937678413143
0.6547711725527048
0.6546628807155388
0.6548333413903662
0.6546255061335046
0.6548953708317742
0.6544804204983565
0.6546654768110147
0.6548093128479965
0.6545765172149351
0.6545386402037981
0.6546685717017238
0.654731166359829
0.6547991005987446
0.6548024226461383
0.6548417751570168
0.6546137252939788
0.6546543897044865
0.6548115376529388
0.6547067188376576
0.6545973786186166
0.654672064859614
0.6547605897360395
0.654727666050909
0.6545544498642251
0.6547688728801802
0.6546055113951481
0.6548463097033103
0.654738078968659
0.6547450076590485
0.6546736808358826
0.654715608785134
0.6546352443565746
0.6545830513877862
0.6545896046202607
0.6547532844461748
0.6547000543476708
0.6546826423247003
0.6548763567121727
0.6546709757017576
0.6546417246149545
0.6547244359531037
0.6547627493702063
0.6547305388189133
0.6549157069595588
0.6547477271651043
0.6547423632891866
0.6549247548019513
0.6545743155317645
0.6546885664821042
0.6544894648221738
0.6547216851777524
0.654822809361362
0.6548032031000202
0.6549411087745425
0.6548292258377879
0.6547121363118384
0.6548050748149185
0.6545559708310156
0.6545378037019668
0.6547043927800326
0.6547413673810907
0.6547327058005322
0.6546134434455295
0.654752741615761
0.6548224137727305
0.6547150453492088
0.6547152627530471
0.654776463349114
0.6546930164496265
0.6545886506196729
0.6547127116893017
0.6547202392503103
0.6547295344935371
0.6547090493983803
0.6547699618044653
0.6545977308082477
0.6547948234659059
0.6547500361434041
0.6548180666541212
0.6547731078023264
0.65465478154074
0.6547324319822252
0.6548278124482427
0.6546059717100683
0.6546541736980462
0.6548293381696341
0.6547998132128399
0.6546198428743519
0.6546452536123055
0.654744864376331
0.6546335536445845
0.6548989829716183
0.6546440589586445
0.6548164783651648
0.6546469749238888
0.654608787011222
0.654543535090113
0.6546401376019854
0.6548251478658197
0.65461202556209
0.654574698894089
0.6547286140892091
0.6547797852983469
0.6548338459895988
0.6548567208006388
0.6546600206227581
0.6546087508771209
0.6548593017489718
0.6547226759448437
0.654750753895755
0.6546777298170373
0.6546732630711618
0.6547798450583185
0.654824796444059
0.6548656185357871
0.6545530962792357
0.6547403681623482
0.6545835527508033
0.6548046928772785
0.6548429003464735
0.6546400708212474
0.6547179365862514
0.6548791989480808
0.654615974453868
0.6547022292472169
0.6545915789119638
0.654619224292113
0.6546495739704382
0.6548894420114824
0.6546452514444497
0.6549707678663773
0.6546521410922509
0.6546194581702094
0.6548427482765291
0.6547466869275504
0.6547559355010277
0.6547685859555956
0.6548217412817601
0.6546225767109273
0.65470828416472
0.6547912954515289
0.6548028211681298
0.6544929968077188
0.6549148110505387
0.6547691054665256
0.6545141435236532
0.654833419951392
0.6547494576960815
0.6548013366686599
0.6547737254549977
0.6547549613604048
0.6546265908601346
0.6547148342090875
0.6548789952275389
0.6549724157655276
0.65470152794051
0.6546067976040555
0.6545972297953975
0.6548167830655789
0.654774421889308
0.6545952259756407
0.6544523495809287
0.6548922083175504
0.6546441784055453
0.6546675116610756
0.65464598456816
0.6546433462854023
0.6546217740489167
0.6547413063584004
0.6547739275799107
0.6547360813304156
0.6547204942939622
0.6547898019408871
0.6546468476651774
0.654940062459607
0.6547987429048296
0.6547110223651683
0.6547790527141256
0.6546983106638841
0.6546396426490564
0.6547125871829206
0.6547546888613811
0.6546777635551836
0.6547393650263549
0.6546547714589483
0.6547500030454023
0.6549089482636993
0.6546020551126315
0.6546997875879355
0.6547821982058846
0.6547720667121256
0.6546632743654055
0.6549912967567446
0.6547437005261607
0.6547957792864343
0.654812974740349
0.6546993970631059
0.6546786166725271
0.6546572715536414
0.6548325437949704
0.6546248356761286
0.6545565487647762
0.6546484318816544
0.6547618015918664
0.6548791725635437
0.654692136278642
0.6545619774626663
0.6545545339861618
0.6546940353028738
0.6547273905820201
0.6547065103629348
0.654691404543103
0.6548073057781901
0.6547910586002066
0.6547420395653581
0.6546085686435579
0.6547994857523449
0.6547678363511242
0.6547348301862911
0.6547340934631848
0.6548525216432053
0.654766851484543
0.654538429441929
0.6546951431219391
0.6547392911904786
0.654737778442928
0.6547649271789449
0.654669811731545
0.6546896181071603
0.6547667318459088
0.6547770244553989
0.6548885677809821
0.6545740430106151
0.6546204448340937
0.6545918645238531
0.6546806611798826
0.6548155300030705
0.6546876056677169
0.6548907205906177
0.6546065354703292
0.6546638552199295
0.6547587362120887
0.6546232244045607
0.6545712439421241
0.6548041963808404
0.6547292137068577
0.6547208911481026
0.6548773897192304
0.6547605372171297
0.6547356591728957
0.6547160663627933
0.6547979692759978
0.6547905442870452
0.6547965265623106
0.6547676207003534
0.6548023701383185
0.6546567246872742
0.6546945522524361
0.6546429295028182
0.6547815244836068
0.6547772375279804
0.6548803923839905
0.6547375119830655
0.6548617067427722
0.654635529523598
0.6547492964606754
0.6546703204896888
0.654689302663567
0.6547298612770686
0.6547959142572325
0.654891597408445
0.6548091424264648
0.6547557422548108
0.6546107905028156
0.6547500640482341
0.6547875157218703
0.6547135948863934
0.654805507638931
0.654810177302263
0.6548074850726793
0.6547710204887398
0.654795173339308
0.6548696930025928
0.6545974559944934
0.6550236645501796
0.6546346424053481
0.654592214808973
0.6549826845597817
0.6547260267122967
0.6547586281884918
0.6547471983087091
0.6549447625070451
0.6545527541718291
0.6548195005548568
0.6547449697316821
0.6545478449918299
0.6545043960175729
0.6546320563848407
0.6547168998818288
0.6547086634830149
0.6547108227882495
0.6546360465834725
0.6547387462820313
0.6545805238014887
0.65478955140136
0.6546504457414655
0.6546912289494216
0.6546670987596979
0.6549542964247856
0.6545590568857474
0.6548463315083617
0.6546713355366997
0.6547198832685415
0.6547452349525863
0.6546091364358134
0.6547240450926406
0.654757836947329
0.654464068518254
0.6548395562873257
0.6545313757580713
0.654886679254549
0.6546199837121731
0.6548128286340911
0.6548097488906223
0.6546227843225062
0.6547778071686088
0.6546230098872392
0.6546309869596624
0.654792012545359
0.6543826949296427
0.6546645592077303
0.6547101056872627
0.6546426137098832
0.6546442460502027
0.6546795868561586
0.6546244051626181
0.6547339328685434
0.6547437068547759
0.6547950018659185
0.6546743529345886
0.6545445452924006
0.654720022766647
0.6546908081434828
0.6547526772239771
0.6548924479965794
0.6546709671476822
0.6545921496761848
0.6547594403220076
0.6547222570488423
0.6546967513088575
0.6548121079198582
0.6548228477442398
0.6546223340850433
0.654890236841336
0.6548287843259114
0.6547793655815195
0.6547477230420338
0.6545940023354089
0.6548684925175847
0.6546998694616453
0.654762345340361
0.6547948106131914
0.6547795828979412
0.6547569830773216
0.6546944993148959
0.6546269485904009
0.6546789029657236
0.6546651807381856
0.6546409628089891
0.6546946418552997
0.6547617785317251
0.6546513642540623
0.6546639230059417
0.6548694436102644
0.6547310413411573
0.6545688546322264
0.654662869470639
0.6546981915878032
0.6547919031139612
0.6548492142502643
0.6547914305871565
0.6546665104439926
0.6548955645983605
0.6548467886418872
0.6548681655726486
0.6547229509660357
0.6547289293889247
0.6548864952484874
0.6547425660717249
0.6548077080640695
0.6547459661519536
0.6548018980636908
0.6545988227615098
0.6546435156459613
0.6547346288921875
0.6546459138568375
0.6547319858501912
0.6547627143963299
0.6547105185988014
0.6546750951252056
0.6547521274565284
0.6547518771727088
0.654614627741629
0.654639112385332
0.6546981421998
0.6550052900317515
0.654601795536495
0.6549550064413227
0.6547632256451359
0.6546934068506773
0.6545797602963221
0.6547902313849852
0.6545650862249062
0.6547579368513352
0.6547519717823597
0.6547800304361528
0.6547509629131452
0.6548465931883121
0.6548200400712548
0.6547136005676485
0.6546513098834169
0.6545922641912932
0.654681848177251
0.654699596718038
0.6546728276585022
0.6548275436265703
0.6548697193545115
0.6547319806853964
0.654696696837018
0.6547956059282662
0.654665874696034
0.6545564031156456
0.6546153248783235
0.6547538293447732
0.6546362994805175
0.6548081307302613
0.6547843785829996
0.6547342753142082
0.6547418947885791
0.6548028190541113
0.654677791541723
0.6548576229442986
0.6546047027434607
0.6548827759835004
0.6547134755609181
0.6548885057967516
0.6547441350740129
0.6546004402552286
0.6545830396302168
0.6546097842924952
0.6547338089269346
0.6548117637574205
0.6548092892805468
0.6547315996255325
0.6546287915204864
0.6547601031199195
0.6547926250641478
0.6548724105909243
0.6547646950776818
0.6547912913575813
0.6546540341017992
0.6547812951877616
0.6547227033209536
0.6546608142102666
0.6546250955780542
0.6547421098600008
0.6546213304212909
0.6544891162495394
0.6548292616545501
0.6547188358427123
0.654784782719442
0.6548138019116445
0.6547876417557612
0.6548055262702178
0.6549228006347755
0.6545702016677764
0.6547370408507691
0.6547910440861653
0.6548536737526818
0.6546272596555378
0.6547753442641331
0.654663598890787
0.6547292427971145
0.6546658684597022
0.6547191643263007
0.6547685923794504
0.6547355454972679
0.6548624149733835
0.6547329516988185
0.6545819400563455
0.6547501376403785
0.6547406624828332
0.6549631820885947
0.6548143594349878
0.6548540013136567
0.6548378221284803
0.6546471739203852
0.6546243756652061
0.6547146633779604
0.6547547388994115
0.6546201009755926
0.6546479175556197
0.6547072824049426
0.654608004929477
0.6546924152060531
0.6545736143441107
0.6548792606202389
0.6549857517541762
0.6547033813456838
0.6547068593328313
0.6547529949762274
0.6548928946846337
0.6546304174348831
0.6547713318985152
0.654748541733966
0.6544383048733391
0.6548232411521479
0.6546399606625947
0.654786603067734
0.6547282424038032
0.6547699609017766
0.6548130564936978
0.6548942878310811
0.6548069708526062
0.6547745386613748
0.6548017982151385
0.6548658607744762
0.6548073907547487
0.6548230124138811
0.6547590737001692
0.6547368318323774
0.6549376061964538
0.6548339666961353
0.6547639761066018
0.6548152903310083
0.6544070443502589
0.6548852299788518
0.6546550233176776
0.6547994168549621
0.6546105960097438
0.6546362016577352
0.6547595313910686
0.6547107669194607
0.6546938548271265
0.6547786329027725
0.654754049332586
0.6548130063378819
0.6547715761923555
0.6546770020122132
0.6548684328986936
0.6549534048929437
0.6546715594183234
0.6547511944649494
0.6547310127475532
0.6549301092879316
0.654643687364639
0.6548158473671006
0.6548577857765683
0.6547316300569895
0.6545819563854286
0.6548623219395674
0.6546627913261984
0.6546771862159659
0.654730241878787
0.6547982626421349
0.654793716037998
0.6545665789385692
0.6546881355220475
0.6546585405738836
0.654895706309651
0.6547764734109778
0.6546395279357718
0.6547077450704781
0.6548102313911351
0.6548808446370972
0.654763256375857
0.6547969415525943
0.6547394769916328
0.6546611938517928
0.6546715439830483
0.6547069323908024
0.6546764807063261
0.6548303407199099
0.6549059452488193
0.6547925551095156
0.654701624519257
0.6546036042273304
0.6546621597474898
0.654728644070721
0.6548686799264529
0.6549605860226945
0.6548079560018983
0.6545365644285055
0.6547036684031367
0.6547155051009899
0.654683406856869
0.6547519847814339
0.6548144230248956
0.654541633045928
0.6548390847769122
0.65475453955738
0.6546388015964767
0.6547037329312546
0.6548109618202397
0.6548620454249343
0.6547956181575061
0.6547360846875285
0.6547561466390952
0.6548410406764056
0.654772757058124
0.6547231115959009
0.6548508164608918
0.6545939340128383
0.6546610200693226
0.6546342154136633
0.6546913154286935
0.65470573891333
0.6546545780644398
0.6547531710419929
0.6547442252221717
0.6547417563597523
0.654819708889741
0.6547287106852038
0.6548771323327667
0.6546302292865387
0.6545988640294054
0.6548858142907009
0.6547091787954402
0.6546028486896587
0.6547556777939768
0.6547172483120223
0.6548060086541193
0.6547199272962076
0.654685406810917
0.6545422791543893
0.6544914945805396
0.6546267403080301
0.6547890639869576
0.6546357590918147
0.6546746433927502
0.6546648027051759
0.6548097874838222
0.6545814462512545
0.6546722200237713
0.6548154370817806
0.6546810366343296
0.6548119816958893
0.6549040410436004
0.654823902494122
0.6547252236095428
0.6548515246583072
0.6548760889306335
0.6547807740942903
0.6548014896093143
0.6546099932609036
0.6547278044174921
0.6549095830735656
0.6547367366490875
0.6547094509107669
0.6547494436538368
0.6545590971852904
0.6549634477960152
0.6545645086645545
0.6545781579121223
0.6546708500372062
0.654674176616649
0.6546329736577522
0.6547484300579788
0.6549127100843058
0.6548419537376439
0.6547022633898981
0.6547562656025658
0.6548876492867615
0.6545022782707004
0.6546173661512737
0.6546775876650817
0.6548944781827897
0.6547761821234528
0.654700280966191
0.6546809079795683
0.6545719782872772
0.6547302568500948
0.65487778559729
0.6546702817455327
0.6545810210611337
0.6548139430717321
0.6546869045115595
0.6545113945526113
0.6547873529254217
0.6548894169520239
0.6547779025052686
0.6547117134879392
0.6547550801449367
0.6548271724931236
0.6548158626256101
0.6548721319770925
0.6547115327737005
0.6549163416383396
0.6548084304722622
0.6547942801558053
0.654709041526897
0.6547092412857253
0.6545884689240303
0.6547901485549257
0.6548444103058553
0.6544569031076971
0.6547619549736768
0.6547422272721419
0.6546609646238821
0.6546837675316897
0.654647166189399
0.6548188792595869
0.6546055466706648
0.6548177482467752
0.6546780757595887
0.6549313893216951
0.6545876403369747
0.6546597398139173
0.6549502555421027
0.654762435480733
0.6547569486243765
0.6548471185071147
0.6545974999475974
0.6546571509015023
0.6548450778543371
0.6548068484686189
0.6547484169226452
0.6547599090829328
0.6546240626800798
0.6546859104517312
0.654754366899678
0.6548262380678199
0.6547413365581085
0.6547155913713816
0.6548321578788567
0.6548156099247969
0.6546546942435647
0.6547277034836397
0.6547381165987394
0.6547042493729436
0.6549075073844365
0.6546825018823252
0.6546083802253466
0.6547534158368509
0.6546250092048845
0.6548250265227116
0.6547101795752428
0.6548379384273144
0.6547653976448153
0.6547260961846104
0.6546965290181559
0.6545370253463052
0.6548830379017672
0.6546639445219662
0.6548257183194048
0.654824453962521
0.6548489699393154
0.6546666657139772
0.6545062705191201
0.6546904038503842
0.6545167783420549
0.6547603518062622
0.6548644463923159
0.6546984331442094
0.6547645901483756
0.6547034376951291
0.6546595048495112
0.6547405706436475
0.6545915340211681
0.6547380069611237
0.6546571108072484
0.654641487356008
0.654847031587603
0.6546201743738549
0.6546432545708751
0.6548699584318738
0.6547070543441365
0.654693877656833
0.6549245146485814
0.6546209440483686
0.6548038062732018
0.6549624886817886
0.654724145926205
0.6546472161846181
0.654714627307283
0.6546068751717105
0.6547173658819444
0.6546214578083894
0.6546349133773217
0.6548235663720703
0.6548406679364729
0.6547430804831602
0.6547829733146143
0.6547104108549715
0.6547080703796606
0.6545698265011046
0.6546580744184978
0.6546356911129891
0.654849221853983
0.654740511560895
0.6547187617492229
0.6546963022424204
0.6547876839934933
0.65459624435488
0.6548351742857117
0.6549253589697115
0.6545258232548291
0.654689195279095
0.6545439970122949
0.6550112149878412
0.6546466990688593
0.6547135636166863
0.654728134907637
0.6545753885506171
0.6547174616876572
0.6547893369124418
0.6547241302976441
0.6545554714082373
0.6547113476900762
0.6548133482307176
0.6547783477622504
0.6546734087603384
0.6547969393151056
0.6547282693058141
0.6547078526156275
0.6547192393910722
0.654565074755181
0.6548144649668803
0.6546539920551393
0.6547247311282718
0.654627765043077
0.6549090761341548
0.6544928932495178
0.654637785354515
0.6547588199731196
0.6547843751778346
0.6545812102369152
0.6547578072035658
0.6546992224199599
0.6546274232205656
0.6547292812591099
0.6548601684476305
0.6547570214848097
0.654673680343838
0.6549367053862756
0.654808523870837
0.6549456891014044
0.6548109373751423
0.6546396011090008
0.6548100205184082
0.6546077864433967
0.6547096075079463
0.6546932696195503
0.654768676787962
0.6548289636721566
0.6545491688712787
0.6547828285816415
0.6546762889098139
0.6548145052767926
0.6548911463019961
0.6548390421346902
0.6545298787903118
0.654732802416149
0.6546412278373877
0.654745795521843
0.6549003471333027
0.6548046645162638
0.6546952385427356
0.6546769575690583
0.6547537766904433
0.6547403752190585
0.6547187684951505
0.6545594103146204
0.6549339332812533
0.6548051452743833
0.6547346024917378
0.6547148021195451
0.6547813001048869
0.6547388990807465
0.6547354222090203
0.6547189084372299
0.6548697982684888
0.654929386598048
0.6546169785432542
0.6547439489855108
0.6549363593439499
0.654656255573846
0.6548455319797171
0.6547278712967489
0.6548422473553566
0.654847650897502
0.6547275578785068
0.6547371389799561
0.6547248440957989
0.6549337290915571
0.6547441693805944
0.6546941708144997
0.6548010879718087
0.6546769190202147
0.6546439103758639
0.6546832445160854
0.6546142627580076
0.6548397969348471
0.6548630851342887
0.6546166662599864
0.6546530051292502
0.6548066095279304
0.6546467300012608
0.6547325135552966
0.6547272898555808
0.6545752659844752
0.6546657352968014
0.6545888726247941
0.6545992169164675
0.6547211879062335
0.6546472091812212
0.654772867390345
0.654803484093744
0.6548984149001909
0.6548678830184522
0.654638825530536
0.6549692261224481
0.6549095531492495
0.6546731544218376
0.6546920956844416
0.6545692044912702
0.6546054188683994
0.6546826609863228
0.654667903562642
0.6547371003792901
0.6546171695604082
0.6546363371715704
0.6548363548975635
0.6546184623417123
0.6546463642491425
0.6547086126045947
0.6547069073799451
0.6547530562204413
0.6547119034804718
0.6546848758031705
0.6547431276294731
0.6548395366679461
0.6546662307498401
0.6545777951119445
0.654792864846965
0.6545649113048515
0.6548225109228598
0.6547706872573696
0.6546747614024543
0.6546112776515054
0.6549121029359941
0.6548137587055334
0.6548421467458991
0.6545931030675881
0.6547446629816198
0.6547237273269255
0.6547600000770024
0.6547635326136302
0.6547326764316876
0.6548468804840551
0.6547915852783741
0.6548008629875112
0.6548018104252264
0.6548127029748472
0.6547093198640783
0.6546543240860005
0.6547156890943712
0.654847288690246
0.6546821770001284
0.6545880286332157
0.6548741645133215
0.6546323156705275
0.654976969393027
0.6547808446109142
0.6546745417061742
0.6547893498577196
0.6548152921182371
0.6544766475552128
0.6545057793595204
0.654763017580617
0.6546559617689279
0.6545982733705751
0.6548461009977173
0.6548278992182169
0.6547564218169613
0.6547218021089799
0.6546971891844335
0.6547522043030236
0.6547698770495938
0.6547088984443472
0.6545964828936643
0.6546238778791964
0.6545643165770204
0.6546583345451441
0.6545018822353073
0.6547585172931667
0.6546021915032023
0.6548106346706094
0.6549162870298206
0.6547769848858116
0.6547265048730738
0.6546086020238921
0.6548370995544124
0.6547182649897705
0.6548801520492282
0.6546603949651686
0.6548384230863458
0.6546602455108206
0.6546977011502907
0.6547163331913946
0.6548150268585684
0.6548843022051618
0.6546961249284652
0.6546150925884373
0.6546578712676621
0.6547690782611029
0.6547448572677617
0.6547146535336453
0.6547156820972411
0.6548051292781852
0.6546045281244901
0.6546199140912159
0.6546526545634686
0.6547462318545303
0.65476336241519
0.6548255233167772
0.6547183589674967
0.6547826986111804
0.6547406318722095
0.6546473157083178
0.6547075970615991
0.6547819204338401
0.6547800879628791
0.6548099088319318
0.6546126133611043
0.654706166561788
0.6546093082744321
0.6548279445242521
0.654812301037339
0.6546547273522338
0.6548767806049061
0.6548269745234022
0.6547574623275392
0.6547011525559516
0.6547268495529981
0.6547880429527659
0.6545175906654176
0.654789462913266
0.654731743104513
0.654668885926052
0.6547095648800061
0.6547330344105255
0.6546859218133391
0.6546742140189115
0.6547089050158753
0.6546315707271702
0.6547579239190624
0.6546598148675686
0.6547951596548575
0.6547291459308269
0.654684306210986
0.6547812804837585
0.6546979041210466
0.6547507240478615
0.6546966737589134
0.654694215047267
0.6547291267347138
0.6548194787464576
0.6546242989098768
0.6545718804573258
0.6546171930500649
0.6547673023227973
0.654790244522753
0.6548668351119884
0.6548810082038403
0.6546247937033892
0.6548541019761347
0.6549370519739126
0.6547272311309709
0.6547234455770852
0.6547791251313297
0.6546583070706706
0.6545780341773629
0.654861671887517
0.6546739689707308
0.6548006211576856
0.6546491298899009
0.6544869576284619
0.6548024660594802
0.6547969616285378
0.6548441692807043
0.654600429381805
0.6547445725112258
0.6545498178495956
0.6545326767937711
0.6548088686248053
0.6547480525515014
0.6547571278355968
0.6547402082075753
0.6546135886763007
0.6547947623560602
0.6547421060032242
