0.6540158254000218
0.6542442847298744
0.6543373168677931
0.6540968399966194
0.6542463041472961
0.6541570112932524
0.6542084759985813
0.6543273200808837
0.654125415420155
0.6540963528065264
0.6540579803864701
0.6541778478074769
0.6541391893791354
0.6541596553382609
0.6540407004954376
0.6541416170479326
0.6540862457827844
0.6542145851620258
0.6542598603321066
0.6542754494257847
0.6543297294332977
0.6541171608124448
0.6541927263798776
0.6540726957730075
0.6542071772833318
0.654160543375836
0.6544685032257832
0.6542707236375647
0.654191746606916
0.6541812743440932
0.6541052016514031
0.6541611576850885
0.6543186758643034
0.6540912336028937
0.6542467460617366
0.6541038598224025
0.6540700699993194
0.6541875898315659
0.6542152764008018
0.6541742285800982
0.6541014530188564
0.6541467516451931
0.6541324283561474
0.6542207259739746
0.654139369052902
0.6541560450454738
0.6542673091374936
0.6539602252396751
0.6542129756541257
0.6541759494669352
0.6540378799762987
0.6541099196657543
0.654228533006707
0.6542136189452213
0.6541441380934783
0.6540941818710126
0.6539656565399332
0.6541353500205112
0.6541721124955864
0.6543055533109858
0.6543274645392544
0.6542856237440849
0.6541656057391096
0.6540229012716336
0.6542885736018829
0.6542391679504831
0.6541511184842779
0.6542195139894298
0.654102720798558
0.6540522698517881
0.6542347870285186
0.6542514848500134
0.6541963181928441
0.6542020451595052
0.6541910614362384
0.6540897515881307
0.6540565057017833
0.6541091125845728
0.6541320768518749
0.6541422123371778
0.654107814105732
0.6540863850795579
0.6540155929900847
0.6542050973840492
0.6540433565799763
0.6541372631851207
0.6541809285142836
0.6542230715450669
0.6542053189322314
0.6543018768448086
0.654142861475405
0.6541801353423073
0.6541772499979299
0.6541242207601308
0.6541902696243201
0.6542858740433205
0.6542100330095517
0.6542669200585636
0.6540221045658501
0.6541269944022463
0.6542393987988051
0.654046650776712
0.6541639740199046
0.6540539940088754
0.6542928444387696
0.6540846130728257
0.6541539550325217
0.6540696120131423
0.6541947252855971
0.6542665970559145
0.6541091979944773
0.6541292121266781
0.6541426398795765
0.6541871605991243
0.6541158530582155
0.6542884132526621
0.6541463671059822
0.6542140206054883
0.654239099934325
0.6542176327383583
0.6541730685599032
0.6541661220734598
0.6542731889217828
0.6542550263826843
0.6541672497366204
0.6541527689517024
0.6540518669636163
0.6542052312713872
0.6541841424881387
0.6543885765661571
0.6540990332188368
0.6542157847277037
0.653839925006298
0.6542132967437625
0.6541474765181284
0.6540402420012433
0.6541347506121281
0.6541904714929127
0.6540227834782404
0.654273871177152
0.6541924170846214
0.6542800264458224
0.6542021830097311
0.6543195931412917
0.6542399811212418
0.6540792543553187
0.6541184880681873
0.6541499375761204
0.6542072559516019
0.654157552689959
0.6540647451126546
0.6541755789829696
0.6542319981138182
0.6543076859340449
0.6541964751109578
0.6542741980728184
0.6540503200621721
0.6542119054222125
0.654141999449333
0.6542102154782801
0.6541992195938315
0.6541705339187166
0.6542570147297829
0.6540589562361542
0.654207613523367
0.6540801219740282
0.6541818414163623
0.6540735422093991
0.6541522420094158
0.6540282229384112
0.6542736325130852
0.6540726139052877
0.6541915398506848
0.6542371806582092
0.6542768352876238
0.6541859355389271
0.6542635292276462
0.6540292793990774
0.6540325492305301
0.6540711017934431
0.6543033412850403
0.6540301129374977
0.6542076397975316
0.6543338501260174
0.654217007885461
0.6542525009502624
0.6542000920532958
0.6540549422847671
0.6542245863239289
0.6541612998089069
0.6541688826198883
0.6542239256335316
0.6542250318402018
0.6542069820396672
0.6540633080838445
0.654191073503738
0.6542660584495019
0.6541056554389392
0.6541923370654079
0.6543454041879093
0.6541616446876487
0.6540625020673259
0.65416361650761
0.6541835972455937
0.654182225220719
0.6541687483785745
0.6540704877961898
0.6540551743061351
0.6542381530747857
0.6542238431985943
0.65418679388777
0.654290567058034
0.6542457165387314
0.6541474689527083
0.6541316779881893
0.6541157785164686
0.6543169380343511
0.6541220793748593
0.6542144724180978
0.6542890266036925
0.6542511868395153
0.6540657113758283
0.6540945983670456
0.6541192805481819
0.6540810701936418
0.6542425677157206
0.6541699434661498
0.6542721524107292
0.6541022519591544
0.6541219083926566
0.6542238448378592
0.6543160783488562
0.654078590771318
0.6541735607608304
0.6540236904225609
0.654075945960271
0.6542369698877382
0.6541679296982464
0.6543026873735762
0.6542290518829535
0.6543051917491874
0.6541245199283382
0.6540416524385855
0.6542514125040455
0.6543966859083257
0.6541911842114014
0.6542359518996983
0.6540851574363413
0.6541718991911513
0.6543615735562711
0.65428541658215
0.654058772643147
0.6541937816897911
0.6542143838832939
0.6542871709655955
0.654305653190308
0.6541685983277596
0.6541413173053559
0.6541850320527681
0.65415476701197
0.6540944090659271
0.6542627403495286
0.6542481329224863
0.6542512334774346
0.6542036504573813
0.6540276060449786
0.654291081829057
0.6542011533258986
0.6541356563784307
0.6540675951021105
0.6541804388613558
0.6541132842675722
0.6543124979814456
0.6541491239168788
0.6540279867453589
0.6541539459764332
0.6542093037495509
0.6542164930258271
0.6541395564099673
0.6540497965877482
0.6541416716137606
0.6542300987123935
0.654206115438682
0.6540600775837295
0.6544000936531299
0.6542294042962234
0.6542241916195519
0.6542879215134075
0.6542164627488877
0.6540350401131012
0.6542030241638146
0.6541408445358432
0.6542515970423665
0.6541397764340451
0.6542632838193619
0.6541823728991344
0.6541993988420658
0.6542384100384783
0.6541489085642802
0.6541812460239342
0.6541383530039606
0.6541449375912153
0.6541279485683908
0.6541759035570921
0.6541153298793707
0.6541875249496367
0.6540562843508346
0.6542797356363368
0.6540634424010034
0.6542983745885746
0.6543118916164377
0.6541264353937
0.6540844859041464
0.6540085668571396
0.6540593789465379
0.6541757870901093
0.6540570759638545
0.6542030414429598
0.6541953793750771
0.6542093882514215
0.6541305934438478
0.6541559231163264
0.654214010435116
0.6541545959072171
0.6541081268411171
0.6541677218581603
0.6541682602228385
0.6542325617345948
0.6540962584613641
0.6541975809979255
0.6540533096143116
0.6543852444013275
0.6542225187179793
0.6539884439135253
0.6543139625527973
0.6541183328726639
0.6542462267122835
0.6541644811838754
0.6542183327024509
0.654104276284734
0.6540309534070533
0.6540381457185852
0.6540324214193971
0.6542277035206581
0.6543212404503754
0.6541426771898288
0.6541713789787499
0.654265799649688
0.6541253436780123
0.6544242017935418
0.6542440605554425
0.6543106044209278
0.6542003671253738
0.6541792805638486
0.6541535093703919
0.6540696872401114
0.6540943089609643
0.6541231239812486
0.6541017209882896
0.6542290047230851
0.6542052968857217
0.6542301504458263
0.6542306379596416
0.6541757016709673
0.6541195624833825
0.654082370266771
0.6542625885683273
0.6542843603912574
0.6542206856283255
0.6542090223920045
0.654218507250406
0.6541322797673764
0.6540552285479801
0.6541127498342805
0.6541396852986388
0.6542009973832912
0.6541542067273036
0.6542052909819704
0.6541639362417043
0.6541161478414994
0.6543882403025346
0.6541352916830655
0.6540342125788795
0.6541293582420233
0.6540420632259716
0.6542620295280284
0.6541162906730578
0.6541418617327635
0.6542687181816196
0.654155014206783
0.6541378728250532
0.6542851510095589
0.6543812863500127
0.6541954932568868
0.6542461448854339
0.6542954181856537
0.6541049885736407
0.654179539481295
0.6543411605322149
0.654205036349803
0.6540972594847626
0.6541792004629432
0.6542023006711597
0.6542811761194035
0.6541702104477947
0.6539992888218674
0.6542905865809808
0.6542397772267261
0.6542302879185811
0.6540903447308808
0.6542821769326195
0.6541804412220056
0.65434813109042
0.6540951940611818
0.6541126764771291
0.6540479079332291
0.6541166330592215
0.6542624970790862
0.6542420476651125
0.6542612424810378
0.654176500747379
0.6542019670989925
0.6542428494295622
0.654044898979913
0.654241773103149
0.6542571533686997
0.6541571116600022
0.654196428500831
0.6541237053681611
0.6540541127513252
0.6541094579627964
0.6541886799489691
0.6541087372447543
0.6540783706184479
0.6540523585209213
0.6540596997038035
0.654140249440057
0.6541993637581582
0.6541539171270581
0.6540717592304941
0.6541124461241956
0.6541616909700021
0.6541961014341575
0.6540385723367336
0.6541050991327924
0.6541919811152508
0.6541949939089198
0.6541014539232786
0.6540596588864089
0.6542803431844139
0.6541331716755114
0.6542936392882011
0.6540831286821672
0.6541214016328923
0.6543816868863764
0.6541534222908915
0.6542692301771866
0.6543596555496621
0.6540111391212118
0.6542473683659483
0.6540697395722448
0.6543593858335541
0.6540906188247426
0.6542157805048675
0.6541818035802629
0.6540558930138667
0.6540786056642448
0.6541132110910476
0.6542322287436615
0.6542863034518862
0.6541601002452274
0.6542856328357327
0.6540531171406304
0.6542490742212166
0.6542022061788202
0.654182880057053
0.6541819024623474
0.6541531012785355
0.6542691427619844
0.6541406771133267
0.6543721189471644
0.6542290940076981
0.6542454775148565
0.6540287229597119
0.6541701803449691
0.654133651664812
0.6541970217419985
0.6541767623749835
0.6543162148336084
0.6542010430673062
0.6541028778655877
0.654116403954703
0.654159448296117
0.6539179602950687
0.6540446844541403
0.6540179991553483
0.6541078015349187
0.654124363988948
0.6541901243372001
0.654225776707112
0.6542080606179832
0.6541251110141966
0.6542674042616007
0.6541607584216683
0.6541607750154212
0.654151479310763
0.6540299573977757
0.654064484313565
0.6540350582000823
0.6541869530211093
0.6541953753282427
0.6541413501504164
0.6542041131910638
0.6543092051179344
0.6541073562487376
0.6542082062895721
0.6541700680047768
0.6542352451926513
0.6542324736757594
0.6541773793413713
0.6543186088759994
0.6540854980760987
0.6541143121772953
0.6541641082951324
0.6541837854569531
0.6542516387452992
0.6540826426290348
0.6541334525310715
0.6542713193247538
0.6541662807089772
0.6541951108445496
0.6540815357254078
0.6542087919038234
0.6541616953822822
0.6541495362205432
0.6541956464413878
0.6541070887144236
0.6542381334831096
0.6540057080589565
0.6541512832345273
0.6542080119971997
0.6542908939136406
0.6543219443251438
0.6540848496310541
0.6541843412079892
0.6542242854504117
0.6543751703357737
0.6542210409775384
0.6541572678125118
0.6541322699670314
0.6541934951438576
0.6541344069460092
0.6541395751218555
0.6542778043195338
0.6540428881489475
0.6540652566009043
0.6541344433834899
0.6541813093106235
0.6542311133967162
0.6541743358316177
0.6541512062544613
0.654333639246432
0.6543067477354666
0.6541310940013072
0.6542608114666193
0.6542701848861658
0.6541406705522007
0.6541711220538503
0.6542520520333291
0.6543046864867752
0.6540424347338363
0.6542596229217963
0.6542364642293313
0.6541968386957568
0.6541141377920661
0.6541226196278058
0.6541617243031143
0.6542137768474969
0.6541926926595605
0.6541688716015779
0.654175987830002
0.6543201699397694
0.6541235345877603
0.6541663123008075
0.6542316442114485
0.654152398887595
0.6541637800257574
0.6542588594972202
0.6541837596610452
0.6541605669320237
0.6540250480513078
0.6540776134905344
0.6542615678374863
0.6542251542311517
0.654279351343968
0.6540255510743821
0.6541754992922051
0.654161723285484
0.654311392260438
0.6542300287207936
0.6543526018059014
0.6541881394611269
0.6541804205061414
0.6544395853018823
0.654303386871067
0.6542049272877091
0.6542769624112618
0.6540955692144487
0.6542519602807831
0.6542998878311874
0.6541912042605648
0.6541399680144658
0.6542523589256407
0.6542277341256699
0.6541979232431263
0.6540987645465263
0.6542088865086322
0.6541012990929607
0.65426968925755
0.6540401619342401
0.6541519590640102
0.6540624736290651
0.65408654818532
0.6542044745250191
0.6542423502620593
0.6542296886622799
0.6541075974585038
0.6541827798694493
0.6542911772621529
0.6542456757988144
0.6540860634200052
0.6540949175984803
0.6541539912097721
0.6540973061995862
0.6542233998963065
0.6540564029780773
0.6542174320115366
0.6541872775665316
0.6540147982369293
0.6541307612567722
0.6542512817064152
0.654234212755531
0.6542079146573994
0.6542673782957509
0.6541546524556026
0.6540981839032605
0.6542001159034703
0.6542243322423833
0.6542592492199204
0.6542594556893779
0.6543112223907908
0.6541230840611711
0.6539782402770011
0.6542497535619631
0.6541679464898361
0.654136192293356
0.6541010727679839
0.654278113689818
0.6541293267396291
0.6542677685922742
0.654103350024389
0.6541811611999535
0.6543463285679119
0.6541336068742318
0.6541340830345622
0.654307663390452
0.6540605580947159
0.6542241861462129
0.6542129754373135
0.6540448338099478
0.6541313808468221
0.6542345429868637
0.6541071585966303
0.6543236585061755
0.6542810810054378
0.6541795014626974
0.6540875682044769
0.6543131676321616
0.6541624905323297
0.6541064526105395
0.6540840143920978
0.654081947861469
0.6542159886198771
0.6541663448891342
0.6542743174902388
0.6540615654531092
0.6542162925456952
0.6539725288290852
0.6540983935101526
0.6542081558380306
0.6541895507004563
0.6541993150268786
0.6543212478269029
0.6541504337391805
0.6541098994896837
0.6542587418210395
0.6540489323295439
0.6542536979192156
0.654136997423475
0.6541113525582802
0.6542602811593339
0.6542336393182243
0.6541674755539267
0.6542659474031797
0.6541371646055815
0.654147140043693
0.6541382869937709
0.6541362099870339
0.6542980664530536
0.6541327544048458
0.6541901005397429
0.654083750103486
0.6542230546125948
0.6541040329737282
0.6542301271795536
0.6541924319344539
0.6541337458572994
0.6542118205674342
0.6542395880410456
0.6543629284369596
0.6542367704650128
0.6542010662109733
0.6540618000780138
0.654181416355335
0.6540940028290396
0.6541359638304491
0.6541768805903605
0.6542033893544315
0.6542760320763723
0.6540471864514423
0.6540822174754042
0.65411830995141
0.6541791138649629
0.6542373066236524
0.6542032462759666
0.6542481672623481
0.6542791950603641
0.6542709611958245
0.6539868635455621
0.6543160032212225
0.654116606137545
0.6543280507873073
0.6541270523283385
0.6541658160395721
0.6540105168654646
0.6541303740451081
0.6541420909248958
0.6542746201513658
0.654256103052139
0.6541847894049772
0.6541871380419126
0.6541101921319874
0.6542444777154734
0.654274873032785
0.6540944306299246
0.6541438737287466
0.6542301412928859
0.6541734871780676
0.6542520910302131
0.6540487399739578
0.6542120201477657
0.6543299492824476
0.654064231057414
0.654253066816559
0.6540237612237708
0.6542813548110747
0.6541870137708092
0.6541555196492229
0.6541922560626132
0.6541389576047162
0.6542808215149748
0.6542792482105191
0.6542421219208857
0.6541673101388255
0.6541179874830052
0.6542149984222055
0.6542428434491382
0.6540717669730949
0.6539575164340325
0.6541243593674724
0.6542372031774012
0.6542035513767332
0.6540035285022558
0.6541460607000787
0.6541715913097279
0.6541450444649666
0.6542830516705478
0.6541961700413292
0.6541842409086454
0.6540280185186305
0.6541721838117667
0.6541169303443981
0.6542851602181801
0.6541635170285377
0.654188967722828
0.6542309937758605
0.6542660176476824
0.6542477981619597
0.6540984212014869
0.6542696064169106
0.654221730839051
0.6542654111896208
0.6542680636307094
0.6541636973023743
0.6542275584989194
0.6541931164500185
0.6541671284538527
0.6541726561787967
0.6542285537882371
0.6542558389951418
0.6541855312367776
0.6542399834162302
0.6541383664712015
0.6540153585406362
0.6542217221775113
0.6542544669137349
0.6540421592279388
0.6542176491443482
0.6540509634435467
0.6542361610351051
0.6542663227486952
0.6540295307958717
0.6541758797898226
0.654199706710773
0.6543042320061656
0.654147939409407
0.6540855373199328
0.6540695473529723
0.6542141207596582
0.6540055886030758
0.6541742283020102
0.654224642054404
0.6542392123341697
0.6541716272128573
0.6541103427587177
0.6541011790874902
0.6541307059836574
0.6542070812855765
0.6540544552335663
0.6542074130581524
0.6540727109312989
0.6540193392191428
0.6544572455066386
0.6543739863313731
0.6541618133903722
0.654205687465836
0.6541960624727657
0.6540825884749719
0.6542362290891257
0.6542303403093718
0.6542219031992261
0.6541394361039385
0.6541595772740826
0.6540723434292934
0.6542226908607617
0.6542420172792603
0.6540892361200659
0.6541481546039688
0.6541478896317303
0.6540717618309215
0.6541156942832164
0.6541726145098947
0.6541940284936698
0.6542363022955857
0.654215597271675
0.6541493277314527
0.6542215031643541
0.6543222430541884
0.6541874245875001
0.654095158815926
0.6542341480928118
0.6541348292315872
0.6542227145091442
0.6541707029502526
0.6541052077466734
0.6541799034861653
0.6541474480691718
0.654346581257111
0.6541863678984203
0.6541574837959443
0.6542241981863209
0.6542429498208133
0.6543002311073636
0.6540847121441719
0.6540168223491627
0.6541501307703514
0.6540735353145339
0.6542799434307425
0.6540849231329622
0.6542191097725346
0.6542323139052213
0.6541278602623917
0.6542052216976864
0.65430246440752
0.6543641279927485
0.6540999431767129
0.6541735457856291
0.6540864597565644
0.6542531155645865
0.654303596717523
0.654131290591089
0.6542627191540477
0.6543030055658423
0.6542405708253285
0.6542649370441934
0.6541802749784271
0.6542080417254744
0.6542502851154455
0.6540600345881691
0.6541149889210764
0.6542080985688812
0.6541923160406563
0.6540537466653368
0.654110497619153
0.6542780327380152
0.6542261669520792
0.6542354319978271
0.6542432325541865
0.6543263435712064
0.65423555485376
0.6542467441826225
0.6540969855422138
0.6542458999844223
0.654073183601865
0.654346219199504
0.6540514958358069
0.6540922567222212
0.6543047324779472
0.6542117952028085
0.6541135682404905
0.6541583977950082
0.6541324993869588
0.6541391830462207
0.6542382077936976
0.6543489541463958
0.6543745464844648
0.6542406063919439
0.6543383702018124
0.654249950896945
0.654207324416944
0.6540890518281379
0.6542207504369076
0.6541672363550382
0.6542258547442302
0.6541456819772673
0.6540945706535604
0.6542104954438515
0.6541804578049816
0.654131701102019
0.654279334178983
0.6541531307879944
0.654015385172909
0.654112360179407
0.6541272693883083
0.654283621745189
0.6541455643741458
0.6542511400688338
0.6542102837260994
0.6542376542712534
0.6542646131108487
0.6542816353425329
0.6540838382629768
0.6539604535606828
0.654274822323173
0.654177211014409
0.6542106203208409
0.6541256883410878
0.6541514701307458
0.6541965691367208
0.6542931820837581
0.6541576424415252
0.6542205840660398
0.6542287942231559
0.6541451909703588
0.6542574024448362
0.654211555721388
0.6541430931492243
0.6542376632898785
0.6542495992566228
0.6543861900343064
0.6542395384650055
0.6540978419348225
0.6542349554861823
0.654096716098201
0.6542250649365946
0.6542433637605007
0.6542635705635674
0.6542289353763447
0.6541558388800935
0.6542481876344842
0.6542691906897985
0.6540221202262014
0.654193877271398
0.6543308493574103
0.6541518913270498
0.6542038799655581
0.6542971336006353
0.6540489441667778
0.6541577338644896
0.6542303390863083
0.6541464945850847
0.6542124244868777
0.6541637027995457
0.6541349105294725
0.6542391909200882
0.6543390672675745
0.6541628663961724
0.6542332794517072
0.6542347788319294
0.6541562136828039
0.654034740181314
0.6542263065318018
0.6542453605973653
0.6540939622764768
0.6542735865753285
0.6541744884939655
0.6540707558124661
0.6540502434643973
0.6540914597745586
0.6542460231814121
0.6543023130232455
0.6542078160409162
0.6543191373524284
0.6542153239722364
0.6542331289677699
0.6541412946324898
0.6540636684774617
0.6541925871708433
0.6542142913590334
0.6541435449358175
0.6542977457497396
0.6540424479767163
0.6542575499864074
0.6540670522603234
0.654357165746984
0.6541256767945188
0.6541640498436465
0.6542591280931662
0.6542090903395661
0.6541914442450584
0.6541914892664775
0.6541416408290042
0.6541774133520674
0.6542269845750777
0.6540793121797668
0.6541066949360921
0.6542056797391912
0.6541830244677616
0.654356299425999
0.6542339878802971
0.6542582653626949
0.6541932632880462
0.6542497447850728
0.6541726183591476
0.6540923259495373
0.6542053209206427
0.654314902394715
0.6542235160882077
0.6541403418679832
0.654143033662805
0.6542342924071463
0.6541495725593132
0.6541575400596104
0.6544099493034827
0.6541904890848194
0.6541777554411147
0.6543255346194846
0.6541665150087231
0.6542563276920597
0.654157819965406
0.6542597826035839
0.6540704434173414
0.6541711902804102
0.654198047690598
0.65436441297805
0.6541020027879628
0.6541402246618694
0.6542470055047444
0.6542575022955007
0.6541912638075937
0.6541118114555429
0.6541120155562972
0.6540940146331238
0.6541605207551591
0.6541735964307412
0.6540682132168805
0.654152697999592
0.654216924575077
0.6540750021116329
0.6541772505018062
0.6542616240250342
0.6542373556745107
0.6542492361671153
0.6541187666827808
0.6541793204430193
0.6542505120692634
0.654207501672382
0.6542108007106487
0.6542727422322897
0.65426827531811
0.6542017209412505
0.6541964892468626
0.6541465500960353
0.6539965575511896
0.654258353755216
0.6540195146974765
0.654295268853758
0.6541573193783656
0.6541849930496081
0.6541143754820601
0.6541081656475447
0.6541151867396011
0.6539763534705594
0.6541930547993813
0.6541717868499567
0.6541402089651146
0.6542338357492645
0.6543151213207408
0.6541291485024527
0.6541328839433416
0.6540657848262414
0.6541421444292819
0.654271559721613
0.654189488867808
0.6541653487789673
0.6542579072666046
0.6542338078114023
0.6541918133799719
0.6542306993527145
0.6540963187383877
0.6540735028694336
0.6541153673786106
0.6541023761520033
0.6541659648679203
0.6542134586407958
0.6543766536185682
0.6541618638090005
0.6541885641718876
0.6542244370793371
0.6541791819373799
0.6542278296695547
0.6541138076683863
0.654247496536994
0.6543058836589244
0.6541545916444808
0.6542614099098344
0.6541918830768756
0.6540853189620617
0.6543124642530292
0.6541593660080601
0.6543077096927641
0.654160165010731
0.65408053387922
0.6541509447990594
0.654154068201034
0.6541649574681554
0.6541507625452425
0.6542295885711193
0.6542539598017623
0.6540499907609489
0.6542148173889593
0.6541172278311713
0.6541266435254506
0.6541861759692661
0.6540502968391466
0.6540829963163453
0.6541953428566165
0.6540593819825982
0.6541972322478338
0.6542488895982186
0.6542117293403512
0.6541364087559747
0.6541781202263541
0.654073651588327
0.654294895779014
0.6542672739314983
0.6542257766333596
0.6542756585283851
0.6541579940909771
0.6542478112282134
0.6541560596959963
0.6540965940981066
0.654345292418269
0.6541114573000952
0.6542215684494278
0.6541251423628792
0.6543079571521817
0.6541235779645906
0.6541693932333115
0.6542395130774157
0.6542621308304186
0.6542814439225044
0.6542007146996345
0.6542570807364136
0.6541861294312765
0.6540591484080286
0.6543113605145107
0.6542665438881696
0.6541124506510603
0.6542336355476653
0.6541752225888862
0.654302053828078
0.6541342272054791
0.6542499521953495
0.6542675929043178
0.6542076112885229
0.6540703080042432
0.6541965530224634
0.65412854924274
0.654163459904651
0.6541145812549154
0.6541814444798716
0.6540615030377372
0.6542989495858414
0.6541803554404757
0.6542087863858772
0.6541953600554996
0.653977566992304
0.654292492817958
0.6542882503268425
0.6541417589194203
0.6541884135915663
0.6539630645106426
0.6541537349688589
0.6541140592008364
0.6541937235331925
0.6541525053189257
0.6541131977205912
0.6542135424091672
0.6542005143571421
0.6540438120933416
0.6542591227732667
0.6542494661271745
0.6540948094911646
0.654110195665314
0.6542214714011677
0.6541575482774177
0.6541997836977871
0.6541158682385149
0.6541874172797637
0.654195862066953
0.654238846755502
0.65426845764188
0.6539972762810982
0.6541903940001665
0.654239530222623
0.6543129151620414
0.6541117886987509
0.6540713649097675
0.6541836758230916
0.6543643693402753
0.6543204360972179
0.65417090793671
0.6541623850204829
0.6539909350382944
0.654152726348801
0.6541496914085099
0.6541594272261735
0.6542105112479959
0.6540790869487685
0.654326155164334
0.6540383253240969
0.6540965129278634
0.6544155218610035
0.6540576243646861
0.6540494275428919
0.6541735409690945
0.6542687240876761
0.6542146335711063
0.6540564214587664
0.6541344303391512
0.6541524306832678
0.6541981579237927
0.6541251405764141
0.6541801503826634
0.654225727627671
0.654196348836748
0.6541517721296607
0.654094402533792
0.654257173092087
0.6541732939595598
0.6542501379222617
0.6541497911296371
0.6542501709263894
0.6541509936592849
0.6541299308915387
0.6540312297483519
0.654076037178011
0.654164857940189
0.6543040681675185
0.6541820548544286
0.6542538689295582
0.6541710385472645
0.6541768955158406
0.6541530417873757
0.6541386197201424
0.6541234748484641
0.6541418506447039
0.6542487057719114
0.6542401634508495
0.6542119513094219
0.6541664969473747
0.6541781272083775
0.6542568372116915
0.6542979257035211
0.6541354177730921
0.6543184085482595
0.6542331257951596
0.6540897775677722
0.6540836820202187
0.6541127823418027
0.6540513919918383
0.6542226792124575
0.6542915749253309
0.6541877118031122
0.654174667571215
0.6542059177517763
0.6540961515336272
0.6542806506558
0.6542620559235943
0.6541297358079884
0.6541894949777245
0.6541750665241484
0.6542850717093848
0.6540934301554773
0.6543030458172654
0.6541876744909352
0.654112440042285
0.6541452140048121
0.6541750163444697
0.6541790638771243
0.6543744566604048
0.6540284802939761
0.6540545140329739
0.6542253929628267
0.6542105618795093
0.6539250346958776
0.6541923006280472
0.6540396892416375
0.6540843772452664
0.6542798057462856
0.6541781565588063
0.6542657364328396
0.6541027829029146
0.6542708932635432
0.654112591349298
0.6542327944057145
0.6542016296771087
0.6541625479259461
0.6541671001695013
0.6542168359086675
0.6540387131348195
0.6541563450780757
0.6542513844976805
0.6541751812502175
0.6540341780589578
0.6539903929478958
0.6542042391312852
0.6542526054518918
0.654174759203902
0.6541309311118813
0.6541846436359577
0.6540913027198771
0.6542101918909973
0.6541719256498328
0.6543111345235357
0.6541628751418667
0.6542114369041411
0.6540900309067865
0.6542586939769395
0.6540907776352811
0.6542132933755269
0.6540487400044547
0.6540417645970941
0.6541093434571639
0.6540731228658782
0.654211640383335
0.6542143339039624
0.6541603173434404
0.6541572804574217
0.6540855472866214
0.6542408960351014
0.6540569027978849
0.6541732441668704
0.654250444742542
0.654172144811901
0.654200565397058
0.6541718008212458
0.6541882040243854
0.6543547662911554
0.6542257341440968
0.6542546223613082
0.6541852260310109
0.6541041266383503
0.6543158318217206
0.6541534381529729
0.6542647728732609
0.654138726806852
0.654277034238711
0.6541087162867585
0.6541186588815371
0.6541167809341959
0.6542011733586397
0.6542971767101307
0.6542153468883378
0.6542330971399671
0.654187003104419
0.6541454102073772
0.654189230235442
0.6541951362897784
0.6540664259576737
0.6540579270125535
0.654189175433302
0.6541498803617188
0.654279872464074
0.6542625285787343
0.6542700752715225
0.6542280247232505
0.6543460353046286
0.6542120995578944
0.6542592886196071
0.6541791723392458
0.6541747161099772
0.6541183099360329
0.6541105913564934
0.6542208207902716
0.6540718664636576
0.6542924835149074
0.6541741320070016
0.6540506516006364
0.6540581987168539
0.6543031075997384
0.6543185179262871
0.6542097499261004
0.6541185612168596
0.6543320031271614
0.6542709001291303
0.6541029902195201
0.6543090599209566
0.6543123038249671
0.6541906419632629
0.6540965871692591
0.654140289748306
0.6541688327272854
0.6541576249171093
0.6541898523580757
0.6542640088876094
0.6542708809113427
0.6542591445808447
0.6541736678766757
0.6542718952578119
0.6541863229263427
0.6542020483084492
0.654187067217254
0.6542221721585879
0.6542204209109725
0.6541448369128045
0.6542688521844511
0.6540657237375438
0.6542782995780452
0.6540487882409605
0.6542905213937927
0.6542443528130468
0.6542764230993601
0.6541462044759937
0.654038443302043
0.6541454386127068
0.6543828869043222
0.6541397307645553
0.6541853340464798
0.654339415167075
0.6540711720081961
0.6541959438779055
0.6542183796931158
0.6542054062787863
0.6541905836346257
0.6540553681362099
0.6540331122695001
0.65416668264906
0.65403537404412
0.6542224443651002
0.6540821547567609
0.6541882712785473
0.6541813970404368
0.654269757523696
0.6541949104081746
0.654196034771646
0.6542489526164053
0.6541390250132263
0.6540726392146073
0.6541143701146878
0.6539762575319419
0.6542508193203671
0.6541690111974015
0.6543306901829108
0.6541014020962068
0.6540781012366299
0.6540891660900026
0.6540448955966134
0.654185024976347
