0.6495889806890234
0.6497490719312007
0.6494460524622401
0.6496676763215821
0.6495534626243589
0.6495889403012436
0.6495107619289027
0.6495711284864425
0.6498442674941869
0.6492849997818435
0.649539258184382
0.6495966860451811
0.6495240299139577
0.6496544221465976
0.6495425333449307
0.6496428301981549
0.6494191891989991
0.649555961692924
0.6497575988751515
0.6496054442632572
0.6495272871105098
0.6497394052160098
0.6497193964307435
0.649500820097215
0.6493701430032918
0.6497227538991979
0.6497354243230845
0.6498811299002039
0.6496135640603039
0.6494762463377047
0.6497468476127222
0.6496379262531847
0.6495044438593732
0.6495214897537998
0.6496667296978726
0.6497751210293417
0.6495905912471472
0.6495012792522077
0.6496237930737246
0.6497785260929764
0.6496504580761774
0.6495535349535431
0.6496928713108592
0.6495225812004207
0.6495478538355882
0.64961462548943
0.6494114577312309
0.6495834970056995
0.6495933019416356
0.6494841147564429
0.6496049186220985
0.6497151635255022
0.6495432059205957
0.6496858321887543
0.6496447945716746
0.6495388325954976
0.6493839399982041
0.6494764430745216
0.649755934399848
0.6495869598336677
0.6496002454529564
0.6495373845545251
0.6496502128315744
0.6495485126428979
0.6496416445412148
0.6492920502964944
0.6496077235651104
0.6493873780403278
0.6495544817458145
0.6497357607444422
0.6496036557485679
0.6497265170413126
0.6496032156901337
0.649744804668601
0.6495791683655114
0.649612006856177
0.6496496836160794
0.6496519282606747
0.6496444986788676
0.6495652752355769
0.6496218734254704
0.6494960759309832
0.6495331796059465
0.6495115461930812
0.6495919078174073
0.6497196338485475
0.6497671848743012
0.6494483502560211
0.6497161566803396
0.6496730760778082
0.6496502916529678
0.6496430816091119
0.6496382757955635
0.6496683656053142
0.6497081970677263
0.6496021337383353
0.6495056881793602
0.6496567780417211
0.6497616116281764
0.6497812647734111
0.6495770728575812
0.6494804514441759
0.6494734659767015
0.6495410154016213
0.6495367208803686
0.649752243562556
0.6496022323965006
0.6496453099937785
0.6495544545985854
0.6494820360940448
0.6495982633889664
0.6499261766772431
0.6495350987473915
0.6495950180529155
0.6497760856263913
0.6495485896713564
0.6493570025508777
0.6497002642308125
0.6494488628266557
0.6493100629680221
0.6496706006805208
0.6496872972909209
0.6496606136263721
0.6496004123586151
0.6494943671196152
0.6496543250319218
0.6496970779053692
0.6495068806574631
0.6495730753806004
0.6496733406518747
0.6496937391784171
0.6496328664622347
0.6497397725527467
0.6497709488264329
0.6497899519736798
0.64973227092654
0.6493882037588015
0.6496051120933004
0.6495530035222477
0.6494729004542906
0.6496238142216195
0.6496778200082945
0.6496147515648185
0.6496767970673912
0.6496628036664954
0.6496744321872024
0.6494984898344619
0.6496801689308795
0.6496257518127457
0.6495666821370056
0.6496521856872115
0.6497043553802946
0.6498231544794236
0.6495540163172405
0.6496027471046111
0.6494931929763419
0.6494416180802374
0.6495999902479979
0.6495076431616844
0.6496161115708254
0.6496036423726562
0.6496255968786119
0.6495758959876373
0.6496054059156195
0.6496013820676614
0.6497380661450252
0.6495462146681403
0.6495258329741833
0.6495474367276051
0.6497013835151122
0.6495356428983883
0.6494951213246629
0.649866606821569
0.6495927094337588
0.6496587413959465
0.6496465021173757
0.6494933827515728
0.6497651741782025
0.6496400677106833
0.6497832776526387
0.6496423076741191
0.649738384914879
0.6495528874519652
0.6496878033301681
0.6498796018124202
0.6496558485394394
0.6495137874569273
0.649607619826542
0.6497724248021798
0.6495410558699813
0.6495955438381097
0.6495702206655973
0.6496964095612459
0.6497388735776828
0.6496884772053342
0.6496001299746322
0.6496177933416244
0.6495986085321341
0.6496326968452217
0.6496953497662161
0.6496791857744355
0.649539175214768
0.6495850523307041
0.6495199081015602
0.6495659433965684
0.6495882247744398
0.6494958378926416
0.6496190844371509
0.6496311292620227
0.6496307817227461
0.6497422089738797
0.6495689769096009
0.6495712532118445
0.6496382417212765
0.6496671223431743
0.6493356914821585
0.6497056634251652
0.6494021115835644
0.6494441583917433
0.6496026973408651
0.6495591421376185
0.6495920640353541
0.649580760569487
0.6494773955670055
0.6495321581613718
0.6495284178049576
0.6494222610030401
0.6495557309065518
0.6495640891320953
0.6494806752329234
0.6496249306116234
0.6496095396647978
0.6497958085632137
0.6496448583558447
0.6495309841133408
0.6495614648720804
0.6495458937696503
0.6496292103920338
0.6496096920593502
0.6495345873532815
0.6496574108348552
0.6497235318970888
0.6495730482432835
0.6494884794655442
0.6495518913595444
0.6492946569967991
0.6497517256207362
0.649656597636259
0.6496502110494177
0.6495808729903609
0.649571773078509
0.6496668893872976
0.649616999566716
0.6495291896162623
0.649670791906721
0.6495128916568511
0.6495408578719194
0.6496402197210045
0.6495142601663411
0.6495779169842475
0.6495337011529729
0.6497283597074299
0.6496303286536571
0.6494746311748265
0.649625327334501
0.649697617282636
0.6495555666905468
0.6496312823669492
0.6497127531961562
0.649600277885866
0.6495082898613513
0.6496750495010073
0.6497302690638286
0.6494219703916133
0.6497688103315451
0.6494509242276894
0.6495746725826974
0.6496608404811548
0.6497342811220781
0.6494709295628449
0.6497433713388
0.6495959597401939
0.6495745755166322
0.6495359983369103
0.6497083428348623
0.649685240320364
0.6497301616614953
0.6494499464353902
0.6495160558194305
0.6496366823135578
0.6494639430235614
0.6495043328957657
0.6494713196987923
0.6495225505222431
0.64976116568496
0.6496540708557282
0.6495619633195531
0.6494926696998844
0.6496616592431144
0.6497032355392137
0.6496524460550199
0.6494832217621622
0.6496683751027026
0.6494733943336268
0.6495526298744837
0.649772520478072
0.649462792324226
0.6496172208927774
0.6497379937728495
0.6496307455066085
0.6494614431197251
0.6496916663395879
0.6499242099714055
0.649549085945855
0.6496710825359759
0.6495426966330943
0.6495250090522313
0.6498227651298917
0.6496059895852941
0.6495857221634089
0.6496860721914598
0.6496086155396296
0.6494857279591519
0.6495659026028202
0.6494633371549333
0.6497267499202577
0.6495863627425134
0.6495504107573457
0.6496272228434281
0.6494428238444316
0.6495851833500753
0.6497253054594462
0.6497437540218278
0.6494994985309256
0.6495756230386337
0.6498337937252303
0.6496951957998774
0.6497407920681366
0.6493716122419921
0.6495259242930442
0.6495102039242158
0.6496411362446102
0.6494713697650487
0.6496860061639385
0.6496075810585662
0.6497020453306659
0.6496722509852283
0.6495243932645616
0.6497737111466091
0.6499088049112876
0.6496773033966182
0.6496466136043237
0.6498599432221789
0.6497415669854305
0.6494275766567866
0.6495992318524647
0.6494249305437284
0.6495400559130642
0.6495343672600794
0.6497746475674357
0.6496115239510235
0.6496095002723532
0.649685130460718
0.6495263181497062
0.6495740214934953
0.6495696197417061
0.649436405378717
0.6496482248619275
0.6496549231019209
0.6495999944969515
0.6496450854958595
0.6496801871609806
0.6494595196776688
0.6496920581819463
0.6494389055380767
0.64960797177429
0.6498862637293572
0.6495888902212821
0.6494696357295706
0.6495295425218441
0.6495924230405457
0.6496943393332114
0.6496638030810354
0.6496834619250246
0.6496769538173359
0.6498880408357304
0.6496534180495801
0.6496460379668594
0.6496705441238929
0.6495403436143956
0.6497868050532482
0.6495567163138546
0.6496872842728172
0.6495234309134718
0.6493573732346589
0.6495824822850154
0.6496406268717023
0.6495557225941151
0.6492590309806768
0.6495443560119063
0.6497829453932322
0.6498599679938932
0.6496992395221011
0.6493629230967961
0.6495224057647795
0.6495902848125339
0.6497697500640902
0.6496328457885436
0.6494849167955445
0.6493330510684618
0.6496539144271789
0.6496499874153709
0.6497311663814882
0.6495674248733959
0.6494303664883033
0.6495174094921771
0.6495709235432101
0.6495798224440686
0.6496131584031699
0.6497698671942979
0.6497008673864363
0.6495918658162914
0.6496799831970124
0.6497189607137819
0.6495996604679776
0.6496507499456319
0.6496764057367131
0.6495963910556366
0.6496653439631791
0.6495702839652413
0.6494923181825965
0.649736939384362
0.6498371080149412
0.6496890792678082
0.6496151601958047
0.6496087898255385
0.6496915731614799
0.6494902235473189
0.6496946135757685
0.6496500770724127
0.64965921815228
0.6496745513005026
0.6496606222894268
0.6495431623507757
0.6496060894238445
0.6497624989407763
0.6495589744938388
0.6497731634222059
0.6497205303722999
0.6498734410942796
0.6497456774800966
0.6495133458141911
0.6495248176386466
0.6496848323652676
0.6495272959482398
0.6494775541860925
0.6495605977921595
0.649383872982668
0.6495950951574587
0.6496298249426736
0.6496265389328986
0.6494949987961698
0.6495311952530102
0.649822481928601
0.6496478691215573
0.6495413119980779
0.6494701486943182
0.6496128647334722
0.649683863848917
0.6496213312628537
0.6495703614454664
0.6494946286146553
0.6492928708755052
0.649634684730575
0.6495116458529097
0.6495990640099907
0.6497939509214915
0.6496291022598814
0.6495420199068154
0.6496434097748317
0.6496047395882036
0.6497280454816099
0.6496786540391355
0.6496146670475311
0.6496177674662738
0.6494931867308938
0.6496349790908456
0.6494734781695501
0.6497139893219106
0.6496303372420034
0.6496973496035456
0.6496401550101604
0.6498305817479528
0.6497809872834456
0.6496731813523592
0.6494827256982041
0.6496631089025632
0.6494564400009915
0.6496819801916915
0.6495888381827133
0.6496199164635902
0.6495995207353417
0.6497728497896791
0.64954939258926
0.6496137526410084
0.6495051545565623
0.6496970068430612
0.6495756879271145
0.6496706804724515
0.6495833662140708
0.6496581539602833
0.6493597690879658
0.64955668503868
0.6495711942623328
0.6496747011275114
0.6496035087553416
0.6494514499651443
0.6497139727944872
0.6497946380465572
0.6495837392552504
0.6496664740958147
0.6495819468543979
0.6496347311704933
0.6494761430199141
0.6499998317728382
0.6498115860304372
0.6495027786639784
0.6495990816852043
0.6497998869736785
0.6496044440921067
0.6499640250588743
0.6494823387023035
0.6496536427151998
0.6495884676871594
0.6495812087659232
0.6494774449980999
0.6495592264905138
0.6496884221642633
0.6495291142754586
0.6496124846962414
0.6498215849639963
0.6495946385317142
0.6497587844617279
0.6495193977211504
0.6493528826908103
0.6495832831828051
0.649534486500015
0.6496781742050053
0.6497083513064265
0.6496662548054685
0.649797293834077
0.6496416993553764
0.6494686856639642
0.6493095742676488
0.6497924868844422
0.6496625457227885
0.6495828436914683
0.6496009114462107
0.6496219442453737
0.6493693932535808
0.6497364073710389
0.6495047567730012
0.6496521911359473
0.6496287921810142
0.6497781836464092
0.6497289407650084
0.6495201564228541
0.6497309958178165
0.6497405506822156
0.6497289211264952
0.6494996400134285
0.649504675114537
0.6497386504531708
0.649685068353042
0.6494592239885644
0.6496772355096105
0.6495772059487372
0.6496557808975649
0.6496991234336362
0.6497039758438153
0.6496842765608243
0.6493996374008636
0.649541252247236
0.6496109693218591
0.6497174863986583
0.6495774650749299
0.6497720967060675
0.649627203126385
0.6495608052767115
0.6497821540565514
0.6495201974769347
0.6496593879364354
0.6495774512784659
0.6495475262313457
0.6496883768404432
0.6497023833462041
0.6496233305267658
0.649723750203391
0.6496475989878572
0.649843845696477
0.649586330413117
0.6492803548186045
0.6497087615061202
0.6495594742562089
0.6494663020912421
0.6495137866557574
0.6497030982052266
0.6495906703785744
0.6495110383497961
0.6496943568773653
0.6497071201431353
0.649591983665844
0.6497599810513577
0.649694851498688
0.6497477364100147
0.6496071082203356
0.6495518262444724
0.649398227801734
0.6495828524784275
0.6497890821874646
0.649540650472342
0.6495055954880243
0.649649563943189
0.6496405715957081
0.6496459709067917
0.6496352043540814
0.6497045688454368
0.6496689896263074
0.6495191605326429
0.6496854852778584
0.649703220241168
0.649636987945154
0.649614914685078
0.6496022248135698
0.6496003028638841
0.6496135442032004
0.6495875450240861
0.649480985335156
0.6496001132236876
0.6495186118530181
0.6496614585539887
0.6497616914873909
0.6494949648739601
0.6496810250559673
0.6495955528899854
0.6495534976768421
0.6495634522611797
0.6496674865655117
0.6495083923783209
0.6497111018420115
0.6497695721001882
0.6497315808499856
0.649405222797074
0.6497010971474138
0.6496589805824506
0.6495244400687987
0.6496305579210363
0.6495081892453668
0.6496549573510036
0.6493782160689442
0.6495543098943097
0.6495544011428152
0.6495033034974453
0.649661004615949
0.6497789701194425
0.6497735106269915
0.6495402100364045
0.6495598369787636
0.6497138658897874
0.6495401213673615
0.649690004535761
0.6496030272193267
0.6497115320654581
0.6496527013193562
0.6495632991619245
0.6495393360093712
0.6494701379621513
0.6497285372044334
0.649318552901915
0.649437951047811
0.6496843442865482
0.6495273763966041
0.6495390942484657
0.6495897372903884
0.6495578794461442
0.6499360264927625
0.6495486993677475
0.6496227344049033
0.6497254615891948
0.649581938065428
0.6498219182277929
0.6495335325474535
0.6496862807912807
0.6496310027281713
0.6495349938995576
0.6497591443206004
0.6495815109493882
0.6495334579603539
0.6496467345552994
0.6495797748518892
0.6496498950120917
0.6496479443972022
0.6495502291181581
0.6497099652118613
0.6497315728286188
0.6494454136388804
0.6494932454225955
0.6495684767150617
0.6495051784049798
0.6497431858807292
0.6494814946626338
0.649361979287894
0.6497298976643203
0.649644070047914
0.6495846368919395
0.6495975068909654
0.6496761680794156
0.6496418658154385
0.6496119429684217
0.6497751949402744
0.6495436382415056
0.6496896808109363
0.649411644935757
0.64966214881465
0.6496339868266624
0.6495621282776852
0.6496448124372255
0.6496908614407461
0.6495213821542813
0.6499277561996859
0.6495151347703882
0.6495648337712208
0.6497726619458651
0.6494835062343964
0.6495708129463195
0.6495419961177855
0.6497933107349236
0.6495925774058093
0.6497765963723633
0.6496576845175119
0.6493987236390195
0.6498175400475348
0.649637816808357
0.6494964700405907
0.649718762808837
0.6497138166373356
0.6496377641959943
0.6497082274704508
0.6494824232796327
0.6496623504897484
0.6495154366782918
0.6497657347935677
0.6495323084443595
0.649718446160637
0.6496299076891573
0.6494452294706154
0.6496690940070309
0.6493985861059919
0.6496917433382854
0.6495237391125032
0.6495648848775265
0.6494614879359686
0.6497776035799595
0.6497369168214187
0.6497907185093539
0.6497925126191845
0.6496967959441224
0.6498337292671337
0.6496742399627142
0.649475687321947
0.6496120652393279
0.6495443634359466
0.6496425970904903
0.6497833446927853
0.6499650938451459
0.6494898308176408
0.6497983994897261
0.6495427686123
0.649537409040524
0.6495339742725256
0.6495774334873555
0.6497439793141927
0.6494274800532084
0.6495767003318564
0.6494787838987686
0.6494615118491617
0.649596236956273
0.6496645079839243
0.649429500346752
0.6495958564002065
0.6494639368712611
0.6496890624234472
0.6496204565701634
0.6498769956497471
0.6497715614598202
0.6496557778003234
0.6496316659803222
0.6496788321114237
0.6496098113768354
0.6495267407206631
0.6494035625585168
0.6496945091990647
0.6496484344233593
0.6495274106570683
0.649572873352703
0.649624237763989
0.649610276463161
0.6496623401616612
0.649580641901821
0.6495152478287558
0.6496150652124718
0.6495168952446522
0.6494650759964531
0.6495812324863659
0.6496608431101065
0.6494536156687778
0.6496177073245653
0.6496667426874307
0.6495577617625778
0.649534216483229
0.6496476398537756
0.649647339761717
0.6495682691617997
0.6498548679311243
0.6495523871969755
0.6495515571275657
0.649454282399297
0.6494883708931645
0.6496320858705222
0.6496681539583682
0.649677032575058
0.6496466488930333
0.6497049902035733
0.6495177839152092
0.649466710968877
0.6498495037716779
0.6495387709254372
0.64983403135453
0.6495630845016362
0.6497299252233374
0.649476006526783
0.6497145761711254
0.6498560339365298
0.649194335412487
0.6494991972521914
0.6495557138254546
0.6496738391341792
0.6496996460431064
0.6496199987541813
0.6494505820047961
0.6498031938020722
0.6496201774894625
0.6496551541627271
0.6497760272341958
0.6495579964176462
0.6496678561038118
0.6495753169298015
0.6495782776536334
0.6496147879360675
0.6494640179045386
0.6499184857363339
0.6497610048559102
0.6497161570651704
0.649805965208667
0.6495480332866737
0.6495137989482394
0.6496229051243428
0.6495171371111546
0.6497658017097516
0.6495069102429507
0.6497107164958853
0.6495742455399511
0.6496861174978785
0.6495452483599875
0.6496067761384783
0.6496649889142525
0.6495095556318873
0.6496069910896003
0.6496521273579847
0.6496092766671397
0.6496056128482599
0.6497236402918349
0.6498597296038309
0.6496285312513085
0.6497479178329069
0.6495912272330672
0.6497016930971413
0.6493871992883533
0.6495954978788328
0.6496098388154203
0.6496568477732912
0.6494621570000874
0.6495362918798399
0.6496154217502057
0.6495786631357042
0.6494606501394511
0.6497877152325344
0.6495922483171563
0.6496074233730799
0.6496172957050179
0.6495745583821573
0.6496950149398708
0.6495515820357687
0.6495256191945953
0.6495902118755732
0.6494305896817499
0.6496331114535672
0.649648840278309
0.6496551660814603
0.6495672798832778
0.6494304425664423
0.6495844017063934
0.6495892792443925
0.6497169895231304
0.6496736618700032
0.6496815693351734
0.6497056090718045
0.6494779707145852
0.6497059642548774
0.6495757029181641
0.649759894905747
0.6496595597228599
0.6497762384191725
0.6497190422414869
0.6494784115666421
0.6497270356166118
0.6495615073188388
0.6496260845031574
0.6496222494083577
0.6496035746255784
0.6494217736551022
0.6496941749580692
0.649672666133603
0.6496842522589034
0.6497464608176935
0.6498718420885784
0.6496082543871149
0.6495645393167276
0.6494766496195107
0.6495220202050933
0.6496662064479317
0.6495660525067972
0.6495854593838191
0.6495107748572284
0.6498664138123176
0.649735645625242
0.6497828120421256
0.6494322370563096
0.649845375535918
0.6496814846981969
0.6495851517587732
0.649506706337607
0.6494916101937266
0.6496949573343604
0.6496346833422157
0.649752760716598
0.6498628915003541
0.6496222588400975
0.6496973502069181
0.6494869667572658
0.6495644702406251
0.6493797039441747
0.6496458457760511
0.649673076610858
0.6496704934470658
0.6495791399863156
0.6498323868591522
0.6495059289204161
0.6497463524697785
0.6495875569726215
0.6496202621222038
0.6497256991440342
0.6494699671256587
0.6496269086270448
0.6496156034100119
0.6495172015488091
0.6498183147010748
0.6495721838291052
0.6494812809002949
0.6497635985222721
0.6496315256714196
0.6496069644805063
0.6496675050716856
0.6495106021107585
0.6496443045884412
0.6496913357757446
0.6495628589089834
0.6496960081881362
0.649358352216109
0.6496303101356858
0.6497443589495601
0.6495343556794887
0.649495417556148
0.6495759490033572
0.6496837925963947
0.6494901413893732
0.6495683156804362
0.6495480427288
0.6497969452617419
0.6495876450078872
0.6495018605533671
0.6496094381535433
0.6496015353102416
0.6495522798708919
0.6496653554050512
0.6494588907423983
0.649493546758144
0.6496084924353704
0.6496238783242693
0.6496696668204438
0.6495490280171521
0.649693732495626
0.6495222887670018
0.6497489448325671
0.6495283552647377
0.649778469178055
0.649516413025786
0.6497576996991066
0.6497439331322711
0.6496480391146222
0.6495573666572949
0.6495513993711513
0.6495975498087296
0.6495434508577014
0.6496437854854168
0.6498108367799535
0.6496880942121913
0.6497668987866649
0.6495391337304306
0.6494888346742769
0.6495172650222675
0.6495621835620629
0.6496827957954154
0.6495277381480424
0.6497390824832348
0.6496570726146151
0.6495831087512776
0.6494588726412815
0.6495468195265084
0.6495881610980753
0.6497782955493321
0.6495250209252498
0.6498504454719582
0.6495595088148527
0.6497290235164584
0.6493812829091905
0.6498392622513515
0.6495229242153984
0.6496461231741508
0.6494574153457513
0.6495253659193264
0.649850098271516
0.6497469143511754
0.6495203038052934
0.649646283929934
0.6497833026169157
0.6495956938485501
0.6495313587268319
0.6495869176432529
0.64962695039534
0.6498353022617013
0.6493929739414386
0.6496932481037809
0.6495830727110694
0.649402790546354
0.6496383619535682
0.649517511329463
0.6496258676491132
0.6496978596215237
0.6496293351816042
0.649756140277425
0.649606547742074
0.6494818173189487
0.6495497468067049
0.6496012418201145
0.6495590996420666
0.6496113857577271
0.6495546833304668
0.6494340895995139
0.649528152677461
0.6497620206731267
0.649625017456382
0.6497598930564449
0.6496516955139559
0.649384492796345
0.6496326840358727
0.6497260720369229
0.6496114779286615
0.6497152434356621
0.6496427377521228
0.6496812325636655
0.649781598562047
0.6495917734278526
0.6497833295647152
0.6497132297707278
0.6498266485240946
0.6497260305175834
0.6497595004132029
0.6495357792612251
0.649693467337841
0.6497544217667164
0.649644886110329
0.649617551801321
0.6496059538598206
0.6496306195821043
0.6495004345996915
0.6497426932007937
0.6497323886105575
0.6496923202308508
0.6495298220590013
0.649546567938214
0.6495609870481137
0.6495783756933037
0.6495204496953337
0.649606783181582
0.6497119782293423
0.6496341609716845
0.6496545972504335
0.6495326197546968
0.6496688427712092
0.6495936823808388
0.6494647233194732
0.6495393730377358
0.6496362950871126
0.6498176120251777
0.6497677919913808
0.6496444054113003
0.6494788782527111
0.6496035439424047
0.6494578751540692
0.6495731347791017
0.6495413208275488
0.6496562753510287
0.6495128396873814
0.6495429274152549
0.649575949805081
0.6495051282234506
0.6496686293731413
0.6496174365064735
0.6495571170513864
0.6497424048215628
0.6498186727460145
0.6495724425128155
0.6495185041838285
0.649989076786865
0.6496606089967882
0.649531251348795
0.6496989645757214
0.6497396877680472
0.6496922238902485
0.6494716382499974
0.6496384196107834
0.6497282477107659
0.649525095328166
0.6496267575687951
0.6496743434212731
0.649590529864553
0.6496759014864014
0.64950189045066
0.6494668400977988
0.6494939717807087
0.6496949643475007
0.6495498992781521
0.6497364503144043
0.6496647381324712
0.6497968776953601
0.6496357249649493
0.6495525566511301
0.6495729206852419
0.6499210218340127
0.6493688736910197
0.649679530350575
0.6495113595433728
0.6494154607918563
0.6496560682797596
0.6496959757602008
0.6497200950040491
0.6493987535201595
0.649620780033092
0.6497194995963107
0.6496571072135677
0.649588506020614
0.6496668997101779
0.6496179821895297
0.649630053603059
0.64954616141563
0.6498562558348013
0.6495163160586667
0.6495208733484796
0.649557244500555
0.6497470770081921
0.649596195628834
0.6496440503486369
0.649663364567915
0.6496099401304355
0.6496306033433313
0.6494974382962643
0.6498954438774056
0.6495958978452294
0.6495622326922859
0.649794216633989
0.6496813677263844
0.6496227209648071
0.6496761065895675
0.6496848234570957
0.6497839194125047
0.649526498247696
0.6496099785985979
0.6496204336730906
0.6495753644159405
0.6496578354758962
0.6497700168176772
0.6498676257796899
0.6497004544953264
0.649331912668462
0.649628559150247
0.6494955380467904
0.6498400796402072
0.6497097168132668
0.6496266246375384
0.6497361946865619
0.6497230448992841
0.649884799934969
0.6494753316644519
0.6496771127565646
0.6495233962898823
0.6495781939664289
0.6497075022212908
0.6496019869797539
0.649594143232082
0.6496824522778024
0.6495734538180045
0.6495878871365076
0.649630172953817
0.649778932311159
0.6495168139502738
0.6496509887042128
0.6496530915830256
0.6497488512285894
0.649670287458303
0.6496256547832266
0.649656532189719
0.649672670721105
0.6494571925056961
0.6495884965674839
0.6496316888918464
0.6495365699162768
0.6497094352817395
0.6495942083406702
0.6495513155937901
0.6497367562925098
0.6494076815877339
0.6495402046697532
0.6495044979006657
0.6495319758961863
0.6498584772794338
0.6496866612477334
0.6495550357345508
0.6493599693383453
0.6497532615840762
0.6494927537685018
0.6495857555526594
0.6497672148029959
0.649619825793013
0.6496297781626937
0.6497126836750481
0.6495683027322435
0.6496535334963165
0.6496348593697984
0.6493681305475814
0.6496513109376467
0.6497957812305668
0.649764011370968
0.6497165085531841
0.6496180086917864
0.6497427074185779
0.6497374213634106
0.6495978644094886
0.6494476369599126
0.6494555852550905
0.6499163216140946
0.6496584472025158
0.6495409563795788
0.649818907089516
0.6495264576321621
0.6495017172402548
0.6496396130874067
0.6497682837761259
0.6494954427082205
0.6495320822307833
0.6496954473237564
0.6495958272911198
0.649544577809364
0.6495478901143972
0.6496817201826777
0.6495587107676151
0.6494709881577826
0.6496468024779494
0.6497549138452027
0.6493418293673701
0.6495536253645409
0.6496172733988936
0.649533510946577
0.6494974873214555
0.6497218604942909
0.6496295823912329
0.6495855131280213
0.6496382358950318
0.6496091811834067
0.6496939095773664
0.6496676447558338
0.6496019549789098
0.6494514661340786
0.6496719152348289
0.6495391321061078
0.6496842593550846
0.6494023585642088
0.6494351734203985
0.6496166858871747
0.6494750761114784
0.6495077404973736
0.6496436133303782
0.6495193775184348
0.6496058550142128
0.6497517746916237
0.6494258730838283
0.6496890193435978
0.6495868988124831
0.6494613928977824
0.6498130273982881
0.6494856850631977
0.6495131935325225
0.6494121024755335
0.6494914655298465
0.6496620828290216
0.6495808688212643
0.6496828938086323
0.6497748780709823
0.6497940083638665
0.6496434947886769
0.6496063709126423
0.6495633373750456
0.649517377544211
0.6497214502225944
0.6495226297971199
0.6496506282153625
0.6495924652725522
0.6496173927555169
0.6497063539686598
0.6496652440445503
0.6499938969673182
0.6497303133293955
0.6495523053322259
0.6496112253741512
0.6494690813858447
0.6495964142567695
0.6495098978620948
0.6493994105750263
0.6494822099973201
0.6496308809607835
0.6497428990033101
0.6496658045370751
0.6495700188624833
0.6495285516473359
0.6496269369163704
0.6496728732287739
0.6496666537139387
0.6495796110182717
0.6494276480645385
0.6493169176312329
0.6494789366894786
0.6495377428255461
0.6493165074207399
0.6495919979049408
0.6496605429719229
0.6497650979088735
0.6496266649130629
0.649510184027584
0.6495510187546933
0.649652532203413
0.6496274159954829
0.6496320559948286
0.6495169391824531
0.6496731573352079
0.6496166553130278
0.6496675710741351
0.649527964894566
0.6497185265514255
0.6495888175914232
0.6497490182494563
0.6495119519887205
0.6497139527578105
0.649756477845538
0.6496550512404276
0.6497362892566918
0.6494087211122423
0.6494233209011073
0.6495803667425698
0.649676096926725
0.6493191900351892
0.6497009275045499
0.6497001558508447
0.6495390525838804
0.6495369548155456
0.6494226722403079
0.6497387666188472
0.6497672255142883
0.649645327250746
0.6494729566811187
0.6497330368233694
0.6495551109234117
0.6498203295654625
0.6495590438025499
0.649734011233418
0.6497463967010124
0.649864776952632
0.6495583329813706
0.6493881611071081
0.6496367205955272
0.6496738987437598
0.6494181028953736
0.6492559096700148
0.6495611557503677
0.6496506689798358
0.6496655527764809
0.6496066929964404
0.649742637039395
0.649521802171289
0.649576260662498
0.6496027423030741
0.6495171880779561
0.649615771946809
0.6496162127656944
0.6496425958318233
0.6495044772566051
0.6495744988875428
0.6495764379426229
0.6494211269966186
0.6496622113828621
0.6496586641348883
0.6494558557854284
0.6496645041044733
0.6497478976156417
0.6495984849278166
0.6496898974347551
0.6493240735420922
0.6497208729979388
0.6495229572817951
0.6497438443057038
0.6495986421256428
0.6496616647465692
0.6495461769459121
0.649593512998613
0.64950175119944
0.6496811570959826
0.6497090926932894
0.649581208585152
0.6497479438019449
0.6494600625381245
0.649768379074097
0.6494573023722591
0.6497217895351234
0.6494136605040417
0.6496879755929122
0.6496274443125223
0.6497356618715271
0.6493733854211949
0.6495806091877598
0.6495859231592955
0.6495204375284291
0.6494461543932613
0.64961613722824
0.6497400397128548
0.6494689108311429
0.6497554108699259
0.6494886906457598
0.649665841102427
0.6496522058092745
0.6497027635418657
0.6494806803220625
0.6495622817189374
0.6497245621479417
0.649681553043108
0.6495795814223849
0.6496172211576542
0.6495238535151475
0.6495323475606122
0.649747688624567
0.6496113131614101
0.6494154206859486
0.6497306329786365
0.6497689998487639
0.649709197464878
0.6496666002322109
0.6495546023558023
0.6494196497467364
0.6494780189895337
0.6497747944913679
0.6495967842734345
0.6496221374957873
