0.6336662695840438
0.6334020440216457
0.6332524829717059
0.6334140770861516
0.6334856192899024
0.6336244914851643
0.6333066363999496
0.6334966068574379
0.6336029778429716
0.6332332566802303
0.63345760276497
0.6333257547134854
0.6335361513214892
0.6335603720861727
0.6333848509150559
0.6332560441246874
0.6335443176249465
0.6334824707278415
0.6335164253202095
0.6334174398099307
0.6335493333097393
0.6336083458189639
0.6334040675979149
0.6336113808845885
0.6334044651718089
0.6332715949928651
0.6337266109546327
0.6337305417504115
0.6335491378996948
0.6337266635208151
0.6333203099098954
0.6333496106688576
0.6335479057668019
0.6333814891511622
0.6334412255029422
0.6332573587551179
0.633524795920251
0.6333725657644687
0.6335719550346799
0.6337303558987577
0.6334598709658792
0.633232855912471
0.6333589190796751
0.6337690966669047
0.6331803266178009
0.6335545971438091
0.6335814564353952
0.6335082423058735
0.6332094303233688
0.633569450574494
0.6330314232385209
0.6334010168957092
0.6332088995212546
0.633362161453813
0.633455271434794
0.6335357258255069
0.6334380492292419
0.6335016746494082
0.6333906370988298
0.633540907720839
0.6331428372345568
0.6334476413886931
0.6337777458058909
0.6335459391234616
0.6334696472291905
0.6335529813413123
0.6335443019541971
0.6334039160231448
0.6338398050753797
0.63319280032395
0.6335991747091487
0.6333602386646286
0.6336533424268601
0.6334550227249817
0.633491488443624
0.633563939671778
0.633663733873258
0.6336293752741273
0.633590354356112
0.6332564832473442
0.6335058009958678
0.6335242298464232
0.6332956931384178
0.6333943586200852
0.6334238258178337
0.633371672408374
0.6335681580196966
0.6335010012740572
0.6337531144632211
0.633027135069901
0.6331669147478606
0.6338035693211863
0.6333652714526272
0.6334428929981801
0.6334129391631114
0.6336135269234437
0.6334033264113594
0.6334129996464276
0.6333969644248146
0.6333833913439493
0.6336790907490863
0.6334030704590277
0.6335254177035422
0.6337677083650628
0.6334130995286199
0.6332234339922155
0.6336054562966207
0.6333842739743839
0.6336316791973827
0.633588445203312
0.6331365940766376
0.6333991872629917
0.6333133144056293
0.6335257579569925
0.633334184083834
0.6336343991070492
0.6334150262471976
0.6334752743063173
0.6333455719284089
0.6334036948572548
0.6335535345812038
0.6336212150655387
0.6334568436406108
0.6336454837077029
0.6334867911368124
0.6334831752551365
0.6335354006591296
0.6336189230139506
0.6333568638301785
0.6332894914338056
0.6333489588834222
0.6331931750685369
0.6335021448463433
0.6333977453303741
0.6333870826776777
0.633546543997414
0.633170045416642
0.633469363641501
0.6334133335863811
0.6335114100887485
0.6334940660235091
0.6332854534625904
0.6336034623088247
0.6334873979550012
0.6332590571634624
0.6336559043851971
0.6334775919626747
0.6336564563975595
0.6333727459188996
0.6333020323272583
0.633643225941936
0.6335924395441609
0.6334051457521495
0.6334276634231292
0.633732325429608
0.6335417260533263
0.6334023038718392
0.6333565340413686
0.6334636754113043
0.6335393596220152
0.6334895079535067
0.6334568498862791
0.6334165448670018
0.6334616739652389
0.6332076651649021
0.6334986425078666
0.6335783011555376
0.6335695396282157
0.6333329958361725
0.6333894746950092
0.633475197903678
0.6334447866867597
0.6333281526170021
0.6336818492267626
0.633540477207337
0.6335682838811878
0.6332921756404065
0.633373114066639
0.633342015555831
0.6334627905099578
0.6333926090155775
0.6333034915558253
0.6334067728147024
0.6335682381380741
0.6334596066148739
0.6333816276489153
0.6337165751046694
0.6333216135448867
0.6334917181308011
0.6334628806163931
0.6334226570406344
0.6332465203755396
0.6332346899234369
0.6334016951815304
0.6335192203529295
0.6331909354854176
0.6336032570272938
0.6333609123477999
0.633296267741652
0.633298849302018
0.6337040072214127
0.6334520296405833
0.6334334304908462
0.6333485000615008
0.633646615260639
0.6336761133360691
0.6336676549283533
0.6336501253475418
0.633381474105394
0.633257342359455
0.6332966480430833
0.6333395348024655
0.6334325145193326
0.6335698364075619
0.633348944800318
0.6332850282345446
0.6335558532094182
0.6331964573068064
0.6332162700777763
0.6335871417558332
0.6335666377826492
0.6333358103554725
0.6334329022594407
0.6333366569087847
0.6333647865126003
0.6336372189274643
0.633645660670246
0.6335540493622451
0.6334902369680093
0.6336058850994639
0.633573035329277
0.6332770943720345
0.6336546113120304
0.6334102557303236
0.6334197894465319
0.6335339768632078
0.6334524812256871
0.6335807865683687
0.6333731101264506
0.6335124194000439
0.6332777319531993
0.6337666174223366
0.6333885224249189
0.6334562666799586
0.6333950880646637
0.6333975846239165
0.6335876216816628
0.6335058021633411
0.633499425957688
0.6336791191062546
0.6335864470641556
0.6332213622398779
0.6334656613139131
0.6332996258221044
0.6335621934326268
0.6337007545532714
0.633697280317266
0.6337920916829203
0.6333052268084506
0.6333422810339033
0.6330559572066283
0.633668258134112
0.6336062753156098
0.6334276640469267
0.6336053446245814
0.6336813919477299
0.6336310201642796
0.6333500053826231
0.6335667713732225
0.6334444856993534
0.6331029661418104
0.6333445014379715
0.6331497437733734
0.6335993629427252
0.6332762741504938
0.6332517883624144
0.6335287866892552
0.6338324571324644
0.6331495762844923
0.6333591457900909
0.6334881122593129
0.6337416394798295
0.6334050538539655
0.6334397212925111
0.6335481688369065
0.6335771681044872
0.6333921906145434
0.6336446572479948
0.6336584941325831
0.6334765601439379
0.6334081052957885
0.633514163284576
0.6336040520832684
0.633459048091561
0.6334640764795794
0.6333143883500918
0.6333978824000459
0.6334838274500887
0.6334941410182632
0.6336133234969241
0.6333976310235521
0.6335331448115225
0.6335246781489199
0.6334323961025395
0.6335534742587408
0.6333298205481986
0.6333962858083964
0.6335022937496266
0.6336692466709406
0.6336383407058825
0.633316558088983
0.6333055898243349
0.6332387990391227
0.6334809493459541
0.6335899655324632
0.6334135428520129
0.6333373142156615
0.6334765825505797
0.6337432500073104
0.6335529483968496
0.6335502528852199
0.6337891090839622
0.6336118776742528
0.6335171130641635
0.6337156320052215
0.6334014348036727
0.633348104302228
0.6331256957225794
0.6331174938766484
0.6334429503856217
0.6332762634095797
0.6335244333794442
0.6331304518413391
0.6333317162048621
0.6335416683578766
0.6333992543970175
0.6333592382144946
0.6335050453194995
0.6335639123180281
0.6335215018882716
0.6334843373939718
0.6337123741257494
0.6335352249862655
0.6335247191259548
0.6333980016918813
0.6335782556256193
0.6335067562431312
0.6335147814454797
0.6334051809734447
0.6337386593949501
0.6337579676687072
0.6333739914067131
0.6332609373201323
0.6332640834614908
0.633435429900125
0.6333589651647318
0.6335768728620115
0.6332473348833475
0.6335253924294738
0.6338379409414389
0.6334483003875272
0.6335099796779786
0.6336910512935973
0.6337010986244802
0.6334437171977481
0.6333117471982349
0.6333805443869647
0.6334820684455518
0.6334092032296761
0.6333178539427724
0.6332771133135063
0.6334712540972222
0.6333222393283168
0.6335511900099821
0.6334536999297087
0.633582442838792
0.6333669907800106
0.6334907854859351
0.6337438988510967
0.6335098857177212
0.6334856252549395
0.6336236747700549
0.6335867722464791
0.6333248872638586
0.6333414081145914
0.6333169072122175
0.6333350210476016
0.6337181587735752
0.6335303855705018
0.6333462946972692
0.633457411784616
0.6337367116220639
0.633130474502278
0.6337046569862714
0.6335410998092406
0.6334163879279132
0.6336338374034489
0.633596900688932
0.6333661276521189
0.6334310984655673
0.6336182090708374
0.6334865600712156
0.6334170665279427
0.633341980692374
0.6333362770697091
0.6335856071646574
0.6336085669400043
0.633403888166689
0.6334948454878693
0.6334667946546189
0.633526818212302
0.6334164133321014
0.6334426096766714
0.6336615934237683
0.6333303813702117
0.6335748965913426
0.6334389409495219
0.6333168831924408
0.6335471116603067
0.6337021434970955
0.6337054730401197
0.633563153077837
0.6334635796398028
0.6334069193015354
0.6334380156149204
0.6337103686299779
0.6333741207600571
0.6334413807628018
0.6336168428074556
0.6336945830302336
0.6334758968833519
0.6333887599595301
0.6333863595700457
0.6336859064437469
0.6334478438827527
0.6334582930310232
0.6335281367057599
0.6334566803119959
0.633463221766227
0.6334169398814526
0.63365659569951
0.6335413109866046
0.6334186882562087
0.6336414930947132
0.6334925722351268
0.633630100018658
0.6339166334940725
0.6334953326474718
0.6337170602236877
0.6332148071570523
0.6337001708385366
0.6333056886505759
0.6332915115868375
0.633252166740026
0.6336603806947165
0.6333741911930946
0.6335081973611555
0.633448467688005
0.6334666578453221
0.6335556113655001
0.6334782641035184
0.6335028432054048
0.6336169854379929
0.6332960701021417
0.6335568766176405
0.633428663489152
0.6335435530676983
0.6337393875001969
0.6335720104141846
0.6335163012003726
0.63340403178634
0.6334366330169634
0.63330673401282
0.6335857706094656
0.6334836669312827
0.6335152017502206
0.6335770521465072
0.6335417752211517
0.6333204312004899
0.6337262358601718
0.6334178646098503
0.6336306250822852
0.6333861091015163
0.6334563503695193
0.6333814356809654
0.6336685587244621
0.6332656337993277
0.6335122433529301
0.6335324368665198
0.6336538183555653
0.6334550059197955
0.6332081902017264
0.6337225874829652
0.6335165724869056
0.6331945569929311
0.633474342330809
0.6333951528313662
0.6335308492456526
0.6335173136062866
0.6337894915680335
0.6335759860258223
0.6334504653972801
0.6334125273356245
0.6334342517548364
0.6336513930500813
0.6333938059293092
0.6336501137779699
0.6335984940212503
0.6336362025244411
0.6334970676812771
0.6334074091112035
0.6337309049398981
0.6334702088794102
0.6335485197110622
0.6333549361786192
0.6334251649208658
0.6334459501472335
0.6335834093953789
0.6332851508295234
0.6332883317558986
0.6336539564027107
0.6334790723193313
0.6335345958119419
0.6335985666723147
0.6331868138478115
0.6334573432403096
0.6334389090425812
0.6335472809375171
0.6333699850811079
0.6337086923902123
0.6332597511075193
0.6336372105972449
0.6331701820098581
0.6336318713047429
0.6333154632886826
0.6332743449827432
0.6333851127343103
0.6335458868229862
0.633610546917324
0.6335374551383652
0.6335627183658843
0.6334624440504546
0.6335358039701822
0.633323196281999
0.6335632527297808
0.6334521504526079
0.633424646078603
0.6335302329346233
0.6336501218798255
0.6335703219164623
0.6333366145749741
0.633546000521252
0.6333008856506527
0.6334369367691017
0.6335243493556043
0.6336091803115842
0.6333656648693624
0.6334862019064587
0.6335784446891147
0.6333775749091016
0.6337649110366494
0.6334882246556188
0.6335638281505993
0.6336214429412721
0.6332038796902568
0.6332394924887371
0.6332121288093787
0.6333958226081062
0.6332767712718459
0.6335323303991454
0.6335144602025446
0.6333235742703937
0.6336142739951727
0.6334518178178747
0.6337814827775069
0.6335726429679052
0.6333734876836442
0.6336863243120606
0.6336441585184995
0.6337856901202765
0.6333516184552539
0.6334389280594415
0.6335170722623976
0.633442212080638
0.6335222277435161
0.6335703617162284
0.6332920089584889
0.6335687925927456
0.6331765629226908
0.6336106630890773
0.6334955862643948
0.6332945760762598
0.6335566013324121
0.6334398097266055
0.6332871714345384
0.633616697964005
0.6334908504294325
0.6332932456700786
0.6333569294368036
0.6335663266757423
0.633732948664385
0.6338138046299178
0.6337083857566383
0.6336415842229345
0.6336360656511703
0.6334175782519176
0.6333527248824766
0.6333026935488681
0.6337413359555439
0.6335829486118418
0.6336910565957599
0.6337122247510099
0.633421916654479
0.6337369477009154
0.6336468554280136
0.6334529099899224
0.6334792841299659
0.6335307886238997
0.6336598291579438
0.6333606676606844
0.6332585043987176
0.6333828934434323
0.6334874795327184
0.6331803690118539
0.6337930529666199
0.6334870165916561
0.6336170915772206
0.6335786813655755
0.6336843252082109
0.6334112940185452
0.6331911208626171
0.6333807954862327
0.6336129172694845
0.6333535606902453
0.6334907076693075
0.6333533099449871
0.6336222122862937
0.6333853122694039
0.6335019636357689
0.6334569699162308
0.633469785488059
0.6333098717116904
0.6334480798529194
0.6331254479138886
0.6334462319444932
0.6332725296242597
0.6337313369545461
0.6336164030502656
0.6335151083323061
0.633393134363645
0.6334881978655742
0.6334362289054625
0.6333849788847706
0.6335416017722262
0.6335417790490276
0.6333375554422834
0.633480398547322
0.6335600559932104
0.6336133664580196
0.6334780131721045
0.6332649434362788
0.6334200177948373
0.6332243896563144
0.6337052544606878
0.633343639492125
0.6335814057038398
0.6331000486530654
0.6332342628356167
0.6335988696404996
0.6335429950785025
0.6333785305548566
0.6333638735248956
0.633504645960055
0.633542399681548
0.6334003769338904
0.6331872162958095
0.633520091880566
0.6335504109535302
0.6333777849603436
0.6333813222660645
0.6336113973950575
0.6334439140510876
0.6332218576594073
0.6333684330229818
0.6335310075971123
0.6336629745018969
0.633509974610098
0.6333112121847393
0.6336608583982266
0.6337402658906204
0.6335304909083102
0.633590883901584
0.6330538475516198
0.6334769374734119
0.6335339224037151
0.6333262309022079
0.6331092827706145
0.6336126241354378
0.6333650920812219
0.6334433460260407
0.633402961999473
0.63338915465229
0.6333331386596693
0.6334994015598792
0.6332415152915118
0.6336283574915338
0.6334046371234652
0.6333706797142926
0.6332979732128002
0.6335455595409545
0.6334932758390897
0.6333307739304481
0.6333414386457725
0.6335436420679326
0.6334412815136947
0.633549902127059
0.6334541727683627
0.6333284741724698
0.6335485665261438
0.6334601548464898
0.6332878034268838
0.6334850659580635
0.6335181102524083
0.633591775729627
0.6335743723478736
0.6333800526857624
0.6333608431777539
0.6336656271293941
0.6335700572669232
0.6336300009029503
0.6334600468934038
0.6334492360255246
0.6335590248673737
0.6333995281963198
0.6334018303585047
0.6334764545583191
0.6332999129449418
0.6333253913814076
0.6332483260746449
0.6335699627968556
0.6335486514034396
0.6335137222412422
0.6336546160339106
0.6336756138800717
0.6335140029590309
0.6337496564164669
0.6335222960844824
0.6336415729680267
0.6333392154389498
0.6335590847963093
0.6336113163092534
0.6333381924528224
0.6332407200732836
0.6331896524161452
0.6334816732176781
0.6337432007091198
0.6334922727290118
0.6336954072549918
0.6335134232553024
0.6331557511724811
0.6336140819516893
0.6334158924264435
0.6336193558878042
0.6333777954709704
0.6334458517941254
0.6333844797436815
0.6333272977408912
0.6334079783946008
0.6333833517353618
0.6334623525383221
0.633792581758739
0.6335280944729519
0.6333838956699726
0.6334810131565578
0.633286987121052
0.6333822202818225
0.6334055850006187
0.6335985886217602
0.6336909587184166
0.6334496480015077
0.6335986837420324
0.6334571310787886
0.6334698997427629
0.6335170802316856
0.6331881473292179
0.6333639011844284
0.6332611847617668
0.633723516805534
0.6334774474580586
0.6333579856752847
0.6335362718277979
0.6332409291362177
0.6334612468157998
0.633559216336542
0.6336098839892195
0.6333679508553545
0.6332332890674481
0.6333789967240081
0.6335108479724756
0.6334024339376154
0.6335231575050652
0.6336486035062235
0.6333729824301606
0.6333941434670988
0.6337042702313846
0.6334658419536023
0.6336603805959915
0.6338351017614536
0.6335146627564174
0.6335584964463137
0.6332234853512773
0.6332152896963401
0.6334511653201307
0.6336323774799346
0.6334412652699796
0.6332894676850463
0.6335718096654969
0.633268609921434
0.6334503558362512
0.63343210496591
0.6333846351389096
0.6333963381621123
0.6334875284089103
0.6335579118913985
0.6334125051395948
0.6333837254686262
0.6332424389735407
0.6336492896129049
0.6335494382506408
0.6334438312089931
0.6335603355095245
0.6335508944283025
0.6334008339193931
0.6333587935282208
0.6337385406092222
0.633527632059275
0.6337001951254675
0.6334473836898268
0.6336521336754777
0.6335736165387292
0.6334505357653335
0.633402351473533
0.6332238227722959
0.6336998690407708
0.6332237886400522
0.6335435174555755
0.6336351042980946
0.6336731743863355
0.633570736873486
0.6336317586766941
0.6333476953145194
0.633271002333414
0.6334782440294515
0.6334465977081629
0.633599850499721
0.6332695817400023
0.6333188514466723
0.6333229050703444
0.6333126800513035
0.6332216822472646
0.633549277256715
0.633359843017409
0.6333711514610215
0.6336587176020454
0.6334588920977172
0.6336596874307924
0.6335683656586564
0.6332008099519171
0.6336754964489157
0.6338196587251423
0.633547184771583
0.6335429360742373
0.6336117984311598
0.6333836530348748
0.633537830727684
0.6333983928573375
0.6334796788313012
0.633375054382104
0.633360530048989
0.6335688988559385
0.6337939789682978
0.6331202627359189
0.6335191972125301
0.6335202836736658
0.6336022058742996
0.6335208106054901
0.633612949061141
0.633257077753831
0.6335585875799146
0.6331442185567957
0.6331968045714096
0.6335723296220351
0.6333903142829007
0.6333967190367544
0.6335388460419709
0.6336796742695878
0.6335706076200791
0.6335268856499381
0.6334863033796665
0.6332192382382754
0.6331290064667838
0.633600790097274
0.633420968561284
0.6335402859042278
0.6335547874350727
0.6336051183229316
0.633582824083194
0.6335058053345007
0.6337164158908618
0.6334098555076431
0.6333173055202922
0.6334516854144294
0.6336206955000749
0.6332198695440083
0.6333602456663285
0.633234431665834
0.6334691715394222
0.6334584700248086
0.6334733817839933
0.6337237432637468
0.6333665118335737
0.6332057584640908
0.6334845956391999
0.6336819723806744
0.6335497750984789
0.6334300908636452
0.6335097802235421
0.6332208241625393
0.6334272888542416
0.6334017363109569
0.6335431067898107
0.6333757846562909
0.6334578018966789
0.6333389469616515
0.6336689207304461
0.6335349485832074
0.6336656156450633
0.6334626280145468
0.6334939196296016
0.6332578773505091
0.6334092790328254
0.633493153948634
0.6334824209145239
0.633257388852444
0.6334048799350682
0.6333429418681523
0.6332907347803414
0.6335915241103857
0.6335757978761858
0.6333968489855525
0.633392979634277
0.6334138850889091
0.6336582218176288
0.6334106063861935
0.6333799439552854
0.63358857850026
0.6333655915431335
0.6333691542702446
0.6333418380042926
0.6334928707730519
0.633187770696051
0.6334083134408692
0.6335005649010939
0.6334800523889237
0.6333568715432002
0.6333378371159643
0.6332235055850759
0.6336722345383055
0.6334588017997889
0.6336894532431607
0.633397063891645
0.6334352426072284
0.633411789705555
0.6336214531723195
0.6333955850931499
0.6333725097240204
0.6333885482625865
0.6332614340653616
0.633434324306128
0.6331193983777628
0.6334379124152729
0.6333142715482543
0.6333258974266127
0.6335524333635866
0.6335469973114145
0.6335453623533868
0.6334894004658522
0.633617284073678
0.6333427835276524
0.6332662162744859
0.6336922352768811
0.633574730352699
0.633247258047437
0.6335499459317654
0.6333195105048015
0.6334168560706934
0.6335736954813793
0.6333502626369303
0.6335231967447883
0.6337261157637801
0.6336378308909796
0.633647835327392
0.6334919383458592
0.6332838046700796
0.6335885435001771
0.6332234402664163
0.6334536278286427
0.6336018559443263
0.6336043216293268
0.6336296737848673
0.6330952358263778
0.6333289317984407
0.6331672556191483
0.6335465563172415
0.6333548998926233
0.6334402879695691
0.6334602149495496
0.6334796125770483
0.6333600043268555
0.6334493076388572
0.6333912901622719
0.6334431634210749
0.6334788350185802
0.6335026929196456
0.6335200452556082
0.6335815741244402
0.633601176640532
0.6336497203954207
0.6332107597851002
0.6334855498112218
0.6333359978156683
0.6335252219470113
0.6334153978924071
0.6333975350899128
0.6335169427625391
0.6334326108545654
0.6333494256994654
0.6337904082900674
0.6338522128379166
0.6334798363596464
0.6334719466666296
0.633364260526422
0.6333849135328216
0.6335384380332536
0.6331912762009059
0.63347698130652
0.6335119759266454
0.6335024367016396
0.6333017697393686
0.633566390990631
0.633180878635564
0.6333580537836235
0.6334169970466983
0.6336497701921933
0.6334005856018136
0.6333566447013752
0.6335913229859479
0.6333003256235167
0.633617536198626
0.6335028103133256
0.6334225847892518
0.6336010367689778
0.6335480836103877
0.6335769382489183
0.6334012066403891
0.6334574013439327
0.633491082383267
0.6334376100967352
0.6335899030519189
0.6333842292921016
0.6334762030636458
0.6333080647277018
0.6334902891592882
0.6333677573864668
0.6334574004348623
0.6334312675677769
0.6334945390151183
0.6335982043262218
0.6335861445097393
0.6333475696747031
0.6337937691205191
0.633500085286204
0.6334044781711877
0.633581887480434
0.6334894039380765
0.6333396609663354
0.633545519233578
0.633850764230529
0.6333576424287837
0.6331637546277067
0.6336494745751476
0.6335335641160493
0.6334482937348794
0.6333584063270261
0.6335056522370451
0.6336993145695786
0.6335781097696472
0.6337558788736506
0.6332370943265608
0.6333553661396516
0.6334855565062355
0.6337655302187813
0.633392962315867
0.6334340714342994
0.6335491947784528
0.6335081088298469
0.633418369792659
0.6337868931919121
0.6335962199236305
0.6333084424602822
0.6334687073567676
0.6334688121509223
0.6335915561965375
0.6337570167722213
0.6334198531350916
0.6333899895171459
0.6337802560546834
0.6334082016124705
0.6332956366631787
0.6336006571346281
0.6336658479944111
0.6335785291955593
0.6334527957611618
0.6331993876973545
0.6335938224471077
0.6332532154466313
0.6338949622821128
0.6334620566648801
0.6333458109392573
0.6334117641410824
0.633535879365867
0.6333026956287102
0.6335567734849585
0.6334504124738687
0.63364483515141
0.6335168571036619
0.6332810889858576
0.6332863705566729
0.633348473527481
0.6333324572983805
0.6335119383362169
0.6333224484368233
0.6334122315560372
0.6336585040664333
0.633139338007515
0.6334667270780502
0.6334001570104659
0.6336616877926058
0.6335371797310849
0.6337204238727548
0.633598309117842
0.6335939080012408
0.6334143577936295
0.6333881727211517
0.6331346739506779
0.6335661828926974
0.6337050813174464
0.6335028712374504
0.6333462606105159
0.6334873501277423
0.6332776217358556
0.6331192706168298
0.6334871212421731
0.6335935739674161
0.6336438265257522
0.6331951110741171
0.6338646666703999
0.6334961627186522
0.6332636441936873
0.6334188201344824
0.6335166034753572
0.6335571017629684
0.6339267793201738
0.6335179422951093
0.6335200798642773
0.6335599357423646
0.6335163468209151
0.633403693971119
0.6334350909970473
0.6333850968109583
0.633297852578889
0.6336940936154684
0.6335889462014932
0.633522537861126
0.6334007761277725
0.6335160311816862
0.6332916416610088
0.6335614387176455
0.6336046230349479
0.6336607451540491
0.6335111588700226
0.6333575345118685
0.63358087977808
0.6335101695776046
0.6332186765370587
0.6331078980278133
0.6336901781566934
0.6336073495684433
0.6334909155392627
0.6332408898065072
0.6334344833933137
0.6335668465278055
0.6332436167752986
0.6333871637668775
0.633716021011351
0.6331867068567992
0.6336238632955962
0.6333729957195544
0.6336457539573139
0.6331756640340571
0.6334482874785685
0.6334083250525107
0.6335392375781569
0.6336771854825851
0.6336022103439725
0.6332563344469986
0.6332522494947965
0.633224434573928
0.6335969064140642
0.6335396449739907
0.6337203606008849
0.633405858224601
0.6332699916748807
0.6337796483071119
0.6332137965080247
0.6334534442217644
0.6335560124841846
0.6338296942924011
0.6332874252075283
0.6336409372084488
0.6336352137916523
0.6333748047240626
0.6333450024681679
0.6335454948137824
0.6334715011980407
0.6337013394505246
0.6332937518103954
0.6335766169624825
0.6335068772387905
0.6335794600133577
0.6332860848570183
0.6334338708564244
0.6333068750616342
0.6332492378094954
0.6333394100332719
0.6334780323095395
0.6332970375467429
0.6336605483471722
0.6333700467201102
0.633449587447168
0.6335071557702141
0.6333889819139102
0.6335452476159718
0.6333034978624255
0.6334288235587429
0.633543734794478
0.6334484711821975
0.6336588305041516
0.6333402749589689
0.6333182232650113
0.633437860219876
0.6334036300944385
0.6334830178473548
0.6330727960006743
0.6335940626714421
0.6332423742075591
0.6337301032136317
0.6334468579858021
0.633556612546192
0.6332471447887529
0.6334076774640812
0.6334342401655022
0.6335912506593044
0.6336353112261757
0.6336769818037638
0.6335384014866892
0.6334728026399871
0.6333151271017884
0.6332792801053504
0.6334565198783492
0.6331326044338083
0.6335080402109161
0.6334999928388584
0.6337336972769636
0.6337386769150639
0.6334960827386326
0.6334840826865491
0.6330066097653799
0.6334857075131205
0.6332039751148795
0.6334414443092531
0.633224036843489
0.6333729035086673
0.6334507844679648
0.6332143645774126
0.6334349571668583
0.6335406353542313
0.6331989909595568
0.6336259783660754
0.6331646242599759
0.633512499877446
0.6334214331545245
0.6338079792323728
0.6334878112981205
0.6334333112490959
0.6335752895725549
0.6333025857908297
0.6331732937424043
0.633432186766155
0.6332626348769534
0.6335522603576523
0.6330352562526688
0.633577888213158
0.6335863469594725
0.6333580908537404
0.6334210123699285
0.6332871741490741
0.6335409082006795
0.6335613768676357
0.633675008172346
0.6336100485723499
0.6333730902894047
0.6332296504312234
0.6337305696003643
0.6334344020218005
0.6332950135257351
0.63342240527103
0.6336474903120244
0.6335263228591067
0.6334194797711403
0.6334843281902816
0.6335540298528411
0.6337361496540446
0.6333437936907866
0.6335412077826337
0.6334807132824989
0.6333403869153091
0.6333997941670321
0.6331246008720841
0.6336069818467212
0.6336392770014414
0.6334481912052422
0.6336109380114079
0.6335839499184494
0.6333458617433353
0.6332759632863552
0.6332494254057556
0.6331328698503789
0.6336209735617635
0.6333784248005835
0.6334106159826587
0.633607365317479
0.6335135343000462
0.6333682992157672
0.6333484961034243
0.6330211266313481
0.6334320219358778
0.6333966711160208
0.6332245147323419
0.6332666674371529
0.6333822882630741
0.633233104943192
0.6336424459865728
0.6331308886410113
0.6336126133038106
0.6333644076710163
0.6336094147593752
0.6334835746400884
0.6334063456969437
0.6337031067032782
0.6334314722152364
0.6334694499196244
0.6331447648667093
0.6334236949233518
0.633693752357954
0.633320689336762
0.6336720619483072
0.6333213906254338
0.6331740923316678
0.6334342594940027
0.6332340455392585
0.6336860089647902
0.633425541603301
0.6333998572532293
0.6336091126357986
0.6331411370521466
0.6333526565109233
0.6336353980241545
0.6333559833825955
0.633183450759264
0.6332341462065496
0.6333433490199115
0.6335407420923105
0.6334943019256544
0.633528383348302
0.6336220111567228
0.6336242707915397
0.6331979231913033
0.633277262829465
0.6331802763031033
0.6333781666352658
0.6335385416278199
0.6336076509440862
0.6335390257606992
0.6336653979173905
0.6334541284173318
0.6330966586835878
0.6333797697255397
0.6334375776236807
0.6337047589618812
0.6335729188354291
0.6335084567105178
0.6336157621863634
0.633445771821471
0.6334912526574767
0.6333526809982231
0.6337513308116413
0.6333266510469415
0.6332942408472961
0.6332278938428116
0.633512118110923
0.6337048843616788
0.6336412582251598
0.633360515952545
0.6335047543730121
0.6336104477610855
0.6334600695801005
0.6334438603842962
0.6334961324745627
0.6335634465824775
0.6334304229854288
0.6333244246941798
0.6337272324649045
0.6335092268827494
0.6333383303706535
0.6332636606121336
0.633269815319079
0.6335691907063752
0.6336479631903682
0.6336234071677997
0.6334749651034433
0.63318186633967
0.6332953631494247
0.6334105648983478
0.6335255678280451
0.6335508735830742
0.633550347959054
0.6332573484867804
0.6333993729236151
0.6334906277178314
0.6334550488596324
0.6333816693286675
0.633647109067013
0.6334137942511137
0.6333890097851212
0.6337416766568525
0.6335483229628718
0.6332415971325668
0.6332924308005223
0.6334802503306698
0.6337663970353005
0.6333283204724899
0.6334902759534424
0.6335246868966127
0.6334852575381322
0.633327568450816
0.6332474933038839
0.6335758306010053
0.6332408313048151
0.6331852529605355
0.6335407254004057
0.6335544085798531
0.6334037489826769
0.6335974230616626
0.6332540152353001
0.6333817462234881
0.6333110836366616
0.6336262730087062
0.633705365778044
0.6332546766139849
0.6334024400168214
0.6335952717873797
0.6332363958901703
0.6337251255599722
0.6332987716891444
0.6332191380572216
0.633440761626221
0.6332199436106148
0.6334883568783348
0.6334978840397221
0.6331435191254612
0.6334317665887915
0.6334138008731571
0.6336464341789043
0.6334358362328496
0.6333746703604153
0.6334419939026936
0.6335376726108045
0.6335738441389251
0.6335155726445327
