0.6481712328534855
0.6485536736712153
0.6483541604355457
0.6485901392611504
0.6485699463070818
0.6486970960074281
0.6482830830537274
0.6486950751839689
0.6486979860589326
0.6484650259272879
0.6484507112645054
0.648423645465098
0.6485821902318543
0.6486562162987858
0.6483515576276481
0.6484648890236089
0.6486385003918298
0.6485835471520123
0.6484668505484685
0.6485916996432902
0.6484690100807464
0.6483953644906637
0.6484139309916168
0.6485251337311804
0.6483494936410025
0.6485424414293665
0.6486575105605605
0.6486575593579983
0.6485764781460175
0.6483001986184743
0.6483297481255803
0.6485205313450007
0.6486202722643465
0.6485206648927501
0.6486644691476062
0.6482781728564091
0.6484198880282738
0.6486615953049057
0.6485914791829572
0.6485566456390797
0.6484829028113646
0.6484493502753403
0.6484229186578465
0.6484722705558013
0.6486302401423162
0.6485722664918863
0.6484700028541177
0.6486407242465522
0.6485251866705426
0.6486763895292896
0.6485095378370369
0.6486040294049426
0.6485322749994517
0.6484741639499403
0.648430146381165
0.6484724328210427
0.6486576148270446
0.6482759232698077
0.6483298422394606
0.6485795964269454
0.64851839114849
0.6484602904423402
0.6484660846020411
0.648595516421231
0.6488056331646467
0.648623090514634
0.6486027612715269
0.648427604982236
0.6485787222724686
0.6484411655005782
0.6486427431691109
0.6484678376727122
0.6485154397990448
0.6484056606792795
0.6486998710903058
0.6485878985282106
0.648511356637564
0.6485429573337548
0.6483451033634231
0.6487688544648847
0.6485429432967441
0.6485665151927684
0.6486210822596477
0.6484649548888328
0.648516674948308
0.6484168498601126
0.6485767764099892
0.6484846713719646
0.6485109871043724
0.6485716162960409
0.6486014450110579
0.6483521514937942
0.6486150693449892
0.6483903941159705
0.648425376830548
0.6485884994546366
0.6484663535633878
0.6486115168966056
0.6485089587158352
0.6485944661459069
0.6484168795635044
0.6484635366708446
0.6486224745265374
0.6485617821988193
0.6486319016379665
0.6484742403438081
0.6487440439232679
0.6484706886139688
0.6485667270726335
0.6485667939674296
0.6486963631164027
0.6482143909246971
0.6482932351520829
0.6485407359579967
0.648517066389694
0.648584941454192
0.6487519253780853
0.6485212088912566
0.6483317081242849
0.6484127631227228
0.6485244699446553
0.6484469415390912
0.6485754988044805
0.6484361162457558
0.6483761626926816
0.6485378186565963
0.6484883235112857
0.6487479680842404
0.6484078775468685
0.6483904396987598
0.648592253708274
0.6485105737732427
0.6484813585822675
0.6485775361769082
0.6486429246641903
0.6484585854686251
0.6485919746430432
0.6484326391331933
0.6487072778657835
0.6484785988617835
0.6487410544107894
0.6486714084799167
0.648621038059798
0.6484149415777627
0.6484653676212329
0.6483228492137706
0.6484572313379892
0.6488415344964896
0.6484926066324879
0.6485616902635843
0.6484034325064194
0.6484026891343668
0.6483997576313592
0.6483772948879739
0.6486339019574412
0.6483970394644598
0.648406843001131
0.6484252109821217
0.6487258704194022
0.648341986837955
0.6485652255109264
0.6485490147978955
0.6486090845043816
0.6486042951241122
0.6483984299713146
0.6485280823714055
0.6486192403732317
0.648479523797166
0.6485849244491182
0.6483675205450719
0.6484706187878335
0.648329353954596
0.6485422686488531
0.6485642920735477
0.6485511178972699
0.6485043712916259
0.6487163699864993
0.6483718982822071
0.648548923706066
0.6483118135324942
0.6483505605553833
0.6482733687873582
0.6486533726334159
0.6486731880410866
0.6486668773201247
0.648618848321223
0.6483772387114966
0.6484829880828744
0.6484233869253175
0.6482738163992705
0.648632460113393
0.6484768232780022
0.6485329866155902
0.6484627000826313
0.6486421412661345
0.6483168074374764
0.6482161206948723
0.6485473501785436
0.6486001590174761
0.6487161388553128
0.6484134639973366
0.6485343114635195
0.6482988663474963
0.6487305165760197
0.6485072392153891
0.6486499581458574
0.6487039338252322
0.6486201802928536
0.6486587185496757
0.648487488386061
0.6486735349562627
0.648363795216216
0.6483936072203129
0.6484348324864666
0.6485361430243575
0.6483452060720387
0.6483222529621322
0.6483843296655178
0.6488498821839674
0.6487173540819156
0.6485522120156499
0.6485585954672405
0.648611307236572
0.6485647961009293
0.648495955167538
0.6486328629198238
0.648385980512334
0.6486250190071288
0.6484059157082622
0.6484797341626579
0.6481785358813621
0.6484801761090098
0.6486566645174715
0.6485399666169896
0.6485010170330197
0.6482898089749196
0.6482572117955608
0.6484801029258163
0.64832408751861
0.6486887679070962
0.6484983852900743
0.6484418718185347
0.6487403950079855
0.6484021666870619
0.6486040553240432
0.6484133508293527
0.6483337774981388
0.6481872324327689
0.6482282656409815
0.6485360178020287
0.6485935238449807
0.6484914919745524
0.6487187940753856
0.6483676667978275
0.6486896079281628
0.6485593127084359
0.6483266096219324
0.6487566182183704
0.648720477994212
0.6482844564696095
0.6486349916967787
0.6487099732309867
0.648525716307336
0.6486148080626475
0.6485298294425029
0.648388843202272
0.6485647342420212
0.648623223428034
0.6484213548230471
0.6484271007309064
0.648557344203843
0.6486107566879885
0.6484094742882651
0.6483264804739535
0.648531179771906
0.6485551843513788
0.6484406944438749
0.6485648167645145
0.6484622647978451
0.648500267387248
0.6481484731854613
0.6483538691496088
0.6486403099174274
0.6484745163389664
0.6486330224513982
0.6484953986464577
0.6484242654295438
0.6486133986235296
0.6486909175786832
0.6484668007786979
0.6486625541520008
0.6485577144758446
0.6484501548083478
0.6487835595264151
0.6483333288975245
0.6484224452651854
0.6487545833615315
0.6483198345831788
0.6481851621151103
0.6484235084765011
0.6484312799925813
0.6483797712874663
0.648539360687582
0.6484883805522103
0.6484475084234007
0.6486167100035045
0.6486072109336304
0.6483744895913217
0.6484775966288807
0.6485529830679994
0.648685177058537
0.6485551251720514
0.648349575780476
0.6486225290466548
0.6485541651814021
0.6484983455491312
0.6485570133155437
0.6487879879251665
0.6483581355289729
0.6483926723789012
0.6484217692330247
0.6486533427731305
0.6482280267589813
0.6484867811598836
0.6484443056393236
0.6484601931363532
0.6484830232547294
0.6485379464297683
0.6484802688247049
0.6486466960346293
0.6486333878038082
0.6487401365151663
0.6482668611049252
0.6483824456932257
0.6485704804684883
0.6483497581782742
0.6486301455683231
0.6483273557009763
0.6485133984481931
0.6485558448196127
0.6481822491388035
0.6485851675633711
0.6483923647304477
0.6483886741553766
0.6485362296795711
0.6484472431822648
0.6487397573095172
0.6484186012653235
0.6483946025981584
0.6484607792066168
0.6486121016864865
0.6480933892197815
0.6487004390559429
0.6484384127909382
0.6486774264004289
0.6483400899653871
0.648505651198215
0.6487656967415715
0.6487410423799465
0.6483728102084754
0.6484064461042656
0.6484331446829812
0.6484770050971145
0.6483719282750164
0.6484268015685004
0.648387671959215
0.648323986600962
0.6482762285431694
0.6482867117193318
0.6486668776710482
0.6486088842662093
0.648349498425268
0.6485981742598286
0.6482687340311349
0.6487125500916513
0.6484594808236945
0.6483657594595572
0.6486225354194177
0.6483603924839824
0.6486524640181818
0.6486699858242533
0.6486642614841199
0.6485910494951321
0.6486025430197603
0.6485715866989828
0.6483662076033488
0.6486345967372509
0.6486001623198492
0.648268310317023
0.6486512481053383
0.6481792252682894
0.6486267157283994
0.6485542088139806
0.6485475991864811
0.6486804833264577
0.6484421932390015
0.6482966247678226
0.6486954056326233
0.6483705327154471
0.648364438349573
0.6486102218368827
0.648485855776062
0.6485496510300399
0.6485700712274463
0.6485719496121746
0.6484985452718652
0.6485603211370542
0.6483411346345899
0.648311630495054
0.6485993162619315
0.6486178532834241
0.6483244847517157
0.6483659819472744
0.6484959385736755
0.6485370498060994
0.6484157738986946
0.64866887974514
0.6485658282392146
0.6485451536060376
0.6487131968807904
0.648573164378903
0.6484593257129584
0.6484373198957534
0.6484007936910048
0.6486916281035175
0.6487471603553201
0.6485648215438483
0.6485482810273346
0.6485862848752886
0.6483063782093926
0.6484373404345369
0.6486838890784912
0.6484662247334205
0.6483949385225356
0.6483550537472564
0.6484806397068068
0.6484843761450982
0.648380331543217
0.6485400452069641
0.6486413298716256
0.6487558289719835
0.6484800668548084
0.648556747808485
0.6483814452581925
0.6483842572715146
0.648550007501338
0.6484987339506914
0.6486128746253927
0.6484076143530927
0.64848981205029
0.6484377804455308
0.6486663357841774
0.6483119887397442
0.6484931492117263
0.6483188431913292
0.6484765933775241
0.6484254652210221
0.6484604894664101
0.648354854443348
0.6486271089196334
0.6484362629470678
0.6485209840563555
0.648690238432636
0.6486133446230538
0.64864921964623
0.6487451055937926
0.6486495970268085
0.6481994401969624
0.6486278230014333
0.6487103539855493
0.6483727120316044
0.6484972434414014
0.6487100551993459
0.6486556238852593
0.6484810146062051
0.6484986475881966
0.6487195413785205
0.6484680753073875
0.6483819235603226
0.6482953751747657
0.6484099132263834
0.6483432735491785
0.6484217484670813
0.6482743005373159
0.6486093554388318
0.6486065083797132
0.648403124730347
0.6485750133525756
0.6485389480905333
0.6481993116671791
0.6483861917254728
0.6485875959432009
0.6483646370708129
0.6484801519406922
0.648582412506768
0.64847384086953
0.6483758400180524
0.6485109920632534
0.6483836352044158
0.6485098252454651
0.6486956821275184
0.6486671945921827
0.6485936572579846
0.6485560664182038
0.6486296710163206
0.648321722770329
0.648490657201662
0.6486369870827221
0.6487429485049672
0.6487575620198107
0.6486831329551976
0.648265955209114
0.6483864151941063
0.6483501273966783
0.6486118035249364
0.6482971387053822
0.6485980850992848
0.6484490408925379
0.6482788747160336
0.6487596429456961
0.6485537529148022
0.6486710862828231
0.6486342397616265
0.6483213036352349
0.6486681133164833
0.6484590314215174
0.6485082980310508
0.6487819752883555
0.6483569904205253
0.6485584317158549
0.6485342080344347
0.6486131417806718
0.6483060307941704
0.648511513945278
0.6485605400658254
0.6486001769983436
0.6482915938243371
0.6485804164257611
0.6485462663802359
0.6482816814999928
0.6486064769815534
0.6485658848733822
0.6483191441884549
0.6485646271167375
0.6482929018245221
0.6486815715428116
0.6484650847894811
0.6485294824328166
0.6486298294033617
0.6483818684232637
0.6484671349600716
0.6483560412403847
0.6485639972424299
0.648616116030521
0.6485569004456806
0.6486167480017759
0.6483773123318705
0.6485655941504738
0.6484818380975554
0.6485238366326076
0.6484793099121662
0.6484087156971653
0.6483748696159299
0.6485240967530506
0.6484109205315132
0.648496348717106
0.6484877653485005
0.6484499549612146
0.6485544155405181
0.6486812325793864
0.6486346796729496
0.6485978871447693
0.64866482827034
0.6481013767102827
0.6481627342439715
0.6483075113101776
0.648517967405138
0.6483513144416895
0.6484803676163877
0.6485960248504077
0.6482377743880015
0.6483982854483399
0.6483258630822151
0.6485634254186896
0.6485522904851658
0.6483611930874791
0.6484244199639675
0.6483674844700387
0.6487894226482813
0.6487019623598642
0.6485397367173047
0.6483886313005753
0.6486512838800668
0.6485081275252199
0.6485641569204486
0.6485908798780166
0.6486881382725989
0.6485820804305709
0.648531980045234
0.6486202443316822
0.6484858063398675
0.6484149088778923
0.6485026893855795
0.6483752671298371
0.6484442063444118
0.6485929676894548
0.6484554209643689
0.6484549232518401
0.6484502556492082
0.6486245381883124
0.6485357028735359
0.6485674226745266
0.6483921163401052
0.6485878718683132
0.6485131831825179
0.6484244483737066
0.6484094484337819
0.6484667500617005
0.6483221636972785
0.6484828430923667
0.6485340079880828
0.6485119502620718
0.6483128718944925
0.6484388979681052
0.6482738645439674
0.6484556737572282
0.6486845445338852
0.6484898218316537
0.6485099238936799
0.6485281102889078
0.6485688366880744
0.6486351707890011
0.6484319590987445
0.6483684440316118
0.6484635029351271
0.648398928431987
0.6484780079271623
0.6487378233979597
0.6485466956965151
0.6482531121287353
0.6486757167586376
0.648618640092596
0.6485212810257813
0.6484812717420283
0.6484650592174948
0.648458356270125
0.6484789547889445
0.6485489574387007
0.6483080840171557
0.6485178800338918
0.6485475227636159
0.6485749544843409
0.6486465309518764
0.6486704243734572
0.648538298895851
0.6483662654181908
0.6485290784658204
0.6486331493489876
0.6486674825385863
0.6484780053883592
0.6484716369538178
0.6483244950004593
0.6484130444590224
0.648204007628308
0.6483464008484048
0.6485351342065195
0.6487133850112123
0.6482921258137659
0.6484903374206673
0.6483212831859617
0.6486624978241854
0.6484093219013822
0.6486696555021558
0.6486824890672742
0.6484269444040798
0.6485593165326847
0.6486576959599857
0.6485613153363919
0.6485161453603131
0.6483275955374374
0.6484902390052736
0.6484910506534155
0.6485966514516006
0.6483403764538122
0.6483218969786996
0.6485012923943934
0.6483153645806293
0.6484042432767101
0.6485116190394202
0.6485512652078871
0.6485402069779771
0.6483470793881129
0.6488199084831217
0.6489010069928509
0.6487520103044762
0.6484669059888033
0.6484737779800023
0.6482626318430009
0.6483447769049624
0.648487028840691
0.6484893680395756
0.6484817125093129
0.6484697730234481
0.6485555176557734
0.6486334235874632
0.6483365103593511
0.6484533245608379
0.6485522455884051
0.6485839147408611
0.6486556823002987
0.6486781840091109
0.6485167169520025
0.6483759357485127
0.6485487930150554
0.6485302683129169
0.6482910085606564
0.6486706906402769
0.6484729557161363
0.6484494326633266
0.6482687346599063
0.6486412855409063
0.6484901234284158
0.648490436815881
0.6485770003814222
0.6484266108572436
0.6484580234116345
0.6484979275238335
0.648711489737461
0.6485028391351821
0.6485520810305252
0.6486010241425407
0.6486169865719018
0.6485832211155145
0.6485544520830805
0.6483973073066067
0.6483683831931379
0.648679540348017
0.6485677612284237
0.6486848974676331
0.6483016667662878
0.6484150506648205
0.648442069441248
0.6484964341848749
0.6484263723780604
0.6483789369446173
0.6484140572651049
0.6484902062427375
0.6484585980117822
0.6485132270177307
0.6484285288837275
0.6484701615908847
0.6485557104697814
0.6485608026101473
0.6483058211864132
0.6484315209563823
0.648323303225339
0.6484031117644751
0.6486463810910656
0.6483550178340883
0.6485220785398478
0.648502375605342
0.6485023364810668
0.6485716723835704
0.6487381984895388
0.6486126296287089
0.648538245964831
0.6484681694375719
0.6485308918340101
0.6484801038971466
0.6486467963579433
0.6486743762917955
0.6483062295234215
0.6483639231377862
0.6484926689900581
0.6484399657564408
0.6483708645431545
0.6483983658908878
0.6483202793664884
0.6484487067067682
0.6484561485541925
0.6484930710142282
0.6486059162493931
0.6483650178589795
0.6483857405034855
0.6485997944673638
0.6485491312702365
0.6483479586694956
0.6483721983185073
0.6485450343448422
0.6484483994003011
0.6486454355884236
0.6483164280619119
0.6486217868557733
0.6483389834887427
0.648505000392014
0.6485538104003179
0.6484218759175469
0.6487550495073415
0.6483591830946138
0.6485268772699249
0.6483726621020447
0.6485241298296822
0.6481716761819818
0.648490525003081
0.6484269827339266
0.6483892594031595
0.6486243924628453
0.648569837105175
0.6484751982749998
0.6485968729032795
0.6483914766032668
0.6487307896507389
0.6484141064339232
0.6485808587673302
0.6485198351909626
0.6485191665920744
0.6483393318536985
0.6485144126692632
0.6484849789226723
0.6486100224831549
0.6485675626220817
0.6484151412487899
0.6484961414280553
0.6484441149851325
0.6485138020896701
0.648425109329164
0.6484430132588819
0.6486376075831994
0.6486126614200448
0.6488334729087695
0.6486067097752194
0.6484072488256792
0.6485466539125275
0.648580551629973
0.6485168895955584
0.6484421320029353
0.6484044316382775
0.648573691420731
0.6485984819061433
0.6484488480837889
0.6484341565883875
0.6484350694877155
0.6483676929848523
0.6484840780574126
0.6484595108903796
0.648284418035507
0.6485585972421648
0.6485197864658283
0.648573205409382
0.6487030243280711
0.6484832250797912
0.6486360223533852
0.6482894509382305
0.6483012335461433
0.6487261623580963
0.6484458750264889
0.6484288058230906
0.6486542822639352
0.6484388643809885
0.6485589472575687
0.6485203262689303
0.6484636789637539
0.6484371321201257
0.648523688264323
0.6486099477539199
0.6485285882167879
0.6484261965579318
0.6483871240722014
0.6485888922897648
0.6483829156606087
0.6485670177395493
0.6485181214632589
0.6485244486452758
0.6482709309514039
0.6484571864545373
0.6483747786875997
0.6483141768981318
0.6483326821921184
0.6485352540460272
0.6484318110878349
0.6485734290348367
0.6486996323696341
0.6483754835385649
0.6485157445964803
0.6481732467545016
0.6485444293671532
0.648669520309091
0.648481223976215
0.6484004739282994
0.6484779964471701
0.6485065378585375
0.6485781620518032
0.6484987698438835
0.6485673285498395
0.6484529716184171
0.6484270911791858
0.6486594839613178
0.648446173818346
0.6486835275461269
0.6484869773396355
0.6484701343352934
0.6484536086716051
0.6485201109218541
0.6485483070037936
0.6482498370067324
0.6485072263390422
0.6483581012970447
0.6485845184253809
0.6484233973778886
0.6485220866715424
0.6484646818069096
0.6484727265334824
0.648480486901297
0.6485480005296287
0.6486129881056129
0.6483550534065647
0.6482782824206207
0.6484006954395198
0.6485287331414952
0.6483946267442569
0.6486653783441085
0.6485965525311833
0.6484920529656615
0.6481954366744233
0.6483459792959012
0.6483467548255258
0.648411318454241
0.6485077973208041
0.6482748876781999
0.6482148826803991
0.648533268937132
0.6485529161960588
0.6485002897058365
0.648374860925381
0.6486692694668019
0.6482970297301004
0.6484272067329789
0.6485814113736251
0.6484938716627424
0.6485944854099942
0.6484447712524579
0.648563370599972
0.6483659899994104
0.6484597274201057
0.6483792038805807
0.6486868039485272
0.6485498583082732
0.6486150065067999
0.6485017204583126
0.6484619020990341
0.648310692251866
0.6485973884002669
0.6483970496293912
0.6484687334551845
0.6484159615073137
0.6485996486599019
0.648658624098765
0.6485794201386431
0.6485644668355361
0.6480746704292308
0.6484786228940354
0.6483544486677182
0.6485909110932291
0.6484565384793213
0.6482379073464293
0.6486791514426891
0.648414267107164
0.6484495147794629
0.6486308342925111
0.6485437379698598
0.6482341897739835
0.648362609649099
0.6483503276766064
0.6483810727633906
0.6484891710001557
0.6484658902880915
0.6486077198816933
0.6486425103380158
0.6484480333898016
0.6483453923703518
0.6482992877008893
0.6483713775267329
0.6483417662876013
0.6485522823902019
0.648439734099501
0.6484482093189297
0.6484847953209614
0.6485356966919321
0.6483747709995726
0.6486603760879419
0.6486559740921011
0.6486283793791594
0.6485997395617072
0.6484754608542289
0.6484525993462014
0.6484393604063112
0.6483993325960465
0.6485471149071271
0.6484763546755647
0.6485781188291269
0.6485225252385247
0.6488607291413898
0.6484363478270178
0.6484368110085182
0.6487762292284882
0.6484323515888485
0.6484334468029029
0.6485314425332926
0.6483951241621843
0.6485445381784458
0.6483272713089555
0.6484565484245073
0.648453629733635
0.648354137349094
0.6485087765345446
0.6482710544886094
0.6484777213227586
0.6485738730432582
0.6483842059851187
0.6484877791238771
0.6482231593880217
0.6484413964993807
0.6484505136690798
0.6483597513545473
0.6487391862609735
0.6485169357963319
0.6484520964012382
0.6484017131932699
0.648391167188321
0.6484771684345139
0.6483640624666647
0.6484930682751417
0.6484768364490386
0.6486536625338095
0.648503318086936
0.6484593218226201
0.648215972237315
0.6486178343833706
0.6483679908987137
0.6483895159083137
0.6485078706254479
0.6485215994359824
0.6485410944982424
0.6485811776455187
0.6484987915130394
0.6486983300050209
0.6485759775304831
0.6483563291160408
0.6484398288929502
0.648505092291139
0.648495435306123
0.6484903725970401
0.6487138864025431
0.6485843968286188
0.6483543863387874
0.6482833760760914
0.6484428879954206
0.6485851484573859
0.6484786903455159
0.6485025243099474
0.64855122594552
0.6486500670541976
0.6485484011571545
0.6485650495167359
0.6487715591622885
0.6484010603537482
0.6485391772281763
0.6484468729024581
0.648458116370815
0.6485009334821119
0.6484074107604922
0.648528257076671
0.648617164860626
0.6482320861347128
0.6485721532056791
0.6485007151394878
0.6486000663627899
0.6484481802647835
0.6485861849742712
0.6485712754076425
0.6483433335819648
0.6482546972130134
0.6485400557105936
0.6486553946814014
0.6484707124976281
0.6484695599420974
0.6484035544285174
0.648740248169202
0.6486339836838579
0.6486621977862802
0.64856341558022
0.6485321012545215
0.6486561876552068
0.6484233662462414
0.6486063215395266
0.6485274088036295
0.6482527247841114
0.6483401809280604
0.6486431293879036
0.6486669476392846
0.6481236446388753
0.6483135813452957
0.6486097718077255
0.648536205024592
0.648571799221138
0.6485112810489215
0.6485211680544006
0.6486911338180144
0.6485199325647455
0.6485021341346874
0.6484962992456896
0.6484157484723272
0.6487408085588566
0.6484125261058338
0.6484556678765411
0.6483131003761375
0.6486021780389978
0.6486750432028157
0.648577486392981
0.6485768275096186
0.6484627694253853
0.6483541842620586
0.6486473688079478
0.6484904414618803
0.6485258915536831
0.648305521009404
0.6485339054772333
0.6484431965918322
0.6483309959756836
0.6485530517111417
0.6485483355909618
0.6485474448960966
0.6484817812856402
0.6485118988579546
0.6485511496919736
0.6484474163046718
0.6483747405299124
0.6485470052568171
0.6484267542875938
0.6481131745599928
0.648602114068956
0.6483770325943292
0.6485552786647358
0.6486410394560633
0.6488107963455345
0.6484422714871225
0.64838058364661
0.648574799136
0.6483062367824468
0.6484634552208581
0.6482476751753591
0.6485570225974964
0.6485486082265043
0.6485139791310666
0.6482863022786667
0.6482023997997964
0.6487467398596868
0.6484721127560718
0.6485043395377423
0.6483748735159245
0.6485273028109919
0.6484917786449238
0.648404026538005
0.6484641761865297
0.6485544836703215
0.64869351135312
0.6483602806399316
0.6484209656589228
0.6484703100378308
0.6485608461866066
0.6485810713306734
0.648637721520843
0.6485313364735347
0.6485058501148746
0.6486800304815359
0.6485895077858779
0.6485957939767821
0.6483557902087356
0.6484526757525984
0.6485732688855729
0.6487663222663599
0.648536148624855
0.6485201515934751
0.648237258008353
0.6482985294214603
0.6485198670635024
0.6483091045811309
0.6484942109372559
0.6485669794212903
0.6483023178748464
0.6485869092965137
0.648416318863532
0.648642802107533
0.6483571408138593
0.6483137916740427
0.6483068858816845
0.64850018385078
0.6483825696544023
0.6485523910650346
0.6484906745652543
0.6485603014710097
0.6485712604238413
0.648565616019898
0.6485663582923209
0.6484323090188364
0.6483929133077942
0.6485001373133726
0.6485077802418376
0.6486387496250026
0.6486237422254881
0.6486570561393759
0.6484139848473982
0.6484638519040842
0.6485077474430612
0.6486722963050072
0.648610057413597
0.6483987914266816
0.6486477510524533
0.648399169227099
0.6485527548064001
0.6485687939892407
0.6486391335118861
0.648470629233471
0.6484140523063887
0.6484167528322565
0.648483802610736
0.648447518069512
0.6484651035104381
0.6483686185337352
0.6484900508772417
0.6484803812081008
0.6486035121944475
0.6484239032322423
0.6486350431208798
0.6485816057452973
0.6486051456977853
0.6483753648005303
0.6484142026284265
0.6484063023453881
0.6484061533629489
0.6487220283970578
0.6486711049913967
0.6483012395116496
0.6485807043036776
0.6485707770372089
0.6486719850193841
0.6487048114620909
0.6484897164153524
0.648460737920075
0.6487005702598817
0.6485570226213214
0.6485193442206929
0.6485533967920358
0.6485388178569538
0.6483931706285228
0.6482834975991748
0.648394707382809
0.6483317595599911
0.6484742065861611
0.6484710604808939
0.648544929574707
0.6482955877725949
0.6486236611673732
0.6485878829307408
0.6485548887131759
0.6486860921759632
0.6482798164838793
0.6484365864449079
0.6486415037441896
0.648219393473874
0.6486037946090254
0.6487509839565162
0.648504171718354
0.6485681645425317
0.6485886601156579
0.6485770659621057
0.6483957941497777
0.6483359310358668
0.6485976997239477
0.6484247296750282
0.6485280085957672
0.6485195945305072
0.648518250631301
0.6485275925797278
0.6484953263521984
0.6484169772441859
0.6487187873729803
0.6482192734834922
0.6487046876672935
0.6486274246336112
0.6484389091777852
0.6484577756359418
0.6483705301696501
0.6485464223670796
0.6486115344972705
0.6485213005328665
0.648236577621672
0.6485737009278085
0.6485925121958936
0.6482354622939941
0.6483306887867994
0.6484384102909726
0.6485948729130624
0.6485463413206829
0.6484024940138865
0.6484624080756406
0.6483848162160086
0.6485461280366644
0.648563211231627
0.6483357492947541
0.648279262107393
0.6486265180300228
0.6483841779640045
0.6486217658366864
0.6482334545818512
0.6483105279198429
0.6484746595066955
0.6486529091732958
0.6485063890989835
0.6483882309943225
0.6484573420593941
0.6484653274841528
0.6484029222517793
0.6485476692830963
0.6485819797493603
0.648433480544455
0.6485419753546936
0.6486959261231506
0.6487445575453592
0.6486205729792116
0.6484776993246743
0.6488061336324651
0.6485456769899903
0.6484596731157155
0.6486054320061274
0.6486085968034823
0.6483414014214532
0.6484007776438461
0.6483193410046517
0.6486228535840449
0.648321140548771
0.6483680495487204
0.6485450852378766
0.6487071438115893
0.6487147254788882
0.6483705413140662
0.6486643515597044
0.6486159248637544
0.6482746235296991
0.6484056855574767
0.6484243574762171
0.6485617446437025
0.648511932884712
0.648697674003146
0.6485277659040939
0.648420483360435
0.6484967389232676
0.6486217874628681
0.6484114881207129
0.6484554066364804
0.6484207224471341
0.6483550699228338
0.6484244951876292
0.6484635530987768
0.6483388576818881
0.6483319466870177
0.6485906490783906
0.6485388520761964
0.6485779428348193
0.6485527012954648
0.6484206841164195
0.6486114595321189
0.6481184069178216
0.6485574670043139
0.64856648901646
0.6485595635789629
0.6486313462307371
0.6484257083552882
0.6485788668669747
0.6486096643901678
0.6485165053102597
0.648628284159264
0.6484255717233611
0.6486587530630682
0.6485254138482472
0.6482919697991405
0.6483422603397655
0.6485117195822478
0.6483004631776349
0.6486688081567833
0.6486261623138293
0.6484449804670849
0.6485552316544787
0.6487592174848471
0.6486386751330703
0.6485229596443652
0.6486534438379641
0.6484279113864226
0.6483745456149752
0.6484403138143696
0.6483232834297987
0.6486186025400636
0.6487218696010847
0.6485630496475737
0.6485397060069588
0.648425824859362
0.6485151287456138
0.648440973458912
0.6485242967136949
0.6484660028751336
0.6485788960011674
0.6485794841373016
0.6483745934963829
0.6484878103630214
0.6481606089444263
0.6484258849463183
0.6484902241369496
0.6483647009230655
0.6486051946400964
0.6484264104613314
0.6484183752725889
0.6484837545413259
0.6484392599567099
0.6485530906532788
0.6485347172580074
0.6485680811118643
0.6485590517370445
0.6485511245035611
0.6485498316095679
0.6482674611150703
0.6486358534112922
0.6481834265692183
0.648465922141253
0.6486376068148666
0.648421337811424
0.6484621656560896
0.6486269097898436
0.648578930214118
0.6481697147830928
0.6484199077400723
0.6484866446263402
0.6487315427673479
0.6483864900638163
0.6484860853192246
0.6480374104390794
0.6486695329364955
0.6485348549338807
0.6484080550375888
0.6486662900010082
0.6484526832085846
0.6482708820848966
0.6483310866157823
0.6486193988460816
0.6484962563396591
0.6482881109554728
0.6484775940863994
0.6484060963234425
0.6486082597293014
0.6485867610762527
0.6486135381386557
0.6486287536299289
0.6484871300557954
0.6486598802502332
0.6484046219337917
0.648490582575201
0.6483262272652954
0.6486051330445484
0.6484167151630016
0.6483373310988633
0.6486191743742609
0.648557289153588
0.6484251873882221
0.6485272997795937
0.6484723753375292
0.6484067462204091
0.648472340886469
0.6484323314832379
0.6486333930758532
0.648501228657777
0.6484536487593066
0.6485966651437742
0.6485018958779138
0.6485778022028963
0.6486145485795445
0.648585448566922
0.6484504136706818
0.6487500160160447
0.6486476919195436
0.6486560366779721
0.6486749421924944
0.6483556697402182
0.6484314284997651
0.6484857130930214
0.6486452764010252
0.648411274240561
0.6486323586358058
0.648308481840276
0.648621406381697
0.6484102060067416
0.648485885415026
