0.6652085088171482
0.6652187094839987
0.6652092628670583
0.6652115973271682
0.665215115439782
0.6652070598001492
0.6652260913255891
0.665216389537727
0.6652207798890868
0.6652182603312253
0.6652403433730578
0.6652142707311957
0.6652234621187048
0.6652265742416785
0.6652317858454844
0.6652331002729693
0.6652168914624245
0.665240121363424
0.6652207798917287
0.6652257206571843
0.6652218682792832
0.6652121188025665
0.665211542479553
0.665216469385707
0.6652212438624563
0.6652261573887572
0.6652301147934225
0.665206760190846
0.6652284946030226
0.6652024740060927
0.665240844930536
0.6652218256032333
0.6652169358169853
0.6652157391752491
0.6652042914102778
0.6652178987046828
0.6652296462917109
0.6652175649728169
0.6652333838678599
0.6652102804293671
0.6652224694664297
0.6652173912933734
0.6652237829852798
0.6652295087054965
0.6652213542861514
0.6652214021548553
0.6652211876827863
0.6652226979691758
0.6652204556376535
0.6652281653815245
0.6652435563832388
0.6652161114615668
0.6652093904461074
0.6652262468130238
0.6652113083746081
0.6652082493492085
0.6652076752633275
0.6652260163483421
0.6652054359084475
0.6652267288365383
0.6652281233370019
0.6652062607737336
0.6652076764458703
0.6652411328835488
0.6652111608351992
0.6652299962369908
0.6652070153201197
0.6652104026616685
0.6652268286511351
0.6652092796936958
0.665189643917447
0.6652180141511772
0.6652137226030842
0.665225414438336
0.6652179732102239
0.6652086002057508
0.6652312658349954
0.6652231005374838
0.6652233356270117
0.665198895600657
0.665198214018312
0.6652188876273448
0.665236309882545
0.6652317863837333
0.6652287547898422
0.6652086631670978
0.6652369655116726
0.6652286686088605
0.6652283237819828
0.665205401077916
0.6652370606261461
0.6652215600234338
0.6652105989410874
0.6652103191157619
0.6652272633506683
0.6652116097456316
0.6652149470639684
0.6652251102611826
0.6652206146639116
0.66523487416351
0.6652178680007557
0.6652181676418771
0.6652172970808847
0.6652185886982709
0.665212126017237
0.6652167994141078
0.6652253713050387
0.6652270792381235
0.6652106065323578
0.6652035528520299
0.6652160221952857
0.6652153190507177
0.6652283707120263
0.6652329635696275
0.665227254814098
0.6652398471593799
0.6652347937253352
0.6652194315321703
0.6652279904735056
0.6652360366697997
0.6652255724303882
0.6652156115038373
0.6652133354852565
0.6652207913199072
0.6652190665640165
0.6652043882163289
0.6652216720009103
0.6651900345370315
0.6652127983476754
0.6652227005857339
0.6652134262577114
0.6652133101743811
0.6651970771438336
0.6652134000296233
0.6652194867818603
0.6652258321818382
0.6652395750497261
0.6652367291859329
0.665240093274257
0.6651983765876068
0.6652209245250675
0.6652032632971199
0.665221904324885
0.665214467953587
0.6652237690507166
0.6652217022890206
0.6652332388216706
0.6652049286262796
0.6652201961658895
0.6652040670757705
0.6652331032736587
0.6652248888435449
0.6652270511188425
0.6652209145841164
0.6652431373077803
0.6652296406487873
0.6652225830637248
0.66522165822373
0.6652414893655285
0.6652176043097267
0.6652274600555236
0.6651918595034114
0.6652366636344902
0.6652279987087149
0.6652148812947208
0.6652015792065294
0.6652137333349455
0.6652074962929584
0.6652215507393644
0.665206396051572
0.6652192562632555
0.6652136091079881
0.6652177708551368
0.6652302507771255
0.6652265677415529
0.6652329622214466
0.6652545603908845
0.6651979946926494
0.6652144431233817
0.6652216263411576
0.6652275762124302
0.6652211899838724
0.6652132434999158
0.6652254164124404
0.6652082126384662
0.6652395201462535
0.6652006378017941
0.6651918894847637
0.6652365059745143
0.6652176072823548
0.6652181821083992
0.6652121901450653
0.665224974274888
0.6652327585766704
0.6652018513646935
0.6652167112233094
0.6652316465508437
0.6651962692118276
0.6652050387797966
0.6652194420983109
0.6651996093552088
0.6652055554425915
0.6652366415620137
0.6652207801865566
0.6652157436664994
0.6652176013591147
0.6652066657094418
0.665215781371982
0.6652118696078427
0.6652298543850006
0.6652147812637814
0.6652320034079081
0.6652385548958271
0.6652339347482381
0.6652061692812622
0.6652269133052047
0.6652408161589611
0.6652263138922638
0.6652166423870046
0.6651956983558684
0.6652059779036196
0.6652438953460281
0.6651962072017858
0.6652354182441941
0.6652395534556579
0.6652200866161644
0.6652272316924502
0.6652272536450781
0.6652158141588136
0.6652355911565924
0.6652182921204497
0.6652295912691959
0.6652124765306738
0.6652314231130787
0.6652169383921807
0.6652286083109399
0.6652408489001153
0.665227231289276
0.6652232580367763
0.6652113848036014
0.6652153397482066
0.6652206554970517
0.6652295979308984
0.6652226753080226
0.6652288434493838
0.665200847025909
0.6652237916164869
0.6652140383936906
0.6652136027718247
0.665223196904837
0.6652271138993725
0.6652337331564182
0.6652109055684237
0.6652165766258488
0.6652185241934698
0.6652181538726853
0.6652193180611111
0.665189654233077
0.6652062379710116
0.6652166795707415
0.6652311320706796
0.6652150725220765
0.6652315975756818
0.6652313190641743
0.6652195931272853
0.6652288196582161
0.665230137375719
0.6652339322598546
0.6652047529723475
0.6652337303030375
0.6652229318210868
0.6652113616586998
0.6652008166414689
0.6652155410673208
0.6652175121627308
0.6652157644995198
0.6652207127074103
0.6652268064838459
0.6652196221118861
0.665208947770906
0.6651994370712233
0.6652165777494232
0.6651992372601123
0.6652063060238892
0.6652349871315497
0.6652152968882852
0.6652111467264294
0.6652382485740199
0.66521272532742
0.6652166240998578
0.6652096397808164
0.6652216800199198
0.6652053359091724
0.6652279677056229
0.6652002500780183
0.6652105298164546
0.6652341921740631
0.665232447211787
0.6652330849079828
0.665198885287074
0.665222646679875
0.66521727981795
0.6652348128853267
0.6652315887384863
0.6651962499253751
0.6652363330199639
0.6652353565576166
0.6652133995587268
0.6652216272054304
0.6652047283887788
0.6652285714918493
0.6652109138830361
0.6652152520715064
0.6652286135558158
0.6652271784559337
0.6652275242811998
0.6652016527559126
0.6652270236115396
0.6652124267455873
0.665211467292588
0.6652251864774579
0.6652222773348854
0.6652128545807787
0.6652226876686106
0.6652236010433981
0.6652236706284176
0.6652371031177838
0.6652290480492232
0.66519748584532
0.6652275287643035
0.6652155728684358
0.6652334546162293
0.6652217028109295
0.6652118038996134
0.6652306424931581
0.6652070477382773
0.6652337351073689
0.6652226892069018
0.6652246514699744
0.6652296135826525
0.665220429528697
0.665222759697787
0.665196040218587
0.6652014615582205
0.6652340390774677
0.6651945699832603
0.6652213363207342
0.6652438868143524
0.6652238491584069
0.6652182004627136
0.6652123715786766
0.6652041588822766
0.6652138656038864
0.6652125832059836
0.6652078906718482
0.6652101505943827
0.6652392907993762
0.6652173915381719
0.6652202441162922
0.6652275723409997
0.6652483153695
0.6652235483751865
0.6652422991235802
0.6652055903246967
0.6652134825880388
0.6652138371532295
0.6652313044848543
0.6652265493387095
0.6652165412642732
0.6652016780167367
0.6652227488035839
0.6652174738298426
0.6652273753582523
0.6652057055856411
0.665236052723578
0.6652264980188776
0.6652205314387009
0.6652109926960244
0.6652327544109227
0.665223036550617
0.6652181261741636
0.6652111036128243
0.6652094956584346
0.6652198656118626
0.6652314957236966
0.6652253120271111
0.6652160904696814
0.6652454213415677
0.6652170911103781
0.6652054576126449
0.66524170354661
0.6652089445953049
0.6652069528531027
0.6652194506161505
0.665204956018388
0.6652377265046994
0.6652437281515188
0.6652249918422886
0.6652093671665629
0.6652305954750294
0.6652353637904062
0.6652163003813617
0.6652034781475941
0.6652160561315243
0.6652307531362481
0.6652113695632371
0.6652218288393812
0.6652086783051158
0.6652258731947871
0.6652453213150975
0.6652234688743532
0.665217905400557
0.6652367740330858
0.6652184590600506
0.6652320516189953
0.6652173438625808
0.665228494406491
0.6651909579174032
0.6652229978061923
0.6652010886265145
0.6652157910372283
0.6652280446495961
0.6652250386663847
0.665233147799378
0.6652085827299409
0.6652126715957207
0.6651891131691874
0.6652195022610639
0.6652210245554174
0.66520637635076
0.6652256941716603
0.66522656787548
0.6652364437459404
0.6652251770919202
0.6652102903486211
0.6652089431878987
0.6652304909763701
0.665219796354516
0.6652285532061456
0.6652232005544465
0.6652241347420983
0.6652116636267578
0.6652151593903174
0.6652052871601859
0.6652123529961639
0.6652173413901866
0.6652157826471837
0.665225752655696
0.6652099859778592
0.6652274411586137
0.665234301439114
0.6652459580724295
0.6652209956800054
0.6652194423157403
0.6652444599846037
0.6652077374035275
0.665216862950738
0.6652050508405326
0.6652187167837589
0.665213012366611
0.6652223505872038
0.6652080291113228
0.6652237331280919
0.6652085539006392
0.6652181475606636
0.6652062029118779
0.6652106153778309
0.665234161238236
0.6652119406849966
0.6652256913529271
0.6652173025659445
0.6652361416866694
0.6652349641355597
0.6652093382750037
0.6652182039162244
0.6651928182543098
0.6652236791016284
0.6652115467877446
0.6652259526979935
0.6652207437473401
0.6652374693166665
0.6652330071126169
0.6652159921655589
0.6652098961403549
0.6652275728441898
0.6651891358002737
0.6652145690856833
0.6651937915847128
0.6652208041891299
0.6652125799128608
0.6652145114700753
0.6652085798041647
0.665225183479098
0.6652015164738403
0.6652400331589633
0.6652247745674577
0.6652341303199483
0.6652334284830681
0.6652121576362159
0.6652083124613603
0.6652338442431778
0.6652159319268598
0.6651969411533485
0.6652125991257388
0.6652246685437517
0.6652374384380075
0.665220594723735
0.6652357379977609
0.6652081924181265
0.6652312090410806
0.6652345159406745
0.6651993222234048
0.6652281413490868
0.6652116958492227
0.6652195873122223
0.6652218893281079
0.6652322674619332
0.6652143670160533
0.6652206232523561
0.6652145742256221
0.6652202560902082
0.6652274890790975
0.6652260228587608
0.6652029826301126
0.6652226904466445
0.6652168521879892
0.6652354285998308
0.6652383472468597
0.6652310248379888
0.6652258104246874
0.6652020246274235
0.6652304141958622
0.6652169002670225
0.6652172104675105
0.6652291447137313
0.6652166871754588
0.6652262154855212
0.6652324984746292
0.6652319847871087
0.6652185482402716
0.6652199019436067
0.6652311529432624
0.6652142945045593
0.6652293528468034
0.6651965848559509
0.6652104896438638
0.6652096728387407
0.6652130673746847
0.6652224778728449
0.6652311664117257
0.6652218327039854
0.6652092379968795
0.6652338652455624
0.6652174394035265
0.6652212414800929
0.6652176783796726
0.6652138353991087
0.6652198724286322
0.6652188579046059
0.665214156964295
0.6652163366504258
0.6652293253184289
0.6652076395160742
0.6652332300475513
0.665230514861862
0.6652391793541022
0.6652235182053644
0.6652073788478639
0.6652200587069498
0.6652054048507721
0.6652049135955436
0.6652173389393665
0.6652023148702031
0.6652102984365201
0.6652034669468756
0.6652008264928407
0.665215836652798
0.6652224234291205
0.6652349969751081
0.6652165970390478
0.6652139851430889
0.665238724549384
0.6652172271369643
0.6652244321567775
0.6652067506710815
0.6652147520317224
0.6652176315035234
0.6652193938696249
0.6652223650680648
0.6652127957507277
0.6652221478748156
0.665212923307237
0.665213660417553
0.6652153408861361
0.6652405884386479
0.6651967119951612
0.6652285327889966
0.6652187592626337
0.665215868221244
0.6652174408800563
0.665214679285949
0.6652202321123628
0.6652354571055328
0.6652257404080039
0.6652034949357186
0.6652138464673442
0.6652242651365671
0.6652134475185288
0.6652279622397649
0.6652193763430787
0.665209811662413
0.6652324709312363
0.6652069534536156
0.6652215337778757
0.6652239106905551
0.6652117860879351
0.6652139286266707
0.6652014720929487
0.6652258126359151
0.6651866017162389
0.6652183137530037
0.6652187676112284
0.6652126083894219
0.665235856566273
0.6652275181624397
0.6652188707801563
0.665216421050455
0.6652100685088755
0.6652196566028192
0.6652254167041838
0.6652368084859613
0.665217780161955
0.6652439703843036
0.6652400428219066
0.6652060544086953
0.6652280909973578
0.6652214476176538
0.6652050742984302
0.6652273660905619
0.6652371164013148
0.6652493989486561
0.6652310619057714
0.6652163221559998
0.6651953555210628
0.6652219841561959
0.6652187571990743
0.6652164768788735
0.6652277166516446
0.6652231781977431
0.6652348051908834
0.6652187673180905
0.6651971093448568
0.6652075395989241
0.6652137796283342
0.6652358912052774
0.6652009359262552
0.665251705118101
0.6652063207791519
0.6652214046766824
0.6651963090520077
0.6652428923632292
0.6652257933441316
0.6652197140062359
0.6652105513313866
0.6651903939496158
0.6652283654039083
0.6652173730580463
0.665220359202389
0.6652332538446966
0.6652417761614472
0.6652025266028165
0.6652195260360502
0.6652217439293169
0.6652307190577923
0.6652089953889444
0.6652107931990476
0.6652209489825911
0.6652305439140086
0.6652337989576333
0.6652267483509549
0.6652161704791212
0.665196471928887
0.66521091138574
0.6652390048391041
0.6652435702737001
0.6652428517199329
0.6652098837462025
0.6652192469015877
0.6652100925644069
0.6652350482396905
0.6652256509987187
0.665211022845058
0.6652065753837166
0.665217344286118
0.6652343441775482
0.66522594064783
0.6652327518952339
0.6652217266944835
0.6652120671115792
0.6652377565534551
0.6652229262971614
0.6652073941248846
0.665206905735906
0.6652261033273712
0.6652201720421705
0.6652304716487938
0.6652222386762132
0.6652115014130309
0.6652146162076246
0.6652298558437784
0.6652101522003544
0.665206052095121
0.6652424666841106
0.6652250237566547
0.6652276647206227
0.6652405957584988
0.6652219090223012
0.6652178529180081
0.6652446840968868
0.6652227151911613
0.6652089547130767
0.6652307906340689
0.6652067315110637
0.66521664304748
0.6652377731431376
0.6652117640576296
0.6652190493165206
0.6652173989215272
0.6652352049318765
0.6651854553208577
0.6652284196713449
0.665208634828309
0.6652156662152571
0.6652005135065837
0.6652229462348466
0.6652207021713802
0.6652379713159242
0.665234418538162
0.6652234470287424
0.665219801726912
0.6652112386402438
0.6652339798215511
0.6652156911060894
0.6652144792916073
0.6652348628257502
0.6652035734345108
0.6652374507318579
0.6652245635037536
0.6652166363521648
0.6652223410950947
0.6652246401579944
0.6652073609646472
0.6652115095344981
0.6652155669887415
0.6652468044743005
0.6652232882706913
0.6652071478207496
0.6652143583028904
0.6652551426109676
0.6652034959001548
0.6652312984384515
0.6652390591292227
0.6652183482194474
0.6651985500390132
0.6652091611720591
0.6652471876191564
0.6652165901751552
0.6652223463535446
0.6652039127685667
0.6652260086040143
0.6652249623843544
0.6652455286833674
0.6652130796046511
0.665242626447456
0.6652241675903586
0.6651955242713683
0.6652128498423473
0.6652297352461405
0.665215568643745
0.6652359550956818
0.6652275709318126
0.6652251065113671
0.6652207320756762
0.6652024298493318
0.6652310016660022
0.6652233747883709
0.6652164917485184
0.6652030505937273
0.6651916972794834
0.6652052741698522
0.66523290671058
0.6652029880195692
0.6652227174200475
0.6652221318342965
0.6652348410350901
0.665204599339849
0.6652357273687493
0.6652097077894633
0.6652176165447063
0.6652405177123777
0.6652264977675908
0.6652114781239704
0.6652237939899411
0.6652343778381429
0.6652317200027889
0.6652250392256377
0.6652236122287779
0.665220235882654
0.665206227739735
0.6652321016036248
0.6652215964079391
0.6652064463259413
0.6652337678090436
0.6652233833702796
0.6652120650806763
0.6652241365886287
0.6652315769102284
0.6652367918966022
0.6652009691703474
0.6652256695609697
0.665222236898133
0.6652198723793176
0.6652198976482224
0.6652223495695425
0.6652289236838804
0.6652441884762834
0.6652045982727284
0.6652215160731938
0.6652260113861477
0.6652219228841235
0.6652238570678133
0.66521087471044
0.6652158852292042
0.6652353192729654
0.665223431783607
0.665222426321223
0.6652152404950993
0.6652053567873578
0.6652185888302664
0.6652215465932325
0.6652132882988754
0.6652334203890019
0.6652199480866954
0.6652274506130837
0.6652282155020623
0.6652082355831908
0.6652364790534924
0.6652418604417278
0.6652296668787632
0.665238299160477
0.6652300456470537
0.6652162772628616
0.6652451950919608
0.665199204311314
0.665224851077387
0.6652017213445607
0.6652203512280748
0.6652106421233642
0.6652310538036504
0.6652323326735631
0.6652082752629347
0.6652244890738949
0.6652084810547817
0.6652347631303961
0.6652022249701862
0.6652370285296999
0.6652156659632524
0.6652251724871561
0.6652285374553382
0.6651856652235004
0.6652230571574271
0.665221606079395
0.6652034707116836
0.6652348654686571
0.6652195712614817
0.6652362178739095
0.6652256011752771
0.6652536993454976
0.6652339325070866
0.6652215532995037
0.6652118688713873
0.6652133678397774
0.6652284743774367
0.6651997387171333
0.6652099981249753
0.665229565149488
0.6652208568004575
0.6652099622480833
0.6652304802185631
0.6652130461756373
0.6652054662529162
0.6652164707365735
0.6652244433977836
0.6652392870744985
0.6652122092745751
0.6652229623622727
0.6652200900684259
0.6652226824276145
0.6652252819052249
0.6652223488464565
0.6652345877845087
0.6652400771270802
0.6651972328967788
0.6652038208511646
0.6652150619315769
0.6652166940786235
0.6652336616903376
0.6652425959135473
0.665231039609851
0.6652254831321838
0.6652239429597637
0.6652215655636113
0.6652302514427051
0.6652021905925102
0.665226752621286
0.6652334029619227
0.665227758675887
0.665234182665324
0.6652170628221629
0.665215360531612
0.6652136641900528
0.6652193857260329
0.6652408157250547
0.6652386925657254
0.6652387757198855
0.6652212242613378
0.6652458422554439
0.6652187270476744
0.6652168166257013
0.6652269981720633
0.6652329221982509
0.665212220013003
0.6652179967080387
0.6652005424863141
0.6652232810178934
0.6652224179201232
0.665214614061814
0.6652124020639424
0.6652075040908544
0.6652303784051162
0.6652240460759893
0.6652430927267033
0.6652251049968032
0.6652206508567706
0.6652297707191208
0.6651984254795533
0.6652139673839883
0.6652155634193593
0.6652178966368705
0.6652238732380302
0.665194709307503
0.6652336597962254
0.6652070876407314
0.6652394699201325
0.6652183334090869
0.6652162948329723
0.665221215817362
0.6652241392687738
0.6652255515979901
0.6652128408554102
0.6652322968372744
0.6652224375420309
0.6652173338275981
0.6652157957300083
0.6652242593672333
0.6652213654083703
0.6652346083737312
0.6652224318236402
0.6652299698788731
0.6652088323662108
0.6652290604990169
0.665218364071933
0.6652322462334801
0.6652257308769238
0.6652229064554789
0.6652186608431186
0.6652225272976837
0.665215586513908
0.6652099315525277
0.6652359282446192
0.665246205386292
0.6652110765481127
0.6652159203729172
0.6651933946359706
0.6652116149156219
0.665211655267103
0.6652212621731513
0.6652231748105558
0.6652307487300648
0.6652032920506372
0.6652232748509579
0.6652098726831297
0.6652436508594589
0.6652171103774335
0.6652202130877178
0.6652218745322032
0.6652077441850645
0.6652117780226859
0.6652246726511573
0.6652423569550001
0.6652222193180284
0.6652206933771212
0.6652209796500528
0.6652279168737493
0.6652098973286867
0.6652201674345334
0.6652333742237295
0.6652456995416101
0.6651989397748926
0.6652184268197258
0.6652337849573682
0.6652183209377174
0.6652237273950887
0.6652254217133803
0.6652337849871985
0.6652197541417184
0.665230122359815
0.6652355708489053
0.6652191620696175
0.6652207308972241
0.6652213534861626
0.6652124087838904
0.6652228140647791
0.6652320325774433
0.6652262977650663
0.6652294811800238
0.6652227884014752
0.6652301864207594
0.6652035942306618
0.6652353590552522
0.6652593892826922
0.6652213892312901
0.6652474107312429
0.665237314504985
0.6652487086954677
0.6652332231471048
0.6652232183537056
0.6652373964759926
0.6652313151370636
0.665227072929086
0.6652275801952079
0.665207538252401
0.6652144838701514
0.6652145415890935
0.6652237933318725
0.6652180968676582
0.6652296906626408
0.6652385716953721
0.6652131208747558
0.6652155529028873
0.6652000361717052
0.6652318690354196
0.6652190136859625
0.6652046112705714
0.665203945577784
0.6652260640810532
0.6652014259670704
0.6652168127953819
0.6652150927098441
0.6652134470109252
0.6652080449622795
0.6652273781173343
0.6652112489523092
0.6652177421874667
0.6652171471691294
0.6652238147361073
0.6652240970904439
0.6652325359317566
0.6651998892258495
0.6652069403018128
0.6652277225802796
0.6652119732610482
0.6652365045368843
0.6652241798337775
0.6652121418359711
0.6652274365962009
0.6651912542165863
0.6652325241722966
0.6652254527889976
0.6652147514581497
0.6652164241253992
0.6652243867755824
0.6652017295643747
0.6652199423868088
0.6652221660297453
0.6652135440618405
0.6652380515214309
0.6652328963748901
0.6652330968825021
0.6652345220450937
0.665237479293709
0.6651973812139855
0.66523534296273
0.6652110971632318
0.665235405589983
0.6651954840061428
0.6652089493260509
0.6652117120140044
0.6652213253202425
0.665234578145896
0.6652314592273134
0.6652214587998775
0.6652168110375687
0.6651993122418198
0.6652474528117214
0.6652333126357852
0.6652262018928363
0.6652058560667996
0.6652355645458019
0.6652100067455764
0.6652433805977754
0.6652042996194018
0.6652303160012928
0.6652080769390332
0.6652279246114625
0.6652200387379926
0.6652132531504504
0.6652244602571591
0.6652020905083293
0.6652371598792403
0.6652293753914822
0.6652438135191324
0.6652335973039337
0.6652113011104661
0.6652291100068176
0.6652229012192125
0.6652125976060206
0.6652102277243932
0.6652286056655767
0.6652358646888303
0.6652136855584219
0.66522687440116
0.6652113318233707
0.6652096119268325
0.6652352652268265
0.66522728356001
0.6652043406445943
0.6652326480517206
0.665204329967584
0.6652241090007263
0.6652112704282821
0.6652115983992735
0.6652152272141783
0.6652173929333851
0.66520772288336
0.6652249220628649
0.6651995404335163
0.6652223050966055
0.6652218028417429
0.6652361103916992
0.6652078361865426
0.6652274162648809
0.6652199840387977
0.6652412749256711
0.6652127247349174
0.6652168037061544
0.6652235037993666
0.665221581348451
0.6652062131243486
0.665226040391361
0.6652199035038386
0.6652198970525003
0.6652346097527553
0.6652305024921761
0.6652316629756498
0.6652156032517778
0.6652134128075047
0.6652210593523534
0.6651908941858908
0.6652196822306063
0.665228547390068
0.6652202102929305
0.6652335815586321
0.6652153962709573
0.6652314858115607
0.6652269565965754
0.6652124123852587
0.6652336544402867
0.665236422102604
0.665218068309609
0.6652299806772906
0.6651955246750709
0.6652231556441711
0.6652198435000407
0.6652256254542706
0.6652183120310269
0.6652344057488802
0.6652281301956958
0.6652095717898701
0.6652278701054453
0.6652074496323972
0.6652102804603741
0.6652288959826531
0.6652257997618629
0.6652221319273269
0.6652444316467958
0.6652195718354643
0.6652141314663862
0.6651999482216187
0.6652237381076982
0.6652354277140278
0.6652008479230296
0.66523526919756
0.6652343567066954
0.6652104621138332
0.6652104159310879
0.6652215312581906
0.6652128254088372
0.6652011530571773
0.6652178746290652
0.6652102073584317
0.6652371309533776
0.6652137128891331
0.6652245215605044
0.6652148802629894
0.6652294933289968
0.6652050963262605
0.6652274516887638
0.6652224571415448
0.6652060729158207
0.6652168003492597
0.6652325355585706
0.6652373293778253
0.665219346320985
0.6652266332225365
0.6652280443144075
0.6652192513303721
0.6652296851978834
0.6652288859126086
0.6652258220985006
0.6652313015797231
0.665227364516641
0.6652310298968307
0.6652447197603584
0.6652054117832521
0.6652375393412402
0.6652272089473847
0.6652447288661612
0.6652250994212817
0.6652312319237967
0.6652339471637303
0.6652105189482899
0.6651978311768227
0.6652154228037379
0.6652197829987287
0.6652083319815028
0.6652165003013807
0.6652097959469252
0.6652121348117549
0.6652402689220217
0.6652348428066578
0.6652234028337819
0.6652320695650891
0.6652384898713164
0.6652265354450648
0.6652172274743837
0.6652181023713511
0.6652285878104522
0.6652140583484398
0.665228034931273
0.6652170603202663
0.6652309666327905
0.6652402086859146
0.6652153495856121
0.665214985311059
0.6652382845425919
0.6652209646621668
0.6652040710394231
0.6652002827186203
0.6652252062551065
0.6652097970915876
0.6652230779228251
0.6652397354008587
0.665210275229106
0.6652034014370969
0.6652171698700073
0.665230097856025
0.6652202541755108
0.6652302488361495
0.665222607561292
0.6652351329153205
0.665228312416519
0.6652279886758591
0.6652231805968211
0.6652275581955955
0.6652244448357876
0.6651929076620393
0.6652148235990132
0.6652347890225083
0.6652363166498408
0.6652103309323167
0.6652206011913514
0.6652329346138515
0.6651956728284087
0.6652368560244166
0.6652274006378491
0.6652272756437106
0.6652110640333988
0.6651992620633371
0.6652261254847721
0.6652502371113621
0.6652001633569976
0.6651994107209602
0.665222715120406
0.6652092078652313
0.6652192135030321
0.6652244170241547
0.6652187222407044
0.6652130391063686
0.6652092284448645
0.6652238136629471
0.665216924604008
0.6652242955654377
0.6652325380300838
0.665240834611292
0.6652150118235187
0.6652167023949491
0.6652091047457976
0.6652085317156424
0.6652255927242099
0.6652217415137448
0.6652252430425816
0.6652014156547152
0.6652301228316736
0.6652235436973069
0.6652111938268062
0.6652307664646739
0.665210144680487
0.665227445953362
0.6652181272994978
0.6652267952313544
0.6652375144184016
0.6652156857297761
0.6652217618201791
0.6652262757419866
0.6652324608694793
0.6652111443897883
0.665223936303661
0.665232830197015
0.6652127641161831
0.6652233687004381
0.665224537062014
0.6652274873537075
0.665204850945508
0.6652239573342026
0.6652290756038405
0.6652373264893411
0.6652093254540864
0.6652469875343174
0.6652135963011017
0.6652221549469366
0.6652107355959438
0.6652276556202197
0.6652241100187901
0.6652280789302085
0.6652162075837218
0.6652249417835336
0.6652038105348497
0.6652029447620484
0.6652090473332324
0.6652247350826163
0.6652114389877503
0.6652210278275174
0.6652367900822114
0.6652278075422876
0.6652236966787956
0.6652055048822827
0.6652185500386294
0.6652185082403247
0.665228062428668
0.665219885945163
0.6652185882694832
0.6652426929458419
0.6652169071651571
0.6652265610503125
0.6652233555617969
0.6652106785682306
0.665207391862423
0.6652179865976076
0.6652224922446716
0.6652307711607959
0.6652115254609743
0.6652276005536989
0.6652309101837552
0.6652178800843732
0.6652171388524041
0.6652133715040127
0.6652126884607856
0.6652139698824621
0.665219942526013
0.6652418072881527
0.665218549758504
0.6652126182873812
0.6652274876194864
0.6652228059713265
0.6652222905379686
0.6652226391608403
0.6652107213056924
0.6652386119796996
0.6652282821763192
0.6652238231011149
0.6652182019529074
0.6652234961871727
0.6652237284318684
0.6652369198799013
0.6652093423072677
0.6652147156772578
0.6652206685254414
0.66521527382425
0.6652348199438471
0.6652168357724457
0.6652187540036859
0.6652109661501524
0.6652127217551402
0.6652381318039648
0.6652312585275078
0.6652330761182539
0.6652072740330444
0.6652324889478616
0.6652254942679504
0.6652274648751934
0.6652228233361206
0.6652224795830972
0.6652100682663858
0.6652141330517503
0.6652177028308741
0.6652189372288383
0.6652172921349291
0.6652080685676875
0.66521324569688
0.6652255303994302
0.6652368209704504
0.6652316829311431
0.6652262914038549
0.6652267191457334
0.6652213528610809
0.6652283251128353
0.6652027096852549
0.6652123498109057
0.6652132063015086
0.6652089186102973
0.6652217957480141
0.6652089023361027
0.6652189229500243
0.6652068329678607
0.6652361956339152
0.6652239873463377
0.6652348738760402
0.6652345460395103
0.6652104515239246
0.6652348028226118
0.6652310587317067
0.6652279500104342
0.6652160796230413
0.6652216776644991
0.6652266421679449
0.6652342760509987
0.6652225051319351
0.6652056933190591
0.6652356511024745
0.6652285533724227
0.6652514482886485
0.6652023230711352
0.6652207279831275
0.6652255112928627
0.6652002248076273
0.6652166548821545
0.6652003294095399
0.6652085995559658
0.6652268938637969
0.6652198111217524
0.6652063581261438
0.6652413458345323
0.6652202821872581
0.6652357700362769
0.6652124626149636
0.6652231533595641
0.6652341496387164
0.6652143506976005
0.6652228229755734
0.6652319453848203
0.6652269136391986
0.6652157759722598
0.6652456856078878
0.6652161737172927
0.6652269844888983
0.6652199684040748
0.6652217534700647
0.6652160846273325
0.665211367774837
0.6652064389264347
0.6652166587123932
0.6652191278972213
0.6652337237863155
0.6652139652999731
0.6652202956542734
0.6652268473804136
0.6652170264265868
0.6652283654668857
0.6652173287237804
