0.6618253929184872
0.6617638954375905
0.6617707762085314
0.6618613321231455
0.6617713746967067
0.6617122606468888
0.6617902222905669
0.6617666863620827
0.6618382125672114
0.6618656586245437
0.6618354142929026
0.6618021690078348
0.6617550292599874
0.66185482199176
0.6617560228617754
0.6618148831764272
0.6617471266330931
0.6617835944927459
0.6618044088731492
0.6618307618813692
0.6619067973981729
0.6618332955938424
0.6619099433417261
0.6618083231045873
0.6618045247680627
0.6617914110935987
0.6617502766260855
0.6618079166329559
0.6617453440584604
0.6618675678912285
0.661840570717557
0.661853810531423
0.6617606015316577
0.6618546032715056
0.661837690844838
0.6617845823511604
0.6617924642432622
0.6618546654727642
0.6618236325101726
0.6618286689245312
0.661748545441105
0.6618572489110683
0.6618182441530895
0.661744960926071
0.6617607396461895
0.6618532127003844
0.6617369010843661
0.661851330593386
0.66187187454714
0.6617929663435678
0.6618510257720545
0.6617746350974686
0.661809129024231
0.661785058854216
0.6618168370759051
0.6617784348790372
0.6618201427044573
0.6618321229163735
0.6618313944392598
0.6617992052917642
0.6618310717003746
0.6618121408544768
0.661837322618245
0.6618473579207663
0.6618104788852099
0.6618111775732172
0.6618029270082348
0.6618811995494721
0.6617740475692186
0.6618576942608925
0.6617898929313694
0.6617330963240338
0.661755150808727
0.6618383366864159
0.6618353798154732
0.6618083645993155
0.6617854883772107
0.6618257711932889
0.6617502460047697
0.6617937207653152
0.6617715171316286
0.6617547472132753
0.661742237891735
0.661793261509629
0.6618233488378285
0.6617763093450602
0.6617266092979016
0.6618123206071425
0.661836020287261
0.661813891027246
0.6617987504376841
0.6617365079708823
0.6617865812845651
0.661777736429058
0.661746002496506
0.6618346064007856
0.6618331794559269
0.6618277171899974
0.6618727722638245
0.661785741583814
0.6618352702183079
0.661894775024194
0.6618473316921047
0.6617966602000629
0.66175380129785
0.6618197181530132
0.6618490257626747
0.66172940848445
0.6618919145764959
0.661926135791254
0.6619195626521879
0.6618279425211808
0.6617838173174303
0.6616793324377785
0.6617921383334533
0.6618634167238219
0.6618705998308945
0.661843449436536
0.6617973762436482
0.6618369213337185
0.6618198534971069
0.6618914767393032
0.6617789391983444
0.6618129741339752
0.6617938169239852
0.6618361037067568
0.6618192940327997
0.6617745809550216
0.6618215690643353
0.6617866553464287
0.6617667229582891
0.6618582022999597
0.6618362156648046
0.6617161729224283
0.6618752929311073
0.6619192362173586
0.6618419669335801
0.661756252818093
0.6618691544329469
0.6618014866901615
0.6618845913197553
0.6618030096131801
0.6618714120331958
0.6618506546605121
0.6618096199706129
0.6618231196238311
0.6617911924436645
0.6618128693186927
0.6617530564757798
0.6618736837064901
0.6617330906070537
0.6618425333911798
0.6618116034775634
0.6617910253584377
0.661899850034451
0.6617792697128317
0.6618086571968618
0.661819506956626
0.6617885682877058
0.6617313303995761
0.6618566252678372
0.6617994860233154
0.6618239626361435
0.6617877092202078
0.6617679376718845
0.661776702304111
0.6618316281420095
0.661810813736712
0.6618045860931778
0.6617745251005644
0.6617827361887776
0.6618003908626916
0.6617974028280093
0.6618225152897099
0.6618451682798661
0.6617652016125974
0.661740143534288
0.6618635491961249
0.6617934057283403
0.6618707204500092
0.6617596155927726
0.6617342221825888
0.6617388419042058
0.6618543949845941
0.661829876813561
0.6617312539158362
0.6617505006010242
0.6618140294852715
0.6617421475741692
0.6618139276114301
0.6618128376762304
0.6618808742790808
0.6618533706687946
0.6617784183483024
0.6618364383242006
0.6618508317572322
0.6618119910927636
0.6618538347174155
0.6618091525758015
0.6618190560978324
0.6617968017090825
0.6618117069369183
0.6617839041432356
0.661845629548456
0.6618060798834587
0.6617456312757442
0.6618144382053569
0.6617817700065494
0.6618188609877959
0.6619033536199551
0.6617888042603677
0.6617634751302031
0.6618869848786804
0.6618311698214736
0.661794377634592
0.6617195272856499
0.6618507743219206
0.6617883935662766
0.6618359357148409
0.6617477379260465
0.661845834608372
0.6618080543762832
0.6618540877727306
0.6618492121103712
0.6617431917756613
0.6618015902537894
0.6618229071303796
0.6618385900489895
0.6618574938384205
0.6617912602403383
0.6617972740091098
0.6618283851140259
0.6618187888765936
0.6618619597912081
0.6617944094137785
0.6618412525393973
0.6617829726627357
0.6617293039312555
0.6617631290107735
0.6617857895880008
0.6617740776323648
0.6617935437493199
0.661822218250273
0.6617830089410304
0.661814930230712
0.6618009279213307
0.6617962073985132
0.661813338410193
0.6618816181204558
0.6617914539404598
0.6618677517432001
0.6618233606540888
0.6617776718393719
0.6618394162336089
0.6617725819757164
0.6618365165223719
0.6617702710701585
0.661845193039099
0.6617381812061223
0.661733539933004
0.66184132051939
0.6617948581913303
0.6618298329024367
0.6617903575760697
0.661827026708101
0.6618244522338722
0.6617648664660272
0.661779838371541
0.661885644572602
0.6618553961010232
0.6618617014270352
0.6618255944030236
0.661817525461509
0.6618645358999845
0.6618001489247225
0.6618323413622252
0.6618080881996076
0.6618191376345735
0.6618148224455114
0.6617920597152873
0.6618610361321191
0.6618429831323617
0.6618021901578354
0.6618439028131475
0.6618045462136979
0.6618460230498806
0.6618047366602157
0.6618671055174478
0.661812241197655
0.6618210849285269
0.6618204826353645
0.6618577316841281
0.6617756513368527
0.6618264533865281
0.6618291085309914
0.6618006314839271
0.6618343958202748
0.6618190395967529
0.6618966950440869
0.6617979695150873
0.6617196644604441
0.661849431167839
0.6618513580765762
0.6617586604835644
0.6617713031494306
0.6617519483561014
0.6617705214310308
0.6619147898491811
0.661886531578173
0.6617456842588825
0.6618572810528711
0.6618085964471206
0.6618270541135988
0.661848182780498
0.6617847904557702
0.6617392113547772
0.6618162770785276
0.6617734552052114
0.6618224445271642
0.6617973957426734
0.6618621838765213
0.6617993058398708
0.6617907042845872
0.6618717407039763
0.6618259694785328
0.6618047185265321
0.661869306998696
0.6618462357179004
0.6618167996464899
0.6618684730292914
0.6617488230222832
0.6618396391982283
0.6617749063595006
0.6617503481046866
0.6618689363161205
0.661836885970877
0.6618067416486363
0.661781566289126
0.6617730459668434
0.6618533516029993
0.6618910274918948
0.6618233845262556
0.6618403297671147
0.6618416648667668
0.6618114971713679
0.6617487159102029
0.6618345564157049
0.661775599835017
0.6618152456212756
0.6617543046285446
0.661867966903691
0.6617858400027129
0.661793173554692
0.6617493854260253
0.6617899695516056
0.6617879350666861
0.6616901000554847
0.6618329660864116
0.661831502275237
0.6618060628121256
0.6618029394434803
0.6617441126886328
0.6618018573429069
0.6617836819798659
0.6618646455861262
0.6618301736491252
0.6618207808010996
0.6617721120159274
0.6618392484964297
0.6617776669485248
0.6617878563053674
0.6618431567020445
0.6618804798518254
0.6618560440776604
0.6618428042893466
0.6618104263015696
0.6618484753121318
0.6618362520599248
0.6618431930665312
0.6618313766485463
0.6618691318043994
0.661831732305002
0.66179361346116
0.6617503026541356
0.66181625853468
0.6618241542892498
0.6618180353934485
0.6618041832789489
0.6617835286517519
0.6618746896435797
0.6618166309523786
0.6617299566042312
0.6617974554802794
0.661730963393345
0.6617969545414104
0.6617984353394162
0.6617578652138261
0.6618100666456863
0.6618072514257868
0.6617873519302964
0.6617965106382584
0.6618524665625978
0.6617998679165613
0.661716566732541
0.6618374421877133
0.661810003220322
0.6618839367795409
0.6617864614804382
0.661817541264385
0.661840714947312
0.6618170238910396
0.6617663925649102
0.6618446862631908
0.6618976294247214
0.6617720431573757
0.6618218259871411
0.6618116771426287
0.6618087885701702
0.6618347790987386
0.6618095183121315
0.6618377561086846
0.6617944327210012
0.6617482116482756
0.6617635475553887
0.6618595121107993
0.6617806364685842
0.661787431209421
0.6618405577325833
0.6618885370338099
0.6618046979810956
0.6617917584709052
0.6618808130456046
0.6617715404577904
0.661872345878517
0.6618403271620161
0.6618168146562278
0.6617981174549576
0.6618065283924568
0.6618589520850056
0.661822855249505
0.6618003862136943
0.6618498905995703
0.6617904128023135
0.6618278892182199
0.6618233713206523
0.6618155915592878
0.6618176757307216
0.6618464665805627
0.6618360427237102
0.6618867213700523
0.6617047436970935
0.6618046510770601
0.6618219425279512
0.6618298307852913
0.6618740809992048
0.6618049382838387
0.6618446292600021
0.6618339704131626
0.6618288079825453
0.6618459107176122
0.661753432010137
0.6618616670830244
0.6617757635491253
0.6617957448614383
0.6617965783291566
0.6618540128755226
0.6618079795868218
0.6618464949078802
0.6617597240045648
0.661850582624575
0.6618112069695699
0.6618007051034693
0.6618424103659141
0.6617666721203617
0.6617733926586338
0.6618644517371972
0.6618417713661131
0.6617954864964803
0.6618717845640599
0.6617673589014099
0.6617647593910029
0.6618201745712171
0.661862443630995
0.661808209749402
0.6617863066348961
0.661843449472215
0.6617761705879778
0.6618106580119063
0.6617475774656141
0.6617857698120401
0.6618373253725098
0.661888007446078
0.661828523084061
0.6618148636164902
0.661843233967282
0.6618219759993602
0.6618450022591589
0.6618641353522439
0.6618597895052633
0.6618495369645031
0.6618025785872097
0.6618285226483717
0.6617854918307582
0.6618628494989481
0.661858542788877
0.6618449052342061
0.6617537258716416
0.6617800743778269
0.6617982684111159
0.6618501746755594
0.6618585665526426
0.6616911279703211
0.6617980111646092
0.6617998297103141
0.6618093556027594
0.6618339966815687
0.6618114813344009
0.6618019753428204
0.6617806694446705
0.6617537225776038
0.661826910048859
0.6618739833410957
0.66178829751384
0.6618078120492653
0.661796409549139
0.6618621519939449
0.6618403824111926
0.6617936998623245
0.6617506058362608
0.6618347800418973
0.6618449886169053
0.6617917495577138
0.661765692672891
0.6618003106455836
0.6617784632047499
0.6617632943511952
0.6618471159153315
0.6617597031123965
0.661801128498962
0.6618824601866702
0.6617382108642962
0.6618261269089327
0.6618214333016698
0.6617951161409801
0.6618553851308029
0.6618364349776824
0.6617735908576239
0.6617756280398903
0.6617487909251352
0.6618498649079143
0.6617858153134294
0.6618066856464109
0.6618648591543463
0.6618415828175317
0.6618009528379787
0.6617511016420318
0.6617946965429884
0.6617394074055374
0.6618129461266484
0.6618614025718712
0.6618293627858837
0.6617741327344596
0.6617884744321934
0.6618142857596359
0.6618130673812704
0.661843254475477
0.6618821970201689
0.6618432896556586
0.6617720241968365
0.661790960151027
0.6618635600955466
0.6618380049484553
0.6617874324303854
0.661872640000567
0.6617795344827051
0.661772880892919
0.6617691808988839
0.6618079408752455
0.6617980059399937
0.6617512150453566
0.6618084024719887
0.6618103793407639
0.6617746649665401
0.6617938156106683
0.6618503146837575
0.6617941296680929
0.6617684434182496
0.6618411575428672
0.6618354357854823
0.6617809354945576
0.6618875818226949
0.6618347544967592
0.6618300162559958
0.6618749522941471
0.6617859895188412
0.6618426031058258
0.6618534798637417
0.6617627001890979
0.6617824368096763
0.6617727531285772
0.6617879707616985
0.6618820819614251
0.6618171337976606
0.6618279707344138
0.6617576679606392
0.6618099323712389
0.6617581214670993
0.661726005072987
0.6618322741137224
0.6617808855223479
0.6619144207083708
0.6617753267965736
0.6618781376247365
0.661716465493885
0.6618768657859349
0.6617992439441412
0.6617992182601005
0.6617415080534442
0.6617851718131772
0.6618066632937203
0.6618117473781169
0.6617976544198791
0.661875981975372
0.661847703770366
0.6617884498558928
0.6617674116243146
0.661835003053879
0.6618220573412275
0.66182019633335
0.6618060905447118
0.6618058655695914
0.6618500983340325
0.6617909388011737
0.6618840782902978
0.6618415042480781
0.6618123031592642
0.6617959663752082
0.6617506166240011
0.6618911841100688
0.6618847794293523
0.6618249837407901
0.6618163129036122
0.6617939385258853
0.661822822426303
0.6618624026578707
0.6618108900516655
0.6618381582318503
0.6618110954871124
0.6618442940193918
0.6618094219115589
0.6618726842513221
0.6617887704996233
0.6617896810748014
0.6618133379394033
0.6618574821820821
0.6618510049619047
0.6618157653751999
0.6618208180704939
0.6618308802855123
0.6618116064275374
0.6617921645865983
0.6618195245461485
0.6618459977651036
0.661845118399937
0.6618829247093543
0.6618233548714034
0.6618624286377456
0.6618171668466342
0.6618109482182959
0.6617447754060536
0.6619334746451877
0.6618499924115043
0.6617960821325587
0.66170070893931
0.6618309566791478
0.6618353230138628
0.661801432777585
0.6617968589211605
0.6618236706628106
0.6618405585937266
0.6618248589370499
0.6618175127743176
0.6618556157314219
0.6618635733206611
0.6618533196353836
0.6618126115080059
0.6618204251981779
0.6618187003072966
0.6617745264359014
0.6617909213097521
0.6618457068238901
0.661805831352051
0.6618427004537981
0.6617790291116077
0.6617810205827406
0.661809853736447
0.6617891562345222
0.6618423367697694
0.6618738438302751
0.6617690350010599
0.6617964415516691
0.6617789433583984
0.6617529941850822
0.661812889527358
0.6617965237578284
0.6618451904490174
0.6618536631997376
0.6618241093110234
0.6618199053041471
0.6617261267612231
0.6618036909561062
0.6617821153972132
0.6617806453550663
0.6618586329345424
0.6618492176525539
0.6618497067917549
0.6618328658129158
0.6618521627979399
0.6617414943474054
0.6618308312164809
0.6618469489351639
0.6618148600571194
0.6618230971379953
0.6617800904646067
0.6618368354701407
0.6618833286921949
0.6617766200398865
0.6618519826574236
0.6617919150257844
0.6617661908304115
0.6618530215354174
0.6618768865317892
0.6617709348015466
0.66184548372722
0.6618758534011382
0.6618176284697566
0.6618454884614837
0.6617574054243006
0.6618539886019632
0.6617582025719491
0.6617974733940235
0.6617707147427714
0.6617953095837197
0.6618865700680058
0.6618460810465682
0.6618148135062585
0.6618226205524753
0.6617559710037804
0.6618323820639994
0.6617675502868116
0.661842402426811
0.6618011163609698
0.6617965023552217
0.6618251586388177
0.6617647488280538
0.6617892113823759
0.6618800400399829
0.6618057470122929
0.6619161806042589
0.6617828529055527
0.6618065529041192
0.6617976706694282
0.6617101581048485
0.6617483640522965
0.6617777385940334
0.6617843976690683
0.6617754721605056
0.6618261968599986
0.6618600155149927
0.6618109570706894
0.6618038385786722
0.661845998102754
0.6618064898329352
0.6617714523437632
0.6618094344031391
0.6618045078146636
0.6617857709224461
0.6617683780161137
0.6618786222712029
0.66178336735772
0.6617088320720561
0.6617851557100386
0.6617941433531365
0.6618366343409553
0.661765009696066
0.6617183634112703
0.6617799831659845
0.6618204516495818
0.6618310263891302
0.6618012567978047
0.661896140688089
0.6618199465177599
0.6617641360694337
0.6618496122419195
0.661679784531699
0.6617587222734544
0.6618440590036379
0.6617975559600245
0.6617237566551774
0.6618279470456192
0.6618289942313018
0.6617611622886359
0.6617581622875585
0.6617565326914465
0.6617521904985271
0.6618039960679098
0.6617576649117891
0.6618971577706007
0.6618399039124937
0.6617817390621173
0.6618582328234766
0.6617958491167126
0.6617912607574078
0.6618600515651387
0.6619062213852371
0.6618245600355714
0.661726651028829
0.6618184630776984
0.6617905589681079
0.6617713593793434
0.661798795164563
0.6618286849834883
0.6618581689924131
0.6618114462202067
0.661783596403864
0.6618283853615189
0.6617711476489441
0.6618641954513188
0.6617710927569364
0.6616845965165127
0.6617988872537219
0.661800124236717
0.6618219411030801
0.6618386348276156
0.6618219581432427
0.6618213113862287
0.661878922339298
0.6617776035925433
0.6617582525085157
0.6618433190298025
0.6618075566726584
0.6617953458469145
0.6617671228796143
0.661793218452554
0.6617252649242554
0.6617414898138266
0.661793139689755
0.6618236280189729
0.6618407064933711
0.6617814784355016
0.6618406133420563
0.6617892820817171
0.6617422644301906
0.6619162319772991
0.6618465138386946
0.661816515510378
0.6618531923053164
0.6617623230970001
0.6618414013784792
0.6618000535356219
0.6617912396244457
0.6618566797177629
0.661870467232153
0.6617953727370716
0.661889955531616
0.6617778386349165
0.6617628479369164
0.6618043506052602
0.6618548348795636
0.6618947533077192
0.6618127304517121
0.6618621165705505
0.6618141343348836
0.6617851087229165
0.6617457466141199
0.6617846329465031
0.6618823014762754
0.6617550937533919
0.6618530291958579
0.6618353492339015
0.6617466144329878
0.6618264757138019
0.6617746406454988
0.6618332664024476
0.6618338075784054
0.661808234153608
0.6618108531444219
0.6618131089204224
0.6618584642983808
0.6618292588249786
0.6618137013888385
0.6618608864771212
0.6618382556284097
0.6616513972813958
0.6618381601760317
0.661803952232733
0.661798356827378
0.6618297704996647
0.66181162918323
0.6618299931300771
0.661838528784846
0.6618146584977466
0.6617859512822899
0.6617608948417536
0.6618459525762103
0.661914648377218
0.661787875400132
0.6618330205962861
0.661852249590434
0.6617860015849539
0.6618348409716917
0.6617919575921097
0.6618067666316341
0.6617882037006988
0.661768924027778
0.6617737840225109
0.6618058698901796
0.6618009298154366
0.6617654698943325
0.6617346384615604
0.6618102811656799
0.6618209214468871
0.661878037396475
0.6618037045808607
0.6618213898489556
0.6618111006387652
0.6617971788430177
0.6617488778377669
0.6617463962406517
0.6618290905770332
0.6618633783113281
0.6617900420372539
0.6617963062950203
0.6618454691037348
0.6618056914560745
0.6618240030809364
0.6619168543664007
0.6618331234225501
0.6618716329771704
0.6617717214417294
0.6618527174823874
0.6617947095211089
0.6617350301389591
0.6618905039438547
0.6618560840927638
0.6617670556406502
0.6618580675445707
0.6617325823026036
0.6617921930954902
0.6617589085757725
0.6618111375345448
0.6618399239424909
0.6618219364336705
0.6617822790650906
0.6617885998370944
0.6618747250408041
0.6618473561764651
0.6618238067245574
0.6618045715483227
0.6618401679716956
0.6617836898678748
0.661800044625342
0.6618533014530212
0.6617778583086028
0.6617903749264068
0.6618359543307163
0.6617798038708934
0.6618203460810174
0.6618590651433649
0.6619150944844747
0.6617833396076556
0.6618732269307708
0.6617671249023591
0.6618063539121926
0.6618170076352434
0.6618314698545109
0.661808895867855
0.6617098977184082
0.6617053800529633
0.6618145766066434
0.6618179134008486
0.661834437121687
0.6618501288575261
0.6617725794367352
0.6617979890209118
0.6618208148457917
0.6617982675640379
0.661829670344585
0.6618054769932602
0.6618502835142458
0.6618271007582183
0.6618199490815001
0.6618454670153591
0.6618677682467989
0.6618349531569924
0.661828178881851
0.6618421597580736
0.6617743936286973
0.6617944774884241
0.6618677687106971
0.6617767988700387
0.6618162547820992
0.6618240778645472
0.6617641075223509
0.6617926992506304
0.6618135726528063
0.6617720999518789
0.661795933058866
0.6617839010549857
0.6618202886457447
0.6618663144102125
0.6618617058693952
0.6618386605829742
0.6618024119742665
0.6618408011934982
0.661767428137487
0.6617259735762586
0.6617753064214013
0.6618484010257867
0.6618076292580256
0.6618516909838755
0.6617607207624047
0.6618669038463894
0.6618096622118859
0.6617233649605876
0.6618146773486793
0.6618211876048281
0.6617160846464636
0.6617863540726194
0.6618723701618228
0.6617856357238918
0.6617746214108564
0.6618840402472191
0.6618351767236961
0.661836495696867
0.6617479091694224
0.6617514136987552
0.6617870808421092
0.6618490714381833
0.6618085501457303
0.6617529868422645
0.661785747578783
0.6618071500198179
0.6617886350659477
0.6618244061529261
0.6618265186549549
0.6617513620604372
0.6618250443760905
0.6618078835139608
0.6617186133663635
0.6618452580002403
0.6617512331990305
0.6618038470388242
0.6618376646005106
0.6618177487543377
0.6618715115257026
0.6617887318721063
0.6618024120996109
0.6617864997516512
0.6618207281027718
0.6618653437449494
0.6618241012947708
0.6617831825533659
0.6618239150502363
0.6617991422525735
0.6617561445072331
0.6618410568934593
0.6618069734504856
0.6617634372459275
0.6618070426273392
0.6617600541235021
0.6618100239416107
0.6618096438580466
0.6618708272055205
0.6618633452046465
0.6618483491395987
0.6619182136184354
0.6617993769209788
0.6618656613142047
0.6618684229265003
0.661883220417262
0.661797867220759
0.6618131165674757
0.6618544877777061
0.6618357029068036
0.6618203236633804
0.6618126617463194
0.6617740988175995
0.6619169400232843
0.6618584284158119
0.661847859520325
0.6618296577740798
0.6617728537663057
0.6618222281016476
0.6618543325062073
0.6618060542040535
0.6618423418741657
0.6618130924764305
0.6618406786620554
0.6617413259904723
0.6617741139227091
0.6617853751108118
0.6618043440855936
0.6617798031816144
0.6618686490803845
0.6618804624985091
0.6618574258182571
0.6618081550888939
0.6618154750651574
0.6618374687848766
0.6617383264573423
0.6617857567710137
0.6617728145730764
0.6618164961609865
0.6617700326806473
0.6618215010361332
0.6618125803956609
0.6618857684300339
0.661811545685906
0.6617988553162226
0.6617804654051175
0.6618314839468924
0.6617618921091427
0.661778351616874
0.661795364073257
0.6618501732724654
0.661746146711286
0.66176619111039
0.6617833977126635
0.6617308430525037
0.6618199367210863
0.6618421827471073
0.661799539989359
0.6618019823093234
0.6618425411429081
0.6617949308612676
0.6617992451786968
0.6617790208966519
0.6618211199917636
0.661830872882854
0.6618538830796571
0.6618403305545281
0.6618203238044618
0.6618273428911918
0.6618843208417569
0.6618347386795633
0.6617682242696327
0.6617168882687761
0.6618019348951633
0.6618072298038287
0.6617843598447726
0.6617622302068895
0.6618254282337032
0.6617482868396553
0.6618161595835355
0.6618256378285468
0.6618884674357985
0.6619157698367752
0.661861020176345
0.6617162133901136
0.6617911198963453
0.6618023724024831
0.661816942822474
0.6617891071041582
0.6617287983965253
0.6618763145771385
0.6618080450409098
0.6618711350053927
0.6618489789831027
0.6618451378730261
0.6618384705378025
0.6618402452820962
0.661832652930642
0.6618136656628764
0.6617729765731548
0.6618301525688908
0.6618622757253744
0.6618202411238712
0.6618887970440508
0.661875991663031
0.6618189382655139
0.6617871897521234
0.6617619158618692
0.6618062071359503
0.6618551429467713
0.6618593810233171
0.6618631748686962
0.6618065172546944
0.6617968719680996
0.6617656954801192
0.6618339117258412
0.6617929999170492
0.661785339487399
0.6618386022986966
0.6618086687086946
0.661809734579659
0.6617818829260416
0.6617427771237765
0.6617932575888328
0.6618051600439732
0.6617943306152779
0.6618509109152343
0.6618595848787472
0.6618548316218386
0.661806456997216
0.6618495968828242
0.661885197295208
0.6618720187273135
0.6617891266396936
0.6617613493918385
0.6618473358111862
0.661858433995433
0.661792861489381
0.6617791988545244
0.6618101597972881
0.6617776606565555
0.6617766559267795
0.6617986604163775
0.6618036141716372
0.6618086918611958
0.6618273693116843
0.6618020472274843
0.6617808583552207
0.6618053576140892
0.6617966916655322
0.6618599603082018
0.6618344202955815
0.6618028096554851
0.661766656591183
0.6618703332945667
0.6618256038230899
0.6617772397973487
0.661821348601486
0.6618194561929991
0.6618546584787999
0.6618051752499391
0.6617787011403755
0.6617064285536306
0.6618561294677817
0.6617973587465787
0.6618231165586108
0.6618143968980448
0.6618817153006596
0.6617925437823227
0.6618394223484718
0.6618182309924563
0.6618359000809804
0.6618444992607533
0.6617912605663199
0.6618713962482914
0.6618212318652209
0.6618065953233002
0.6619017844517024
0.6618309594657404
0.6618919011973243
0.6618663430387769
0.6618043122628119
0.6618545919556159
0.661766205206571
0.6618510129300901
0.6617355942846244
0.6618491829621933
0.6618009790821517
0.6618167547740573
0.6617929985674953
0.6618216382431985
0.6618379086499819
0.66187098564218
0.6617498434912568
0.661825596388256
0.6618175965602462
0.6618732121936108
0.661817917207447
0.6618331419566476
0.6617367563087205
0.6618041984898257
0.6618167544958784
0.6618080878346458
0.6618314666814141
0.6618210775964758
0.6617960722373
0.6618337454614714
0.6618579181990341
0.6618131083969094
0.6617838219653033
0.6617489198223356
0.6617764485392136
0.6618307373087893
0.6618142758827992
0.6618160521033768
0.6618276970214723
0.6617822227793626
0.661759447580563
0.6617890481307223
0.661777999439605
0.6618176251347234
0.6618431384938661
0.6617948724023486
0.6617260530886737
0.6617952923838801
0.6618116172208195
0.6618213310636081
0.6618064160096616
0.661802408928996
0.661820807798339
0.6618414057250154
0.6618429518881705
0.6617979217848635
0.6618865537684857
0.6617084572773202
0.6618322856527072
0.6616784209466637
0.6618382566465929
0.6618051891118002
0.661718514190295
0.6618590850021606
0.6618321879693405
0.6617626807278972
0.6617248775530463
0.6618278675740342
0.6618037874418453
0.6617751785051017
0.6618494775216099
0.6618759530607548
0.6617598901504606
0.6617985487767855
0.6618518896471886
0.6618321190533692
0.6618314063631396
0.6618826545906238
0.6617639582420264
0.6618172393696049
0.6617728525453913
0.6617422475496711
0.6618113165352828
0.6618246947623927
0.6617882920037685
0.661785375113825
0.6618066265253092
0.6617283475495883
0.6618121825339605
0.6618317374474753
0.6617799192616222
0.6617736175457198
0.66185092740128
0.6618301808834676
0.6618145953584625
0.6617903451385492
0.6618448056818258
0.6616685816977528
0.6618140852533507
0.6617119183591188
0.6618746526517014
0.6618104328870226
0.6617047022542031
0.6618659653888458
0.6618964112834129
0.6618479873902274
0.6618005991642535
0.6617704833151616
0.6618764270461835
0.6617131581292729
0.6617972161610702
0.6617662684723603
0.6618532975419267
0.6618431313230717
0.6618230682285734
0.661788479296411
0.6618028011670856
0.6618292349816268
0.661849152085564
0.6618895505349653
0.6618574485917093
0.6618078744406083
0.6617186845677633
0.6617972271109918
0.6618384886501373
0.6617830128031155
0.6617693869181747
0.6618065841787577
0.6618324275458505
0.6617951531463958
0.6617604285715372
0.6618409326089965
0.6617339200844816
0.6617288548854618
0.6618669502445353
0.6617858020308383
0.6618206002508414
0.6617864019366207
0.6617726660357649
0.6618374967629259
0.6618660669069223
0.6618072836674944
0.6618208681584882
0.661800018315868
0.6618632286720194
0.6617548816927596
0.6618564174709222
0.6618501391005649
0.6617588877031177
0.6618546086734025
0.6618591039512158
0.6618180884312864
0.6617897360126417
0.6618054287377744
0.6618602069655258
0.6618014540797217
0.6617871268783708
0.6618066453715628
0.661838159256561
0.6618510919894482
0.6618025574059159
0.6617866936565946
0.6616856954593544
0.661757262877019
0.6618048624838102
0.661811114470349
0.6617597143186449
0.6618238453047356
0.6618195472334805
0.6617925961847437
0.661860863847084
0.6617679853454814
0.6618205808501587
0.6618102702633677
0.661843929343181
0.6618238702230725
0.6618279886295324
0.6618430188364366
0.6618212671439013
0.6617868002508729
0.6618392630991166
0.6618094025449095
0.6618512431900083
0.6617952227043957
0.6617682160680785
0.6618110259940724
0.6617641830963711
0.6617571774682836
0.6617914265139435
0.6617587980696285
0.6618548334450566
0.6617557085521627
0.6617657208576613
0.6617756133002408
0.6617999385177101
0.6618308882772879
0.6618368315477698
0.6617958966758262
0.6618084832187916
0.6617813848242796
0.6617340403480246
0.661797927156019
0.6618602313769149
0.661831924194069
0.6618070066927285
0.6617815685528569
0.6618445405971469
0.6617696939586382
0.6617798598470004
0.6618117754393669
0.6618815665392318
0.6618135919858819
0.6618250530314778
0.6617440526130542
0.6617492319651661
0.6618119835654366
0.6618908609867316
0.6618326687280149
0.661782767710567
0.66178692854401
0.6618076758022382
0.6617830923155306
0.6618000974062941
0.6618567343524793
0.6618528515705845
0.6618230896112893
0.6618434124101398
0.6618437259913277
0.6617683050313761
0.6617764258482395
0.6617908472411282
0.6618061009006171
0.6617881072250746
0.6617808141456576
0.6618348346446221
0.6617654307230444
0.6617593351510265
0.6618888845591271
0.661861358731787
0.6618937056753877
0.6617883392073679
0.6618059874956497
0.661841255513435
0.6617722023518285
0.6617746315028321
0.6618274611961164
0.6617864677205674
0.6618036163188846
